154970328
616848053
657397242
175234989
603142592
725322764
548840533
82836103
695256597
273935014
957806084
564518749
552005136
273935014
388458762
58624444
514197899
200655464
858588521
818272396
542023247
273957198
648062257
674409600
574946035
58624444
671473309
371913485
74585318
717042749
39927430
34418046
241941191
23099743
824779197
599459146
323263011
387214924
249450064
930309390
131693218
241186203
530629399
269223977
748633204
944983631
369566940
742391714
855143357
391341258
923172603
167147456
217331661
291777265
630055344
708859466
888046777
686998310
719174959
408056057
434629646
249793122
594723174
979895887
530629399
506885608
197848682
613727438
909037430
85084444
37214768
913181626
225667689
287419433
956691358
631055448
957734676
140217166
385616333
966023971
104813059
155123270
610243813
15197567
190564815
941460572
573049659
296652415
913669096
814449640
585371686
156482403
724853913
463471142
627446336
723371461
358534062
253241473
120811883
660652365
400305135
965127989
110955237
224032050
389334525
835261965
235112726
689118575
143858393
916196217
961347473
167263331
373120979
223965987
907425770
440963103
490157080
258074016
829254617
702947564
488640646
283881169
812316294
610243813
154970328
657972609
683695775
926846044
858114587
730433103
851551071
959383112
522276281
952219073
706045931
965127989
974182865
764158365
736258915
481780309
417782839
459007721
154970328
708650637
618682286
934426162
831937030
186313082
607398341
38079938
76393106
153068544
156125821
771863906
209628911
686998310
197848682
121514260
736302263
497435511
23454954
955403202
169187112
975962459
802780814
994743325
463367536
727779074
618023935
100781898
843956549
285254325
44078642
768364241
799359782
10906500
742897254
156186207
619112786
224032050
661286459
569924242
956213725
730536890
638227644
869153643
364982891
275711034
409250218
237544132
6933869
842042389
203584726
618682286
113508627
993519488
373705835
873402454
497435511
944331264
59188978
661286459
205177180
104404469
735249278
714811573
541662676
149314608
675947173
964940448
707042038
901053983
45774436
923172603
569924242
203584726
372568038
142063105
267401076
616848053
782109705
988259925
291777265
944571289
701464023
45774436
554885438
61734844
63125542
693898511
200655464
898797763
786217930
163307927
545252580
948686015
684801497
372568038
241186203
33300018
623327194
847637637
45774436
955403202
156186207
42081735
426388086
957806084
900762470
171536514
597420716
372690329
860803407
879945101
774674431
704441758
249261742
873402454
940663652
961347473
225538184
324998628
686998310
413913894
220320609
619794842
996254133
847637637
373859710
45774436
269223977
267401076
45774436
706045931
587731440
737924388
856091421
476289440
902294454
302197220
786217930
8283473
594723174
718355785
22651137
674409600
570936429
894924283
940392640
399039300
456436871
456537206
730536890
135752960
161737985
218559650
504019365
200730966
798785144
224032050
433042551
186313082
957941057
996254133
26462596
204529901
348157211
866191762
645921960
64777404
175234989
722429787
287477594
683695775
221992041
695155914
546622838
101081199
358534062
661605967
832495632
716889868
768422866
141904816
625035079
723371461
605057911
481780309
394929720
529484067
938391606
406133565
202218811
863260952
455286831
616457109
768364241
186603168
209727292
234965660
424306291
38079938
569924242
197848682
704441758
167894934
72860264
154970328
879230774
671758343
768436725
358773621
657397242
101081199
221992041
797609416
437256989
60210650
200323211
630055344
453860015
220585735
35391948
455471246
459007721
833266925
381798813
835261965
523072490
842042389
316930178
124233975
979895887
408118397
842279480
230638437
484348830
756040180
713265974
821112726
900691539
611231009
174098726
267889084
424247675
911076883
225538184
64773986
293149884
773917378
250598671
550549038
581393193
393109234
962475486
154699316
540434199
514197899
829025395
961920278
318521516
586124707
375709347
120811883
992653028
66390311
727188003
929300323
764158365
967806368
829254617
890964492
167476903
546753704
890964492
862547235
965127989
705709585
383187628
795774782
180463049
528304556
205177180
844889882
584320050
900762470
217331661
331384359
707803014
334028425
691625355
374739531
835020860
522081098
879945101
264947232
983952819
480077788
671223344
446289830
297475513
219315956
330749971
372690329
766059565
860803407
156482403
371913485
933648176
230638437
463993229
246217143
299529145
18628340
863260952
237926913
995545191
791626240
372690329
726591896
142063105
64773986
246217143
955403202
73248236
486764980
485723443
730433103
868331711
633619471
249450064
412011347
607833741
286845693
881269841
532760345
959990035
276253293
484348830
967614225
753078862
718355785
476629026
723371461
93608324
180238051
805607175
498616856
197680797
251977198
914691028
5905509
978052298
836786195
121514260
792422408
198604831
630055344
803057501
15197567
458913500
120112946
641016310
441925569
634883519
202218811
938391606
783266775
27634508
449070581
940663652
9155580
913669096
382042087
378670395
926270857
260648278
882750307
10906500
275711034
996488403
463756338
426388086
753945508
862238877
442007612
491097557
990048974
553114823
767418857
234262775
19759049
399104453
582646583
940580309
550549038
249261742
605611316
521077718
302431378
273935014
666585600
749597983
608106772
730433103
615507490
219315956
724853913
491209192
200323211
286566743
560724966
569897184
603142592
542601067
961347473
913669096
852185090
192150964
202202521
736192045
87515627
75661360
748279223
111369095
254922203
424306291
869571664
235112726
126809010
564518749
627446336
355745664
465523941
200516616
241186203
890964492
589051156
988259925
246890331
575317253
531963204
840788320
791990627
728665554
246835912
881269841
222447849
737469604
64951532
471289244
167015722
130940495
764671870
695256597
7204350
807872281
873402454
466209327
619112786
405189872
695155914
702947564
217331661
553000454
195025121
107775598
911076883
169126338
429044505
585359092
450682256
561791868
194246024
465000707
58624444
497479880
465000707
901053983
258074016
728179283
111369095
3699122
868331711
796331688
722060003
10906500
943580041
488640646
561791868
238066780
463756338
251977198
717682935
727096002
480756346
146723717
975228154
51648913
771863906
35391948
971770650
612268290
456537206
620533586
217407932
631055448
614520011
273555762
937688903
181443859
824098757
14828716
34991862
872193250
974970153
108223113
552005136
85601297
996254133
661286459
830753108
82317377
265506908
630050206
974182865
399039300
792728337
322454525
765687228
308283564
830644115
568071472
253241473
724853913
627446336
297673484
727779074
473572667
550549038
391341258
57120057
38079938
386472278
163247839
547684619
864780843
684801497
323263011
804198971
290121806
269223977
476289440
400666661
933648176
650550992
162830444
140705709
997659411
767487348
726591896
641595425
72860264
625730556
633725188
807872281
869571664
811013317
135962024
634883519
489152219
749597983
296652415
196076732
489152219
727188003
674409600
34418046
782266386
601419742
60707177
249925762
363628814
852185090
504019365
34991862
722754213
601149524
711416340
142063105
80870145
296652415
941253884
671223344
858588521
717733620
555071058
594255675
372514319
927439942
745170318
351112078
814449640
975235509
984682867
414787022
93608324
876118838
357318090
60210650
275711034
241186203
105213586
399488821
77841783
335370266
797067402
796331688
897107504
544633676
64951532
463367536
993519488
246890331
230696471
241941191
560061492
186333195
2474162
141904816
186863283
149600645
254910538
121504355
798785144
535211790
39251932
27634508
594740862
684801497
39927430
707803014
635529112
474234581
783346935
658277530
356120375
6933869
64951532
976511151
492778554
77841783
496657688
216507335
756040180
543134655
195025121
290121806
73248236
413913894
397496683
961347473
927439942
948686015
23454954
446289830
766986729
248188410
497435511
869153643
220585735
19759049
719174959
565420850
581758478
913181626
87688215
829254617
791990627
424247675
856517425
652910963
291777265
934426162
345540745
284797335
795955453
571829280
74271892
812832529
615507490
594255675
203099772
872341821
191089633
256935108
453860015
27634508
463756338
192305890
488244780
284797335
192305890
193165509
633619471
948686015
793610498
534011769
488640646
758665703
944983631
196036935
27634508
936444921
74585318
156482403
766772325
703863690
791990627
480756346
291777265
830033776
282659799
167147456
532760345
707042038
455471246
934611500
876360434
807872281
222447849
169126338
250598671
361287570
971499745
755562880
301722723
100781898
111480661
868711250
218559650
696542091
448675972
553000454
424306291
695014190
292616659
429974892
941253884
787780898
511777864
64777404
439438180
275711034
85084444
444056744
859355292
398440069
850946426
971770650
286845693
944983631
388739515
206983341
783346935
81925964
9155580
428513846
559524289
499738188
465000707
868331711
215275145
488244780
868711250
153068544
855143357
363628814
615507490
351112078
535211790
947470229
746413543
267889084
361866007
265506908
746538051
324998628
676881775
358773621
601149524
81925964
833459169
408118397
661286459
438962862
689118575
575317253
50505344
716889868
772678428
83237733
349926380
564518749
479718259
735947642
192150964
727096002
885489104
707803014
443981727
717682935
722429787
856091421
786217930
439438180
408118397
360797859
559524289
73248236
489152219
666585600
916767807
865897590
462969014
516791151
347030968
467677530
13999040
697446914
506267915
534011769
675248262
404198712
717076155
428894265
868331711
117515556
298667970
975962459
622328326
625730556
689280023
831937030
731547401
315153711
971770650
697446914
61734844
631055448
860797278
954837162
360797859
145092743
765570102
598834370
598229343
267401076
446289830
755562880
37214768
66390311
217331661
748279223
34210155
200655464
689280023
23167307
85084444
555071058
616848053
39927430
765401659
489152219
375726901
389334525
164122184
389332305
647566874
149996500
60210650
766059565
984682867
658497108
926270857
403212334
990048974
175400856
581924248
82836103
190873033
968795953
487443362
599459146
779230689
933648176
395095494
770528490
298406592
33300018
909037430
269608464
940580309
120112946
479281833
308916469
120454264
492778554
717042749
222447849
60210650
660652365
553000454
142063105
60210650
297673484
251977198
186603168
131425891
358534062
949100099
296652415
689280023
253241473
891572810
142063105
330749971
611231009
61734844
438962862
480756346
586124707
267889084
192305890
844889882
308283564
405189872
768792307
937249706
424306291
671758343
85084444
565360969
234262775
357318090
957941057
769706888
107775598
100712434
909037430
600654647
994743325
126504486
19759049
72336956
902303923
392074992
581393193
452306432
414787022
544633676
342779361
873402454
200323211
210615827
124233975
206983341
331384359
693898511
255016244
573049659
748279223
861949475
361254475
9023137
378114996
164122184
83237733
951506793
230696471
165236464
570936429
317766805
494418208
768436725
215975933
536013628
944331264
641016310
952210453
792422408
817144176
267889084
519004900
104404469
100781898
912749537
795774782
683695775
248167538
534011769
540736039
40696813
260648278
812316294
674967881
57120057
715509466
885489104
765332621
831190547
111369095
381561407
616023791
209727292
702947564
452306432
600654647
742897254
167894934
506608901
225538184
931926313
162830444
746413543
552005136
243745439
58624444
406519317
891572810
217407932
113508627
569924242
858588521
931471683
126504486
765168055
509986164
450821406
674409600
706045931
226683208
911381799
134840129
719174959
954837162
873402454
629009730
560389918
93162007
623327194
608903631
956213725
358534062
739590156
836786195
429974892
666585600
847637637
216507335
495330937
286845693
82836103
154970328
180070250
375726901
243745439
940761072
121514260
140705709
37789131
736192045
912749537
465523941
2474162
221983454
336600767
500585439
988259925
603146738
381561407
753078862
287300285
707042038
956691358
560611890
27119935
104813059
861949475
565337476
246890331
156186207
605057911
831190547
843956549
157833258
105213586
316930178
465523941
982153843
745170318
431465609
5905509
480756346
57120057
435507741
768436725
810754459
249925762
162830444
702160220
372690329
335370266
243132445
381561407
673895764
541106157
831937030
821112726
92957167
99035742
888046777
38567221
614520011
281706674
963863601
856518251
897069442
967124639
258074016
565337476
766986729
349926380
458913500
569897184
328095895
6837341
546622838
406519317
151258975
481780309
463471142
241941191
450821406
22651137
99035742
237544132
385298726
485723443
395573542
63125542
301722723
38567221
813093915
162830444
499738188
363486669
197680797
249261742
243745439
957734676
269608464
951310697
594255675
273957198
254922203
940580309
846078186
474234581
251977198
798557423
989817814
42005035
430324951
200516616
424823959
221706661
27119935
856518251
799592060
126504486
302197220
781352292
119110102
432885676
164122184
256935108
560061492
866191762
120454264
655970445
780814131
797067402
373120979
385616333
708859466
801380680
801780128
553000454
674877201
424823959
957941057
351112078
529484067
584320050
279594037
200868742
383187628
810754459
503178726
372514319
711416340
72336956
560389918
827815103
773003122
565360969
967124639
200868742
738010514
971770650
397716276
488244780
767916805
714811573
569924242
774674431
753078862
929310929
753078862
308283564
839055809
909037430
169187112
485723443
186333195
193165509
598834370
672895028
194246024
438962862
46559221
218559650
857738345
598229343
224032050
706045931
795774782
92957167
226683208
755562880
818272396
437256989
429498945
356120375
847637637
190873033
51648913
328547091
191089633
395837491
198604831
929300323
796331688
745170318
345540745
632831148
722754213
160307593
553114823
287477594
10906500
703558785
696947110
288345106
610243813
167147456
424306291
833459169
292616659
851740553
204529901
607573442
672895028
230638437
766059565
805450176
769222537
897069442
941253884
506885608
523072490
246890331
446289830
169187112
267401076
358534062
82317377
916767807
258074016
553000454
676461907
963925322
335904132
328095895
768792307
768436725
765332621
657397242
979895887
154970328
802780814
603146738
117515556
660218105
165236464
882750307
827801408
107775598
877881575
126504486
401269388
934426162
85084444
497479880
120112946
10906500
936444921
130940495
200655464
297475513
468183269
855142765
646664218
630050206
717076155
692754539
395837491
169126338
728470266
328095895
553000454
766059565
718937457
702160220
712446627
485723443
163247839
630050206
488640646
310688643
584348846
858588521
882049730
111480661
697446914
345540745
975962459
110553582
308283564
192305890
962429880
955403202
824098757
773376846
586748642
783266775
10906500
607573442
163247839
631469064
505751269
357406982
154970328
63125542
934611500
83237733
549730447
629009730
163247839
301722723
877606256
650550992
322454525
224032050
765332621
587731440
941460572
149314608
944983631
255016244
334028425
105053197
164122184
903932037
712916651
912749537
8283473
372690329
454346142
621920351
719174959
450821406
851740553
564522463
355745664
930309390
689118575
832495632
799592060
395837491
166864767
658497108
934426162
217125921
119110102
815509820
852185090
726591896
723371461
413913894
200868742
90926145
786217930
858114587
357406982
941460572
852458035
898329233
773003122
649222953
493815542
107775598
630055344
85084444
401269388
962475486
609164721
3926487
38079938
951310697
486764980
432885676
37214768
913669096
797609416
882049730
505751269
736192045
275210909
221983454
801780128
672895028
2474162
271371855
859355292
967806368
586124707
872341821
506608901
135962024
476185338
349926380
869153643
465523941
547684619
847637637
197848682
169187112
542601067
627446336
866191762
926846044
241941191
34210155
235112726
387214924
393109234
90926145
717042749
334028425
404198712
936444921
545252580
243132445
279526602
37789131
33300018
479281833
584320050
456537206
574946035
686998310
660652365
39927430
324998628
597420716
664199264
961950734
506267915
222878881
405007255
954837162
970462838
298449632
424823959
859355292
686998310
141904816
224032050
331384359
222447849
301722723
833266925
677312910
381798813
717682935
253847233
791626240
765401659
671865155
473572667
363628814
426388086
650550992
724473775
322454525
163247839
641595425
549730447
603146738
674409600
347854091
9006985
717042749
476629026
951310697
887076110
860797278
449070581
318521516
31239865
363628814
459007721
708650637
401870869
59592529
50505344
541662676
684018313
726591896
833459169
649222953
769222537
774674431
962429880
964168136
143858393
613497363
611231009
852458035
842279480
681813295
735947642
715606912
168449723
787780898
559524289
465000707
631806903
881269841
495330937
641595425
621881883
126504486
254910538
318521516
811013317
399488821
64773986
223318105
74585318
962475486
243745439
564522463
600621360
174429369
361866007
59188978
329481426
291082368
335370266
444056744
38567221
257703083
345020840
301722723
424823959
398440069
717682935
124233975
409899052
661987206
875469377
386472278
988259925
438962862
703558785
238066780
791626240
728964543
408056057
660218105
197680797
684018313
269608464
843956549
830033776
676881775
671473309
772564586
855142765
646664218
655970445
689280023
249793122
161737985
301722723
105213586
931926313
456436871
135752960
63125542
581393193
744793595
876118838
237544132
967806368
92957167
399104453
157887959
202202521
836786195
193165509
831937030
519004900
655633097
389332305
241941191
929310929
575317253
575317253
782109705
573049659
369557036
724853913
651022098
968002626
877082855
689118575
291082368
149600645
994743325
317766805
428894265
223318105
877082855
124784536
447192372
531963204
6837341
391341258
664199264
459007721
703558785
177916230
956119079
568736872
707803014
206983341
190564815
730433103
202218811
195025121
6837341
952210453
689280023
782266386
742554573
724521823
818272396
218559650
792728337
298449632
965127989
542023247
401870869
5176390
5176390
276253293
180347338
286566743
535211790
288345106
611231009
23167307
316256885
625035079
172840474
944983631
599459146
485637853
143858393
378114996
200516616
216847783
395573542
46503464
385298726
540434199
47544641
198604831
537111211
167476903
840788320
750832057
408118397
951310697
956168911
754311969
414731947
773917378
674967881
488640646
386472278
806980620
560724966
499738188
787780898
844232162
897107504
392074992
765168055
786217930
814449640
264947232
347854091
964113195
742391714
624644611
594740862
505728386
409899052
697446914
842689213
406756427
858441069
47544641
662671711
968795953
180238051
180463049
463367536
317672082
5176390
218194280
724853913
680318496
163247839
387359885
450682256
979895887
564522463
70153023
772564586
387359885
143858393
773917378
773917378
434629646
400305135
590006571
519004900
598834370
237926913
269223977
287477594
658497108
167147456
944983631
91649720
608903631
34418046
535211790
712446627
855143357
675947173
281706674
934426162
605611316
433042551
92693694
990048974
947900856
59188978
80870145
548840533
191089633
779230689
564518749
497479880
163247839
326411910
149314608
773917378
695014190
671223344
797609416
662327211
625035079
149996500
957806084
736192045
355176819
60361460
621881883
482406209
358534062
198604831
568071472
523072490
728179283
324998628
952210453
93162007
172840474
975235509
360797859
363641174
605611316
335904132
446289830
657397242
406133565
559524289
275711034
430324951
47544641
812832529
675947173
766986729
869153643
302200854
375709347
18586931
725208656
64951532
334028425
531963204
519895587
148477845
417782839
581924248
916196217
627446336
581230484
873402454
9006985
124784536
863202143
978052298
347854091
724164111
326411910
995545191
770528490
405189872
695256597
5793814
296652415
827801408
291777265
349926380
640796201
401269388
639362109
497435511
13999040
930309390
975228154
725208656
265506908
519895587
121514260
860797278
358773621
408118397
514197899
581924248
564518749
891178093
385298726
560061492
46559221
581230484
765687228
38567221
314816829
603142592
357318090
887076110
176583725
406133565
77841783
246835912
766986729
771863906
230638437
728964543
885489104
414731947
44078642
975962459
966023971
812832529
40696813
104813059
361287570
392074992
386472278
505728386
691625355
318521516
610243813
842042389
180347338
499728902
773003122
48658356
911381799
506608901
499855888
193165509
48658356
491209192
213942396
645238549
877881575
812316294
619794842
58624444
597420716
342824470
292616659
900049858
616997825
329481426
120811883
988259925
485637853
211017919
947900856
658277530
490157080
934611500
456537206
552005136
31239865
815715549
792728337
897107504
215275145
899215626
587731556
568736872
624644611
575317253
725322764
750360618
241941191
565337476
730536890
795955453
677312910
888046777
934426162
279594037
2474162
872193250
387359885
12024281
657972609
798557423
768436725
440963103
605611316
492778554
913181626
475596403
967806368
284797335
863260952
101081199
221706661
457081207
976511151
542023247
31239865
661286459
46503464
401269388
717682935
465523941
996488403
921189399
35391948
581924248
590006571
494418208
203099772
389334525
523216187
812316294
657397242
949100099
974970153
621881883
564518749
87688215
737924388
728964543
844232162
110955237
631111992
684801497
782266386
364982891
444056744
389161992
631806903
543134655
279594037
169126338
381798813
993519488
113508627
135962024
690460937
420384028
872193250
674877201
590061358
963863601
446289830
812316294
532760345
284797335
961347473
336600767
400666661
189578855
590858454
641595425
609164721
383187628
736302263
770528490
186603168
979895887
135962024
938391606
491097557
489152219
428894265
449070581
851551071
77841783
177916230
86841265
37789131
355745664
587731440
403212334
974970153
696947110
279526602
105333206
10906500
722429787
877082855
9006985
773376846
217125921
621881883
794951402
324998628
965127989
424306291
625035079
831424222
858114587
394929720
107775598
26462596
336600767
639362109
363486669
756040180
274322906
357318090
446289830
728665554
316930178
737924388
856518251
540434199
328547091
779230689
91649720
728470266
230696471
169126338
876118838
342779361
480077788
686998310
765332621
335370266
31239865
821112726
157833258
39251932
542601067
314880207
377068456
923172603
954837162
693898511
964940448
428894265
464821525
852185090
783266775
401870869
952219073
463113103
249261742
866191762
31761008
174429369
167015722
944571289
175234989
430324951
956691358
405007255
817144176
120454264
804703334
940761072
495330937
913669096
929310929
783266775
363585578
585371686
765401659
186333195
408056057
63289658
707577541
456537206
488244780
180238051
218559650
866191762
791990627
768422866
168449723
72860264
87515627
131693218
824779197
923172603
406756427
516791151
160307593
943580041
894924283
35391948
23454954
941253884
91663034
462969014
608106772
821112726
940663652
287300285
174429369
758665703
395837491
862238877
790677382
43869498
145092743
660652365
900049858
314880207
267889084
77841783
668889583
692754539
688456170
43869498
296652415
389332305
902294454
869571664
233556239
342779361
215275145
657972609
943580041
870124634
684801497
220567628
435507741
738762607
913181626
799359782
830644115
683695775
804198971
172948024
873536818
495330937
398440069
662327211
750360618
634883519
590858454
485723443
275711034
356120375
862547235
534011769
633725188
962429880
618682286
328095895
387214924
168001887
728179283
962475486
113842585
664199264
489152219
645238549
686998310
435507741
797067402
10906500
641016310
408056057
77273423
990048974
801380680
988259925
342510116
827801408
724521823
186863283
37214768
197150069
975962459
530629399
630050206
253241473
373705835
974970153
358534062
324491308
457081207
621881883
298449632
64951532
616023791
168449723
124784536
839055809
804703334
74271892
17005535
589051156
433042551
225538184
8283473
91649720
956168911
117515556
357318090
47646451
243745439
246835912
569182655
616848053
551960646
658497108
343898434
468183269
357318090
523072490
154610857
1912678
444056744
801380680
48658356
169187112
10906500
465000707
310688643
522081098
717733620
695014190
34418046
971499745
608106772
842042389
640796201
197848682
704441758
167894934
163247839
271371855
484348830
361287570
203099772
186313082
608903631
347030968
220585735
258074016
737924388
292676463
842689213
574946035
275711034
613727438
888948477
984926482
801780128
940663652
941016260
326411910
4494350
792728337
967614225
601419742
883971158
70904919
633623371
273566334
2474162
746538051
356120375
916767807
827801408
815509820
661809957
87688215
840788320
105053197
913181626
655633097
100781898
975228154
725322764
476629026
944331264
227967485
265474968
827815103
44078642
797609416
764671870
320151844
549730447
965127989
237926913
772678428
649739416
50505344
655970445
317766805
768364241
157833258
530629399
976511151
10117873
146723717
668889583
304384564
387932767
658497108
572023906
126625978
930309390
947470229
899215626
485723443
718355785
324491308
342779361
23454954
328136541
831190547
376672855
675947173
456436871
171536514
221706661
398440069
792422408
190564815
109600879
661605967
631111992
17005535
679712540
482406209
60707177
476629026
956213725
200730966
271371855
47544641
347030968
5905509
429974892
773003122
594723174
124784536
257703083
436299509
938391606
581393193
220567628
75661360
672895028
608903631
937376246
35391948
409899052
897069442
765332621
529484067
552005136
905952950
47646451
217125921
847750390
383861334
792728337
105053197
142063105
197848682
434629646
662023400
174098726
882049730
287477594
753078862
879923183
768364241
154610857
473572667
983939134
405007255
519004900
701464023
540736039
728793936
616997825
226683208
844232162
617151134
769706888
538681775
222447849
38079938
157833258
877881575
696947110
519004900
765687228
546753704
144465200
479281833
704982944
956119079
413913894
126625978
147185286
305848338
256935108
858441069
457081207
765332621
234965660
247246293
707803014
124233975
72860264
410181526
18586931
209628911
964940448
943580041
940761072
714811573
714811573
429974892
538681775
658497108
963469426
292616659
956213725
812316294
267766144
135752960
175400856
782109705
92693694
249925762
954184141
812316294
28789727
40696813
142063105
389161992
608903631
23515738
835793849
899215626
837012725
778989263
64777404
862547235
521077718
363486669
957734676
328547091
357406982
196076732
538681775
457081207
674967881
940761072
739590156
683090110
662327211
916767807
382682287
412011347
616848053
309871819
742712158
273957198
250598671
107775598
856517425
222878881
940580309
267401076
554885438
649739416
279526602
269401669
399488821
357318090
711416340
222878881
768436725
968002626
964168136
727779074
612268290
894924283
287419433
905952950
283881169
164150144
627446336
519895587
198024629
77841783
126504486
49301408
620533586
632831148
85232574
8283473
695155914
406756427
728665554
50505344
748633204
715606912
126625978
408118397
506214329
467677530
448675972
85232574
574946035
495330937
862547235
982153843
693898511
877881575
414731947
522081098
957734676
725322764
230696471
773003122
414731947
696947110
217331661
634883519
560611890
249925762
560389918
443981727
850946426
728793936
842042389
801780128
882228219
638227644
646664218
92693694
76393106
72860264
23167307
766059565
676881775
694150019
193165509
584320050
569182655
363628814
9006985
963925322
581393193
768436725
943580041
10117873
286566743
168449723
269223977
3926487
555071058
237926913
196076732
298449632
436299509
638227644
681813295
546622838
15197567
164122184
258793580
328547091
50505344
519895587
468007336
63125542
707577541
573049659
22651137
530939037
831937030
947900856
85232574
695155914
956126590
582646583
428513846
450821406
91649720
603146738
782266386
200730966
827801408
769706888
738762607
175234989
276253293
314816829
60210650
842042389
506214329
406133565
870558025
186333195
905952950
258793580
686998310
765168055
929300323
308916469
765332621
249261742
322454525
882049730
395837491
194246024
550157393
37789131
320151844
291777265
766986729
585371686
891178093
47544641
72860264
432564305
499738188
835793849
521077718
449070581
424306291
921189399
39251932
345020840
131425891
151258975
455286831
963863601
229018103
59592529
551960646
859355292
717042749
933648176
246890331
499738188
377068456
60210650
951310697
222528272
728964543
676881775
392074992
742554573
671473309
748279223
316930178
538681775
100781898
375726901
363628814
475596403
742554573
148477845
563425833
203584726
722429787
996254133
462969014
399039300
301722723
479718259
970462838
35391948
581924248
993519488
357406982
343898434
941460572
279526602
731547401
847750390
342779361
661286459
395486416
616997825
791626240
662023400
962429880
879923183
279594037
544633676
927439942
951551423
400666661
186313082
797067402
105213586
718355785
401269388
404198712
101081199
737924388
995545191
768792307
459007721
284797335
475596403
265506908
506885608
972837442
397496683
594812027
863202143
569924242
570936429
706045931
63125542
314880207
944571289
194246024
614520011
716889868
391341258
91649720
603142592
326411910
863202143
181443859
649739416
963863601
190873033
707042038
386472278
833266925
882228219
265474968
585084162
279526602
641595425
812832529
832495632
47544641
584320050
113842585
285254325
140705709
727779074
792422408
519004900
21111372
858588521
111369095
965127989
675947173
581230484
680318496
629009730
168001887
631469064
565360969
997659411
538681775
465523941
397716276
363486669
226683208
961347473
879945101
358773621
120454264
80870145
140705709
536013628
521077718
695014190
550157393
488640646
648062257
689280023
671060265
81925964
243745439
328136541
594740862
221706661
455471246
156482403
328136541
383861334
651022098
203584726
226683208
316256885
168449723
722429787
111480661
630055344
192150964
984682867
534011769
35391948
827801408
812316294
839055809
111369095
837012725
130940495
126504486
274322906
858441069
363585578
217125921
532760345
565360969
284802522
172840474
715509466
115817235
560389918
568736872
7204350
195025121
193165509
959990035
902294454
861949475
900762470
448675972
572706691
77841783
704982944
752569540
657972609
827801408
476185338
550549038
843956549
956168911
842074584
803057501
5793814
769706888
226683208
449070581
1912678
616997825
163247839
442007612
837012725
790677382
948686015
61734844
633725188
975235509
186603168
38079938
209628911
44078642
971499745
680318496
22651137
393109234
505728386
217125921
824098757
267401076
426748250
104404469
420384028
808572524
141904816
613497363
742712158
727096002
696947110
456436871
805450176
916196217
218194280
627446336
833266925
77841783
463367536
546753704
23454954
597420716
677312910
186603168
662327211
765332621
911381799
941253884
222878881
336600767
540434199
148477845
361287570
623327194
357318090
582646583
373705835
468183269
677312910
613497363
444405577
742712158
104404469
688456170
498616856
255016244
856517425
213942396
717042749
115817235
85232574
940761072
23167307
911076883
765401659
310688643
468007336
169187112
159587673
873536818
722060003
467677530
113508627
855143357
934426162
371913485
876118838
217407932
224032050
594255675
357318090
511777864
15197567
872341821
568071472
696542091
906762987
736258915
202202521
597420716
166864767
463756338
491209192
435542177
587731440
613727438
230638437
506267915
505751269
731547401
674877201
765687228
833266925
64777404
215275145
916196217
869571664
476296780
711416340
964003799
428914992
157887959
855143357
956126590
792728337
585084162
846078186
703863690
750832057
143858393
131693218
279526602
935109120
862547235
225538184
619794842
169126338
5176390
891572810
23515738
215975933
623327194
902303923
393109234
971770650
468007336
798785144
648062257
801304216
404198712
982153843
550549038
974970153
318521516
458913500
473572667
82836103
873402454
424823959
690460937
693898511
575317253
804198971
726591896
796331688
560061492
83666221
792422408
707042038
394929720
695014190
3926487
926270857
546753704
167263331
674877201
439438180
186313082
47646451
702947564
957734676
38066140
167263331
831190547
120811883
798557423
768422866
560724966
673895764
21111372
801380680
810754459
728179283
992653028
975228154
488244780
956119079
933648176
399104453
640796201
523216187
767916805
829025395
101081199
360797859
463280995
569897184
906762987
40696813
216507335
253847233
109600879
119110102
703558785
808572524
77273423
631469064
479718259
167476903
57120057
715606912
542601067
218559650
86841265
565337476
894924283
921189399
426748250
457081207
887076110
969425432
462969014
948686015
287419433
521077718
251977198
7204350
632831148
519895587
45774436
963925322
957806084
748633204
964003799
395837491
966437895
937688903
865897590
151258975
378114996
265474968
200868742
465523941
765332621
870558025
379417313
505751269
237544132
856518251
491097557
257894127
724164111
899927031
463280995
690460937
64951532
249793122
110553582
432885676
9155580
713265974
649222953
298406592
915884600
742897254
790677382
831424222
615507490
395486416
131693218
554885438
520912601
401870869
126809010
45774436
316467830
391341258
414787022
329481426
3926487
870124634
23454954
965127989
754311969
94158634
968002626
223318105
269401669
359993654
934611500
100712434
529484067
630055344
882049730
813093915
392074992
706045931
749597983
257703083
59188978
326411910
403212334
607398341
947900856
413913894
298667970
279594037
400666661
271371855
746413543
645238549
813093915
661286459
483912972
695155914
506267915
38066140
739590156
673895764
351112078
435507741
712916651
443981727
572706691
38079938
750832057
754311969
430324951
220313521
727096002
852185090
737469604
857738345
237926913
542023247
585084162
72860264
891572810
661987206
873402454
888948477
691625355
795774782
888046777
316256885
82836103
308283564
560389918
897069442
956126590
363486669
869153643
213942396
329481426
612268290
225538184
389332305
17005535
835261965
797067402
92957167
23167307
753945508
995629487
900049858
360797859
594255675
648062257
553559702
200730966
279594037
480077788
891572810
439438180
40696813
870124634
780814131
612268290
197150069
463756338
801780128
863202143
568736872
243745439
806980620
647566874
318677259
833266925
587731556
586748642
856091421
444405577
256935108
291777265
226683208
704982944
203099772
215275145
86841265
399039300
618023935
443981727
5905509
812316294
334028425
876360434
824779197
913181626
599459146
631111992
421804029
234965660
975962459
176583725
287477594
441925569
314880207
975228154
534011769
547684619
471289244
773376846
888046777
964113195
815509820
15197567
929310929
253847233
768364241
39927430
559524289
27119935
550157393
957941057
730536890
964168136
858588521
768436725
430324951
967124639
979895887
898797763
413913894
479718259
842074584
34210155
281706674
568736872
829025395
156125821
611231009
534011769
406756427
170449155
528304556
269401669
271371855
666585600
46559221
941460572
565360969
111480661
358773621
484348830
541654957
284797335
302431378
832495632
156482403
210615827
316467830
81925964
269223977
782266386
611231009
273555762
387214924
657397242
661605967
161737985
283881169
72860264
358773621
530907735
422086535
550549038
704441758
6933869
215975933
798557423
237926913
616997825
257703083
308916469
494418208
907425770
801304216
831937030
815715549
861949475
420384028
883971158
966023971
957734676
829025395
551960646
549730447
220567628
494418208
731547401
229018103
14828716
736258915
888948477
941253884
631111992
504019365
559524289
447192372
387232033
454346142
386472278
858441069
258074016
225667689
599459146
722060003
831937030
205177180
842042389
485723443
815715549
279526602
172840474
781352292
217125921
724986677
219315956
815509820
317672082
671758343
135256484
530939037
406519317
668889583
275210909
249261742
934426162
724986677
126504486
8283473
489152219
456436871
723371461
511777864
957734676
796331688
605611316
911381799
442007612
493815542
450682256
852185090
186603168
33300018
399104453
142063105
708650637
23230346
389161992
808572524
334028425
233556239
345020840
901053983
109600879
92693694
74585318
155486956
246835912
774019783
260648278
911076883
375726901
916767807
428894265
900762470
768422866
248188410
85084444
875469377
131693218
490157080
80870145
115817235
753078862
424001751
120454264
286566743
31761008
707589310
736258915
897069442
279526602
949100099
805450176
203099772
429974892
246217143
64777404
635529112
621881883
317766805
940663652
350047015
247246293
560389918
547684619
858588521
492778554
60361460
706045931
679712540
723371461
499738188
707803014
662023400
975228154
349926380
267401076
755562880
168001887
926846044
608903631
633623371
676461907
956691358
673895764
310688643
944331264
737469604
75612568
944331264
717682935
873536818
590858454
830033776
835261965
361254475
51648913
861949475
23454954
913669096
805450176
898329233
839055809
499855888
564518749
952210453
631469064
692754539
639362109
536013628
291777265
246890331
801304216
745170318
369566940
792422408
506885608
157833258
633619471
804703334
495330937
798557423
633619471
257894127
633725188
456537206
27119935
38079938
255016244
617151134
783266775
66390311
954184141
544633676
611231009
467677530
243745439
75612568
219315956
791626240
39927430
38066140
355176819
725208656
503178726
302197220
2474162
581924248
585359092
481780309
249925762
560724966
286845693
494418208
222528272
947900856
450682256
21111372
156482403
500585439
5176390
406519317
553559702
802780814
431465609
569924242
994743325
375709347
739590156
911076883
265474968
389332305
63125542
995545191
328136541
836786195
273935014
180347338
554885438
99035742
549730447
542601067
616023791
695155914
963863601
85601297
744793595
926846044
805450176
254910538
765168055
209628911
204416885
971499745
155123270
739590156
964003799
738010514
299529145
463756338
187712771
288345106
463113103
704441758
846078186
891178093
476185338
872193250
947900856
291082368
857738345
31761008
398440069
369557036
267766144
363628814
254922203
318521516
645921960
722754213
282659799
708650637
968795953
994743325
964940448
530907735
414731947
890964492
661286459
476296780
746538051
455286831
627446336
37214768
387214924
671060265
944983631
320151844
157887959
779677698
661987206
456436871
31761008
209727292
970462838
545252580
347854091
406133565
560061492
441925569
726591896
618682286
486764980
885489104
913669096
180347338
697446914
739590156
738010514
476629026
719174959
649222953
975962459
409250218
864780843
888046777
883971158
334028425
167476903
290121806
149996500
174098726
273935014
847637637
342779361
933648176
858441069
308916469
363628814
730433103
677312910
287300285
724473775
966023971
856091421
774019783
544633676
876360434
13999040
23454954
712446627
560611890
818272396
324998628
42005035
215275145
766772325
40606895
697446914
386472278
12024281
876360434
623327194
541654957
455471246
672895028
192150964
119110102
560724966
961347473
768422866
364982891
160307593
724986677
749597983
38567221
77841783
488244780
550549038
655970445
397496683
655633097
968795953
814449640
175234989
853913288
202218811
902303923
387359885
623327194
180347338
372568038
144465200
831424222
328136541
655970445
530939037
443981727
804198971
532760345
329481426
859355292
66390311
347854091
927439942
778989263
859355292
172948024
258793580
857738345
86841265
560611890
795955453
351112078
389332305
551960646
428513846
587731440
233556239
385616333
811013317
830753108
927439942
2474162
650550992
863202143
373705835
273935014
538681775
742391714
480077788
135962024
661987206
772564586
912749537
728665554
810754459
856517425
480756346
793877114
397716276
554885438
135962024
806980620
772678428
399488821
677312910
349926380
708859466
745170318
253847233
220313521
727188003
293149884
392074992
870558025
966437895
387232033
543134655
835020860
249925762
37789131
220320609
996488403
620533586
620533586
194246024
37789131
742391714
913669096
940392640
358773621
632831148
174098726
218559650
787780898
154610857
2474162
64951532
856091421
753078862
877606256
98877720
541654957
724521823
879230774
382042087
724521823
565360969
967124639
120112946
565360969
234262775
726591896
516791151
586748642
109600879
563425833
750360618
869571664
196076732
443981727
246217143
326411910
641016310
155486956
156482403
223318105
293149884
497479880
135256484
104404469
514197899
724164111
554885438
915171353
485723443
293149884
222528272
702160220
876984458
949753563
844232162
163307927
781352292
891178093
233556239
324998628
791626240
944983631
862238877
167015722
357406982
835793849
901053983
10906500
534011769
717733620
166864767
564522463
834569126
127127381
852458035
23099743
190873033
165236464
856091421
835793849
206983341
565360969
355176819
180347338
616457109
1912678
406519317
872193250
363585578
433042551
648062257
314880207
77841783
873402454
397716276
363641174
601419742
463280995
290121806
797609416
140217166
726591896
531963204
913181626
334028425
631469064
13700163
166864767
554248954
769706888
85084444
684801497
738762607
101081199
671060265
221983454
223318105
486764980
696542091
922903242
74585318
111480661
947900856
519004900
246217143
608106772
863202143
34210155
831190547
915884600
60361460
315153711
28789727
595714221
455471246
450821406
553114823
858114587
389334525
85601297
786217930
493815542
926846044
957941057
553000454
714811573
695014190
975228154
613727438
737676003
742712158
473572667
582646583
876360434
220585735
587731440
104813059
541654957
345540745
753078862
429974892
616997825
690470647
764158365
168449723
428894265
744793595
285254325
168001887
909037430
791990627
590006571
202218811
241941191
145092743
417782839
633619471
395095494
961920278
870124634
302200854
456537206
569924242
373859710
931926313
372568038
859355292
597420716
335370266
225538184
869571664
952210453
473572667
192150964
104404469
457081207
530629399
466209327
607833741
143858393
200655464
936444921
409250218
408056057
187712771
505751269
222528272
713265974
186333195
657972609
623327194
847565450
145092743
429974892
389332305
795774782
574946035
72860264
386472278
807872281
856517425
364982891
617151134
335904132
387214924
18586931
802780814
197680797
748279223
479718259
641595425
956119079
500585439
61734844
773003122
301278836
44078642
486764980
107775598
399104453
74413429
190564815
744793595
964113195
10906500
463367536
222447849
317672082
897069442
853913288
940580309
220313521
377068456
291777265
100712434
750360618
444056744
966437895
898797763
13700163
130940495
374739531
310688643
443981727
45774436
736302263
899215626
754311969
671865155
731547401
598229343
949100099
476736519
754311969
769706888
766059565
631469064
937376246
842279480
937249706
882228219
605057911
639362109
157833258
692754539
74271892
74413429
218559650
701464023
322786600
124233975
448675972
435507741
105333206
452116186
613497363
31239865
226683208
246217143
767418857
35391948
100781898
940580309
504019365
975235509
796331688
124233975
582646583
951712153
807872281
572706691
175234989
154970328
195025121
847637637
154970328
531963204
553000454
417782839
23099743
843956549
456436871
695014190
433042551
381561407
742897254
217407932
598229343
273957198
856518251
671865155
401269388
197848682
949100099
725208656
976511151
369566940
936444921
57120057
662671711
378114996
568736872
790677382
906762987
737676003
782266386
824098757
195025121
882049730
765332621
704441758
160307593
931926313
389332305
316005097
13999040
708859466
167147456
167015722
540434199
959990035
484348830
47544641
180463049
807872281
474234581
37789131
331384359
722060003
767418857
590776493
264947232
267766144
403212334
765687228
835793849
624644611
399104453
342779361
581924248
975235509
758665703
716889868
742897254
503178726
956213725
728665554
17005535
317672082
621881883
408118397
553559702
9155580
6933869
111480661
448675972
551960646
911076883
167138388
258074016
286566743
897107504
99035742
691625355
436299509
414731947
876118838
105213586
767418857
406519317
209628911
851740553
629009730
369566940
156482403
181443859
345540745
750832057
730433103
463471142
428914992
630055344
463113103
979895887
563425833
906762987
967806368
151258975
877606256
249793122
221992041
865897590
210615827
544633676
933648176
463471142
764158365
974970153
256935108
393109234
674967881
381798813
357318090
966437895
623327194
961950734
372514319
328095895
499738188
387214924
787780898
345540745
463993229
855143357
303561515
218559650
635529112
50505344
28789727
192150964
842042389
247246293
506885608
333637544
694150019
317672082
267401076
627446336
581230484
661605967
330749971
180347338
767418857
695014190
248167538
220585735
545252580
790677382
718355785
989817814
314816829
951712153
124784536
799592060
428513846
5176390
858441069
585084162
303561515
218194280
301722723
608903631
842042389
677312910
662327211
9023137
537111211
393109234
569924242
982153843
717076155
297673484
64777404
155486956
563425833
970462838
171536514
357318090
671060265
385616333
774019783
935109120
649222953
487443362
797067402
810754459
200868742
481780309
175234989
863202143
149600645
205177180
899927031
594740862
336600767
92693694
897069442
379417313
607398341
284802522
569897184
818272396
292676463
60707177
505751269
531963204
877881575
997659411
64777404
949100099
821112726
888948477
525233469
40606895
671865155
406519317
968002626
372568038
506214329
204529901
489152219
947470229
298406592
142063105
730433103
387232033
91649720
293149884
676881775
621881883
947470229
584348846
381798813
426748250
793877114
956119079
503178726
739590156
316005097
34418046
631806903
14828716
46503464
771863906
130940495
898797763
554885438
18628340
124784536
271371855
683695775
726591896
286845693
140217166
317766805
633623371
169126338
430324951
499738188
442007612
728179283
26462596
499738188
216847783
876984458
39927430
916196217
648062257
707589310
276253293
369557036
959990035
389161992
956126590
541654957
465000707
621881883
408056057
969425432
7204350
897069442
728665554
230638437
46559221
523072490
876984458
635529112
916767807
42081735
963925322
791990627
969425432
799359782
511777864
631111992
766772325
269401669
221983454
484348830
947900856
258074016
967614225
161737985
560389918
298667970
581393193
937249706
572706691
625730556
801780128
104813059
753945508
160307593
172840474
858114587
369566940
284802522
975235509
899927031
238066780
159587673
186333195
989817814
283881169
541654957
967124639
830753108
304384564
762553545
671865155
964113195
31239865
45774436
98877720
870558025
34991862
560724966
755562880
968002626
329481426
333637544
675248262
624688024
635529112
271371855
292616659
284797335
624644611
774019783
34991862
674877201
243745439
439438180
911076883
298406592
771894032
681813295
31239865
37789131
361866007
121504355
233556239
966023971
620533586
198604831
676881775
421804029
530629399
860803407
476289440
793877114
962429880
369566940
560389918
581393193
483912972
485637853
836786195
115054218
462969014
768364241
717076155
100712434
772678428
801380680
842279480
37789131
773917378
302197220
859355292
456436871
572706691
357406982
463993229
906762987
898329233
540736039
835793849
594740862
869153643
629009730
952219073
979895887
798785144
858114587
941253884
523216187
468240161
157833258
590061358
506267915
72336956
853913288
395837491
897107504
744793595
891178093
241186203
967124639
155123270
794951402
594723174
225538184
675248262
766986729
778989263
830644115
906762987
398440069
506885608
206983341
491097557
159587673
829254617
456049317
941016260
191089633
975228154
9023137
536013628
767418857
624644611
674409600
660218105
936444921
40696813
23167307
807872281
553114823
435507741
675947173
467677530
657972609
213942396
363585578
774019783
269223977
205177180
956691358
534011769
964003799
90926145
730433103
433042551
505751269
318677259
360797859
961347473
316005097
205177180
385616333
859355292
372514319
215275145
394929720
722754213
615159575
849415148
717076155
248188410
737676003
200730966
543134655
398440069
850946426
661605967
673895764
941460572
655970445
243132445
115817235
227967485
176583725
607573442
258074016
238066780
391341258
762553545
449070581
661605967
601419742
974182865
552005136
388739515
216847783
190873033
542601067
273555762
192150964
941460572
406133565
779677698
436299509
616997825
728179283
560724966
639362109
275711034
395837491
724986677
738010514
506885608
707577541
638227644
535211790
436299509
728793936
954837162
601419742
360797859
39927430
565337476
861949475
383187628
358534062
257894127
736302263
952219073
485637853
702160220
901053983
220320609
450682256
316256885
877606256
200516616
929310929
258074016
389332305
768436725
952219073
708650637
572023906
120454264
612268290
285254325
23454954
269608464
672895028
389334525
675947173
377068456
479718259
540736039
377068456
730536890
552005136
147185286
852458035
618682286
827801408
530907735
601419742
301722723
630050206
735947642
750832057
564522463
484348830
992653028
274322906
1912678
142063105
521077718
661286459
157887959
742554573
959383112
131693218
249261742
737469604
160307593
754311969
765401659
959383112
168449723
284797335
505439154
561791868
175234989
203099772
410181526
731547401
293149884
607573442
506267915
292676463
934426162
792422408
712916651
863260952
374739531
572706691
238066780
728179283
830644115
881269841
151258975
587731556
862547235
3699122
975962459
149600645
372690329
696542091
476185338
767418857
130940495
818272396
111480661
621881883
982153843
783346935
99035742
38079938
736192045
650550992
574946035
519895587
403212334
194246024
899215626
941460572
253847233
198024629
417798506
940663652
218559650
378114996
879230774
765332621
799592060
209628911
399488821
931926313
345540745
320151844
615159575
855143357
724521823
314880207
605611316
394929720
553000454
765401659
584348846
141904816
110955237
509986164
135256484
516246391
516246391
226683208
505751269
722754213
249925762
420384028
738762607
978052298
290121806
167147456
310688643
186333195
163307927
372690329
316005097
746413543
616023791
832495632
104404469
241941191
234965660
105213586
641016310
424001751
430324951
379417313
284797335
383187628
549730447
426748250
538681775
707589310
85601297
154699316
174429369
156186207
956119079
148477845
211017919
395095494
612268290
975235509
387214924
660218105
627446336
83666221
308031961
857738345
913181626
140705709
695256597
590061358
291777265
361254475
731547401
764158365
328547091
227967485
399039300
535211790
320151844
938391606
718937457
467677530
443981727
724986677
691625355
220320609
927439942
679712540
662327211
951551423
305848338
296652415
713265974
393109234
771894032
206983341
625035079
154970328
547684619
26462596
560389918
792422408
962475486
253847233
695014190
951310697
565360969
702160220
429974892
301166372
835261965
211017919
734808246
154970328
483912972
542023247
241941191
257894127
5793814
996488403
847565450
844889882
815715549
963925322
167894934
765570102
309871819
530629399
783266775
974182865
603142592
177916230
676881775
458913500
684801497
491209192
223965987
395095494
476296780
956168911
792728337
865897590
37214768
121514260
172840474
915171353
712446627
64773986
42081735
246835912
17005535
717042749
940392640
336600767
148477845
463280995
707589310
357318090
909037430
74585318
671758343
200730966
824779197
203099772
230696471
640796201
316467830
616848053
755562880
160307593
949100099
505751269
975962459
226683208
440963103
435542177
283881169
540736039
135256484
43869498
395573542
783266775
243132445
463113103
944571289
378114996
801380680
647566874
590061358
655633097
525233469
847750390
624644611
18586931
905952950
363628814
120811883
121514260
202218811
726591896
875469377
149314608
725322764
852185090
455471246
528304556
331384359
308283564
831937030
335904132
113508627
117515556
572023906
664199264
322786600
589051156
934426162
9155580
171536514
764671870
113508627
506885608
403212334
506267915
204529901
94158634
397716276
632831148
907425770
943580041
755562880
305848338
744793595
435507741
870124634
7204350
440963103
328136541
868057578
633623371
697446914
120112946
641016310
279594037
37789131
211017919
632831148
80870145
722429787
937249706
935109120
693898511
191089633
157833258
10906500
887076110
937249706
393109234
914691028
630050206
363641174
955403202
951712153
645921960
217331661
230696471
83666221
676881775
690470647
225538184
389332305
44078642
452116186
634883519
873536818
882228219
696542091
865897590
634883519
610243813
872341821
970462838
525233469
940761072
929300323
690470647
748633204
679712540
652910963
421804029
211017919
660218105
471289244
108223113
541662676
165236464
916196217
879945101
484348830
779677698
737469604
954184141
926069658
564518749
31761008
877881575
445368825
959990035
225667689
915171353
633619471
165236464
376672855
818272396
265506908
851551071
926270857
997659411
547684619
248188410
962475486
774019783
703863690
916196217
962429880
499855888
248167538
523216187
911076883
72336956
847750390
858441069
726591896
818272396
350047015
707589310
57120057
463113103
813093915
631806903
691625355
779677698
497479880
190564815
141904816
530907735
564518749
408118397
248167538
882228219
467677530
506885608
318677259
560611890
372514319
913181626
111369095
870558025
387214924
833459169
852185090
305848338
379417313
48658356
175234989
318521516
913181626
684018313
196076732
887076110
135962024
717733620
940761072
717042749
302431378
47544641
372514319
956691358
724473775
8283473
664199264
225667689
589051156
497435511
373120979
98877720
124784536
805450176
875469377
726591896
140217166
605611316
167138388
752569540
933648176
901053983
731547401
693898511
404198712
120811883
631469064
754311969
455471246
331086020
618682286
409899052
476289440
805450176
724986677
23230346
222528272
916767807
748633204
394929720
541106157
363641174
186863283
887076110
400666661
293149884
542601067
565360969
5905509
737676003
31761008
695155914
474234581
92693694
436299509
708650637
44078642
897069442
288345106
157887959
38066140
907425770
535211790
74585318
877082855
967124639
149600645
494418208
781352292
866191762
476736519
633725188
560389918
671060265
249925762
3699122
607833741
140217166
432564305
506608901
216847783
671473309
361287570
862238877
711416340
649739416
832495632
63289658
617151134
830753108
3699122
952219073
565360969
480077788
516246391
104813059
831937030
82836103
802780814
525233469
168001887
310688643
489152219
661987206
479281833
941460572
899215626
225667689
105213586
511777864
395095494
535211790
400666661
565420850
500585439
198604831
236120154
250598671
302200854
189578855
145092743
77841783
796331688
768436725
186333195
77273423
666585600
813093915
516246391
497435511
481780309
913181626
837012725
193165509
409899052
218194280
452306432
674409600
850946426
216507335
677312910
409250218
317672082
774019783
35293332
581393193
671060265
424823959
649739416
409250218
343898434
574946035
200323211
717733620
885489104
372514319
963469426
408118397
369557036
623327194
815715549
767487348
345540745
48658356
324998628
202202521
869571664
926846044
879945101
603146738
7204350
27634508
281706674
560611890
765401659
172840474
37789131
35391948
10117873
621920351
850946426
408118397
399039300
990048974
944571289
335904132
541654957
793610498
275711034
335904132
302197220
737469604
506885608
605057911
692754539
163247839
738762607
929300323
488640646
44078642
765401659
601149524
796331688
832495632
684018313
565420850
619794842
852185090
951310697
223318105
144465200
707577541
120112946
616457109
737924388
633623371
7204350
393109234
406519317
749597983
230638437
783266775
329481426
568071472
736192045
140217166
193165509
852458035
963469426
728793936
616023791
236120154
211017919
175234989
937688903
142063105
383187628
722429787
43869498
748633204
455286831
530907735
222878881
728665554
225538184
488640646
879945101
877881575
835793849
997659411
193165509
287300285
428513846
195025121
5176390
568071472
115817235
873536818
33300018
27634508
34210155
815715549
613497363
633619471
279594037
31761008
835261965
913181626
449070581
923172603
574946035
842689213
82317377
281706674
455471246
900049858
267401076
863202143
956168911
197150069
546753704
279594037
616457109
488640646
500585439
193165509
812832529
147185286
93608324
640796201
736302263
381798813
970462838
437256989
964113195
249261742
809533461
786217930
989817814
409250218
648062257
151258975
963469426
570936429
165236464
468007336
273935014
631469064
860797278
754311969
348157211
149996500
192305890
483912972
829254617
484348830
594812027
677312910
734808246
74585318
149314608
835793849
187712771
146723717
230638437
154970328
519895587
621920351
992653028
269401669
47544641
831424222
445368825
43869498
696542091
969425432
203584726
31239865
273935014
860803407
200655464
358534062
143858393
875469377
912749537
970462838
222878881
3699122
603142592
389161992
251977198
463471142
503178726
736302263
168001887
881269841
135256484
680318496
267889084
200655464
191089633
229018103
480756346
10117873
304384564
287477594
82317377
424823959
607833741
934426162
937249706
180238051
805607175
805607175
302197220
565337476
127127381
722429787
203099772
697446914
168001887
764671870
835793849
866191762
126625978
267889084
230638437
198604831
738010514
683090110
722429787
431465609
716889868
870124634
618682286
802780814
250598671
192305890
657397242
941460572
582646583
465000707
965127989
869571664
594812027
994743325
956168911
92693694
485723443
717682935
92957167
863202143
115817235
929300323
714811573
375726901
812832529
85601297
249450064
369566940
361866007
671060265
74271892
58624444
317672082
554248954
815509820
147185286
215275145
168001887
369566940
221983454
525233469
774674431
193165509
631806903
209628911
873536818
943580041
600621360
676881775
931471683
2474162
903932037
60707177
868711250
956213725
737469604
271371855
197150069
209628911
147185286
956168911
473572667
304384564
220585735
765401659
603142592
308283564
82317377
564522463
954837162
452116186
202202521
616848053
298449632
736258915
957806084
569924242
984926482
406133565
417798506
376672855
436299509
951310697
167138388
851551071
209628911
506214329
716889868
947470229
186863283
748633204
951551423
964003799
582646583
951506793
805607175
186603168
647566874
93608324
258793580
573049659
727096002
805607175
916767807
149600645
861949475
357406982
969425432
73248236
248188410
253241473
463367536
317672082
34210155
395573542
735249278
251977198
5176390
870558025
677312910
616848053
742554573
843956549
573049659
529484067
736258915
92693694
516791151
707803014
708650637
180070250
935109120
676461907
728793936
74585318
405007255
749597983
296652415
241941191
221983454
8283473
198024629
221983454
290121806
959383112
144465200
697446914
931471683
959383112
389334525
553114823
768364241
852185090
452306432
872341821
638227644
661987206
860803407
519004900
857738345
476289440
723371461
982153843
765168055
995629487
195025121
964003799
717682935
572023906
200655464
74271892
167138388
997659411
651022098
926846044
399488821
298667970
618682286
633623371
535211790
569182655
474234581
275711034
167147456
765168055
728470266
564522463
203584726
661286459
997659411
862547235
489152219
389334525
717076155
853913288
73248236
765401659
400666661
793610498
37214768
302431378
683090110
147185286
815509820
587731556
218194280
154610857
621920351
375726901
222528272
552005136
330749971
167138388
629009730
434629646
219315956
764158365
736302263
190564815
844232162
827815103
876984458
809533461
898329233
809533461
645921960
74413429
657397242
267766144
499728902
161737985
253241473
876984458
180238051
929300323
802780814
540434199
92957167
725208656
754311969
736192045
969425432
121514260
5176390
624688024
676461907
970462838
455286831
707803014
317672082
161737985
309871819
706045931
683090110
381561407
99035742
812832529
764671870
809533461
984926482
742391714
956213725
376672855
435542177
545252580
856518251
648062257
764671870
77273423
167138388
722429787
151258975
222878881
927439942
951506793
951551423
903932037
610243813
963469426
827801408
248188410
724164111
802780814
866191762
249450064
249925762
956213725
956691358
428914992
943580041
275210909
241941191
540434199
269223977
250598671
840788320
167138388
452116186
511777864
645921960
236120154
249261742
996488403
603146738
911381799
545252580
600621360
157833258
730536890
722429787
833266925
59188978
594812027
342510116
13700163
520912601
287419433
812832529
805450176
409899052
163307927
222528272
376672855
476289440
737676003
748633204
409250218
737924388
369566940
287419433
786217930
621881883
375726901
387932767
298667970
647566874
209628911
275711034
935109120
389334525
60707177
175234989
236120154
676461907
648062257
203584726
813093915
992653028
499855888
160307593
638227644
764671870
499728902
225667689
708859466
714811573
209628911
835261965
944331264
464821525
395837491
180238051
803057501
666585600
60210650
439438180
737676003
516791151
543134655
92693694
379417313
357318090
707589310
756040180
812832529
951310697
645921960
386472278
727188003
586748642
970462838
57120057
249450064
28789727
615507490
708650637
437256989
164150144
573049659
647566874
131425891
748633204
180238051
66390311
494418208
22651137
144465200
497435511
345540745
605057911
827801408
429974892
692754539
34210155
435542177
126625978
149314608
956168911
861949475
564522463
203099772
296652415
151258975
342824470
781352292
842689213
764671870
382042087
499728902
308031961
750360618
249925762
859355292
926846044
298449632
317672082
645921960
535211790
333637544
298667970
18628340
479718259
43869498
995629487
727188003
193165509
570936429
58624444
597420716
120112946
92957167
140217166
530907735
830644115
2474162
439438180
180238051
810754459
422086535
714811573
348157211
532760345
737469604
846078186
186333195
746413543
519004900
692754539
386472278
142063105
222528272
74585318
506214329
574946035
830644115
554885438
28789727
959383112
198604831
435542177
275210909
881269841
600621360
568071472
742554573
400666661
164150144
373859710
809533461
190564815
873536818
220585735
683695775
774019783
393109234
297673484
264947232
619112786
222528272
382682287
445368825
85601297
450821406
428914992
223318105
831424222
303561515
581924248
287477594
435542177
727096002
614520011
614520011
194246024
842689213
497435511
149996500
594812027
156186207
333637544
742391714
23230346
996488403
625730556
574946035
565337476
18628340
480077788
829254617
223965987
969425432
844889882
750360618
406133565
241941191
506214329
971770650
503178726
772678428
891572810
225667689
978052298
457081207
629009730
253847233
570936429
170449155
303561515
43869498
856518251
175400856
655970445
956168911
569182655
569182655
149600645
430324951
900049858
163247839
149996500
651022098
3699122
728793936
876360434
395837491
431465609
730536890
70904919
51648913
997659411
161737985
697446914
147185286
167138388
798557423
967806368
976511151
241941191
221983454
222447849
995629487
229018103
603146738
186333195
833459169
348157211
361866007
937376246
995629487
793610498
361866007
438962862
563425833
671060265
959990035
218194280
607573442
452306432
725208656
679712540
860803407
438962862
738010514
488640646
31761008
298449632
385616333
63125542
959990035
737924388
552005136
851551071
372568038
992653028
216847783
736302263
303561515
535211790
926270857
146723717
768364241
249450064
851551071
898329233
357318090
835793849
956213725
480756346
258793580
258793580
233556239
35293332
219315956
635529112
316930178
833459169
961920278
601149524
881269841
550549038
967124639
906762987
485723443
748633204
742391714
570936429
540434199
157833258
805607175
209628911
166864767
926846044
342510116
881269841
995629487
75661360
876984458
85084444
943580041
64951532
929310929
190564815
429974892
535211790
708650637
74413429
727096002
146723717
434629646
853913288
149314608
546753704
422086535
875469377
959990035
912749537
844889882
292676463
862547235
385298726
716889868
863202143
143858393
156186207
292676463
934426162
258793580
774019783
553114823
742554573
438962862
488640646
292676463
126625978
74585318
485723443
708650637
633623371
43869498
525233469
597420716
774674431
863202143
216847783
756040180
607833741
668889583
586748642
180070250
302431378
197150069
714811573
915171353
781352292
716889868
872341821
191089633
603142592
446289830
230638437
154610857
500585439
956691358
906762987
931471683
968795953
251977198
911076883
220313521
954837162
657397242
9155580
753945508
835261965
211017919
37214768
203584726
815509820
363486669
624688024
190564815
27634508
859355292
728470266
292616659
897107504
154610857
468007336
569182655
253847233
203584726
308283564
736192045
530907735
570936429
728470266
149600645
480756346
430324951
219315956
264947232
671473309
876118838
168001887
861949475
742391714
613727438
479718259
900049858
395573542
805607175
485723443
298449632
844889882
121504355
387932767
750360618
269223977
154970328
975235509
764158365
835793849
166864767
31761008
296652415
43869498
662327211
735249278
970462838
736192045
166864767
58624444
914691028
197150069
736302263
85232574
607833741
911076883
363486669
837012725
829254617
247246293
916767807
149996500
541106157
499728902
560611890
85084444
250598671
267889084
170449155
651022098
75612568
716889868
929310929
601149524
638227644
204529901
192305890
535211790
57120057
607833741
144465200
633619471
452116186
160307593
723371461
258793580
772678428
127127381
491097557
170449155
283881169
815715549
441925569
677312910
156186207
457081207
154970328
677312910
361866007
75612568
230638437
316930178
104813059
435542177
728793936
247246293
956126590
581924248
851551071
541106157
860803407
381561407
200655464
607573442
916767807
565337476
302197220
798557423
200655464
