49544252
779308159
375550336
51467080
551550983
771812490
291007133
144746233
264727220
283341868
367830224
215404963
210715612
902214766
186869602
173740481
409803220
383952031
652325858
390873994
957377135
564200257
79198030
411391320
949598982
669261743
542686144
530014332
882132720
391431443
154643895
744784061
806495094
105445710
170485875
335242108
213908249
631829550
855839143
469085559
288506915
697831762
682098681
764715195
395593243
530580764
682159888
171095812
706953186
901826042
317010849
188640969
946516356
828721541
921296553
935965519
450543608
448524844
365879160
537343851
492909583
661846510
57731384
928783814
422355641
835938628
588999925
207493606
34951641
515382020
815795843
724998217
964488188
8501274
303079953
733673312
727446177
315857218
517119960
57375773
405907937
31946358
712008578
620604806
67116793
536587149
204337279
16409781
910947515
985964875
719516583
722509409
888107230
483242993
877252532
47277784
746072281
266436139
928485955
435386479
933406197
585230144
140806834
381643816
389783851
849056259
755834243
219125568
102031882
199925124
438265756
90788795
860879069
381418676
47963999
139217583
807698975
554450763
444487465
664482141
958439740
203787591
662640112
468626430
490698930
223622303
883369396
670590602
642781355
560045987
162887965
71941020
494277846
414209445
223672481
483148417
248642881
544327159
909378287
969077916
534528315
685328719
714307022
233058920
612662547
506921364
204799196
118875742
112201026
974982547
637588571
349748887
980867110
677745303
25659409
789978072
505876113
995023197
114726387
475243956
573973279
575647137
62257413
202894680
141935414
246599575
341505504
975399505
148540461
942293708
232525949
363458936
867308096
954958730
812569312
451778480
360378151
391095265
931331440
233165057
614322887
569432195
365879160
579214363
581036430
948220481
62257413
111009182
61370598
850730654
964223471
147999547
449855265
376379505
929654293
811107195
176595717
631557462
669992746
790973780
363048864
452606685
133211639
248179368
234323335
9675443
276730870
489986614
191913651
446628151
189688268
721180465
823022068
35688882
501630080
956840555
199925124
69378920
771726856
910307408
791279222
479654569
524241838
339045656
713385480
108699969
727768838
665197206
65266717
492701811
267828321
769193428
616184288
785311765
747787096
637203482
14946441
328523443
743950706
301644840
95451175
519391457
645240572
139459525
539469405
791851600
526169726
496909056
959063010
472351228
513490261
629057013
844853091
343758486
769353338
780889406
301925434
354086270
50579963
585344349
315288
61346605
745465748
552442469
192640830
331215381
998535057
739968773
419949685
778448403
42029311
602180997
374664769
898205467
301276623
657937098
546722285
789978072
947143599
581054094
699905999
675102114
250031593
901308798
347944550
983571579
773935347
436088861
602548260
225646114
579028755
513375998
818689924
274306241
528632311
628356579
276431660
731041682
90765021
776920377
40678575
120463987
866481209
983771469
357914988
777961841
407567137
906508019
709146242
306330311
412372814
101944043
57424484
781487353
105327335
536587149
116005192
615937387
110634263
869893513
422633423
165458921
997764705
378021257
607971061
294988570
944261295
388776319
78046468
73137760
392053213
186452051
176050067
634110484
789499562
674028447
856430664
386407315
322560055
803865574
137540974
982534817
696487454
872752621
960270061
91300064
644906771
363260528
420993606
20139567
520809489
536955328
616796416
318203776
105770709
178565093
446033840
614703085
560032741
237894996
645014864
824273070
198987501
355780943
697066680
786386092
213124137
321326305
192916031
45970791
879961198
315653692
143512110
576226232
787515403
285891941
571513417
286849106
732137498
802432286
997246113
379836057
753649921
836667165
139293434
789130721
869520524
398082228
726368146
528015219
508037915
60271564
463806799
446689306
761327948
113586324
235331979
660482010
286107694
989306438
335251523
822676431
840984878
390077378
776511784
501045949
903045149
616147150
578767569
722802791
629260092
166643578
30650666
784500136
982448811
179757588
703150481
243655323
258555434
725285130
247367604
663966201
30407367
79198030
687447186
339395961
591012671
490270750
955708051
664482141
328016206
722571980
989306438
121679347
898893995
172137933
764314165
626555067
80382855
451381088
308139883
476217170
579845482
988629841
879195596
134825982
502557990
365615990
67380810
206298599
190676803
606275537
200239968
970764249
524323589
264434275
771050499
957946244
607449595
383306123
583522713
690271509
398982563
373004074
636128557
647388809
229471701
417574315
806495697
705018308
311588130
173677295
840783294
361140320
45489587
28473937
873111099
55163072
848370286
840079302
947846840
913506977
844714503
685328719
83218891
113867846
233211653
278167085
703948439
861091719
613562720
737255867
748467936
496224714
889062008
72412956
632651345
516206935
807303522
586786966
744982169
802002856
33255329
976155778
157398254
351538881
135278355
397687199
416821508
489974396
179556124
736869707
434459306
899328644
712076470
15687836
570247363
979402237
678117219
39333673
948736422
937959886
955708051
540017795
716634539
389784312
826115683
512607338
288439725
361966154
780110608
345837782
850954682
355431948
345455120
797533043
938917483
366210366
907884893
835818128
255296045
284163953
721180465
128726072
818689924
886847131
455941484
255236459
651621190
296839362
913715607
420386661
861607611
875776264
243150463
1518306
285095506
436528849
459439771
464109793
642469682
323314341
417574315
96485296
131506079
280020219
65046788
888107230
439724169
717652904
186717205
765417566
478610923
486434320
501742805
281068508
682669957
642191395
249450860
983707188
497301533
637588571
270802609
285867831
253933089
720266154
329191090
237015802
410002907
804937532
746595221
910814289
260468784
643185279
903463292
680048602
117566128
732634837
133433143
286236149
658100608
57243092
667580400
675591154
335585677
120855303
493221634
913416293
874889621
625902701
208396971
982287117
712938051
483576144
382121258
658137726
633916725
955027945
834125365
599973234
859545339
205980415
698336394
260556709
775113128
244606967
358220124
286430490
276239023
128749958
649580298
972845705
431130401
56752175
641845609
387785071
199822079
960414408
946904839
664191679
83715873
946576241
185676999
283629735
21299067
251555769
317002237
703338462
81648910
617786434
810185546
695956810
320860027
820722983
235265043
349748887
897792982
869893513
452005026
642660210
64498806
214016665
692482210
510710368
872631608
755067841
12789922
582759674
792575195
625445522
174503172
548721261
765711162
469408944
62302252
416260910
757601382
931489483
952987629
983266393
614538448
140058386
183015774
180998361
814968512
104742968
827508360
955860069
687447186
564585006
183580170
409729422
34951641
654965308
456515072
764715195
925212534
403720166
810221793
727628287
521556870
916313564
626167231
36706517
6458466
856279642
328322378
659907668
887796807
894453233
437368785
268712868
902829758
479458845
198522230
674310642
53422449
806551841
681851957
713901589
320686481
691992208
832083119
985964436
645573649
942751927
818472837
992377251
180904503
267135298
685937739
669535085
327327835
288326432
644795283
660544019
191667310
886068080
419162669
856425979
705296449
785977703
930055222
909661678
124525915
88185867
157248020
741750670
2605745
827897330
750614077
534608273
244606967
245768864
750807012
444277963
214297552
154999865
235265043
643185279
450123742
837321398
332735263
545925000
152155727
359790416
522223251
365213890
172643166
332819500
46210851
507763729
328311630
607070349
661081878
102815294
908251261
575396899
140326924
154360345
450666038
451151161
868226050
234142093
724510242
558475714
955056328
464071959
815795843
469803789
177363445
743770433
674168202
504388919
323240109
352044516
791440820
131762818
105832843
324024835
932849306
777810087
849056259
619463456
870922702
172808736
322567857
907370867
212347446
204687431
844096189
375939081
562070318
268718701
739482429
338063445
611367688
828742825
942184991
17222458
886847131
551566437
99698016
635240746
222234336
680929664
219900340
331255328
229859013
217093004
503361810
237119777
90607570
27659481
543367571
489703357
276335921
744105810
948220481
201743848
972845705
305286830
187137848
555961589
238282851
346963572
520434373
908399308
378434123
467890018
473437243
663888855
114562679
243655323
198717110
32285016
162243908
882974952
766452609
877068027
677351007
549650606
528698371
834030762
850681932
381207529
804127032
96488206
965440017
192186021
796298865
251620630
340972333
28803398
211916622
107751619
864260670
614259679
376373347
436251524
133622462
463183293
304229928
459439771
294403868
332561216
360203580
550407468
304229928
826115683
6143613
894453665
144091877
757092992
226051846
29208104
633715579
877282004
398982563
687142165
746387891
692588482
222766087
834685976
851780286
805577693
323314341
931710075
40478119
521333592
48918996
908173467
906494599
514747276
642781355
50997537
867395822
387184357
930871198
281364060
425538544
158117855
903168594
684852341
722738517
48934204
769617969
420865293
224147638
996022537
484641031
935944802
787552449
894631383
889355163
338670883
106974613
551958678
589425681
756648035
783635120
29558224
200664536
495269524
487430966
648578072
17934498
932879923
372438764
395593243
755931290
415020204
716176675
874165631
678501731
173199736
605810780
429352968
785499372
57375773
133424844
386500649
138249518
335898916
115058652
228934121
177891353
689868266
625701946
392099021
985710027
488960470
796511682
764349771
857510274
984251398
405611535
134158157
84238453
286122899
791290228
569851278
722571980
80310818
847811804
45069535
895617049
412297392
777062141
648187552
779208557
134825982
398777137
133098066
678487418
248920868
896402236
866434205
595862672
960696432
760285972
566526485
222063027
477611496
232177743
560116925
789826657
23638560
125500899
68612387
626244253
770789489
812434689
37656930
946643673
759293419
608225071
921296852
133975550
21524238
182579539
768041082
234352814
432693897
595149573
991249492
91306833
721298444
337441825
368139323
695806297
697709229
405085242
445939110
497301533
370642682
282758063
599726342
971406103
151560702
705449719
665850441
676708098
569789132
713786439
770296161
608325988
296556958
695560889
505984137
657160227
251568634
779859233
422190888
21315617
210677921
783012354
487344480
180736425
888538716
570750756
63914525
225902087
611652309
366996576
851897528
223857151
136477174
274665057
687240654
337955795
694663587
922021855
425974743
252242387
142399292
331966758
118093627
48143551
725469740
840074837
854847631
379836057
722375708
968869386
450140340
576081235
238633928
536232890
813090972
314499501
563790573
815854844
509388301
767120748
736008792
497190275
255579483
354976543
803151953
844169303
753774548
461711132
803390123
369942632
812877973
769939732
949859823
489846632
254299700
282831013
270655955
457960256
86414526
552774675
551167970
850258648
953168160
463932661
80310818
223143730
811046380
449855265
937235367
496282684
381416056
663717449
334361705
342228684
530505894
756726655
916940671
585719788
976625169
68340374
820674716
460281325
70481730
158352346
199708991
843566663
468626430
677745303
878022968
81832668
317349711
238776353
965657208
39021648
900051609
901012962
309332258
168754280
214090600
512979102
434517843
670902487
528157985
281065020
759822778
791440820
948930227
172137933
1654580
440315190
80686150
340031133
352924944
2782752
204403998
535130736
737475431
796450610
308249854
392436295
229577484
237574674
728592576
231117384
639432405
928485955
948823256
921326280
732908730
289590395
514017981
994947308
629554517
823822064
690309993
865100144
96045053
576308945
582299586
484992990
785311765
705296449
466815860
133975550
470824957
409003334
505098209
737255867
848366329
820125053
487858400
211864560
103073614
666250776
380368097
354256050
421736552
75427173
696186580
890082039
379752220
697153231
543639330
451811976
761153868
829366411
639626230
826033717
34722859
758725129
121083730
60112177
546355503
290219890
733673312
960840538
724986
365722862
16836166
964129803
990154835
929374464
990210332
651621190
268380350
995172355
233673185
382433902
507581511
638686507
419191188
217857913
41436103
595566440
844254031
834778963
784500136
297926228
643958022
726963091
101007480
947356128
425538544
671340073
651366630
764473886
653813646
822673844
997264495
246599575
714009790
883702990
609233793
401782719
699627012
282671343
420965559
419268312
321828719
276665506
96488206
559524290
863988913
561842893
105327335
510807992
424935130
78552277
921296852
270721648
391782422
86037740
270747900
853206593
486623849
314423625
802927052
156222262
541201697
380746520
817327962
839615498
130848218
823157500
96561400
435854349
868220997
416821508
372939668
994947308
702324572
299806555
931608038
802400700
406226165
293330960
694684030
900808202
56830695
844023008
77560963
641222108
138249518
247123778
600859184
488415496
171960922
696651157
235498783
210186991
129076021
548517582
252242387
685966547
744222619
691694711
410450711
470580398
265943581
217076253
736190741
162665349
90915719
892504815
430954089
967405446
162086778
587253460
656356271
369987576
714251507
448232898
9597352
666077901
226587230
831839836
755067841
598975903
538073159
654965308
66489688
45687553
233903038
318271714
129232885
339743454
327327835
135278355
200296763
69794264
569432195
960270061
17222458
354086270
588891567
310602687
634159414
507984044
155061260
588275644
621557694
303227268
62213236
708242000
741814055
709968541
714371303
199520975
226874122
953508250
524094071
654756943
156508939
305286830
566961986
201254174
253393479
693203388
104050676
685004770
240811880
671530694
688073466
61613548
431418342
831573974
860174173
77948572
591945334
301079073
515094577
662669786
288164879
459569476
912268686
864198359
197967916
803711718
837012851
66702117
959038303
906253488
256415452
34911532
415718741
178665536
821168566
998377344
696257571
820686092
36603701
744712731
434064159
144185136
901602206
591408658
228554749
474246703
827061887
694105459
85793624
26417515
196359487
628902136
925743089
752587666
675179628
931771845
117916311
343823976
428116807
568122500
653049051
124715827
587034661
945387157
183821641
584489826
549294725
285572976
625131575
906494599
479149898
245041067
91155109
737255867
9675443
397719814
558683470
117491035
96619459
103998989
651967804
176503144
356504277
125376826
976139085
690301072
836358682
424582669
997802598
922977796
686894126
925961013
928418973
213632655
252288249
883231768
205980415
733883573
626620513
811425256
246455499
914614591
1951086
490340981
377544081
935640479
378548147
325266475
611371420
260556709
391409639
100941825
827164684
940067214
412916187
249075979
637203482
438406872
617766590
509940430
887188322
245383714
151170212
899463330
208716879
609404113
407206941
721467962
70024807
791306818
655950600
976269635
787013107
728834043
587542274
630806400
985736650
428116807
909473870
229654715
530129765
734800325
958485251
769839446
799734990
464071959
63975020
227517324
458263371
649193117
240890847
708628168
930001161
210186991
630274630
65266717
513184443
225668762
175272822
428444670
912886537
113495036
917350310
742695936
672369175
425687873
431752154
234150703
156161596
975346347
666984862
464071959
915056158
721485749
287998305
446940720
703150481
355660627
923849825
612946376
589898774
432002751
250701251
262539117
486213708
134148857
144140534
713295332
413505811
998255745
180929803
941354337
286620159
375010694
962977244
694472468
380726617
228942438
641939906
139003824
666540426
654994827
121567988
186524245
402955950
562401993
173955847
339840736
303382295
187122260
301079073
710029830
660642171
790903729
489574241
35783985
887868342
91638052
52187487
300260265
825001722
151533196
558580692
86746391
23677244
351581428
234950324
439444199
660642171
125382382
9778147
600539031
56965427
246765876
967111628
612859145
79330605
844833672
609309350
389104450
600724506
723425072
787123056
833072114
123654127
166136471
672911755
515318548
653523574
142047450
825787897
952205864
159330741
365722862
804274329
469107862
621538912
898795066
658137726
981369263
681114619
644963393
316786204
994178381
940067214
310602687
452284304
521048753
90441561
441442801
44498012
570532595
383688068
381418676
754117683
865395860
113210546
591012671
525016795
769617969
529128189
263552571
371706789
794380408
463786934
581829888
557348990
766973355
685022769
876344747
45489587
553056059
264736042
642669497
621664400
346979014
39728384
820877661
109925328
401190626
283341868
337427682
204747794
438275700
794314929
862367170
347944550
754652761
916940671
448497130
817838563
417979531
137638618
135069562
304995270
77528026
814405186
236061257
367670552
246484378
958949253
161026990
689769830
614114720
994128624
959085831
739820910
217496306
189259200
137814693
964488188
605062202
368921952
35893682
523678794
763700545
658003336
282840137
636900576
603712933
795150216
911874842
11574908
546015934
452088557
894279567
224804629
546640298
209337801
792441115
898130714
493715832
461674085
920810211
893326771
731021543
899463330
283156046
16534200
378548147
105770709
193754694
441207525
735316737
911159335
848802914
868840112
354211461
245897415
57731384
319466007
479291018
694684030
913506977
179548612
575647137
451811976
701163321
340707075
305877887
27193515
668744067
63159164
793358867
840783294
616184288
872964799
79022625
947697017
783234411
728592576
306330311
627225666
130065960
942150441
259873110
866762323
50178843
878154932
998280062
121567988
316249556
864432091
627333238
629260092
733224154
740025514
286454235
725880799
551273352
582636575
922210543
494038185
925961013
724268692
203694989
226988360
826033717
41582240
183755727
281356935
724510242
722375708
462613376
522662070
866117608
179548612
583766509
172808736
507456410
605954819
899581858
701494599
352703117
850509130
785002255
791837185
881509553
41205017
817327962
497849437
229638477
611547374
154157434
424935130
687003860
64191731
9700044
904492484
236793943
657421431
804274329
919756552
965823548
41617357
913909833
462488069
262539117
664179482
806495094
73745933
322560055
973451922
529050413
766973355
234908740
173955847
480441381
8246814
386353098
598107518
968196394
628687669
597972951
914159752
575769452
818247632
63792686
47744185
844714503
326140696
891635367
960253433
600181126
281384907
844442112
455563670
841782120
789198619
176858366
178665536
562516429
525466135
339511306
774043138
392518442
50475131
144470909
599566298
503282302
382541433
723063672
157498338
385135842
144689707
173199736
659770274
781881855
560328115
300742060
898912685
697609204
46939227
938455612
456515072
199708991
985964436
262380750
109511878
557102408
608665750
631119958
776693970
519429378
684961677
22577490
585066650
432714715
6170780
724239181
753918407
834668152
560517559
341798779
339395961
551386604
339765708
27883943
528397847
875862302
259770507
462613376
44788931
9406924
23442492
247123778
860491210
250134808
685888530
775599271
263578857
951207052
602207509
91851499
192715706
226988360
603590884
448524844
678071812
368953431
133967434
626850519
290673137
716816256
564250299
910947515
964129803
151293100
978468093
656371787
503119842
722356616
727554047
249327558
653656120
820258335
668125773
239475445
985959031
125738785
351176868
957396566
840006630
881699972
659907668
665262631
675703056
8680782
640680805
61007183
507179177
579274510
602207509
572302796
233903038
964957748
791202474
749030265
96281035
631481336
569202896
326923127
155429361
93534644
798780728
424582669
124126588
387677033
681114619
369623168
72442182
743388549
426741952
516552029
55919578
318766519
406679908
129623120
339743454
832344459
568957777
12852581
134974323
741133890
378021257
654316313
837301982
807152292
217806694
751217095
176256020
276259930
652740249
968058020
580161346
440873592
789297758
60505710
765779877
783234411
744232402
412861212
176882465
930055222
317332420
694881154
554975476
36782625
888113326
701848596
632651345
92951378
669978627
191180819
409593887
376735162
658591463
587253460
690739457
742322554
715063196
220247540
141927815
451151161
868562399
22855315
558677354
367867576
909501210
948281947
33779261
804683690
289019125
604516736
339854469
286257597
14052656
69794264
458568720
331330679
376735162
371087560
612397929
246581967
140715066
213124137
765417566
69566031
570247363
624372796
446033840
592596206
167986465
403720166
405907937
591842263
89713612
753773286
15328180
826814082
939746281
995711617
815170120
854847631
16409781
195135206
304348227
79279720
201600267
554450763
139293434
288850457
995172355
607167544
924878453
419162669
739879427
778530508
635803906
760075287
668992141
431855410
713910543
98022144
200085473
79576545
489846632
11633661
314880673
89580744
84672031
796598246
281159603
822227112
616050855
300969615
694282427
833215894
296031500
526338803
421456045
570874312
4638316
591603731
362803317
215116007
694472468
122232209
177961449
956225414
626162835
282708519
911890592
477359207
287467090
826033717
369422309
343960636
18235941
979091455
756766293
778518266
286883154
586013650
328052087
285724371
179538540
464910401
239413832
387389576
260122394
979028404
118486553
30126946
135665988
470225534
45204309
799557941
372993879
514473572
722337376
374768688
503785884
720027484
162016318
115699161
922021855
664270725
364057190
723634598
682387277
124128537
555005164
183756819
774568482
913943180
139767391
972885819
672369175
336616774
283355591
263687037
876289105
993551789
622148979
167695815
503785884
737071817
591107729
537927853
793921595
620345399
797026069
390801169
196359487
135069562
556910809
841300312
920810211
892567946
400414754
992508078
828989379
560045987
23638560
104742968
789667420
937390731
174013725
415985169
32960741
243489677
903542878
826339453
506276179
80314677
66489688
963534756
336578882
859061054
83212504
404294848
894121502
258116939
648389831
543487513
831115289
99645664
983889822
735476631
746699164
961579820
190576181
354976543
234352814
526076112
451381088
122591299
95764339
455235135
558863911
556987562
211783172
933590849
203787591
567058237
946516356
971644965
992474557
782259489
779006201
6274842
639122995
830871104
195710710
615085703
670902487
924330132
479291018
296852482
96205486
440214239
291001617
201365964
598975903
199597199
383434871
222448111
587034661
696651157
775599271
962427116
194027321
435386479
647741206
833896727
154999865
475824241
800301930
33194859
226849220
965584356
426741952
229554028
848601401
290012762
121338975
876148234
52658630
924711439
194102337
633775716
105550338
385129889
419079224
229859013
160515704
514361553
744232402
554450763
968940373
340564854
62568418
283376192
832347357
635094923
277676314
547332433
277789783
762993315
409637299
662072867
158980879
409023771
130065960
406791250
450336392
497629143
948281947
32829481
281065020
381509577
826204827
144689707
149498389
25184744
895228020
467145842
938137818
536669885
754175569
982745617
947400369
119456669
211078022
470602406
582839634
296556958
423101008
534608273
210325710
968825215
330291091
253426265
646658660
129484711
867509460
173033222
199204285
359321295
950500887
901698588
111031109
910541362
11934021
210068659
138969857
715444134
258148401
386815063
256902521
778283437
888372469
13739641
702213497
145731425
123967988
782223099
149086396
971097011
380646802
204687431
814073264
696487454
284191686
927842069
289225333
470485538
637420192
480076993
739051537
206534101
625445522
13540105
361163874
737011121
120114722
367186241
714334656
156744632
232145327
751176054
803652515
723122376
774314213
804228394
658298922
194102337
17927575
557630586
79084627
296352769
790886598
44294227
961191031
114951022
585719788
169092621
924805105
506484467
895547687
475918105
619613242
676389501
536087379
831115289
68873315
677625010
70615639
110489073
378279235
362856553
421456045
953069251
738184602
599521289
391616702
591577252
80444010
846657843
385241541
450224713
803151953
383306123
570247363
14739849
968162153
565485370
436966977
334886758
407212183
801092716
225445000
567058237
830745564
449827843
196222700
772496284
152829158
663810245
280696259
628472687
67474950
66702117
401360561
123283460
273201006
170565342
726180305
708154435
192519486
560354313
680048602
8680782
8788758
716302362
833985733
555860413
322175321
326140696
715292588
779808076
915011855
5410083
446131178
414536547
977731983
954827613
282211511
588275644
107698268
87118948
23036673
203745721
918695647
27397869
841467752
813014917
14946441
357107296
256316143
321566555
804127032
818771774
553875772
373361832
77951450
68345960
247653716
875485798
406234695
669701603
77528026
791202474
445675085
555317138
448649384
820438298
746595221
86743219
743399058
835583779
32876976
581523771
501481864
608054245
291761221
165108680
121388390
911848374
171270221
634191544
282121853
896711193
456966117
800677271
951610251
623487044
465502374
35833096
165115844
828799272
237394091
663257959
769045049
476873664
178751782
131828425
789295848
43664462
199165688
731882195
381643816
616867579
624718047
751217095
196230173
474330507
724822622
154506850
787944604
858217069
93743306
689772881
130448942
607413944
258148401
548055155
782387192
290673137
325421537
378279235
627532274
683784263
90070026
285573286
628902136
143787201
411176138
394450642
543487513
557102408
280352062
779006201
470388580
691245393
666340157
959925445
189423350
285483448
128726072
452219138
715444134
483594379
228933512
757075172
747956458
752120145
69735182
528632311
325354650
420600253
897991281
460301744
778387739
342228684
790044685
955568100
785430922
284472082
677372851
652042320
376726580
568957777
522276337
201210378
722757629
439724169
509987589
32111729
539572006
761758867
986296953
693912371
147272696
560982410
397096385
101995411
237574674
775221881
565809834
948592810
206489943
979078910
908399308
25829189
730682225
990468687
693428218
295606314
580082675
863988913
707193114
43865422
290595759
947697017
538287536
498888926
70710137
832599995
278970402
402405329
134402944
595350002
359470740
516567993
173858909
923958073
34722859
538908170
285587256
442129621
652403386
405447865
423435106
892146064
151170212
536232890
530505894
860663889
974734188
365879160
788291236
212462157
57898060
576378440
15763815
94506178
642405192
434529794
70644663
244596592
206345684
749169205
627225666
359211939
85115456
196343459
425630017
797258167
41617357
281068508
423327899
536669885
885666885
637203482
505120673
500667683
636900576
437452785
960270061
911959747
633312137
158941282
563052349
178470938
721485749
924181058
815054318
311733836
62216526
744082334
960918825
135669578
864006467
879151512
340184046
645959038
409914957
852976671
307614685
483576144
412916187
579426335
695806297
666281793
203556810
832879055
258116939
723404481
957060929
656836401
614322887
791290228
473585605
923515575
308698111
625753692
953911765
434723190
115058652
866434205
228630872
349660193
904118109
187464728
339511306
27332580
218112505
774119233
894218455
750614077
784770664
406917858
502530286
389783851
191180819
560943210
722068647
316075914
508791177
604887468
158352346
191271558
965657208
372418699
633077742
789736919
628261037
277779083
877282004
590189955
399575259
423369379
969033211
958959495
405052795
706808440
3164436
419252171
79576545
947826150
211124209
169769995
759346896
888107230
328311630
438163503
158117855
286122899
428116807
314664213
420865293
653523574
315653692
154591993
841215000
554095704
471348252
635449260
282545724
793423515
853305370
420880332
317438258
209602459
942291369
239413832
168978428
736008792
158897588
828721541
781648347
269606091
230691366
25165352
623487044
564112012
598633788
834685976
232403417
889378239
661545893
372993879
769839446
47174018
771191606
199520975
355819921
462613376
469181979
167986465
654340442
970134787
437315091
591603731
478445700
995144772
895627550
817479778
413370738
387368827
797750854
156161596
321013362
882229658
888025780
119456669
503085412
444946531
314423625
944531932
28352081
242396694
420386661
745423763
478117697
460883849
65266717
533429979
558079828
695560889
51585919
287483456
159823719
806877554
693472206
210677921
931710075
725310646
597325175
844721085
292305429
345910790
953224773
799386692
129471704
957060929
350216581
659943194
895710887
436910345
302768730
585066650
990462298
773464423
930871198
423949961
934773785
486434320
501596516
155570078
673225689
111451794
18422333
445872212
253047232
100072892
759078808
365722862
646638181
697709229
734265210
586644106
132746199
284247682
603263138
29193351
913057045
656836401
405052795
915011855
455005258
864639941
138950905
41381272
378223305
125347883
903422750
135753569
868505902
445975557
171960922
59305544
873265144
87683109
43980257
715444134
90223457
250881253
721180465
135897267
627710135
720993936
563367185
893124936
483677777
879961198
641605012
389294271
169772911
177313028
515318548
448524844
710839048
786307313
747746060
616302158
52983899
658811808
463108797
296919181
843448701
22855315
643862297
503031009
728430145
357914988
776209628
11205355
886040532
92589087
868702216
562516429
83762750
528632311
772553885
679762568
759106567
879861677
569245966
238012231
41205017
263687037
331285131
688584914
554374567
37167178
337955795
793736745
754097948
533923652
61407221
760496884
108615936
420386661
212805271
331545169
709041441
626183783
18902154
256881987
737437101
848086928
620604806
24856449
493579258
794351562
694282427
649580298
400765206
391095265
55974866
711976849
951939757
358932036
721549883
831347828
506331171
867209333
646658660
282211511
438406872
406911369
316866768
811710495
143303978
693906195
102785896
710661672
63975020
485481676
888372469
831045576
745571337
457874990
846682936
379752220
625701946
570700171
359841892
600169283
347507207
291818436
726874741
180419448
795722248
997989283
703511636
148540461
811710495
690309993
759575862
205339387
782387192
219626634
688680414
237481517
502866229
636754268
22023934
345354110
681851957
277893208
208743320
522454009
891340802
804015376
4040346
726029728
758285692
579845482
180734173
307284393
722203628
696759235
474731098
977975956
6672761
65815925
883081209
775610880
672608673
407442234
524241838
762975298
308622447
404294848
94432472
205980415
106607616
147217653
519255604
430954089
624806939
173052562
65149524
113867846
793423515
45204309
819531200
713778498
133712035
154157434
814475527
573360872
759914845
633218084
988060478
929598530
583535817
444256152
824551405
176256020
815795843
116137260
368158421
877252532
13758226
622183237
46939227
604887468
214242797
906494599
791456260
17927575
678358285
822247651
863324625
321566555
429934423
130171305
756304603
844442112
133333164
242357470
874387439
605743858
51320251
920805091
770886361
516343837
538024683
73137760
434529794
879848501
876928173
203824234
549610192
528039855
572302796
193363946
911167834
433971515
240758781
815915220
766029764
241524794
530131998
623571104
171592997
297993193
209956472
257017391
669261743
902214766
977535098
642517441
288052223
505120673
578010939
34010140
809914864
996380382
39339968
797447160
421833572
50688907
504718188
209587053
58792913
21536251
234692701
749233030
312434081
233454004
688187426
821366632
80169608
733674007
214090600
593339079
973423879
81832668
60271564
818689924
736038102
376726580
63507529
209730165
715452729
932210516
27110497
438881178
598107518
744085418
68340374
612885014
64465273
588275644
704809749
376466408
309258306
955734147
936525597
572183893
811029956
628844676
507581511
962754214
960918825
237663918
744061469
607167544
889240627
485119015
794351562
579367041
780980698
319381018
872346613
326624653
430699470
557819381
822736007
192580424
506598018
322308757
194780752
383866562
911159335
801701823
303315144
636298690
894453665
248179368
553267066
981734215
421430363
794153744
664564912
755229786
232067236
838332609
695585796
357107296
488385881
459569476
783635120
757217362
285483448
111009182
833787468
186509568
944225750
804535614
785916228
81593443
587334550
72608583
4638316
482988898
561641954
276405780
75879289
419204195
319466598
339854469
520054645
624022944
595538693
557017646
670766977
673225689
767658766
930303896
812872715
929204480
245041067
226849220
637781688
112576545
821075526
384391912
464729404
228116020
779321812
371087560
345455120
264406058
920613963
213076115
556898210
367186241
376015645
97058648
79705478
336645097
445150573
352151070
714077501
379752220
740041183
772612521
558863911
108604929
163917378
308698111
212226659
406834261
901497245
987575605
271055128
576081235
34971391
865310868
493116517
881639912
247653716
777118881
892667570
551386604
838375466
662126922
771995833
245897415
332366835
186509568
776280955
49862183
616887089
806540379
338336874
787590155
807914949
454231553
853007726
567029820
655505525
425518936
662338497
986557256
972183641
408577314
137540974
983458924
660576780
329903842
619596731
303382295
482597010
947522412
804228394
629375047
469363036
80593061
49826547
731330577
683062536
871723404
468977072
902214766
238282851
760496884
362814672
575378495
579494680
523549275
607449595
459977532
969471942
932325725
449475633
163312800
849125668
179548612
144397973
245940394
594384193
251620630
129604158
792152812
304621665
191830297
993058290
308698111
293716251
203399709
972183641
911890592
655183982
305129269
30213603
383863733
87913398
192757280
77245469
200348591
564663699
581036430
318766519
23600292
963534756
443902371
750807012
295148677
803383767
419252171
599596790
528386506
916720344
799991320
980678947
583412606
121679347
84775103
216441294
720027484
341589577
77245746
87985370
986557256
316786204
941765666
660576780
253426265
566866785
729054285
410469496
267326822
283470176
120460527
847781606
194523218
209665640
504708046
47298969
218967080
808876867
694126108
929585744
974284139
830327917
171960922
745520758
231212857
140058386
718740880
555625693
343166657
868840112
985964875
258869198
99172781
949551682
10049885
851219126
863885391
491338802
403480690
595149573
267828321
145334563
979402237
891796202
276989195
615937387
359810094
843219423
205924430
891796202
576081235
646257509
259867438
237437628
462788955
658036764
649960093
150991457
231337507
430168137
607413944
660582131
375530189
550767044
347169672
170834881
35579439
778984612
328052087
637314287
504081445
157032338
477431904
968940373
762601580
385751546
532625878
500795153
648484056
545101580
717676939
226548672
543824497
156222262
358187017
692542689
745412395
93303086
586664300
503303214
572412243
470602406
148994652
928743914
758280873
900808202
89386254
526169726
595350002
330174330
901698588
512519756
133975550
826280652
744658803
420416388
763124659
338082802
79084627
705289027
899926048
401360561
529807898
677444692
873337766
461882402
260151084
979402237
743402517
105924729
141208491
252021154
408570918
177363445
280192295
111655762
642517441
662072867
47553524
151773165
464150094
894114221
341472233
495634097
798066737
450700007
206882735
386534860
619993897
850159498
564893021
142549553
236551180
556654377
159364446
341589577
560800735
591012671
19101459
718089972
440824550
880164940
912268686
868621330
516219213
529754814
720678447
12939443
59204384
64452659
868562399
606419749
406110907
76393926
202272319
979601905
412916187
222143174
366644528
402335855
119704590
392518442
283156046
863426615
919007560
314974270
591756061
101568816
703062244
306615312
546355503
154360345
785788894
387808183
650245066
50801175
851897528
427240703
506276179
168754280
565698933
179119160
265018927
178226533
409008893
98215873
907872128
492701811
82214603
372891698
133424844
376298588
376921488
212805271
870118574
8680782
425149753
154157434
661606572
962977244
562013147
659321655
766647374
663966201
146947391
542368801
262655786
61804381
951848829
473711525
99076172
233747151
102227209
904349996
74411828
832879055
916313564
678767534
557630586
192519486
105276595
952431585
947128627
717676636
976258938
798167689
232681000
934948707
63975020
668871125
239783055
628706818
508923702
207495332
925212534
669535085
534310219
894491700
191852113
211675993
33255329
455028184
19510006
556594158
238833347
28803398
533741479
652947908
683455914
626620513
918769406
682502888
518203930
423032232
556372878
57375773
36348918
370089076
49862183
904966035
334266665
137160567
155292544
369623168
162808479
661081878
570700171
115631237
779969899
90777240
248726666
913425236
435556356
889265488
697153231
665130597
545076906
797800053
583995345
573826703
201743848
359124619
268383468
140570604
398071889
996333046
89294580
726360024
721298444
712076470
943302935
635041884
549068766
598695764
132971005
249569837
254418954
37734523
35054425
426283581
957185995
213384062
303355200
97200246
389080559
250366661
821535422
894605025
618163503
449475633
410008408
525343451
663825212
191456914
213076115
396415386
18141982
581523771
378152064
694583636
781815199
153312148
775610880
815795843
127471235
228891975
669860473
145796849
648428377
659406829
322503285
601174753
329443191
360170062
324594235
953697694
211231008
863559688
874064217
104666782
142294562
196164604
388585658
115838958
523083111
334016467
816444610
229471701
252288249
754556402
275088050
814218850
637952570
451962674
263680951
140569529
916952074
746798522
659798409
228934121
522830640
24661301
966947982
116930232
162016318
952044849
953795785
404440517
815681714
217445848
285867831
593339079
154506850
952329520
650376300
526984715
901938521
948592810
632190200
748441128
841512596
162016318
483098359
358031923
850508478
742695936
555798704
30126946
305167620
150198632
1793686
395431239
280574729
312203487
607873269
889812248
621557694
666183683
776119597
228934121
649875337
17174712
953928395
100528010
725469740
505815003
720084561
23296761
492258785
119557907
532446175
674445562
313034018
464321405
600026313
765059854
105408505
385165455
830636327
639588105
30768178
553858093
654384983
583766509
297435207
669860473
11677755
685888530
460051644
968146714
96546828
410654626
966252515
607492984
62845467
405139633
218058365
982004353
175663364
581897577
876022434
398982563
464321405
190576181
157032338
719033363
321472769
668744067
951848829
886542356
477104782
234950324
128371877
761818401
958959495
938264385
616162671
516219213
603840253
337672112
463492621
790964963
147217653
965823548
321971549
108604929
581897577
530595511
981734215
288166938
776693970
577908423
701179998
798510564
999223689
269762837
920741322
276982709
373004074
108265477
689687468
564510807
451329168
283156046
817838563
648401335
345837782
249569837
630780135
326475473
619993897
761960827
283339108
338670883
111906037
329903842
749289934
305314796
159219145
850307063
775599271
346910079
942291369
949160278
519887802
270721648
561017054
4412437
640457212
566702667
299317256
889265488
111688982
215558081
31423772
331545169
319556195
125738785
326715296
889991577
283021144
89637100
975451373
947522412
772215878
128726072
604097665
779513158
319887797
325997401
286560058
499172736
776299791
557819381
801809095
722874925
586644106
334893956
923126228
237997724
245940394
995282547
702062579
738235862
333458765
945170825
423641674
663718941
232177743
798916772
629986264
546756904
198178635
117368313
39815251
622387670
824551405
715706184
40375776
783234411
827551257
260812021
685328719
484867509
973162492
820258335
732443220
780223839
251620630
4230302
886564663
715942845
50673488
55919578
265018927
988972490
296776713
907370867
508589621
582039083
30650666
663884293
635041884
444999641
486496828
542252903
8811050
389882914
185891770
525727162
357714452
982444598
690309993
211006252
80509722
416339879
968825215
404294848
443959744
248379799
621664400
91799946
935640479
805044618
306804116
82340232
857491248
262367250
600223941
784770664
612859145
238988004
995169476
268141034
170731051
421525209
65536394
949873044
891799305
262367250
454241732
573360872
389272921
391502914
589898774
835529433
250917708
518646442
71996876
202899114
431752154
72229013
598430703
789962354
648187552
109448086
218058365
84672031
51116614
148253038
763522217
234908740
506320913
11772470
850414676
303937643
457960256
954035851
207493606
382433902
862549180
901625790
620122403
635716167
618444135
169127060
65289143
457569646
597733033
292936826
408879135
648536343
503785884
293943795
37613247
411391320
396238456
36603701
448052142
249412414
447075973
404182488
909401360
270747900
765417566
84782927
63833071
975382233
237663918
924547630
23135553
263838961
54195702
713129947
319833853
542879564
29856625
308346670
761153868
926858581
434149555
568367337
291818436
774314213
149565807
263744951
352720160
124556636
940829451
90915719
951207052
168800182
406946095
285483448
189403201
379197108
200296763
657102431
610310368
380163580
361914115
308149996
378774343
473681160
231637137
75427173
403720166
217093004
191667310
819546914
880150348
654967440
663947404
352077775
831997553
894605025
687447186
538317457
844306987
442295707
485372641
447787931
57002439
202979793
332832923
77864334
669473349
63244054
419268312
799551525
271729904
718861759
99754576
641282961
154065522
475918105
502929923
193026955
500006968
474061082
90765021
418939931
437763893
244626927
155703226
514234975
853206593
746181934
205846935
237394091
659744327
252857188
996880549
180856346
440315190
79279720
391409639
389773864
426215518
280872036
906264506
978479743
649580298
788058914
522276337
613320018
552046733
228634966
444946531
650374630
407096510
446033840
847781606
569134225
967885014
282831013
717212848
489083172
894337386
455399639
853451739
416576779
216984711
681871556
898254997
468746919
662706646
519680468
818618589
670766977
596943999
398082228
896648050
31836156
591012671
465822345
119757387
250455444
269665543
628724203
918533826
606693678
343758486
822391036
598841756
850871739
108483536
299314732
769103746
500743461
937959886
432002751
117729166
737255867
737927426
496320513
512394132
171855842
373927570
655183982
449827843
82246636
618163503
502126108
233951493
619613242
550407468
113643958
228116020
152486537
929569505
181453282
149565807
18145577
236826562
925961013
105327335
40375776
313058413
643367520
26417515
209665640
63577980
544802202
34869854
263838961
838236084
14403337
898973792
802971708
459933163
61346605
856785178
728468806
674445562
388482098
510189480
695482471
904710910
801546198
123283460
358309475
938455612
570729589
408552553
330063030
209730165
443959744
546777756
57698939
407097958
25014540
715631683
838029667
87938571
481477591
730682225
473959105
812434689
524580211
699231948
901392046
790391514
588275644
534117810
69735182
563535937
219453575
864536613
476873664
14440714
249131556
684743373
533906069
749233030
339743454
80846218
600320052
306091860
715444134
317332420
804665942
47080221
125261262
19768184
215399745
254141285
216441294
699221391
326475473
525505757
305585220
76450992
321787531
963205057
5999464
733674007
633792132
892472518
942150441
922977796
142846422
234362281
131896502
245526225
202091374
965584356
420843971
888736070
335926832
558545484
154401549
521442202
138619584
520007551
609348691
247367604
910747037
569245966
836699690
8081418
228554749
732956443
740025514
745723499
353894594
934310215
405139633
287375904
78486472
6672761
708020853
210325710
846682936
731882195
951610251
515094577
693594831
91707167
654635153
77948572
314531620
500617507
336062368
818531976
255079599
618975283
478607383
519727017
103157073
443526938
426215518
573483669
186524245
741226116
769088620
457569646
486434320
552969474
329723366
637398534
374595921
806784404
34959911
492400203
513221481
91565356
40587298
641742073
174864484
153175365
17222458
470528085
324024835
394794609
421508935
97755206
854626252
400765206
830614020
137271810
308767316
238833347
177550812
554095704
835227726
566978875
771268471
508791177
270802609
490714327
784770664
701308132
797737175
784613414
909401360
720993936
2605745
31878390
133967434
378548147
336645097
767228327
187133922
864006467
338900126
844746759
339854469
45687553
490813268
87985370
536127792
434609318
972769953
126354235
203126895
109653890
783766771
698336394
204826379
377718775
956008558
921810081
920827549
300969615
9597352
956323876
688439083
951979967
37656930
717407534
760496884
79003724
836358682
80547942
683567913
132313175
313946525
907786675
977949004
719119076
378337971
140258049
680376549
875331566
336062368
297516912
313032279
525343451
706246965
573081078
256705812
727554047
522858614
27883943
910339838
165087510
817838563
564875406
344866473
171855842
484961274
658003336
9675443
490340981
286620159
416260910
192757280
425598241
471834135
477611496
979028404
221146296
415718741
202608542
263389673
69735182
23442492
372487821
253192622
723827757
350216581
362907364
641990437
405715406
828044866
28352081
587600009
282211511
177280892
273115731
727522928
440037317
729563223
976155778
358431666
377939218
508680189
60982181
348120818
546561763
572412243
310771677
827266650
480457794
70704687
442129621
33667993
315413359
465667206
132582877
55735045
626162835
426072319
522985893
660544019
844034340
430168739
887252210
214267218
143476650
721177402
596849636
532899967
596721850
297554585
256881987
777560906
708576518
433418763
24651312
585812329
233454004
119456669
623064389
446033840
665274710
912202299
181879602
695610914
356552320
582759674
452005026
529128189
655366461
720219993
15589220
485523659
940191909
986975786
445605705
635722372
109168353
79279720
710411609
332832923
869665378
734803296
849590073
957529644
439125609
153565489
724510242
821535422
347123388
614113600
744085418
769138979
880150348
12464974
746893183
701005728
443959744
892567946
124556636
175663364
214434234
904987545
955519631
526110145
70710137
228221455
862617031
617775739
911143712
279611250
366101588
621557694
229128210
790201642
328311630
509579966
329741391
469621957
237119777
66741143
215753797
733394435
305761935
875485798
366551644
658462224
571279960
936956703
919560343
621095721
352976913
288164879
868505902
62556812
834906345
694583636
997681941
694414907
184786961
551566437
86489478
858605103
744549376
248519373
108259227
67056843
992253854
385165455
995180406
109732663
347507207
279469757
4638316
893414254
536265327
504260749
595566440
632615365
263680951
487725101
511508064
109416677
225882419
353591705
173052562
257037178
724107561
507862815
939511162
100809868
682285274
570729589
179064140
784333207
307100157
894958311
228221455
671603191
385633984
422633423
844833672
483236638
785311765
116314570
875961480
72608583
245080359
248073818
7719420
823778633
783558971
691245393
758369438
634247130
435556356
856036383
768041082
370241685
55903316
913710130
279469757
673163214
785050510
260967502
394235659
678229497
525032535
647680871
765023563
271055128
753256688
419436709
623239286
34971391
222180456
90223457
116399258
490962483
209555132
991897206
340184046
968825215
405293662
66527084
576405908
602207509
916996892
488327527
244202448
351593591
185431120
263680951
410008408
265650120
607873269
286717063
970652599
102227209
24651312
195908066
965869399
263915950
727233070
612663770
929823408
388895790
697066680
738235862
826814082
694910831
262206100
718740880
522521377
699228368
450140340
510189480
407321197
151620600
691707271
491285127
217548289
554614015
669403916
323748280
895617049
565122037
580464108
840783294
801918224
977051851
710029830
554450763
606275537
758725129
777755743
726527483
804858158
994609309
803907704
658401101
586174725
640159457
24337175
270802609
120460527
336643725
638503260
760496884
340972333
65266717
546355503
489429398
192580424
459261048
797080942
117729166
827510324
776859014
259957686
512442358
95210427
111862796
613698743
807353708
623977397
668829080
60943380
405516331
259231286
829388152
324830384
558219790
155018545
611652309
175552276
663884293
699841239
961556571
634191544
842956752
675873378
607100231
456561278
982903530
170834881
105832843
343821384
553505499
529210203
105327335
566702667
409572779
263744951
759078808
159823719
913509967
761488632
609398880
862701712
960414408
767015302
188699147
919756552
635581316
774119233
108875143
190165531
482511600
490813268
805277684
325354650
69735182
881897328
900850727
272444730
278903575
237409313
708501993
663947404
249281688
285352989
880531828
158352346
186328979
230167339
710411609
409273800
430888025
960414408
309640582
353006925
594732179
801800006
911159335
727465690
35704666
921296553
234475144
885235051
248116342
114562679
34705830
501896673
310771677
594196989
316274230
195167796
51553340
541721508
422980579
967747310
145346538
86548244
962251023
125347883
769302000
835529433
582039083
321971549
303382295
912202299
124556636
255838015
201743848
138626268
818179802
683784263
908924978
693706361
18207143
352044516
145374043
861431763
8811050
973864051
405293662
32018899
218421486
871792950
468662447
6672761
773850240
878538201
973423879
391782422
391076263
777206784
14169395
848905854
736108740
722492234
642220099
692588482
294343834
865735204
116005192
567244077
418511519
192836817
347169672
135025535
819044878
974968550
503119842
428268831
112808236
656294948
558368881
626162835
151871238
812549056
302473921
207953748
13114106
722791038
553320679
263180550
6250862
170773572
615913615
84646264
501896673
75437575
474061082
256377800
9915709
832932828
214090600
961556571
162026172
375190306
770075708
475553791
964223471
638324623
147393057
978154870
473704949
96561400
103157073
289019125
961688514
318961738
754097948
524241838
175876675
888550664
742119221
351222436
867287675
394025727
442508764
54313951
85363120
709705555
913439445
696651157
346110836
823419342
474226093
431633093
422049425
220253581
469408944
714398689
534117810
117916311
259770507
946316361
914159752
409023771
669767402
538796119
923752246
303222571
316016581
647183718
399215316
897749776
671409848
785895914
926091600
665492344
93743306
795587465
106842386
881324541
325727591
230730669
240451756
444946531
793358867
661085796
576605693
341798779
359470740
706389522
903386106
857966867
440370234
882974952
928395181
141106726
605743858
409676720
602308631
834192250
132298053
729355363
138428688
443798741
906840084
343821384
419162669
442900825
286467784
345778113
587253460
517072861
576226736
807698975
533429979
587253460
560187336
528305126
835311125
4412437
91794409
88420468
724268692
88555258
262647216
976695838
907080431
589898774
525016795
55601870
924181058
425409707
673533489
420896661
78173414
507208649
246540551
718861759
83011153
919797744
115500278
315156665
471387654
622019247
931894225
945238213
240451756
430521257
817327962
44120058
372939668
864020752
903763103
770075708
226867765
508861359
630958615
48951555
358932036
784550392
932358194
330174330
591012671
942949354
592927207
583995345
639486615
898145075
123822811
429298054
483148417
789130721
780889406
98022144
653386106
533997811
456851973
161321653
985964875
971320659
17191679
903386106
227517324
576270568
425064418
436908836
923156984
588891567
970898062
459359389
635803906
708628168
84782927
949598982
309386911
995147190
753649921
573805296
192757280
397719814
822277021
134450594
380268739
282922603
437368785
194523218
907874087
694051251
681114619
374345018
88228982
281369776
113750742
651552420
414654970
152075468
471384001
311693708
947044361
805433494
382005293
130321019
548265134
253933089
380726617
283430723
22023934
933491780
255696529
637797285
409130578
950500887
941855469
910307408
408336261
793358867
406598707
307920135
157773409
956606102
955605244
101755632
919080585
60402993
914277377
694126108
358596576
908173467
572200005
635274425
31412724
262206100
525175357
504388919
149346844
485119015
290012762
246372255
237119777
423641674
181748465
959925445
119704590
257163164
404016306
281065020
670294138
673939235
867343455
435601943
587235304
653304058
604209439
663884293
349748887
302858192
523436974
852321396
533741479
762622464
634799985
2290347
263744951
632376931
356111223
645132807
404895487
519546202
278142208
744918455
389783851
950049310
834368698
611367688
976695838
217548289
391268802
308749400
170612544
416755220
62933509
102980158
533469515
318961738
613792703
912632782
476302112
618909161
619909783
652049071
572159156
388401245
339840736
920632368
371706789
995967382
167986465
274306241
135025298
47877237
549000135
546015934
470602406
981002312
175272822
232525949
775610880
925961013
483098359
522276337
447395377
289773016
69123759
519546202
741111036
895717565
278974405
867308096
21863244
229577484
911874842
478390451
293039803
302473921
236551180
746806575
123822811
644319599
105327335
607680273
300891810
208716879
115500278
260365855
464147546
564549683
619463456
727177525
906508019
892347446
441934167
664539679
655425605
731966109
664902898
4431130
143531558
715942817
790391514
955940364
172627052
126676573
233211653
714371303
964014791
242024199
114334253
953118165
911959747
243653681
184393877
330291091
98348834
820431543
142866944
73745933
221634301
138950905
153171632
634862236
905072982
740041183
284163953
270567576
421258295
367186241
445605705
381643816
472834158
459377027
841533805
522308594
511573716
880164940
910454729
194523218
560354313
331924463
997264495
728690609
80452751
862368278
296764671
687273284
793126862
678643656
947826150
847781606
687273284
635041884
545503430
791058273
565039639
753721996
610287448
828721541
590620510
274115136
613386261
486771935
894114221
483014426
34869854
890082039
486491556
994128624
732454669
830783673
900051609
882751496
486496828
598975903
459213270
719227813
345859360
754588710
379751420
53649366
461674085
983266393
382005293
835529433
260967502
191852113
95764339
724239181
417093511
558669488
519887802
315288
633423272
270330437
994947308
304279517
157448077
410666916
716879192
660896220
660896220
186388344
357128205
998021565
384133827
185862494
923515575
296919181
134205731
291331369
950747411
376937700
939511162
337464425
774455000
128526986
749042187
334686931
308604785
800301930
722375708
670943040
643367520
847323458
497523576
973071978
848527258
151994552
170188174
478390451
325421537
170078340
222063027
594929221
607019213
931513330
957321028
331388992
889168058
567555081
207217386
70430087
613320018
554614015
989932615
322175321
254131106
293716251
290673137
86743219
162086778
756304603
74349847
864215640
838967012
977949004
605866970
546764332
118486553
270670265
204747794
713910543
80612310
692792998
681535330
832932828
285043856
687273284
104592372
797906353
888372469
634247130
330063030
537927853
668829080
834668152
692112897
667634095
740493669
981002312
773265928
694583636
964063328
318623924
226819105
765105234
728468806
129875968
830016916
965545687
119598010
478397354
423641674
139859422
509237677
46939227
808876867
465110608
225668762
769521494
83212504
720622366
827551257
7351562
92882746
304348227
443902371
47174018
409006444
205977809
648428377
173033222
361743198
106842386
231969856
666000367
654132257
178431347
155431963
847435643
159072948
365231964
896556353
201210378
979028404
265359512
811523149
644493932
286789313
175904115
557589359
861607611
827508360
945170825
74846643
84029187
769238313
723122376
975232661
607971061
27332580
723827757
703505359
959038303
393942633
920851210
290022859
747620088
706075026
81924100
310272715
314531620
325679444
703648430
484961274
803390123
964223471
821793664
356897827
532581537
111625950
651202717
764633922
860284350
646509800
963611944
91565356
715452729
223622303
308622447
655855648
89766583
302557289
613562720
89766583
356111223
291761221
672611934
693203388
977119067
180838792
704096206
501896673
27127022
482449184
592691705
659798409
486577227
929342491
801809095
339977320
544321751
498895784
37687867
463108797
756502738
130448942
467693798
702842777
207694921
715371469
702102436
466526596
146211416
708446941
536265327
691358881
300832801
992206891
381551379
34405364
76383024
980761415
947128207
498472694
288321156
34964553
424569240
73257842
390314019
83039393
389104450
612940683
140605568
321520261
970764249
990348327
669138121
441815323
591502566
509237677
157004066
791144648
693428218
158508144
946649471
604025055
194573163
805577693
14052656
737255867
805044618
141398616
940379827
663718941
993650013
119523864
724441135
467046539
168132424
100809868
701448903
341725496
303943127
121829178
925961013
703505359
48155906
129463422
932231271
907701084
426425073
863339882
940524170
599973234
410002907
422857411
863837856
402575149
177008349
446401604
294591613
89957278
945170825
857864425
262795727
664521736
741226116
977096543
768986809
500888184
455235135
238710759
425064418
752271715
2605745
957869386
406791250
511396851
400765206
992513315
252242387
520434373
100163657
303165286
214016665
21299067
904710910
777006509
215028456
116184108
784176284
8086785
268716183
513731807
60271564
35579439
322563773
336587162
37044270
671543225
62556812
152411510
531073245
672911755
833787468
452832235
423282789
25165352
688377756
661390047
169524299
19768184
834125365
11961189
460431
805877753
544757735
863324625
248519373
801906097
451795927
872355060
821637087
224030793
376884942
804858158
615025090
444435707
704817133
665492344
47744185
710108626
698674028
920223604
781052751
646083245
751176054
37687867
402055718
220773290
844721085
843108769
924805105
312740783
26581709
679762568
67380810
603840253
119968327
913620457
389784312
476263968
398222247
970121537
135008892
468154796
42006257
593834022
986296953
293271303
784613414
148497730
988629841
626162835
959318546
359922514
983867178
466815860
305877887
727827129
525966281
726625524
903463292
8086785
843219423
6073700
900055374
521013259
334886758
764073409
683455914
858676872
258333701
47174018
208993523
314573390
232631138
352720160
115166728
254249135
620192177
720266154
715942817
822227112
48934204
349044587
975346347
211240618
843452629
205644761
356679778
889543413
562013147
705060728
687142165
551683123
144497494
449940153
565034630
624718047
7309799
506276179
194654754
27579099
174325758
449827843
716677247
644822243
194654754
883241739
50997537
672369175
990060936
464071959
834368698
376379505
236961754
546010525
316272203
864536613
911629375
493543212
765417566
942949354
28893453
361793909
659081272
434587454
468306346
373361832
486998720
251878288
484509783
427211251
297405033
773464423
333275177
642660210
366551644
784015020
717212848
968624867
805277684
82396256
88228982
783635120
48155906
615422853
158897588
458060026
359418784
465978202
911008915
297076703
329741391
289525175
517072861
80444010
134465249
295445826
638165543
699784192
207163704
913509967
128515194
829020288
982385129
277873377
485070707
794099451
440660944
520054645
672624232
243959364
494340116
322757460
558219790
544798669
91300064
567623790
758285692
841300312
151760691
374413385
376152187
569202896
720705432
96619459
349954075
685004770
250455444
910454729
842395400
345786710
968943927
997246113
624715642
334995725
942637891
491718389
881124364
263361303
941717029
925743089
538073159
213618235
528015219
258919078
657731857
619746322
237615541
676533445
296919181
592415857
826896397
376884942
746806575
942421547
534794857
29208104
66928658
703108632
618197769
74428868
422980579
871723404
894459705
923095607
260330435
13114106
793358867
254976339
656371787
28130048
288164879
540357478
80841032
33672845
879195596
425687873
120932485
861607611
848614116
650245066
950786376
998993406
575388364
222180456
287461374
480680885
540439902
741586687
652955376
932325725
662354422
223804085
902017698
660544019
840167718
960019560
270211601
401190626
220227144
464147546
88042821
562242006
257120573
699841239
884035998
881180920
836358682
11669813
698952599
450706721
644493932
613792703
123729649
145346538
276333459
470580398
449592107
491773001
773398212
549650606
569685628
652325858
405052795
47146979
31878390
476045057
555600107
276431660
797242858
656723121
966884953
381643816
924368311
868270296
379197108
420173084
994178381
502530286
95210427
30768178
193421986
940207038
459569476
836957500
424935130
635320429
539350067
273115731
322567061
413427208
510710368
181037008
196513694
820466001
873265144
135494567
403037774
205644761
658401101
597325175
799487057
990413520
34959911
78984890
359574693
208743320
783209168
320293629
394249616
673545015
574911725
669665053
148914437
130321019
630307638
130358088
820908195
959201402
119136706
715090002
883614289
737011121
402423797
811046380
779513158
170096456
782768657
420843971
591550474
685328719
359790416
68558242
768790846
734986597
559104056
802688885
313045261
225102506
210034847
960110915
674544848
223857151
371739368
464910401
588090447
973962079
781052751
260772954
388094438
494177788
953928395
965148988
282708519
759706564
518754830
39307529
695536250
684065788
184178275
310470411
591526474
404840439
369422309
959170171
779208557
977297002
496195064
597152751
868505902
883081209
875485798
452748540
788170638
357107296
552969474
753774548
866489247
442129621
93841948
574746536
219769578
468977072
546764332
121388390
364069402
612940683
400523387
784724345
460904943
407442234
501487212
589425681
965664869
727827129
12992422
923068046
506448852
925522538
615025090
153203752
798828660
814377661
569202896
623571104
520382345
522830640
273939031
231212857
620744798
767658766
205339897
721612634
769617969
367854087
695585796
806969634
700163024
502715796
904987545
474616700
64308816
612903250
525016795
479149898
407966510
506302133
326428007
11327679
578767569
968618180
662126922
524434661
740217180
838596033
197369739
205980415
34869854
738145064
927842069
699561472
89961399
639126038
162736197
464998469
200820156
863601309
333446748
615633140
630780135
271840456
215868717
587235304
214114988
160980656
387184357
907224960
726167469
464411090
147577657
472346618
661846510
106844534
546010525
99219863
123822811
139086705
815915220
640159457
32960741
566419338
869832479
664482141
179075964
427262721
916940671
86414526
22564990
902630065
498472694
433183513
724268692
162736197
829337082
368477084
697709229
374637270
10811343
735090658
376735162
762622464
152167966
891043667
593339079
678516201
165817268
157248020
142399292
128266095
657421431
50475131
231212857
703609264
773464423
538293773
769138979
653233575
688597695
699408336
401688661
308117997
754652761
858605103
844746759
560517559
481334670
33252172
488103180
56752175
442819035
144126116
68558242
267989551
548721261
301122247
421668172
847253162
404446141
216894839
234618376
911159335
326624653
356721231
266371855
387677033
834314873
410466122
652934309
472932565
37734523
14788457
862549180
537577289
144619977
232525949
729622564
519680468
450666038
494785645
587235304
594938498
139767391
38387690
128515194
390801169
556494597
678516201
717652904
294591613
950640500
340881026
919708209
258406002
501624442
221408190
99698016
386961567
561842893
149674587
419356465
157032338
434529794
270644914
772514883
365999218
319874164
207241402
169883614
498579197
467145842
68558242
982555584
338110499
843566663
322567061
153324022
621664400
575078445
290595759
329860132
99933244
874064217
565386781
197878886
602875369
728468806
166643578
820722983
586644106
174864484
99933244
676074296
563052349
483098359
773975695
876022434
291007133
954171055
679446452
408577314
480759685
944212874
251555769
64871010
116137260
264727220
236793943
329579120
726494677
130668793
299684234
763322672
360784411
837301982
58764465
40375776
805277684
891043667
604131649
168800182
186717205
929996001
465677110
965578374
792967788
540164025
381568335
768308831
691306396
252382242
954827613
767658766
522276337
592474047
208216429
416821508
105770709
233903038
90440393
874425700
317374317
476500788
470635447
456401672
767049664
202550073
506194832
170431286
323461520
947356128
997801934
81548584
806037414
11767649
216222366
73789130
152029816
926246006
944462868
943468252
200539778
229554028
526984715
125376826
970800983
115300356
730840073
169020279
199165688
86743219
903542878
412297392
224512390
898973792
394515053
886131524
947356128
663888855
606458688
338900126
74049136
248095154
959861684
411175116
632481295
883632896
382292561
646509800
181453282
352374768
461821350
254611748
388401245
114492933
874307909
433239788
872069355
783550678
974060813
106558440
267377379
916831301
214328193
324024835
42028139
93534644
864639941
484224043
325266475
206181270
237015802
169471117
454206950
956388549
237615541
663257959
16909360
165040057
476897766
6250862
628844676
783209168
902570137
150190215
124870837
878035522
106632392
338829119
238471807
736405196
739246553
376298588
205662849
135669578
424569240
749233030
715090002
186291536
176503144
819754917
380594756
245801117
783374804
32144959
953911765
422014549
693641292
213384062
918956722
4638316
213618235
502866229
798740533
696487454
740025514
572683784
233946818
15042576
791851600
591651160
641692822
153312148
503666088
749289934
785788894
977051851
641892145
31946358
424488874
860367447
4644836
979598953
295480145
710005178
