647586428
319122915
349164224
153433169
139958385
638670575
30260600
889427621
874138286
449411854
545692668
92909802
373354191
373898803
235460797
910919201
86351822
508083806
583871220
759668942
433144109
272473317
184326378
952435734
491364036
254688256
94202896
735916934
232256119
718543418
592181875
634837641
213428710
418713404
553239606
929454894
864864919
140117341
502591180
650416649
966915446
140201177
864864919
178978109
635617843
251770657
319122915
515465305
513367648
22909838
639946966
14302825
655229670
816567199
817637872
803158391
78870701
605356131
739051171
430395129
114257278
655116226
680590672
708049907
362939769
473573717
662209467
626798961
866790865
902032677
231263944
688300226
986977605
504128346
502138709
956900594
82561026
862006108
770816051
988142329
951324765
434413344
739200658
543847095
318514623
152233568
287486249
355159984
78556953
270557495
825768742
538568392
513328778
115162734
85512663
329128328
643658556
99213487
888362891
697846059
493268190
717774658
217102342
578884223
334855699
678080316
867708565
184994118
429910292
629963321
494687827
17833794
10298361
500944428
413324885
485413549
779270939
880396841
912767818
893183266
537827923
555293479
92025036
29277912
820193470
871058954
740536384
236785324
782261505
927937872
365365668
400973720
39793373
528913656
560707280
218968776
161396667
37748292
501626526
681315915
563618022
50621809
71171356
141376530
138043310
746967988
346056189
6318246
641962823
705786310
217581106
440269077
402808585
449115938
962494766
466128317
69215800
78617849
178877986
385725978
868266163
996876862
912767818
397315124
688795198
374637968
438205798
885692587
774131995
456553852
652998801
354627498
20607826
739051171
785825586
26383706
342714516
739051171
845730345
736726793
596657566
573035804
669003440
383911375
577104802
185942101
373520343
422435889
103227467
844830643
82870916
585036377
509328140
815024366
91972279
986933186
306666114
585427049
740536384
800601061
391187174
396550478
934568973
880396841
318933432
767885360
6476426
610657957
599868376
185925526
224096719
904258793
1961585
943094317
921382034
196112131
259805180
80283265
373101071
768851102
742519419
321883944
176094991
425952907
307330022
892055102
396386066
920051286
209761384
187480820
102033070
206161766
584297729
214799390
779444362
750654098
306666114
154431589
550407271
415556018
578529362
313694650
828337692
615020107
770816051
823216114
37163368
414821974
135257191
203974641
923959586
481876707
164785920
131846854
871731716
134755453
729631233
769984245
563573281
86589428
657277203
184944879
975799054
543756897
846207565
543847095
95106293
359668105
143054775
305596016
655961345
868617406
275243087
127492567
366782111
93374320
4262602
714224196
760115208
966915446
883521181
140117341
656449488
430510406
178868686
196656087
917056280
873851645
759556643
496055330
941970100
601347295
30380672
743893016
321945841
919692513
364519620
271596599
987202473
635617843
748985795
514463334
591646524
505607464
144161352
643113657
165348035
1977560
35245475
950972587
790665053
570736782
932629372
906587942
732443084
588617476
303632333
553239606
447156828
990773603
138687167
421382968
453114546
238565294
86261977
102033070
555462359
992985498
716091252
227985439
918927922
717075195
906144318
946167891
574292817
115259440
415459102
868260574
482792422
604896480
531349143
530804244
620210111
676580831
223686663
472819846
446228865
791249121
236382453
62919196
544526128
302089682
39159981
182234732
30241674
344838066
230612208
531389020
828273310
627990396
637964692
998862729
859923937
66237355
705482597
876514689
252657270
201190631
344795657
645893508
577602648
822712404
132003867
235885533
736726793
49366406
132242435
559511104
905621235
588598999
4612644
142366784
668272335
494922905
84409395
54129778
18805407
221581772
730203614
14302825
305596016
54045544
591646524
230863993
488275198
674933010
521962280
226296436
708437007
31750039
308211066
344938994
151438324
73092430
447403045
847100523
644834109
794396070
844488868
506388685
87080563
116149621
79010023
600289997
398772751
173223038
166186811
153433169
38032075
485657211
62012296
559306352
475678414
777635847
145285049
221881793
660422435
353037135
627308555
551439639
144776337
953486556
191946197
315121041
672790853
875929844
176610822
509105139
327307941
505607464
651414132
939131321
252782633
292112350
767885360
213620991
878347848
875415850
724205960
673572565
575049503
457692206
980477899
828353464
429428136
293214148
886486032
736726793
598209362
904407833
174115581
177692672
462774538
668719990
562999872
252453124
115074014
535779137
771024494
638877466
291251667
12724670
59772676
449115938
986220378
356546828
655347759
871749288
566166780
83355355
106153634
188069827
229298630
972811440
764249043
954884158
866540797
112691581
759772946
714224196
934040330
541258556
355051983
959477513
129944828
647477501
54129778
287486249
927654100
101929210
328423750
692485947
200709369
68171177
99549599
646850221
647312315
139403131
449989856
510220697
473848520
563936751
694166116
89467495
497126867
810893977
21555946
994440254
554509955
786058996
437674987
878647455
128314936
172679228
989292521
874581361
297745472
817637872
455727923
174115581
698599829
915845812
853926068
987202473
606491033
898808472
654926250
469578005
381944476
880294000
364451071
872733847
240945936
349250257
276237881
208045513
708467405
189494392
20600899
187359142
560628799
773501192
585174119
735639509
667806666
66171873
552789114
922754152
764891839
641962823
161565298
810150063
741479259
459130668
762282624
168830284
617008017
328423750
557554207
146952069
670562537
987810551
700545587
622418287
527762066
631235923
304558294
889427621
729178233
758902344
523474558
56425253
570516670
20844161
833395064
447057250
553945896
45382305
518232945
707178547
454933884
577104802
54045544
284114919
135853297
971358789
898984983
276508580
874092250
274244775
42962066
218549686
324260481
991740321
585036377
328726908
130473248
923747344
902693205
481637859
532917671
922747073
185925526
847266537
797399192
723138228
484500404
767120881
76581108
961478369
323508740
381561567
751781257
890970146
167545753
124828741
294135730
655235544
930820106
293768770
982218105
630402918
828273310
712866901
956243801
619266712
655229670
860860896
383815263
571905232
431331118
265015742
252376804
10378758
294554978
782533135
811289330
130425077
364963850
6297884
487400288
373063912
125727351
378489843
423210025
595792247
818444037
552943113
696952277
746504299
448717363
206327118
656095674
614309182
489984576
274941327
891829769
651414132
912601147
765169651
298057646
958863086
649855227
240718067
552789114
844488868
229381035
96180372
209178869
207533665
146279693
703355539
937227361
559571500
637195296
765200643
183109250
850968551
677778257
999389621
634837641
798734468
310077838
981002167
160128660
419536140
416677529
86507691
782048562
672806825
329128328
451536740
795900660
480101409
705319084
514719936
937488617
313628185
948404660
311337494
170671676
529824499
711465036
40356580
178978109
849498634
517341271
820662578
894350301
29557328
104201211
856262910
295678941
66790485
3335585
462015384
179232009
973021942
575070436
943094317
807022917
282493218
956009954
276140299
186920577
337939784
886733640
450788789
672466362
461459338
962233717
894350301
602999609
903970058
556477482
265449644
308178392
39159981
653625980
614211417
652742035
405570863
635865002
236314658
954355894
686792141
642119018
127527298
496055330
96565878
310520024
965182814
555293479
814775532
1961585
13077901
912569211
992802602
398521294
272357222
513965591
187480820
516079487
930235862
557554207
455318886
586958289
588598999
123326324
265685295
423451608
96966807
198842343
678245965
730658133
707409007
143166084
911191576
360164688
379324932
801471118
560707280
832526026
349164224
864864919
134278582
528613373
59686143
551880184
248479670
732136536
821672658
434958828
652998801
301505271
815024366
293312992
398772751
609057771
836903930
680062587
664814986
859237685
670397168
80985804
996876862
672466362
60898446
69215800
332287401
670981970
74193464
550636871
313628185
213760178
808687375
390330530
962923430
102033070
521350740
270983846
23075512
209178869
248340615
509328140
472500033
139022402
250738265
624108957
270287123
797399192
570736782
301209182
267268179
787248659
740791195
937488617
655235544
162673989
261724705
844814738
172812729
422010586
270287123
454933884
462774538
137563680
208499843
674377471
354244964
586497589
634837641
628831906
718543418
816567199
826427480
436797154
987283172
510792687
567210071
981387801
336741539
667806666
866790865
838018483
566915248
538124986
84333576
696536202
674456529
153433169
766632253
737478179
627716177
331110451
252003698
405570863
157163143
487236736
919195021
505559889
735965195
3606447
20844161
595906475
300586981
673431706
644811707
510792687
749005583
878632866
96565878
84163685
204666023
328881091
455669860
813657091
666836232
688300226
513857244
956108619
733193435
568361916
672466362
213787823
847100523
125831477
848843218
279186956
66790485
206624627
75894077
811736443
168748365
171882047
754691127
964652122
891829769
323508740
663620496
240694861
196509121
865695911
123857181
800601061
114258783
874138286
218079846
152346543
143585197
544860475
1977560
220468813
752248267
30241674
211798872
605333325
518816833
726482027
556477482
417904089
476013855
111038811
75323922
653591041
880609771
492578037
870816103
350498013
758102139
893793250
786776350
888362891
698222562
210268988
606225223
350498013
844298245
414574794
832579885
678080316
101929210
315121041
241316334
864864919
63663842
751870131
696824360
817309075
810544895
577931512
460130
896954431
379121765
366846523
329280180
648827955
18242730
532638194
419047709
555293479
726416971
268876353
352538546
877332143
42916966
655961345
762853435
15989329
448416703
716569472
742412502
985348110
664814986
439852787
205874259
727335433
342820174
921755437
98502737
106153634
995533431
979761574
977530808
514845086
328293334
576728262
92385232
890676227
285047768
207533665
849510499
55243350
140758827
573613881
319122915
880269627
102033070
635212079
93210146
975799054
172754373
114346690
772960908
497115953
583329235
800601061
218275397
288538640
343832227
960278166
891829769
92285905
89823396
117671449
924969609
345701224
5230393
373243942
64099096
441568369
37630753
43008374
920779858
888362891
462177301
179232009
630402918
791234555
61020859
627990396
980753343
648299906
826427480
742817125
986776388
638197906
349164224
68171177
410009279
624108957
770703800
897021258
808388698
930651804
923747344
521537325
866187029
705482597
587461084
259134109
410528750
734415688
616929541
242471910
632489953
864011359
457861486
206624627
112543511
578884223
586497589
617026150
215626754
995917032
954736582
355546
131906004
135483663
695325672
837048840
844663562
246996048
899857546
325339852
560707280
520998912
661832356
113973922
129086388
906614353
686539555
930235862
125831477
406731716
460548568
109750044
853481265
426341333
142399877
311863324
966818676
997870402
171682180
276237881
365414994
844298245
126356601
746967988
60898446
172412287
467332583
613127660
708437007
810544895
148006603
941063295
561434156
147804137
363452664
674377471
826078854
723295399
514069323
882092362
175806464
881149998
617614365
465082475
628831906
200709369
271596599
599868376
248130785
73092430
17815629
60898446
883228747
898694171
205874259
477555456
598209362
53979110
221581772
736864955
828124723
462774538
364184919
568849388
767813383
248398133
445486836
986220378
171098713
353848890
975889264
152233568
53051622
502842529
716569472
401235210
840131151
473848520
898780672
345450161
706066258
472001222
877332143
468263897
177194126
187480820
570516670
412255423
183977633
776101459
372626656
114346690
543999567
417160787
939236810
474766124
259008101
86589428
272917068
167811303
628650785
434958828
692083310
355546
475604154
805966429
224899037
96072699
123073542
739051171
875415850
487236736
101929210
335513219
948678138
680062587
181506037
356546828
533978354
252986104
670453189
798200151
74193464
415459102
226296436
821534876
40761647
834288264
355051983
513328778
376908773
562732517
37630753
944914415
931915285
880519590
216625056
698222562
964372627
668719990
39109344
422435889
717075195
851069175
682308747
986948900
133245415
187998938
539530116
782261505
127492567
914127783
70036515
128773409
166186811
760279743
418233300
74193464
82870916
643658556
742817125
673554517
628650785
578919612
298217532
143054775
418787953
693884108
971968083
894174941
134917871
489971410
715691178
713873457
714415329
171682180
411726123
948274130
224695641
574889065
593638650
678555745
993135101
42916966
429072780
613708743
13718268
617026150
252453124
384004919
670397168
99574338
870985321
182234732
533636754
535309821
12592308
115162734
84163685
479219057
876514689
805134176
538630942
626542929
822041788
242471910
67658051
819273422
909921677
321567465
507943549
482792422
890415035
730716693
168698657
95614215
328638319
131686187
406175044
109388252
275243087
707822761
142660601
39109344
307330022
995161620
447156828
899649136
218674076
533753681
532638194
860860896
259292870
325339852
123155913
967447692
577931512
766413971
105223154
550636871
954565635
783168569
554570524
939849808
552289511
247383330
390090523
814113209
866121645
860860896
654108704
295656747
353848890
86351822
490616413
9273436
758678603
187726137
814285164
876514689
496320990
709275970
383183083
75667075
664591766
549085812
879302118
478102720
585036377
156927312
644553861
34976043
723689523
151028669
820662578
569788060
237097396
119050670
642409883
426683838
167617092
449115938
237782649
586073569
239242394
821672658
89823396
285513662
354627498
858651352
666836232
102887072
39109344
810893977
293449783
674084303
491661791
321883944
156915366
222919059
666770833
828353464
458743897
62012296
10696268
382590273
691249265
958690116
283432488
176606310
841051641
604545013
648299906
491658302
107184006
668959777
373851235
804228501
277931304
647276262
990080524
367397916
300984313
599205837
189847139
109750044
306215144
346285749
413324885
420212894
123326324
213620387
265015742
871572818
40907815
817309075
506498931
920051286
873851645
771024494
431545486
740056382
742817125
84920906
838714096
595792247
73802710
933860230
716631996
921087706
455669860
207321090
668069710
880269627
360759842
321366741
584131469
373520343
328423750
345189630
693884108
900432528
889683752
894174941
585174119
193740059
137563680
964652122
894733039
52129723
392855076
24191862
740813209
663620496
859237685
618289166
145285049
554509955
45948346
878760529
241950022
59731811
381561567
879300656
513897762
367406441
11360828
895157453
129430892
927422798
940350233
624154823
422010586
938018794
629632039
172412287
893888248
316271344
996438636
135779452
254018396
940780234
243620094
536457486
797783685
331777283
547552598
673554517
999389621
966517253
169771102
966915446
288090979
373520343
292967504
548287022
108356307
845083869
411854713
685144148
938231374
117819161
87975755
434958828
621157286
838326835
183981941
868260574
927422798
677965462
660828081
975886752
425035228
188201027
421174347
871957629
301989734
403165106
698131663
97447937
726989474
995917032
262609106
246356478
342714516
636563093
459877812
144244835
889737102
660422435
909349552
161560999
672790853
252003698
860860896
944265368
902693205
472651694
818706935
736794645
825695543
910502679
37062261
587870122
886540264
676813792
979302631
575049503
3064145
758902344
525353384
795900660
342476397
944617489
886540264
495205214
834726858
559571500
159058017
398521294
149732897
977530808
37062261
783445488
418292240
211798872
227589158
246279012
939580540
43657929
939277036
46773777
707551702
275243087
282836247
674933010
324260481
47190141
575700224
875995521
922747073
653138846
9685833
650364942
293255061
457395028
707318441
373851235
55295313
743312737
944829622
620210111
481991845
763407970
30324838
736856323
79010023
462015384
971358789
936648990
623339919
172679228
960608154
459877812
699355229
456197970
929454894
465185057
822712404
79151332
586073569
509117703
755075683
253821982
310200355
205679191
92107417
706066258
514060345
700545587
575007163
291739884
84333576
929083297
39109344
934971982
88372059
956548591
895727414
345701224
107184006
735287554
772960908
131788612
932322544
692342145
167747248
521238733
531893764
931915285
86409577
613708743
560530701
78519068
286627651
675787264
936312855
615111148
577104802
620333503
126382055
847180726
282988518
919202179
494922905
894174941
538568392
909921677
443207919
302734924
241316334
413734531
50621809
702172995
364311115
184994118
398993479
15234469
215008708
202844857
332287401
724951943
492578037
170975816
93374320
291143791
131125272
517202066
644626814
832579885
545535413
196509121
514060345
782926041
931696372
42503193
528913656
467076250
810544895
821286801
674948008
911191576
923394010
544922821
635136101
448570480
171682180
660364960
21194223
823216114
752248267
264952065
797783685
508467551
758254978
960329463
287486249
328463575
641793088
515523397
195499655
991740321
912601147
930651804
330460631
497380719
89591936
176094991
522613200
359668105
795036499
355205201
131686187
579984378
102500253
258382080
877332143
183977633
628853012
445486836
573113750
164157641
694073925
609393988
924367274
754691127
933853057
55295313
135779452
918783383
602085699
515894932
362049010
703164874
414821974
647890550
194509590
74348948
532638194
320272109
644626814
270484090
144877757
717075195
884833965
575295315
847651340
141852680
954356808
568955729
9685833
67836895
165199667
899649136
319501262
732136536
569669435
830788146
456285457
815645938
469418425
669612865
550831123
286347047
9273436
329280180
752592350
919692513
337939784
162777759
641864286
880850755
797399192
61020859
962441923
139022402
198599511
385290522
55295313
672317134
219980904
992057126
383102469
895727414
673572565
953486556
377757895
770703800
367036844
662664945
921087706
366846523
494687827
517202066
482792422
765169651
779270939
912601147
364184919
583329235
870593228
979302631
308178392
126209082
11661062
112543511
670453189
744098782
766413971
694073925
24191862
919196815
932629372
838313415
898892673
652512460
80985804
395822901
637195296
598209362
135779452
826078854
822827468
141172227
871749288
389122380
697611015
541775678
43008374
868858266
84303547
765200643
912481354
828841343
579782571
655313517
669314862
590348611
515158410
289045877
723455968
708543676
549939890
592262539
76581108
95614215
655225697
289369016
246356478
349412533
844298245
834338700
414821974
381941070
150884413
791249121
95614215
292917803
897172186
31750039
989292521
894174941
781885282
41158359
15714688
161233572
514463334
78446588
685940058
472500033
563225477
674806206
307330022
408673056
143585197
42974666
907395713
815645938
939131321
638635880
743312737
27961460
95240597
995161620
246765955
984055283
357987227
279364003
436174699
799119901
942408926
484925723
418233300
534510362
515158410
748985795
5230393
827524308
742722070
681315915
887082963
165276770
532252079
525353384
749658134
717907336
354244964
273036979
62171295
290729140
195499655
308130385
650416649
502591180
126367343
568233725
638370158
219980904
828127406
891925189
648000110
769577197
791234555
509328140
446480777
933412009
649094222
352538546
879302118
298676719
519453034
779444362
258599667
455318886
8746462
501216606
609057771
842180984
73092430
131658749
735424404
602505582
390330530
35244494
4469382
476716812
284114919
84303547
30260600
617614365
207321090
848917371
894174941
308034597
645971474
335775765
976002311
650761296
562999872
721212027
390680648
248479670
184349162
564031896
900432528
683478165
891761731
546682615
272917068
606225223
598209362
456285457
218674076
130473248
484761116
274123129
141376530
852331373
188201027
97847173
93406378
272440956
285031907
283432488
93210146
329280180
516523919
878347848
12785798
692485947
133245415
218968776
858584164
301505271
97847173
533025466
767414823
540253436
678245965
651728429
767435748
450075909
957148562
985409843
765694337
828353464
126367343
876709307
739051171
665627261
797399192
808750452
229298630
542751608
481876707
376243975
102500253
614092204
229298630
962569374
863307558
575007163
616595758
873169889
104201211
706929753
194443364
996876862
448416703
708437007
355281279
81261890
495464525
723716284
457080385
430043530
159365348
467495428
535086248
813396319
199252289
817637872
588598999
904235684
19463464
151902814
203520440
21020425
117671449
847100523
746504299
925456980
185090756
740536384
707409007
909594963
501216606
220518911
175806464
903857585
842180984
373101071
171004980
827524308
876185371
521885543
381237352
995161620
803158391
833527801
551387121
947090271
893969047
651414132
842254310
203288232
80706381
265015742
834726858
852780540
909171985
340057675
482396820
453915190
748985795
893183266
661925899
766841255
869923022
672317134
483200785
274941327
970019453
445225889
370809434
644134587
398993479
736794645
603088054
535086248
965182814
80283265
533262787
74193464
309420982
959710846
885692587
759049005
606346554
208499843
287556800
445343840
723138228
986977605
430293546
97036557
70569895
89917811
807335916
708049907
84333576
99549599
986503710
740196158
625077786
727335433
848823645
410691906
56571656
716639468
894733039
798912317
233058426
669314862
115259440
41258605
338216474
638006438
490616413
961623637
390176310
66790485
911382458
644165570
105878364
421382968
432048628
355550608
38565145
40761647
518919808
362049010
703385930
814109781
798588463
203520440
308034597
532638194
93118430
457451376
114581207
211415361
827524308
668719990
285031907
182173067
31844890
238997968
672463895
94202896
999436338
37630753
222313035
398017990
870924230
736856323
654805825
630402918
518620042
61647597
110715880
496230147
554509955
748985795
53051622
172679228
978887221
495205214
718543418
293057886
708423162
644134587
330853769
724836260
475604154
481292401
880519590
13077901
876185371
706929753
978244179
821534876
453735345
969212727
211618973
447403045
735639509
686291488
592168513
925300526
194509590
601821298
353037135
80697582
602505582
25238143
555106458
96180372
252453124
668378979
782261505
413776364
456197970
861993088
776413843
954884158
145539234
84409395
356546828
835609160
717075195
390090523
882354503
74040106
124203985
235885533
920111223
253270079
231461901
673389060
774296481
59795050
549085812
940368820
123510588
177194126
1642991
959474462
876709307
923850709
910502679
828124723
233058426
191612959
664092601
856879102
756896943
476764556
324045913
513897762
188069827
956548591
790665053
583292885
737478179
691249265
561970619
593560975
534799571
941917312
551439639
987255427
157883362
821286801
467495428
425035228
985356318
714415329
335775765
213760178
259889863
316867290
273122114
980198215
342146077
220468813
176669207
934568973
482792422
850907685
40907815
525353384
584131469
484500404
628650785
472001222
354244964
864924596
678245965
410691906
181833673
69709119
83758557
274941327
964924304
248004248
88372059
353037135
870062367
324260481
702289114
412539218
884812499
913350355
758678603
880692470
740575732
413833024
208499843
30380672
643559466
846207565
874992005
682226717
56571656
472074454
397315124
774936787
563225477
749542678
706168138
350857756
329280180
579782571
36055761
167617092
826693712
481637859
970019453
638877466
617008017
54417711
765200643
450636301
830788146
716631996
428291290
171735813
330381671
569222880
775500483
838269079
375593794
909116993
939236810
901015434
182966515
416677529
890676227
284151575
421174347
598209362
436947226
1584701
17006104
562732517
172679228
147804137
69709119
628650785
61020859
948971935
219349153
366782111
205688680
767120881
497959164
622137328
765390566
116622833
517709693
425026070
741451495
184994118
908785106
40681347
977446357
233886962
728701493
103758262
106153634
753094350
359151485
774936787
349231229
478102720
673389060
35253685
767813383
75667075
302021601
357987227
605356131
165348035
674377471
251770657
737732743
783275187
112691581
529989457
659243145
268906912
643113657
878760529
425595331
334855699
514463334
426352845
775387450
692083310
831396443
409183940
229298630
578000447
608731559
547552598
220468813
649556206
936312855
349164224
922036185
105942986
75348826
691044742
707178547
204666023
740706833
635136101
562999872
879616032
288090979
53831369
507264030
256177252
53831369
317067402
354627498
128314936
829255539
335192525
482396820
796402488
288384675
942408926
24191862
602505582
161170231
601259140
931172793
342518001
641962823
464992414
933860230
243643268
554724420
888808338
874092250
523474558
769914963
627990396
724836260
532252079
117819161
918927922
13718268
844488868
663364139
851395477
122747417
213760178
84920906
675339058
686291488
608877241
667144211
928138460
147451553
866121645
332846901
62321103
247255335
633673419
15353831
365510403
517202066
470402649
760279743
988142329
437867874
544479684
358086576
892911925
856262910
986933186
702528760
1031112
702961584
856879102
603088054
809246023
936055367
502591180
500546127
966517253
725249284
306666114
15989329
771261109
95240597
265015742
870593228
92640631
402808585
871731716
42974666
923655081
740884705
59731811
539173219
743893016
297207228
520846144
240718067
626542929
68138197
421382968
783819785
560628799
897021258
862006108
328638319
393753020
610419164
247383330
203708663
986977605
970916578
968955834
437674987
987283172
890970146
625254491
60621245
674948008
108249744
448647136
724062953
481893821
749250312
685713583
15234469
259805180
738917822
190832091
749658134
810150063
740056382
854414276
86414013
599894164
367592382
324202432
857653576
395394916
69533297
91717443
13718268
591595109
109923500
207321090
834726858
69533297
942124631
795900660
350170104
437153624
844663562
359151485
162737527
903615544
870924230
837793323
941917312
875995521
473630140
481637859
907395713
818444037
957310905
550831123
130776494
83323307
608358
658453991
35245475
521238733
403297724
842180984
61647597
128720299
201190631
188268202
165348035
551366460
510792687
202883044
221979920
110435573
293768770
977446357
103227467
9315974
517817505
86381710
844814738
473573717
774225483
330460631
909594963
378553795
752960669
532075315
924185837
87080563
839757710
683340270
915845812
141593196
152346543
292578807
617026150
765133723
390680648
105878364
274941327
847266537
910835665
921811494
678015742
793536250
513531012
156927312
858116720
647477501
940288716
970916578
920111223
931172793
733311390
779739215
67067628
887082963
229381035
586660021
37163368
86261977
268876353
817637872
737732743
45314183
678555745
562958804
767813383
693884108
431545486
287556800
531599246
827524308
840316941
876079703
340057675
123857181
50621809
537827923
830984763
15739339
126356601
684295157
975889264
419599599
639946966
959710846
344838066
548069821
56425253
454416353
758902344
599337441
614309182
392689763
455598114
610945656
293679879
483853231
372626656
313628185
631968670
272917068
104897544
742029453
321937014
242471910
859237685
575007163
99213487
511150534
464000826
977446357
259292870
326864592
205650834
248130785
307473066
586294431
449658637
735689575
410009279
221979920
520998912
683340270
874992005
624154823
838359168
638635880
539603498
643559466
609127987
633664607
668272335
583871220
809246023
826315194
345450161
665919972
900227299
691502104
352630373
813396319
742412502
90492649
870816103
655347759
564672488
362049010
854414276
170308448
188201027
450075909
559571500
475068244
999614885
813211207
510792687
282668679
748948487
80706381
470627845
908233397
553467527
179805932
75323922
179530501
847451712
78617849
999389621
467133956
763718745
280627571
501433007
666496640
604138796
210339805
973028304
963513066
841794347
839757710
691502104
208045513
527762066
266520108
870062367
880294000
541978992
705482597
140215991
481876707
268320342
222683564
840131151
344938994
606271766
768229497
364056843
737701481
669212775
123057181
449658637
672466362
296863176
762853435
875995521
859528059
693905592
492578037
611945684
944265368
265015742
656449488
84920906
496230147
970019453
365146295
126209082
810298862
166186811
116023407
502138709
334317858
348675726
643559466
188069827
678844924
305913481
325339852
241316334
767813383
431331118
882083968
577602648
888537319
398772751
484500404
705319084
379324932
843761761
630717220
842364616
759191969
662664945
119250075
868617406
307790258
935688508
601785598
776824316
96071138
126356601
516079487
903153144
139403131
477876068
655228243
864124292
694354775
47412193
405570863
202883044
826315194
285031907
112543511
67658051
768433143
157883362
660364960
288384675
276508580
485340002
186055714
164157641
144161352
291143791
487743722
252986104
908233397
745226219
914127783
298424851
119250075
801210485
447156828
46773777
291003179
565410072
694573408
24191862
962569374
736915887
31696431
964764746
226129171
345564199
645604428
592262539
900227299
955313894
30324838
239382955
908233397
794396070
860158996
528922069
559511104
696824360
579854340
753094350
221881793
102955204
903615544
103758262
80542782
309917969
216625056
960608154
918783383
455598114
203288232
46278728
665588040
999389621
639504649
1977560
399291981
384004919
617008017
124203985
628965164
915527796
658296924
641774332
693905592
882092362
652512460
892407365
146123539
481991845
562958804
738917822
623110799
160128660
261003821
222630406
165276770
390644432
563225477
596749853
30664596
109522458
518232945
994440254
531033982
212716861
580937672
353848890
289045877
586958289
616361694
210581646
646993500
173402469
644626814
542720989
706688138
932629372
238565294
285031907
777635847
810024452
713286389
942779405
172754373
838269079
748985795
307872547
987810551
17833794
272578547
651414132
518449376
675442927
70569895
426352845
143054775
750654098
830984763
918158701
321945841
132242435
131686187
201177035
931041351
28769497
125604953
99549599
407754762
849274073
109750044
182173067
396550478
647890550
365510403
858651352
512311205
246356478
559421987
888808338
654108704
408673056
344804986
19736421
737515816
110892113
769850184
140215991
212716861
803158391
344824523
455727923
997598900
445343840
636663238
423575605
276084389
193229853
534799571
724967772
622137328
81111701
748948487
384330310
97861250
995357856
364521553
871675489
309917969
533017319
363571073
842180984
17815629
325339852
297745472
265632857
696536202
93042256
683340270
828353464
782261505
554630134
670792693
492578037
767414823
260929715
871749288
511150534
234929478
165199667
816982122
384451412
1584701
112691581
273133111
827524308
474426974
944412379
805966429
404351862
532252079
599205837
129792916
212031083
959204744
353393600
124203985
402547925
269264282
378169984
218079846
30523923
641691543
694663668
883521181
8969997
730658133
42916966
134917871
859528059
765133723
125604953
698249139
814285164
29557328
574292817
64900542
544860475
847180726
219349153
321945841
412444011
682226717
21803215
711936339
905621235
931172793
298676719
929799403
614211417
152346543
137215777
500977073
779655642
293679879
525578411
673064650
373243942
447057250
77974372
631968670
302481388
963236813
708437007
301768987
63663842
454829124
583640986
598491121
807335916
604138796
182976218
894447316
406251485
131658749
362777690
456197970
687191903
634863110
838326835
30078352
143288310
653625980
103285822
708423162
194443364
364963850
183859945
78789069
840316941
400973720
794396070
272473317
4012254
911191576
874138286
585174119
221581772
557016414
156408126
381944476
505607464
273230016
383815263
605356131
807335916
144161352
552289511
215008708
425960843
652742035
803158391
93118430
737318179
476877400
874138286
231538280
628965164
139042180
912601147
623110799
533025466
237533239
283432488
726482027
332389881
417421508
185422427
518848569
321883944
167811303
138687167
226129171
436797154
977530808
454933884
526911183
183998483
282668679
149732897
82561026
506388685
724728585
363828875
518816833
823132033
242471910
80697582
34769135
831396443
954565635
430378968
677871279
924969609
62171295
771554155
859923937
209761384
502138709
462060171
527987205
783819785
223724577
430378968
653625980
575295315
584131469
564337363
237763528
370033102
674933010
173402469
141376530
2624978
817637872
14075611
675655903
806802893
785625667
724728585
675339058
330362434
589543631
944412379
453130634
91717443
589446855
25492001
362293335
261003821
705482597
323387313
376204018
362939769
871943030
645971474
882354503
129944828
854035787
739200658
960278166
95240597
124828741
99574338
744098782
776271579
540253436
498997565
34541460
276140299
52456333
464449594
642569302
853481265
594672671
733311390
621190170
695232140
443172894
464449594
140296726
320272109
92555841
30241674
61690851
122217919
596657566
86381710
296888591
927654100
806802893
756869752
731982676
726482027
582362362
234929478
56571656
93118430
132257260
47412193
645646911
270280949
726482027
674806206
813211207
930190706
47048229
892407365
161560999
621157286
246020575
194443364
203520440
406731716
929799403
501626526
145539234
756896943
688743073
867708565
777635847
793536250
998862729
879994427
574292817
30553011
314261227
708543676
300744278
340057675
34976043
737701481
226547640
623110799
250738265
52511970
363571073
947119365
592009786
288092124
97847173
681604574
342518001
789540300
188482775
129295374
250441232
582699728
682349
656095674
414240204
551880184
570516670
470627845
841507708
811289330
172679228
904258793
912425338
446228865
670934433
852322192
979553398
782177271
423841288
939236810
137215777
343753793
507264030
836903930
648670137
6297884
979836613
662220401
426629472
930190706
515202326
953486556
4012254
285031907
990742435
383815263
164785920
985951976
904258793
253169935
459311315
39490714
741451495
31173925
825621885
285519163
695325672
741108115
171923766
672466362
999759908
220468813
314261227
173402469
25492001
671360656
899278500
296863176
222313035
803643930
284601026
376204018
587461084
175015309
366782111
174411789
975886752
766841255
855385286
779655642
151438324
892652222
443352121
893437788
355205201
898103583
596628732
359414182
723685606
284151575
725249284
430293546
215626754
792941102
282601072
668069710
90492649
514060345
363452664
457080385
152242590
343753793
609773048
128773409
261003821
665627261
776413843
363828875
247528993
246765955
110715880
548287022
921382034
138043310
918158701
97847173
95240597
262165866
62919196
428826437
105504401
291251667
724392229
828733684
227589158
726344418
404351862
494369782
608877241
166021465
554724420
163810471
513531012
988856574
787248659
100843453
737318179
723455968
580937672
862951491
94202896
141753223
537132973
117671449
563225477
585427049
422435889
830984763
729756036
178877986
323017690
852780540
207533665
47736043
673051306
988856574
671512549
59731811
983818395
198238813
871943030
19582325
91848930
648109462
246020575
878632866
726603545
50621809
89467495
335192525
975901820
163810471
628650785
717075195
858572174
751870131
124630921
563573281
940649987
170975963
413833024
418713404
675339058
267268179
692052720
984055283
392626902
886486032
833452033
42974666
861390598
307799066
224695641
492204894
392626902
59731811
305818117
827235382
111038811
631235923
425026070
706539995
222919059
844663562
326391487
768710165
442907999
456197970
742722070
717774658
315121041
866481416
209761384
476013855
161396667
321567465
125544353
686792141
749658134
480845081
301505271
360746778
260920664
5757788
400036021
187359142
597689239
706551577
723685606
663364139
72908371
353037135
144877757
247255335
124630921
330362434
510220697
373898803
86589428
236839660
146936851
683340270
116622833
185422427
429295812
166021465
999614885
392689763
986776388
841507708
730203614
328293334
188069827
310520024
360938490
532638194
364056843
327516586
206274062
205650834
459940162
733311390
795900660
972264668
233058426
984055283
210581646
30260600
15714688
769984245
872733847
202844857
423815862
222313035
535516709
813211207
674084303
747476322
235022911
622418287
686539555
229298630
238296265
101929210
816982122
382590273
409692921
538124986
91510981
726482027
655347759
15406068
276605345
543847095
344564756
412835570
379121765
645971474
760279743
538630942
868266163
17833794
873169889
205679191
670981970
355281279
800892110
260186193
244586184
763201267
477581797
92285905
293255061
353105579
59686143
811736443
533636754
941917312
108215868
324260481
161233572
265685295
579782571
6318246
601821298
726603545
579854340
611945684
310520024
115152264
462177301
619734351
395394916
645044999
598491121
420789564
922250392
737504776
449185948
847180726
209469646
66237355
377299052
234070026
364318036
784257893
730716693
960278166
153792103
176094991
480647479
859237685
726482027
912481354
787435424
703164874
844994354
519274139
555726899
25492001
195744645
385290522
207944032
203708663
563843695
840316941
580937672
237533239
768433143
83553912
422956540
440269077
899649136
417105730
996438636
40761647
485356836
868617406
904407833
936550344
315245967
591595109
669612865
513367648
325795885
507433546
985867523
704405681
699355229
842254310
736856323
677965462
448989818
227985439
821672658
726344418
40356580
298217532
871731716
274244775
272357222
863099454
298676719
28536628
936055367
960593791
714449482
117421712
329280180
102955204
299356223
75323922
419536140
9315974
572084450
592396370
196509121
994623621
467332583
246996048
365902491
905203052
220518911
497944524
709347817
119438861
692342145
56425253
674806206
16313826
971358789
639946966
258382080
167811303
867708565
569374380
650535132
563936751
908233397
301510399
86381710
473816385
312092957
221150554
131906004
244586184
764891839
430687460
431682838
45314183
815677946
538124986
740575732
606491033
52930909
621017723
129295374
561434156
914146750
421174347
540253436
430510406
940780234
968955834
900036656
675655903
138043310
198599511
279196712
109750044
712059145
605356131
517709693
657102763
285031907
601962132
560530701
514463334
279196712
782524182
528613373
826370457
944914415
828124723
875661548
70751374
192510436
678015742
774225483
289045877
364184919
734772689
360551845
430510406
324202432
56655564
485340002
801752824
392689763
949592835
30553011
297207228
776413843
727335433
282493218
65135771
522833976
311337494
587870122
999411448
939236810
898694171
410988233
659115471
294135730
774296481
908575132
546128681
378327073
731156056
475636624
803612501
301505271
730203614
611012206
583292885
791260271
740196158
27197824
217581106
921382034
632200793
557735750
481893821
198842343
781885282
373063912
632489953
495464525
655347759
49214701
483853231
621157286
4612644
636169122
979553398
436174699
770816051
649094222
930651804
652742035
844488868
681341744
185270450
270983846
749658134
904258793
693905592
141172227
674806206
445343840
762595965
874992005
485356836
350857756
587314306
734772689
418713404
912569211
288343961
346880834
923959586
754691127
332846901
721212027
171735813
1312315
941431679
700802764
872147022
550407271
685247151
172754373
328293334
91505443
643559466
506388685
12592308
201190631
999223727
745843130
752960669
638670575
72557579
649126100
194509590
513328778
362049010
390330530
54045544
926853816
55214801
112868164
273708885
143054775
966818676
933412009
313628185
140638769
6318246
30241674
383343990
96180372
397315124
163810471
835609160
476877400
599337441
205874259
748948487
862596500
79072676
593560975
127011478
876709307
649804240
96072699
395081629
378169984
771024494
348675726
988142329
293255061
539000576
816567199
616983766
455318886
890415035
71171356
172412287
423736856
91717443
956548591
55243350
66781048
37748292
279364003
618488650
389122380
234070026
762194572
196656087
254688256
586294431
417105730
215626754
103383115
941413272
946013228
160128660
774936787
171098713
121051734
325472776
30260600
770703800
626542929
759772946
585036377
345726080
940576578
282668679
31844890
46278728
803643930
86770739
655229670
882300659
759191969
962352652
866481416
319501262
96033
519453034
678844924
34541460
706248239
792106246
983818395
844298245
756869752
533978354
989540781
538110128
168830284
890970146
610419164
948404660
490616413
69533297
877647369
736856323
657102763
288384675
843636459
257097519
58892532
662209467
961062088
152346543
808388698
186920577
239242394
799119901
378327073
449273382
6297884
412539218
904235684
288831206
550831123
908233397
473630140
536457486
182173067
666770833
173232074
101192843
976262842
201295467
86351822
174411789
954736582
84303547
842180984
37163368
145823733
898808472
473160635
110479560
66237355
897172186
749250312
98823571
12724670
789540300
306754914
539603498
288090979
89823396
410691906
305055779
826693712
456553852
463046705
165199667
921755437
662209467
724951943
700802764
391953312
311991679
181960918
855385286
196112131
981002167
92025036
218079846
645893508
226296436
616595758
43008374
83323307
652642964
323017690
206624627
363452664
79010023
365365668
56425253
663620496
573613881
490616413
457395028
725690967
978887221
740791195
302481388
859923937
834338700
92640631
395081629
909349552
672463895
691001418
633466646
27197824
78789069
55295313
218486327
828354557
396550478
864162142
795900660
26376664
254330584
899278500
735965195
955372625
209761384
622137328
521106330
284151575
205679191
714147837
898780672
871749288
293214148
660104668
384451412
282926126
276441145
330566166
736915887
151902814
418891018
265449644
649855227
839757710
104897544
696472508
481876707
156927312
477581797
524412631
541978992
202035892
462015384
782686969
213991908
932491173
776101459
762595965
951324765
635865002
678245965
41258605
572457527
962494766
940576578
282926126
737732743
701864962
929799403
596628732
603271029
321567465
141761030
253821982
372801226
769850184
498751463
552691706
853481265
140638769
978887221
500944428
535845185
417996613
101929210
394331323
509159572
212076139
604138796
418233300
123448413
803218211
534799571
168748365
318514623
235460797
147451553
609773048
92640631
381941070
823216114
144244835
552289511
714415329
661541944
162673989
119438861
395822901
913960780
42974666
800602724
130465882
457451376
255241811
462237545
256298929
848843218
510220697
232256119
766413971
187998938
377955950
481637859
542570587
661541944
758254978
206161766
451515899
343753793
197667521
751781257
117671449
455240925
921811494
774131995
649161834
567553493
648000110
421382968
301768987
596628732
538630942
552719699
848843218
723685606
22909838
676785815
279186956
598392131
673389060
894350301
961478369
614902439
944708626
972550628
866790865
404351862
598392131
766632253
924367274
288208333
622562183
606724928
373243942
980753343
425952907
588139074
806802893
236044224
156200639
946287252
353037135
366434116
40356580
678934853
178735131
151028669
272473317
241837317
423736856
222313035
142120747
69215800
447025248
367167516
8746462
786776350
6235576
423841288
140638769
303197904
589446855
384451412
710388213
620310049
497115953
253169935
487236736
482396820
596657566
318358807
694354775
30078352
843947235
956009954
809623196
563936751
123073542
701864962
700545587
589446855
763201267
423931938
627990396
703355539
954697106
913350355
396550478
825621885
817309075
696211244
396386066
96072699
301510399
917056280
906042377
953486556
862951491
460497734
898808472
572417060
457395028
937096257
340503160
852322192
643658556
672604260
77974372
872738592
349231229
421401047
871058954
220468813
823125618
420212894
880269627
661832356
89467495
281824983
202844857
979836613
816567199
321366741
185200378
513965591
721212027
157163143
980753343
282601072
249490912
218191695
273122114
599337441
866958670
859341188
774296481
460558613
723689523
592396370
208045513
455598114
951324765
576728262
884812499
582699728
305818117
360746778
630926629
519515438
774131995
552110609
844994354
331988243
908233397
203974641
960981880
494687827
444628893
829581109
183859945
251770657
222919059
651728429
821534876
613306442
717471273
612495590
928138460
467332583
102318297
325339852
849274073
828127406
287358565
924969609
218960068
672604260
902032677
193229853
97847173
838326835
430016003
580937672
552719699
218079846
999604194
844472629
244252535
650364942
880850755
327516586
809073104
88135730
49366406
768433143
726482027
717471273
508617326
158086721
586294431
868260574
311991679
625077786
325735499
367592382
871749288
846334176
692507048
94295008
187998938
628831906
223686663
9273436
406957130
594672671
241046411
129792916
766384904
236044224
483939858
750654098
47736043
834170759
526911183
656095674
321937014
770703800
558910412
645971474
931915285
664182175
615604834
533025466
672463895
117421712
576376350
464000826
593638650
959233005
527932344
138043310
122217919
920063046
742464480
663364139
871572818
513857244
367238195
899346020
682718535
891929414
15739339
456553852
478525758
587314306
9685833
46496034
854414276
365146295
398521294
856330615
498751463
50302427
272578547
321567465
412539218
345450161
904228651
935688508
141172227
724728585
108249744
411726123
72809689
547552598
430378968
669203870
592262539
866790865
554509955
910835665
73802710
18074322
345450161
117671449
555293479
259805180
726603545
223297080
35245475
671512549
81932267
940288716
344795657
265685295
345450161
680062587
770816051
75154827
624983046
181696682
141753223
566166780
709275970
986933186
135038456
963236813
909912644
766841255
499363553
287229047
996876862
984539984
896302045
636182825
512302716
767435748
794396070
135483663
361784332
281824983
350498013
815645938
477581797
596781445
104201211
187998938
279364003
182966515
614092204
394331323
92640631
343753793
559088292
239370666
129086388
61909394
611578920
638670575
880269627
390176310
616361694
878647455
257097519
572084450
469390304
469873498
241046411
453231647
953486556
406877653
200319292
276084389
232919862
138043310
614902439
147804137
564031896
369218214
741451495
553239606
598209362
443207919
24191862
822712404
638370158
738946620
708049907
462885211
737478179
224899037
364056843
365146295
891925189
947991655
575295315
829749026
91972279
226129171
287486249
216484790
527193448
142120747
328423750
956900594
645971474
268906912
266464733
871957629
521962280
899649136
627308555
608791345
964652122
799119901
484201121
199252289
482361319
123448413
540253436
408914248
614092204
956361439
162737527
606271766
604545013
786058996
78617849
553945896
966094677
560628799
496055330
872738592
798594697
10696268
665678687
740536384
125544353
407518634
882996693
709347817
196112131
686792141
437674987
97861250
488837478
721212027
909974815
883521181
241046411
105844187
92555841
88135730
791193001
652742035
39771857
75667075
395584295
912425338
96966807
645646911
684295157
414159375
189847139
864124292
143837065
288384675
487743722
222630406
34541460
883521181
785646890
244586184
352166228
129065734
399291981
682617334
323208176
655116226
126151520
828353464
215113302
882092362
35847132
827524308
87932491
428468768
601347295
247383330
19463464
773278094
429295812
733193435
528038377
359999249
577251667
391187174
346880834
947090271
549268512
6318246
953763849
26376664
756896943
445436214
1961585
797399192
836903930
882092362
202635426
704797467
919692513
246996048
21459375
959204744
579984378
259008101
355051983
422435889
262609106
93042256
961623637
718322761
535309821
570702295
400837810
961478369
522613200
183650370
724951943
207321090
123326324
313628185
712132874
440269077
113144400
871741448
75667075
938231374
428291290
913960780
815024366
327307941
324156427
729178233
324045913
746967988
81261890
699119298
144244835
544526128
754691127
703355539
226547640
575007163
741573836
905929425
430378968
519274139
372626656
270649465
494687827
569222880
918783383
44393969
6318246
552943113
858572174
482396820
912601147
842254310
274941327
633248742
229429011
599337441
255241811
423967539
496320990
484158133
684229738
409183940
554167938
196112131
880396841
178087249
109750044
533017319
682617334
922754152
918158701
966915446
844814738
347038153
24191862
246356478
534799571
263383194
179530501
596749853
939851333
272473317
496230147
846207565
487236736
323986696
857653576
573184860
657102763
164750460
276140299
832526026
178978109
559306352
906144318
962535962
499363553
981615143
18334106
874581361
297207228
664591766
865695911
702586347
297908298
179805932
914282918
222919059
164157641
164750460
844994354
941063295
854035787
730495099
963544490
866958670
999604194
167811303
707178547
586497589
152242590
202883044
744661382
615604834
844994354
954023489
716569472
663739177
5757788
428046523
99213487
324202432
308211066
939277036
41330628
906958642
130473248
800601061
344938994
518415242
731156056
398548311
59701173
477581797
344824523
389122380
360938490
246279012
235460797
226129171
807927196
213620991
443352121
882996693
913034019
776413843
740536384
747080994
863641960
579466470
218309780
513857244
934040330
734772689
133731996
777730000
381860232
900296305
969121128
638635880
530804244
683657138
201295467
546377992
247383330
564902201
981615143
643658556
247825785
515523397
73092430
109388252
369218214
156927312
471398625
202635426
635865002
920847304
286627651
264274968
185942101
833527801
130465882
577931512
644130312
772960908
852780540
782177271
938018794
301989734
840316941
830788146
593560975
831396443
727066178
880692470
927937872
492204894
546783045
41258605
775658308
300984313
199994391
880294000
106841399
551139013
30260600
46496034
70751374
202035892
978244179
751722883
447086484
485897679
704405681
171882047
169774371
383155661
286347047
162777759
472819846
389042496
482792422
378169984
215113302
841051641
91972279
226129171
760279743
758254978
894447316
896268105
203873811
458665278
512311205
278728434
354003006
282988518
374637968
331988243
689953644
906144318
138043310
879300656
633248742
47412193
303197904
782306874
355281279
213945400
736915887
815677946
570257545
135853297
669212775
708543676
410750902
764891839
517817505
769850184
783855171
207383689
372834945
114257278
765390566
768851102
911271665
514979640
560530701
54331145
250929479
329655104
923747344
408914248
827055666
27709085
309917969
236314658
983143181
610945656
425595331
655961345
702289114
352258107
908362837
702528760
303632333
758102139
349412533
37748292
515257235
577251667
417808300
301510399
310379331
829255539
86589428
828354557
127527298
556705580
27739270
985356318
518620042
9685833
878632866
756896943
407886053
243620094
752960669
807927196
675787264
871741448
141125891
21459375
457451376
285519163
461922808
500546127
828921661
892407365
131846854
692485947
675442927
503471770
414514822
450075909
995161620
350857756
644953409
419238506
540253436
321366741
855096240
408914248
511150534
27709085
241837317
487349460
432108586
986220378
230529476
480101409
524412631
567210071
130465882
101192843
122298517
171682180
508083806
525928254
426683838
548441018
125604953
695396358
232011030
680624491
346880834
215694943
846356875
356493414
706168138
767727182
738917822
532110883
649094222
562476641
650416649
236382453
974187093
316271344
125831477
783168569
329280180
12785798
966517253
34541460
937227361
97447937
82725374
410988233
717774658
768710165
882996693
654283785
547552598
862006108
4063656
47736043
149732897
477876068
925164340
667646718
638085346
623339919
417904089
756896943
38032075
515465305
385290522
780740088
693362712
125727351
515523397
116622833
68138197
60621245
273708885
678245965
413776364
82171736
183998483
470402649
212076139
54129778
800602724
288384675
165595893
624683236
870816103
911083629
518919808
801345397
968955834
862006108
427609932
868260574
908575132
135354559
774587360
634863110
247376184
556477482
206624627
331346678
1312315
999604194
278109556
634239124
285031907
976262842
936648990
95106293
834726858
491670787
34123780
688795198
828733684
325472776
67067628
956108619
979330402
822712404
135853297
539603498
962233717
848823645
649126100
563573281
461922808
34541460
176610822
643559466
737504776
939608339
462060171
1642991
15406068
882092362
899278500
144161352
392855076
849274073
828119418
588598999
469578005
91510981
265685295
393618343
263497402
647586428
690122126
735916934
826078854
398772751
499268493
336741539
909349552
140215991
533978354
923850709
212031083
989600699
79072676
92107417
46496034
846334176
739200658
260920664
817355594
246356478
808687375
107489309
20262630
914282918
185270450
570516670
638997158
891761731
113973922
32711589
735424404
359999249
913761217
760917232
914127783
942124631
650364942
239370666
519289126
953763849
825695543
65905425
726603545
394331323
409692921
332354012
261050563
190832091
292578807
356258491
390176310
707822761
735639509
355605356
604896480
624683236
735287554
707178547
365365668
672466362
705482597
265449644
782048562
120118239
711936339
447057250
492499645
313628185
474426974
886680393
164750460
559571500
579466470
73802710
30241674
30053996
198842343
18334106
87932491
602927829
92555841
244252535
23752357
246279012
56571656
846575692
81111701
660104668
345189630
752650241
353105579
767727182
669212775
177194126
476764556
84518953
960329463
664026365
146279693
617008017
366782111
665588040
324156427
544860475
393753020
976873577
8746462
186920577
99563754
212076139
570702295
740184415
500944428
370083697
220087911
218968776
19463464
261050563
847100523
85118639
84163685
846207565
218079846
70719289
42460578
334317858
627716177
515465305
843761761
35245475
127011478
9276835
131788612
240718067
532110883
91848930
956925379
365414994
619734351
995351911
195191630
706551577
682308747
959233005
450075909
304558294
155353240
272473317
361784332
816567199
625940799
445436214
636169122
621337961
790665053
548406164
708543676
353393600
37062261
898984983
437868400
653625980
966832612
198599511
942124631
800892110
242471910
923959586
913761217
545494346
80697582
695325672
688743073
293057886
742849882
415908046
297425678
810893977
912425338
749005583
184875703
895727414
636563093
551366460
403297724
454416353
209178869
175015309
718901422
674456529
726416971
216051434
327396816
672317134
715691178
608791345
287486249
864011359
389644911
39490714
614309182
736726793
181784940
655229670
1642991
911191576
994559584
329655104
681341744
157883362
546783045
873851645
331988243
30664596
233660904
76581108
1312315
957559523
527522754
484201121
292917803
324045913
964764746
92285905
419011154
829581109
355281279
782306874
907395713
54054560
897172186
549268512
831522543
121051734
518232945
139311206
892407365
973235302
513367648
430016003
356493414
338351778
649213589
940649987
762194572
499410181
694663668
106153634
944829622
705319084
429900458
646993500
364056843
774296481
53051622
184944879
939236810
902693205
369478326
525353384
613127660
172412287
160538470
229298630
277267441
559306352
678015742
956243801
883879004
445225889
86589428
847463593
425952907
321567465
350857756
648277650
528550059
956548591
875995521
700802764
865695911
183981941
116661487
892911925
580544261
177561869
67836895
334317858
586660021
718901422
182966515
848728084
397749403
220087911
14568151
633664607
838359168
500930636
726404442
53880763
373839848
531893764
698222562
614902439
955805901
232011030
703164874
196509121
357754806
515523397
161233572
379324932
559306352
484647631
823096428
426837637
760279743
966094677
273133111
765694337
119050670
532075315
964733946
835609160
134917871
956900594
59701173
266520108
8845186
351572943
179232009
663739177
38565145
507525110
559571500
903828725
755195310
962273658
765694337
992985498
670792693
80283265
962923430
167617092
480647479
707551702
905743760
141376530
976873577
937096257
495205214
683907207
262609106
913034019
299356223
450075909
450075909
67067628
772865069
911349956
723685606
574062940
268421996
592535736
984539984
962535962
630402918
169774371
959477513
733330049
103758262
134755453
924969609
678555745
662220401
328726908
733311390
327988702
235022911
381944476
882996693
270287123
159365348
987255427
80283265
636182825
258382080
986933186
95614215
343753793
302445268
942614066
915489763
110715880
362308116
549085812
937488617
392626902
538630942
595147937
354003006
34984320
774934622
475636624
664030699
398548311
173031442
808687375
564902201
405570863
159426509
547552598
927422798
167545753
863551516
904407833
411726123
409183940
539000576
13996904
114581207
952465727
893888248
438976136
539173219
639946966
155790924
188482775
711936339
205874259
103383115
973028304
136474572
559511104
724000902
195744645
273230016
996876862
53051622
534504003
520928150
706168138
332354012
202879548
673431706
653401759
132308732
84333576
593560975
449411854
870062367
179530501
518816833
679526219
748948487
629632039
261050563
724205960
962352652
520846144
201267740
904407833
380956835
457861486
724000902
392247138
84163685
629632039
642409883
962569374
672463895
376908773
573369690
173824216
170769666
448416703
62919196
469418425
241925120
42460578
477876068
307473066
324260481
776413843
858584164
184875703
156818958
937333891
209469646
19736421
734415688
95240597
772865069
543499032
74193464
276508580
663620496
451515899
408220329
954356808
587870122
718322761
676785815
999411448
687392795
835447978
796402488
858116720
324045913
584526434
822827468
92555841
941063295
642119018
313628185
629963321
864924596
390078861
652453008
340503160
467332583
738233923
578884223
334378337
516079487
865527412
731835918
625254491
953315300
519274139
578000447
995351911
555462359
184326378
995351911
291881781
592181875
494369782
860158996
172801762
985819566
966832612
892055102
879616032
670554492
178868686
218486327
923747344
899695731
508467551
150884413
543499032
126382055
668069710
887082963
776824316
373440489
496074146
995759026
946287252
344804986
741573836
716631996
926853816
130465882
400837810
263383194
235460797
551366460
661832356
102887072
178087249
201267740
641597062
384451412
411288830
165348035
984539984
126766571
742519419
704405681
437153624
403297724
497126867
54129778
547552598
685940058
1584701
620333503
390176310
864864919
484925723
584526434
684773863
913350355
123326324
831522543
657277203
5757788
129430892
241046411
777730000
189494392
126766571
669314862
875528350
607456091
560628799
919195021
588617476
573184860
924185837
941970100
899278500
389644911
80985804
510220697
291881781
627308555
450075909
961478369
923959586
840131151
210339805
638997158
586497589
503724215
702961584
151438324
787937684
835447978
406877653
249490912
682718535
637568891
943647468
645044999
601347295
78519068
30324838
932322544
617026150
438976136
743893016
575342282
874138286
80050755
11262095
641793088
288384675
575137656
270287123
621017723
44393969
353037135
285047768
944914415
903828725
554630134
526998610
875415850
278728434
906614353
360938490
940350233
912425338
9273436
624154823
143166084
574062940
628215419
820350145
735287554
686792141
519274139
936312855
761066441
540076473
129295374
584297729
870816103
469578005
624154823
653625980
987255427
836021201
775658308
993135101
700295161
939580540
10398967
870985321
255241811
911635349
923655081
78870701
268320342
527987205
638197906
155353240
302089682
661541944
786537409
282601072
601785598
782186485
469578005
6579432
342820174
938018794
900227299
261003821
110892113
856879102
501216606
97751748
532110883
411726123
950972587
478525758
68171177
940368820
896257273
838269079
238615070
302481388
367036844
810039104
536457486
184994118
662664945
26383706
678080316
129086388
358086576
724967772
536457486
532252079
613708743
195628831
134886318
877332143
359999249
969121128
147451553
960329463
927422798
82561026
26721164
822121471
29688705
598209362
939580540
37630753
805966429
740813209
372626656
42974666
715691178
683478165
906042377
412444011
630717220
472074454
592262539
777730000
179875978
930235862
390078861
89917811
538124986
141852680
953054341
880850755
379823174
782261505
185270450
918158701
323285852
481292401
539173219
153433169
946013228
544479684
627816037
447025248
670792693
271901966
899346020
575503801
871029610
385188465
424092188
513965591
737701481
370809434
906958642
682046920
21555946
782048562
577251667
366384814
633465535
419238506
475636624
785625667
698131663
912569211
312092957
481962888
614211417
233058426
433767535
459311315
665919972
43420468
31173925
662220401
628215419
527193448
870924230
851069175
978887221
467495428
762438394
270287123
911083629
345189630
318514623
132308732
354003006
90104686
872688185
54417711
305818117
465082475
69533297
679526219
915695208
218968776
846334176
223724577
774225483
884833965
600289997
546682615
525241675
141852680
704797467
603088054
977055578
652453008
664026365
119322136
3335585
189265719
749812676
355051983
589855407
75323922
962441923
559306352
162777759
178735131
852780540
359414182
194509590
517341271
43982359
60898446
828124723
521350740
930820106
192510436
359999249
738946620
909974815
474766124
441568369
717168332
621157286
189265719
716569472
44393969
914956922
946013228
836021201
783208442
656911786
416677529
546783045
432048628
982218105
585174119
837719771
881884186
780925505
743578523
4063656
940350233
426683838
226129171
181617702
707822761
830788146
182966515
181784940
828353464
293449783
360551845
847100523
421382968
583329235
514845086
161570079
538568392
491661791
509117703
47319842
205650834
391953312
729178233
304558294
378169984
167747248
323986696
157584765
135038456
297982187
324857226
929454894
559421987
716639468
311991679
132308732
383343990
121695471
241046411
415908046
231538280
79072676
997598900
140151084
132257260
874047864
830788146
224695641
556225297
13996904
962441923
595792247
955781170
531033982
360164688
392247138
607456091
365365668
887082963
91510981
487743722
888537319
517709693
15353831
373520343
792106246
546682615
203693601
241046411
931172793
627534179
740791195
369772245
126941885
736864955
365365668
931915285
450636301
290729140
157584765
507264030
321937014
776101459
643559466
163810471
708467405
635136101
883879004
759191969
838186840
693362712
958690116
450636301
724836260
804228501
344938994
582699728
226129171
336741539
49366406
455240925
569669435
385290522
314261227
222919059
308034597
994623621
183998483
425960843
293057886
93042256
693905592
872733847
934568973
808228137
360746778
380993614
57285335
871741448
762438394
652742035
711465036
633744003
664092601
564031896
575295315
484158133
780925505
259800279
424474028
547056548
149732897
392247138
775387450
293679879
817355594
551387121
173824216
751814495
762194572
135257191
380993614
173824216
250738265
901015434
810150063
99574338
732136536
905786687
783208442
6318246
205688680
252376804
219980904
728701493
355051983
114258783
17833794
657102763
362843081
246996048
983143181
672317134
62919196
974187093
768710165
648000110
163810471
85512663
648670137
405472942
114258783
966347239
395584295
155353240
814113209
273036979
387968434
362069334
487349460
758902344
658453991
832526026
438205798
588929540
29688705
857623726
92640631
183650370
604929260
515202326
932364158
959477513
3542873
545876696
542394317
137875480
972103030
462015384
540253436
284601026
230612208
52930909
535845185
717168332
997598900
672806825
977429153
184944879
126382055
810544895
119050670
885692587
850968551
648064034
543999567
482792422
771776720
5739178
684295157
173232074
517544453
659725720
747476322
25099463
87975755
189065461
715691178
998862729
948971935
457861486
668727836
183109250
997598900
498997565
962569374
274244775
276084389
171004980
763531670
244252535
570736782
5757788
777730000
390628525
553945896
575070436
981387801
740791195
507525110
668727836
748948487
215113302
88135730
255161425
843012843
807927196
953365064
96072699
519289126
896302045
117084563
957148562
131658749
730203614
347038153
249490912
628831906
81334869
852780540
826234819
906144318
534799438
520846144
359627462
259800279
284601026
922036185
621337961
838326835
533025466
731156056
284601026
638670575
891761731
975886752
293679879
152017328
680590672
41158359
676834100
133731996
606220143
645893508
882354503
891925189
307872547
587314306
818444037
988142329
272440956
340503160
173824216
917158581
585427049
294135730
233660904
534510362
134279848
731835918
231461901
735287554
353393600
633673419
613625365
754513505
72557579
890409469
276441145
47412193
51546902
923747344
950972587
980477899
113088441
920779858
220774636
200319292
360759842
64900542
922747073
964961662
86409577
893888248
345625312
58307773
769154011
15353831
544097716
356546828
507695798
787937684
610419164
694073925
42460578
43982359
879199695
882083968
559511104
310273614
236839660
736054980
674456529
114346690
650761296
27197824
123510588
241532564
83323307
864162142
390628525
655884716
639092283
86351822
759668942
558048297
54129778
413324885
821534876
362546437
703355539
605356131
694354775
681604574
736054980
109388252
592181875
828354557
583771179
303632333
607183376
976566698
665919972
359414182
879128189
570257545
905743760
356493414
544922821
229429011
4469382
615604834
690122126
772865069
649164031
533025466
738017440
306666114
115074014
61020859
818706935
569896801
307473066
688795198
72809689
329128328
540076473
238997968
114257278
694670670
1642991
779270939
124630921
740056382
381944476
202844857
236839660
651374997
828733684
682226717
589855407
672463895
205874259
634863110
135257191
664030699
285671528
814113209
276508580
679375429
359627462
601821298
446480777
828337692
26376664
619266712
501216606
226246190
52930909
500944428
266661684
61020859
489023422
272357222
211618973
776413843
318918587
669003440
449185948
814113209
921663752
30260600
656449488
79240814
364056843
85806187
819273422
438976136
293214148
822712404
488837478
529989457
220468813
700802764
125556506
412444011
866540797
688300226
381860232
306552025
681315915
197550424
327988702
943647468
29688705
705482597
92555841
259678488
835609160
121051734
6579432
544315804
803218211
500265960
230612208
1642991
227700991
68171177
638085346
373851235
930190706
306552025
200348049
894174941
892652222
305818117
804228501
161170231
400837810
480101409
798594697
323986696
548441018
311337494
599337441
239242394
658453991
2624978
423736856
798594697
546682615
398521294
484647631
636169122
48126079
737732743
925300526
737504776
559306352
731835918
683814488
738847204
332846901
329504840
532638194
590348611
97847173
325339852
61020859
6476426
247528993
847651340
340503160
655228243
425960843
499268493
255004373
942614066
818807896
363571073
963513066
434958828
952465727
195499655
99270336
143585197
898892673
747158141
430043530
67836895
352538546
99574338
96071138
326864592
234070026
330460631
145207229
635847709
676580831
294554978
558048297
366384814
733311390
783168569
445343840
202635426
713873457
693362712
641691543
613306442
919202179
247383330
579984378
139042180
385290522
806326040
866540797
738847204
654805825
650416649
86507691
638635880
854414276
920779858
548441018
544860475
707318441
52511970
379971106
724912602
236839660
965554967
873943893
782218109
879302118
445343840
650761296
591595109
220518911
948971935
920111223
634863110
472001222
600289997
417421508
392626902
372651943
744661382
102500253
174721972
353037135
545692668
176094991
2781785
726989474
848653270
956009954
306666114
113973922
861888508
74040106
834338700
664092601
795036499
152242590
165126284
509159572
378489843
998862729
614211417
205688680
69533297
291251667
522211900
598097220
994623621
113973922
91848930
14642572
860158996
647312315
669885620
381561567
242471910
922250392
27483853
691249265
385188465
17006104
294554978
890676227
803158391
240718067
145148574
68171177
801752824
649804240
455669860
173223038
98638863
414159375
119070340
280048615
395584295
244288802
462015384
922250392
583011945
434958828
800892110
912425338
533753681
421401047
823096428
743893016
3064145
126620530
548630624
551387121
71171356
449989856
97751748
656911786
948404660
908362837
571313571
559571500
41356961
357754806
455598114
949592835
258382080
859616764
774934622
767414823
557418059
920063046
244252535
957559523
353848890
37630753
191946197
750654098
407518634
849510499
489498438
188201027
288092124
430378968
155360776
323387313
694573408
810039104
776101459
506498931
428291290
252657270
373440489
229429011
940350233
473840284
196112131
736726793
547201457
302445268
776101459
893969047
913350355
496230147
724728585
349412533
266464733
856879102
300984313
687612700
709211088
740706833
86351822
232011030
981387801
738847204
25099463
641597062
765200643
621157286
166186811
355051983
517817505
684592182
507916098
202879548
995357856
882354503
837793323
525241675
700802764
822827468
765390566
587687016
597689239
548406164
760917232
989292521
773501192
65136363
87590740
168830284
118631490
733337402
683340270
644626814
919202179
759772946
709211088
476716812
548287022
652998801
939851333
458665278
363571073
598097220
499112252
124630921
67658051
435594186
937333891
218079846
300744278
102955204
81932267
464449594
488666763
179232009
142366784
492204894
54331145
149360101
964764746
499363553
651374997
301939933
259340834
905974606
542570587
284114919
714415329
679375429
232919862
975585652
509159572
544097716
250719057
896954431
762194572
634863110
905621235
211762110
365902491
777730000
873943893
117819161
285671528
557735750
129086388
629963321
417421508
241837317
713873457
75667075
282493218
483200785
962352652
516079487
499268493
803218211
273036979
652998801
146123539
159426509
591595109
819273422
825768742
30078352
891925189
737478179
861888508
674456529
32711589
379823174
503724215
754691127
533978354
457080385
810024452
742817125
65136363
877332143
728979538
935688508
837719771
125544353
977055578
877332143
459130668
328293334
755195310
564711259
455727923
637195296
878846335
669003440
634863110
168771913
664591766
649161834
908362837
219349153
803612501
692052720
54417711
692052720
126460785
43420468
259979014
480101409
868216049
418233300
147451553
801471118
302734924
622418287
564902201
147451553
641962823
176240579
964733946
984539984
786776350
182173067
655884716
760279743
648827955
573184860
941413272
36055761
5739178
912481354
624683236
19784689
716569472
57285335
481962888
910502679
102955204
918927922
739200658
1584701
270557495
424474028
863099454
610657957
510792687
252453124
848843218
514463334
975901820
521537325
97036557
45948346
509117703
330460631
259805180
31093622
629576097
473848520
255161425
706688138
664030699
355051983
450858330
426341333
787808079
956009954
930235862
65136363
922754152
419047709
54054560
53979110
269264282
329655104
54129778
313174985
329504840
75667075
684295157
605356131
172801762
317067402
156200639
259008101
105504401
643559466
664092601
145539234
288617967
974187093
971968083
691865066
288617967
131788612
398521294
325735499
923655081
392626902
702528760
835600949
392689763
737020557
74040106
481876707
599205837
157584765
238296265
985356318
324045913
172801762
731835918
554724420
903615544
638635880
312092957
201295467
35244494
462774538
207383689
203873811
159058017
32711589
628332505
973514755
190788748
414240204
742722070
103383115
577251667
785646890
627534179
408673056
761066441
257097519
979330402
353037135
494687827
817355594
644134587
270649465
938018794
423931938
60898446
864011359
12592308
229298630
300984313
769984245
117819161
996438636
740706833
999604194
918927922
636663238
205874259
54129778
426341333
577251667
203288232
771024494
408372912
86507691
10398967
213620387
261724705
376020223
774237599
191612959
506813187
619266712
587594767
146279693
699119298
583640986
25453422
302734924
134278582
302445268
651728429
525353384
563068602
145101205
207944032
966818676
30260600
24674229
177692672
652998801
166186811
340057675
392247138
634863110
592181875
586772285
190407672
866121645
472652204
676813792
185270450
367592382
224695641
880396841
684592182
629963321
609773048
999411448
186425291
810024452
920111223
15989329
157584765
517709693
807335916
203974641
553239606
542229075
905929425
634239124
629632039
990773603
47319842
987810551
866187029
959710846
598097220
187726137
218486327
715691178
39490714
766384904
241046411
285671528
986503710
749250312
34769135
462015384
875053733
207401328
940576578
179232009
994440254
655228243
625940799
169771102
65552243
191809321
1031112
500265960
414159375
513908373
117084563
272917068
838241941
222630406
171004980
407256233
716725253
162714277
703385930
28769497
940368820
457395028
547056548
144877757
369218214
28382620
515407334
101077238
126382055
882092362
851070650
372801226
832526026
747080994
156927312
995161620
940649987
768433143
905929425
783168569
1209298
99563754
152233568
178305886
920051286
682046920
292716473
646850221
831396443
601700191
692507048
116661487
740696430
942779405
403297724
754658296
758678603
392228729
813396319
364519620
718086030
195628831
54129778
981387801
626942187
981226359
36761128
673389060
58892532
510220697
364963850
122747417
952435734
448570480
759556643
567553493
397315124
814389492
327307941
810039104
587314306
811736443
145539234
774038649
241837317
565547604
387180737
478102720
461922808
499268493
78617849
629576097
767813383
666770833
758254978
738917822
953763849
563618022
342518001
661970282
769577197
823096428
13996904
187998938
438976136
971507449
997598900
153433169
456285457
86507691
655235544
53979110
15353831
941413272
137215777
345726080
588929540
539603498
777730000
45948346
345564199
941431679
938231374
730716693
838313415
485356836
119070340
98502737
825695543
724587097
835600949
828841343
149732897
587594767
250848080
591595109
551139013
184944879
695232140
837048840
814775532
976566698
93210146
747476322
770703800
599411846
936263198
803612501
86770739
927422798
682349
189217196
306552025
673389060
575295315
53979110
586772285
365146295
463046705
338216474
756177095
147451553
592181875
828104843
728701493
215626754
93042256
694854115
499526898
689953644
439773729
123921232
716639468
3335585
829581109
510285080
859341188
448416703
607456091
637105417
846575692
173232074
450636301
344399724
92555841
543999567
464000826
699119298
469390304
19784689
453130634
362546437
692592037
981226359
236785324
521106330
160731645
957559523
215626754
773501192
973028304
650761296
729178233
822041788
775387450
637105417
706248239
366498547
853481265
735424404
818444037
136732728
940368820
273230016
975585652
772960908
170975816
370083697
448989818
378489843
132257260
609773048
962290844
663739177
327307941
445225889
682046920
595906475
311991679
724205960
346056189
953763849
828841343
724728585
24191862
330362434
825695543
798200151
742464480
252376804
587647383
996244420
671512549
881149998
605447752
451515899
540678420
392228729
944914415
898103583
4469382
477876068
881149998
818807896
242866358
724912602
728007200
971507449
309420982
747476322
653591041
123921232
645893508
352538546
295678941
628332505
662220401
66781048
112071836
230228736
288617967
825695543
940368820
93406378
819458170
324260481
167747248
321883944
956900594
196112131
673389060
199252289
64725635
139403131
407490485
27483853
206624627
190832091
159365348
78789069
152242590
350516944
389446163
866958670
872738592
729178233
589543631
670981970
628965164
958418666
484293690
515158410
234929478
5230393
693905592
131686187
246996048
478525758
701864962
40681347
709275970
482197093
853481265
709211088
159058017
497380719
953365064
891761731
828921661
293449783
409183940
570736782
633744003
882083968
682226717
999411448
3606447
635212079
481876707
891929414
645604428
226246190
647477501
825768742
985348110
987255427
737318179
172412287
285671528
586660021
288343961
205679191
140215991
175283304
970916578
649094222
352630373
606724928
507916098
420212894
674933010
595147937
601785598
358571261
327516586
265015742
932510003
760115208
279186956
296863176
322480676
944914415
678934853
786537409
563573281
182966515
226227121
877647369
189847139
653401759
629963321
188069827
758902344
828354557
650364942
500265960
315245967
808388698
531389020
683814488
843636459
470627845
3606447
411854713
942779405
515202326
310872697
539000576
911382458
695232140
178868686
319122915
413324885
551439639
827524308
606491033
939277036
696952277
521106330
116622833
84163685
172801762
459130668
1584701
126367343
929083297
201177035
462177301
52930909
566166780
161565298
115074014
923747344
360938490
740696430
29557328
327307941
313628185
250929479
838714096
888537319
648299906
225032378
807927196
675122893
281194363
606271766
838313415
200709369
310872697
94295008
548287022
782177271
365365668
508617326
690122126
596628732
936312855
278109556
282668679
429072780
15714688
131686187
255004373
418713404
648064034
655225697
234655533
646501219
35847132
423931938
874092250
921087706
417996613
65552243
355159984
490616413
693905592
119438861
327543378
641691543
740196158
179232009
650416649
616595758
291251667
583329235
254018396
241046411
759772946
921755437
896954431
168748365
406731716
205650834
241316334
387180737
652453008
350498013
469578005
363828875
125604953
553467527
659725720
413833024
176240579
981387801
515257235
246356478
323017690
683340270
304558294
96565878
187726137
821286801
979038189
813657091
964372627
344838066
544097716
143837065
254688256
962535962
540678420
798823491
454829124
161170231
750654098
587314306
355281279
55295313
985348110
125727351
318933432
25453422
178868686
318933432
379971106
515407334
810544895
630552743
96222591
670792693
123857181
679375429
999411448
745226219
312092957
689953644
606491033
506388685
706248239
101077238
821672658
469578005
15353831
542394317
933860230
879128189
137272737
844435827
262165866
904407833
252657270
169774371
819458170
478102720
195499655
936550344
774038649
428291290
88372059
507916098
129792916
691865066
227985439
92385232
122115498
407490485
982218105
252453124
451515899
575700224
964372627
691865066
112011402
418254929
40761647
74040106
324045913
276140299
999223727
449658637
241532564
611012206
27483853
675442927
683340270
543999567
941431679
218309780
744661382
971358789
898363495
489971410
173031442
421401047
756177095
722207843
423210025
612495590
870816103
578919612
848917371
233529823
876709307
161170231
92285905
185516823
557016414
658453991
521350740
737515816
622418287
733311390
372626656
134278582
543756897
705626072
477555456
509105139
977530808
368632044
139403131
905929425
726482027
483939858
730879688
995917032
724062953
246765955
182976218
904235684
658296924
655347759
449658637
273133111
927422798
782218109
433144109
92385232
544922821
620210111
300586981
811736443
181617702
562999872
407754762
185516823
810893977
156927312
474766124
570702295
178868686
37630753
47747669
716725253
364521553
270649465
944265368
696824360
862951491
160731645
995917032
944265368
664591766
287556800
944914415
482197093
513328778
413776364
861888508
905203052
920063046
416677529
144244835
186659963
288617967
267597624
79072676
273133111
737318179
370033102
494922905
562732517
467133956
737318179
902693205
338216474
648064034
418254929
844488868
83758557
159058017
196112131
113973922
728979538
597689239
423451608
477876068
372651943
518232945
212716861
774038649
542394317
70751374
476716812
126367343
40761647
344824523
768710165
18334106
18614664
814389492
283432488
153433169
464000826
246996048
871957629
662220401
912601147
96222591
767727182
558048297
259805180
168748365
28769497
449115938
624983046
749005583
302445268
398521294
455669860
459130668
178305886
35245475
992802602
377955950
181617702
702586347
843636459
551387121
301768987
10378758
283432488
25238143
626798961
84303547
130776494
964372627
842364616
27709085
222919059
237533239
949592835
266464733
937333891
669212775
61020859
207383689
586294431
24756088
944914415
89823396
201267740
791193001
185942101
619753610
352538546
953763849
854035787
444062044
672604260
369772245
586660021
248900009
952435734
290729140
605447752
4831016
844663562
629551137
119250075
526528340
430016003
659725720
293768770
737318179
818706935
428291290
929454894
123326324
305818117
81932267
476716812
546682615
587594767
576728262
891929414
143837065
748948487
353848890
726603545
735639509
724836260
838714096
36055761
919202179
692342145
219349153
822121471
430510406
470402649
18334106
737504776
771261109
449658637
702172995
293679879
548406164
734772689
300744278
518232945
132308732
362194133
828354557
547552598
740575732
692342145
256177252
565410072
545535413
328726908
919195021
429900458
252376804
989540781
563225477
14075611
559421987
808750452
34541460
83758557
50621809
822827468
354003006
481876707
768710165
38565145
996244420
730495099
145148574
354003006
70751374
14302825
970916578
383911375
213384504
843636459
568955729
535086248
864124292
753094350
919202179
542394317
418298824
604465621
488357907
825768742
252376804
339926293
328881091
129086388
193740059
876709307
999411448
900036656
570736782
939851333
552719699
9315974
380395140
494687827
334317858
833527801
845730345
702586347
742175654
891925189
473840284
484303150
591646524
355159984
165348035
986933186
123155913
454693141
210581646
176240579
996433699
88135730
953365064
645604428
847180726
62012296
809073104
218674076
15353831
17833794
979761574
548630624
979553398
145101205
102887072
276140299
387968434
731230326
641201229
458047644
475604154
403297724
210339805
497944524
201295467
668727836
27197824
391728120
671360656
549268512
345564199
495205214
785571841
693905592
706168138
995161620
547552598
822827468
641597062
472074454
185270450
560530701
644953409
411854713
70569895
3606447
709211088
95106293
476911572
276140299
347047544
954697106
183859945
259292870
664591766
929083297
676785815
136732728
328726908
510220697
513367648
462060171
898892673
138043310
601259140
70569895
443172894
207383689
276084389
637105417
407902778
668727836
293057886
462015384
144208543
444062044
315245967
176610822
239382955
786776350
899695731
392228729
874092250
17833794
126382055
459130668
284151575
543999567
335775765
72908371
871943030
759636226
273036979
329655104
462015384
37630753
45948346
306469392
603088054
151028669
195628831
6476426
408673056
635865002
163810471
129792916
200319292
439773729
35245475
289107225
726482027
986933186
698249139
655313517
730658133
198599511
248479670
929083297
954697106
520847280
651374997
117421712
255161425
672463895
977446357
116622833
47048229
737478179
400837810
41258605
981387801
626798961
201295467
866958670
47747669
624154823
631968670
56425253
743542218
56425253
519274139
759556643
759636226
962290844
680062587
570516670
544860475
979330402
699346712
767435748
353037135
403297724
706066258
506498931
570736782
392228729
448416703
946167891
652998801
507916098
160731645
742029453
19582325
724205960
560383007
297425678
307799066
368632044
169774371
270484090
135038456
2624978
272526563
853135784
293057886
929530870
760279743
443172894
990742435
906042377
479478246
840316941
518415242
234655533
682718535
354003006
181617702
989540781
135038456
329128328
638085346
273133111
288092124
376908773
272684001
406328185
360551845
550407271
4831016
750654098
185270450
586294431
641691543
99549599
591595109
286501318
355051983
497959164
564031896
353105579
126356601
418758420
90170571
651728429
246020575
459311315
254018396
604465621
779655642
449115938
549268512
405472942
373243942
641962823
619734351
536457486
439773729
103227467
256878103
680062587
381941070
999389621
885644782
560530701
254330584
717168332
152346543
267597624
67836895
16313826
560383007
646850221
670554492
567553493
584131469
171923766
637105417
583640986
171923766
365365668
817637872
536457486
737020557
95106293
548406164
925423584
588598999
521106330
709211088
898984983
20244384
654805825
736726793
702172995
510285080
715691178
20244384
923959586
658296924
766384904
756110954
604929260
497944524
635136101
93042256
59686143
355281279
292917803
297239987
646190770
905621235
514676901
962535962
759772946
658296924
137215777
559571500
759636226
685940058
303938655
226296436
237533239
327396816
853926068
254688256
740575732
153433169
489971410
946167891
129792916
816578452
821534876
654108704
785646890
613127660
586660021
548630624
255161425
520383376
871058954
433144109
381941070
122115498
531389020
444062044
484303150
959204744
959891688
372801226
540678420
210447212
840316941
24124658
575295315
141125891
937488617
212716861
182087116
366384814
615111148
869923022
882996693
234929478
706168138
202844857
376908773
45382305
296863176
140151084
372651943
141376530
564902201
288092124
520383376
933860230
742029453
817340774
24756088
223686663
866958670
403165106
871675489
413833024
514463334
818444037
52456333
952435734
629551137
8969997
498751463
624983046
535521283
205679191
837719771
257097519
484293690
544860475
229429011
347047544
544097716
749005583
886733640
235460797
515202326
179875978
705786310
831396443
254688256
586660021
369071379
138043310
162777759
788902673
574292817
785646890
776271579
34976043
245662998
648670137
270649465
951324765
283432488
833064524
748948487
484293690
521106330
189217196
862951491
190788748
291251667
939851333
495205214
107184006
288538640
131686187
755075683
248340615
900432528
247383330
232919862
762595965
126209082
847180726
416024765
330362434
203288232
172812729
476716812
449185948
35851975
429910292
785571841
662664945
101192843
518232945
126151520
586660021
813211207
284151575
444062044
497959164
34541460
167747248
541406399
767813383
604465621
807927196
683340270
414821974
639946966
168408718
674377471
81932267
462060171
77078517
664591766
939851333
226547640
423210025
567553493
994623621
181617702
426837637
226246190
184875703
809073104
670792693
127492567
430510406
323017690
655347759
328881091
628332505
38565145
601821298
797399192
979553398
726482027
668727836
411726123
546682615
822121471
255161425
700295161
114346690
394331323
288831206
774936787
717907336
700295161
253169935
412835570
564031896
90170571
259292870
291251667
227700991
945562005
642569302
673554517
658453991
205939002
59686143
792106246
953486556
462015384
78617849
543756897
291251667
937488617
905929425
791193001
185925526
310273614
172801762
328881091
802176438
391187174
367592382
698249139
14075611
323208176
650416649
937488617
193740059
548630624
929530870
354003006
114346690
747476322
73065693
992802602
785294519
219349153
847463593
692507048
234655533
255161425
638085346
927422798
611012206
448416703
606491033
392626902
811736443
792106246
178305886
234655533
570516670
797399192
963544490
457692206
717075195
151028669
43657929
362939769
418758420
76581108
6297884
192510436
449115938
995161620
675453502
702172995
846356875
344564756
220468813
38565145
116622833
967447692
92555841
850968551
420789564
303632333
514676901
601259140
738847204
203693601
847463593
185090756
209761384
542751608
8629256
41356961
491658302
672604260
352538546
678934853
445486836
125831477
419047709
163810471
696211244
411726123
628831906
511150534
798200151
992802602
962273658
297239987
267597624
955372625
271596599
316271344
544097716
665919972
955805901
927422798
969212727
962535962
303632333
409183940
54213068
496230147
367397916
27197824
33121201
372651943
123155913
892055102
218486327
363828875
745843130
151028669
699346712
423575605
15353831
311433634
648299906
528038377
223686663
168748365
443352121
754691127
627534179
342820174
62171295
15353831
6297884
342518001
407256233
378327073
810039104
871058954
475604154
373243942
517544453
