4505
40091682
22470697
573005333
194693856
239178535
526145059
637512347
119082991
570414703
693141393
624883152
136636724
94598352
346687163
342898518
515965393
18025813
27827005
255198783
111865210
398461884
6866054
313990039
513259258
754526968
332524634
890087128
209138350
515347376
115175249
452502643
295530760
437084351
534147414
91702350
695666445
323673010
855560744
397428801
515081944
96034125
515045852
610215576
205488149
222557702
327756121
291297428
506538630
891387016
359916762
333853418
342279298
93765682
679443056
102306370
883501425
342371222
9820286
805884857
908464209
214309114
658884667
558303583
957603892
673515226
606792243
762949818
574485184
857705060
822564038
414647618
716609709
72640506
381736104
841754339
93153355
523996084
610384735
842831486
834763257
42985947
637822921
772958311
223637167
839029615
275312787
37939944
922611317
134465186
112618178
124927677
637830378
681391451
472964142
758015383
992079294
721040309
192567810
701931161
735040823
908875389
827010366
151599326
984900272
985077175
249154869
174691825
336130326
386333977
983683599
776938067
496835946
433115790
974131016
564886520
522316097
981140660
671591983
700927178
722025287
544380767
327809640
751438117
692811703
765322260
920388203
224825945
750250725
983763598
244440579
672026924
673238964
462999869
848442063
537007189
65756704
773887426
273331396
506664194
726943158
697633653
939850921
751788883
669971479
976096735
336154777
884643036
985087353
142212416
500574853
354708775
819597605
404256522
519403696
922354224
44610554
203704931
86531121
359026407
790639849
433078440
707013492
665358257
565981047
892052965
741403321
86247144
580620862
554132317
160132244
925701974
232977772
407113224
247065195
794112190
623296834
470394128
72610555
949559380
701842070
418034259
816702676
37116735
446199121
55270116
60955352
185201950
163242226
494934922
835180736
859483264
385096970
931415872
919817623
680387946
49227710
652926387
517817405
346801110
844896840
496620999
351093221
370406446
910798710
281830931
425355415
811609557
482902058
709493088
94110127
659955102
196831704
180011821
135941212
467860563
101040907
34070574
282472994
532354863
989844448
36463817
494269784
156355172
330413192
36854679
28754347
395854743
540188619
859926505
182528153
594375775
209312640
591917633
358107127
254243017
764113686
977299668
555715180
316874199
516648463
311981583
525477363
543185404
345177215
691213071
721304669
689665953
718438801
913472551
690761165
813072804
413062146
871073630
51088698
146927572
674960548
576647918
814515440
889628534
257013469
733754823
155763471
596536771
808334629
325476361
395472395
264916583
107938700
190060942
105167146
295646212
195693105
997231198
409898249
939048109
255620556
679618872
72968728
673881195
262719013
708984336
738408729
37086652
233825434
351810699
314359717
514737679
160021661
961933444
414055591
447324745
285797428
714231947
293683934
404343619
305569400
297043041
734162783
503284297
347615766
768082302
430365714
830695836
349135825
250674059
362743856
440375025
407573246
908979944
138479307
378593777
700937734
789411111
293909830
27377335
750807271
767136655
298975705
159897685
251941300
866701722
99304462
35900239
364050704
548920695
710367559
101808157
648203447
5750409
382696757
58559918
657527286
292978661
932892770
79151584
74294318
699518680
214849193
616540169
391656277
446555999
702830520
634141041
731579508
773282478
118697365
443856341
749302314
205313450
737268502
832768998
953738535
762158446
172483175
207783880
393920690
616464330
279220104
641831316
502374692
154970559
272969421
521140694
539574379
385341956
724034908
52151823
42600584
887987076
326179762
720398644
278451217
595217374
904184863
775211053
567750832
629869028
479475525
190885463
763097505
821322268
469772957
984894979
150920248
285662018
340776178
919147764
911112281
334277828
179574499
491107557
736745726
802286405
165292901
478864897
577206453
742216986
713801791
197170537
634047007
667206352
615074957
340998578
669070450
654715300
207860542
141276004
561324536
440042505
794578326
255062908
677386382
964583462
941432236
921813482
493889574
850401365
416715501
388848660
221183301
171855782
246851735
895709009
903064454
78309466
968908351
685163375
764322325
67629672
645098572
397321006
818841652
181947387
785436281
155709123
207626169
604005361
123628119
589695062
700822926
197187166
90533832
844889220
565511216
256349447
736079750
724785885
869401649
118887400
7401882
42341479
480106679
495642542
481502693
810413081
481122298
388484670
123369114
883423073
523521993
984420652
940497602
923964063
416609286
429841477
92635831
38186920
637825829
308734470
93219497
455921219
525391537
659057186
354961692
671757487
673322952
812940799
479697256
533770780
396563866
712665913
80208952
164525357
60143085
513937438
867980299
430634108
713027996
685691441
442709942
121869078
796392723
480280232
73554657
766243067
887049429
172803822
499908229
765314975
471209463
17669921
513135988
821344876
812208290
962793621
996149969
39911230
314669204
132725839
848226964
278739685
374634400
320932746
606815239
784911271
324891689
874112054
727913035
996108731
872266667
166466932
362150100
802099150
915030323
884972059
66386409
377596802
91087329
576084278
203518757
695521771
281472877
149576836
12640761
927867920
112024224
996807415
757267495
317847920
79925206
548933941
976411208
602293370
413702531
155949594
798677064
990311699
1188011
477354292
100391909
462026516
995544935
660211526
202872115
739668682
912864615
575184070
131853082
241515893
694680171
770496606
60021718
970138569
144015049
556438382
936340343
606921839
435066347
521377928
511578207
308181125
933945549
207632371
831368134
951334938
906144387
960736810
666707513
673202867
208451761
724566106
824277527
154478537
429628945
874676455
652821011
967365961
897243377
167772647
110264757
518020626
701278130
66340773
416939993
406851706
461450058
133476640
841829166
293633226
31837635
855085193
824446647
293915581
837673146
655219657
889285198
954940677
334159841
334328056
476401436
447018438
294877053
972875495
78774307
914918169
3999976
839396247
472293556
204356235
388877584
359293632
322178297
163200667
144572662
305017931
384255084
275931455
555910193
998019800
656558686
445297760
264914280
685378105
625922673
358601305
61224155
545535989
996500766
450643068
645712091
960002502
896830001
952813965
278351950
224738331
116543303
671256645
208297260
797463191
584254039
912247760
555226372
518767760
439269926
666690127
271763320
257959825
329449169
375059799
385484988
825024984
402665543
246402673
793785883
770069721
96334029
632059800
201386610
532868025
840102264
272986046
756109491
470766035
572370102
995099975
377137252
171372343
307732678
67704459
423719453
113252134
4981819
62215768
94687758
58400407
407928445
981681263
461364342
604329654
690108999
928188931
782811181
395340639
912142890
41276477
457196827
168514983
588649225
330633914
9324734
544893012
128075931
398806027
550031017
662520416
700458989
653574195
210045695
884871546
673639389
880098605
866371324
324482180
674683808
945809252
74981228
115218966
654878012
345865273
520063282
208828154
948942351
542258305
653879747
256941742
681829702
114426628
592666536
292300261
630674535
63785215
102566144
489789190
821289928
160915619
812755451
58551979
303218453
23952276
162314592
722441252
526699470
536671082
252831496
859528178
617719238
729067059
392210016
902210636
915255205
772760815
832230123
759238045
170996583
30737939
358837438
867026691
514154203
953864199
938412803
150596818
55905830
553150376
833376374
134177551
473931325
629606086
41773547
278469110
930851694
289029799
711427270
955247733
622704088
467098755
664552321
284414638
988345326
741173765
529409578
19677305
594000119
187204048
471768802
190960607
28383121
758703608
425413215
19156384
951513642
580705925
73995371
483697070
545952134
179878900
135426146
410710960
853847356
854950837
624163768
57945472
447886905
25346734
103016049
749474733
382305595
509680054
18495399
991507450
456000342
64727067
561242632
352006109
839192691
231226397
845157462
242600705
22946764
684525936
23110629
970288068
922155634
452141502
341821215
195768762
36772807
213789987
116780547
520186920
168503300
933758639
961866402
602594442
397305012
939499240
405817250
792160525
901909303
139261509
370216635
154553109
906373952
299849140
436204860
889124793
111932760
160929557
518876806
976019522
316057945
981837244
313883280
917622448
425223411
296617203
97374818
638753333
126421034
889773685
667951258
275287991
421988822
181968117
809346538
712266322
126052385
343241877
103221143
487387604
800378125
555346287
984980476
573138752
521178860
72494608
636644613
741382988
465771750
10595319
928727733
162594530
706022774
442465307
215269280
370896802
81121005
437412706
560814449
906808415
325512686
582720811
63304550
636860830
268568048
266991045
794757839
774565402
613460928
656590581
698378642
525767491
415818748
699406452
877066410
928723897
704279448
60390511
967437475
868504022
832169565
940296198
735435808
152466466
567835493
159271373
125868118
533715932
565893025
161407053
462204814
622775160
510158931
44211332
484760486
597883163
15972756
669048929
622038161
155494689
663038159
52249929
649539282
872141464
231676740
647615637
208989189
302500802
931886214
251566098
919532375
793473687
128475901
755843711
919933449
497020737
215665765
807960594
548388849
356777118
342965325
338241780
693662200
609547457
417694361
417157056
48329373
764931952
374398465
734569480
941267568
92050600
881249424
477854416
416855704
359166229
852983333
254247185
507218254
587194523
173102837
233627703
118469728
56106704
14323719
315144868
184153519
586431871
63150519
229884971
770825137
178017062
681434163
560396949
69066223
470443896
349387777
616207903
82551688
611545565
308548215
797366778
992461741
227472877
517988418
451645130
862013987
570460665
88662496
893601064
551297476
600883074
835636773
18122272
758723838
321937855
544356026
438633908
515122770
367661084
454692505
959113047
214118102
551665846
663192211
94979186
605922484
681186527
771611594
809699554
925457321
130488224
352462391
965690232
589521798
919929906
790034725
279643256
699078323
773460612
917233588
49175066
83095719
241487801
236054359
605197581
742190705
701108391
325027926
330691823
817457970
948862040
61973581
225842390
443562656
573844620
541374123
375117258
731291013
415532086
798013236
588558152
172260414
161540091
776111744
940905921
304254269
937168566
738712697
520208152
860982664
168329207
237999841
579248936
308455735
507202687
470176202
382837308
212565497
487861957
771443740
795589525
321691024
419807092
179545618
652794344
930435664
410627051
757139389
847196125
297301412
960837819
660523392
938147473
157769354
939207725
290710674
402011669
551243282
994776762
351772543
882142700
863897058
805748624
278448807
966786449
54167733
106239252
244576958
331163887
457608919
673475930
599796554
178045671
95641771
666907311
486220073
98339277
85109541
87929360
403559176
156741099
442405969
369848752
167426540
968488445
234826698
735063414
345471405
795698612
410625859
486984572
415023990
209276979
594328834
239870609
690116167
966465173
70167136
561608888
450507123
611199589
855096394
435979175
949525282
218812452
39665091
49920841
441581264
803626950
662841952
276881469
556948428
459944245
152527562
331518036
523563450
269058253
440488256
30654230
451471634
761536478
98928658
958649406
297073566
158034222
483075623
853161018
30414080
567142772
402528632
595809452
765815594
800801758
794666386
288207083
989346020
821389452
276900376
275718787
391163977
75424530
530541887
47565745
70984010
880414970
871647313
961993191
478371369
136440896
634376747
794965070
330171904
599954388
641481150
991825471
278807352
782493212
478220945
872101321
437885458
649430895
364545341
255189551
99597602
221595291
728323568
752526439
916779470
567453023
188301547
725799323
819248851
303085810
410322180
183451564
692903617
510676090
928272421
625728426
237083770
457302422
760820683
676909661
786547639
408484053
652395399
282746560
203448195
966694973
213062016
77997696
846178493
654700485
595173616
266015361
323391131
445774298
137476259
998789977
276746530
713147358
194257275
59187155
512785839
296713892
303983854
26131310
72757105
708627190
80633734
831912156
697642476
181300751
92649312
523533955
432478071
555765793
183835822
188239103
196521919
459553489
994168373
508133278
107023938
151658422
665235920
97963746
645915861
39125213
803091691
944189699
116864031
394483528
202699016
995202155
794607643
533707626
327565886
4888120
954920602
759771565
999505844
514465469
542385599
309502188
456292907
416738817
835263617
431827193
825067122
557445694
745561900
882921240
765339631
485645411
470557152
959720066
680611101
125256851
799524112
220584164
839010824
256087716
687485957
728184541
592297683
887739041
73317721
477342339
181018674
36102473
916481404
701855711
291253744
259588237
144728371
22615916
337266027
557246997
265115668
180905116
225124371
438525372
170297098
400736339
180017134
326703120
812849367
966251370
168341527
354517715
79302285
641411373
546012986
997502333
74848276
198459869
625307674
250726327
699577000
632902959
386793996
827761633
884464472
628864204
281645433
785208717
350820744
778483407
324919904
200403457
144666480
678907978
620002001
155636409
132003994
976866241
899991923
804550628
311161960
230359469
955208703
506958050
415929995
964914426
749754818
678759628
867971469
307114889
399131167
453529324
218011977
466743471
440450315
883863872
513859949
625619380
244993935
643985148
737547775
70917717
647573066
55649029
746750933
465688899
833172973
419676790
724374299
880336034
42617788
221561119
651895761
464497291
368389652
911040001
233406027
135522186
965752543
913523667
384752559
424617760
627051041
782116736
482317434
597100098
808502383
54187175
715393788
565307352
546201971
167047706
641840087
922195263
542835818
437453919
937377412
195838152
757588645
766511666
802378701
107090998
310194187
794333441
875170388
183443268
239674774
424376686
721358603
973571101
512262610
515637201
925789626
385981922
807321953
663527092
217194877
203050280
644860281
438658389
433076547
220934263
21153380
502637607
240311376
661477068
546594303
419532113
349852347
357948439
763250747
67235117
682651121
105764286
942760864
749846730
413448496
470329113
685514693
656625259
650594829
343456756
304981465
105443846
959803631
92054800
244643613
647201222
554064785
395814049
953485160
516512394
456397188
651280593
898218402
44342371
828347050
983134268
14584393
436510490
87080892
155054706
806803439
630760103
293102278
264829561
90614713
335755707
40669094
246742857
801207778
570193975
217269904
725206605
409498678
816145331
71951500
240080360
550370455
909352952
317619703
267355630
943583612
146177414
229504254
848065063
553446509
660148239
69066790
693536975
846429320
491482874
761011399
367617305
404939007
815002593
453581708
727240615
563134360
226575635
691219700
173436692
631360299
730248723
890068948
350999146
76737064
334289943
104946131
654121388
782095630
129747594
696216557
956173390
104278773
294912906
482024177
987218871
792429061
165864554
868372995
681395142
401328637
734465585
55737114
710304586
420402861
143647258
869723011
263548553
92224124
494194706
398525532
119881146
113852131
249208126
234794266
991869835
484931823
393121906
331540484
717642139
444923331
865911482
688716981
966767873
148232980
28150741
788464286
215248579
360232875
308029621
728467329
918844512
417028071
863996416
484023799
564814919
918794808
462964370
188547563
956380253
164604325
908617721
89920797
19783804
735747655
466397431
29400993
600699118
765413836
21558788
677607005
232106742
771139061
944529866
425685390
310746951
181835032
703425447
149323075
351245963
934320798
598579758
787705313
985570781
115921798
20139430
339388573
205610831
354095328
154091657
212849157
178109541
65603155
3994631
668955768
756734104
416390297
813596801
111178921
652701653
104946173
48085006
881952288
514811643
756745955
735621369
414652857
580147297
249301569
870843456
185616930
248122445
602852894
577659415
864082529
546238333
509986842
773005923
965121613
954237858
162131942
82868544
202056976
290398689
247154631
378745212
816293291
334271312
668894999
868609305
229959538
337678719
444907716
274414031
335557260
313836268
354656720
404736903
392503924
433214861
937030607
312132321
119511675
189107531
902796140
52330415
100086851
974649473
125439716
428837240
926017093
219164289
590267017
259222006
820272716
547441679
391172416
297295256
822237688
605760996
648048899
411222529
841070909
632653612
680033121
499407495
952449761
939014152
597708281
846977717
410453249
809937933
453410562
430122185
919141260
643985604
675152326
485024310
127307974
590432808
52486435
148686883
419606471
344588587
146258953
66017771
468765946
390578225
651905534
294825372
316834975
300745106
177123741
567773816
969088841
492617757
158145298
638510454
252078688
358259088
136529056
583355841
441173151
796260641
992433435
652671288
944489111
441423352
285949550
567889133
149974827
938527154
791989783
850463142
775995410
386944224
631920038
788285023
133088857
880600454
66112834
748262086
6885598
223629724
75680803
45474750
884187350
502556560
617066777
886869469
136795719
693412547
646976772
794847213
153739919
778744839
54244185
534092654
756569307
659886631
492014244
754959635
834179761
626348639
983138560
47706945
964613223
372266208
777872033
942989971
795405737
532593486
453136970
243298904
142709751
80584001
410554327
552361747
2041124
180281031
480382133
148798202
113428440
315063520
984166501
370001529
381562383
240999937
858461949
691774636
863343000
169363090
342894502
47118312
887959703
336927088
970210591
720002098
699047428
972660844
257622072
596758982
27310634
164332745
916076120
442480018
444686120
248580546
809480696
443192248
155248499
216881922
459599142
890865168
860147794
285056298
863168515
522904739
36527201
246450766
64250693
968478769
185111567
742818424
604934326
39772332
69518368
782677540
877042611
593450939
514145835
290342082
25844653
667032376
591682844
844716344
773490348
513979826
253342644
916843613
627728839
912211692
457969924
969974655
924339117
761772636
794841846
336831198
689449247
231272365
6574788
355890735
714829171
259887421
619057535
877823257
284763923
671663264
713080457
592894395
262665212
590475035
415596571
951698212
978744384
169878569
80693696
257669082
812301444
190099962
273013464
20695636
520545410
404953583
857255190
889160576
70331784
105287967
265056515
945524542
189861112
19218134
366318201
654995170
781572294
625068304
634798888
93016502
448376317
248443138
375869204
816787317
955032378
99746706
121836308
512895186
141975855
309646298
272402773
301380591
381911842
779070889
125969878
508647654
839362411
881802753
597273322
384073284
528220665
150475162
827427257
370067849
391320270
184733022
127888574
166292905
857855615
875407083
434889802
709949326
187821749
91449108
794495232
257192083
407789230
21949536
993534551
829328650
105948092
472481674
864280859
416058040
316873157
375685631
226238445
765258068
401299905
933321827
936333246
790066443
117592640
23563532
272813656
138491135
493424097
723778181
717901525
557611459
580527068
255424525
368999462
698812897
851855993
550735382
2870669
407772756
93191063
879422662
396625187
434113806
53457190
497355897
233846355
288605555
174722989
511856701
118598749
859528412
978764485
310162004
351410388
71453974
385874331
413634742
899705888
358763232
716080498
82308492
602660349
958088816
126693919
389941174
275788282
145733103
437763211
484522822
167474683
62117880
834770229
816732163
725181624
750262813
265787053
17889255
533432892
280412002
390355994
647154081
602179686
486900416
963510709
767523092
454618475
691681699
646784844
945736150
280543314
919671917
208276672
484405682
780185462
677162737
85042823
876022567
626220296
579359992
316422699
736523238
865554827
86136512
124939976
649444183
910291542
827406711
374513042
373021461
969964054
757228996
692223565
265578861
160454473
352331839
358189523
990066660
862098627
412083700
499650194
554613166
119030317
717311205
159930635
955168311
390354561
796411525
14385236
860748702
80572560
961819709
373466263
860648245
430493052
641189866
131948945
976781827
667990334
218335325
737441556
176019266
470073633
635956698
702921605
479693025
759124549
968575642
883613790
921756674
151161373
916794697
302022317
358885245
107452145
200636808
544966548
168870492
747158621
91626092
903405767
781396061
676936656
145465085
240813841
493779571
929901838
517802168
553192655
608831301
437783215
233351182
136630387
993444270
124686493
566285027
609687298
757997883
765126810
332716815
590986391
230999216
30168248
271349984
395532510
669901956
688474591
186381718
149700505
887055200
583965770
775900134
234789151
174909603
142968842
934623864
282062552
95540961
811095426
172897897
841820098
344448607
871319017
239812554
588494575
48840601
429010379
786622494
595661829
329612733
741504904
315892448
779639740
484714797
938948052
327945723
457387108
590533633
311981109
67467856
340016732
335756419
604915592
501536308
370540700
613017009
589973117
616777199
223543596
79440830
629407766
408187966
605677994
613598865
859784236
370854609
996637641
278629444
852759018
578997454
150029772
820656038
450769488
303677260
278145295
769246394
584442033
728784345
565933695
269286710
907930421
485710069
480236828
918977797
141754712
23302292
874929278
510194373
968369257
34852000
26119501
524911690
448404492
524011381
873700296
680391449
638737593
997270116
592562239
953837294
189216826
78291504
313387417
19281462
147819569
746090899
812788687
473948310
200963728
561113018
848630383
493069154
902453278
615542981
789167898
751683110
243332345
629984329
765127686
414618913
938632463
172626381
224286332
686885829
232563363
261056336
703341403
185384249
549156559
909560769
547831187
566665431
486706684
405059974
139131563
706991278
276285035
218593014
974129981
691554816
391355567
281622239
841073012
558353861
200810545
743334144
900296084
772796199
503886251
887477392
634704499
626608644
355381166
737122486
794958328
718378864
313763612
879773966
999242659
748140080
58806190
419535402
985130757
167795007
366022255
704342543
804147779
284473421
290511422
876574388
609579671
618817083
111863377
40365702
790289103
272503200
393903277
33478887
977537996
532488519
57022126
801597610
714738437
884577455
473066886
194747545
345320705
305707657
123235510
282587632
374962656
845168446
751975574
489021663
485877715
982090087
218243283
595158283
773725600
267277395
965050603
991807501
334704415
139753604
942940339
885063153
84561343
254579762
730686674
839859641
234764034
380494278
93969219
808825304
375743228
237771872
491820503
668235960
996677336
804151891
968080048
472626996
440454995
37680547
651839176
504864542
620420927
991161998
246782568
443412410
627823618
260845568
273885105
55618113
666987028
116326941
724927254
561363040
251210116
322635451
10130912
511723702
587257460
929810917
577655465
641137497
729008536
341742681
796280801
17092178
548202684
520346123
873178701
955841564
79889211
608790688
379518338
793602601
86253192
294775284
535040110
360655709
351626921
987377812
544150480
616328337
701938358
213321797
327793851
245321489
961288543
284421755
163151639
833178399
695782244
393251043
695573024
536403054
335507482
592910297
412568805
715838119
274311149
336953586
742790346
670671335
194383064
550530932
871444999
626043711
457864942
572288729
778419750
563469619
361263317
100575568
439913608
733747772
590645318
328220732
617937633
930586950
867077775
459358899
830021560
201476658
98016529
172785152
14663912
183049301
895222209
7945761
156119074
184234231
584952747
895023177
192804201
654382550
494442858
688558431
364579220
546046880
665112498
834544766
956980943
747027068
749171655
437564787
67074330
268858498
312286211
755351362
942614729
14148670
432938068
278832802
666915586
55968049
258645691
920708220
428603970
449595472
1240526
202567791
419772632
714347651
287274806
648310607
436951401
632581927
531637810
467593634
621748074
482664589
18457107
600887330
47873449
237494905
845525694
582974525
125581509
545288867
230625581
276492952
330834865
984513849
596834798
289025928
818768437
54878043
904765858
284750743
212653421
450442654
950204799
37714949
361391176
936340618
710209999
991408453
718649354
546353436
992990319
565139835
328434890
706516805
206471505
234960645
682926069
127866984
842922746
482104559
85130953
713426400
467008260
190343549
573752027
987874168
760589469
441183909
295728786
240924145
330274055
99406482
186074025
650208639
315033110
206971938
605471665
686792780
312938677
829573993
562976908
16130292
401531745
588936748
97578739
922351368
541618348
127752295
885182194
795242891
462361532
563306184
788117095
991282040
877463753
156980017
901014918
784136761
103098786
233645370
619860823
382901297
583034921
574247596
632299574
34071860
561323218
992701959
748322387
297633034
17965864
239554301
663773232
378932208
220279369
424332533
236646182
346541334
643207525
582656393
587289568
954701601
215179842
582852360
999245021
799913131
864385467
178504437
304291570
660778686
974625852
457363077
109094854
749927261
463759432
777207077
660804181
982529020
685463796
529885939
707470702
945323523
249230953
1756480
69335605
522519886
63779941
552417044
887110817
153358511
352055994
193448874
348453887
993698411
175979982
981414639
878321005
48589497
739599642
988249607
475448416
762792007
45213099
283706825
701404447
19749044
446824100
12419902
192662853
586344215
684307898
355272229
707700803
215176823
201919926
580140914
810702299
881962064
492056311
212386763
301625510
728440084
484241389
230413322
986420367
755072168
211427743
243552702
505763670
59602147
25944102
320367529
349726991
735671826
338616112
508921923
220062368
687224695
856006270
892821045
521870918
141986245
289687654
912843488
20944912
114902438
969446993
968940756
81325155
804978741
741289278
948367961
208560244
494382468
995540030
337384425
976246481
480958744
143661302
105954483
435228633
569006184
660049952
445765402
102668863
651321185
420499466
763055412
823016331
252533989
864250133
898474828
721514136
460552519
883417143
322618465
126165015
128823504
588208506
609290405
311569163
667506238
152887931
384310782
163602252
589336384
425150187
932936840
250721284
652150523
192098066
369167632
733739060
37394056
513572423
410061723
545055536
306363763
88582521
803235293
856573215
414527037
309044649
434109891
330730364
549100764
295071853
500154346
570367384
536934710
60010607
863537189
372485909
248697257
880070636
273381370
920319084
432897414
425893686
567272230
54392680
140498833
633387314
98308117
664471465
388809859
581796827
865995882
703742755
57051528
259842749
302874493
366533276
999231682
333957498
642632920
913635377
84379076
338558537
50990778
267683281
389284887
296788082
493184660
125768640
732894136
866199763
488876430
6817046
284465048
411021918
424330499
665039934
499009051
997957785
719214848
481626999
592389018
394909212
75162825
611602774
132640481
641079575
646012757
961531202
553610673
681862089
882385869
418178551
869099327
909999882
515794449
401053700
703911603
747142338
83496242
267168333
53883818
331710575
349000697
854676617
874523317
376372131
577754463
471871941
709315544
155098756
627717395
653443807
441942795
375927371
135425015
898902795
261809341
900540869
120560803
763742802
378623052
902305237
941068257
840509966
650342541
617695216
139160879
535415664
472856139
997272223
720889664
485965306
201495232
677130753
541504123
967051781
67553821
891848774
247741819
96521021
906830344
798449717
762133389
667612447
396413977
831361959
359573813
12894594
19173980
199287817
732224169
756719371
227535314
911081694
506969172
346727351
855736559
621189179
804728661
265089877
153559069
267350858
547701757
945634313
140725816
575006919
240857685
242537675
132958993
302012806
53997205
567644646
347870187
391882475
338178478
833678713
14786049
41293680
15235522
264447481
902441726
91954979
523389606
742119597
499270019
940292133
144274535
648301105
122919332
146753324
293880770
392357108
800517483
386370561
834585258
635235770
889648980
883468291
424880325
102599706
204005072
894419619
575082992
260543744
200195266
40955366
799896759
487980333
192428548
393752294
944273118
417033138
659343843
34014289
633195483
852350073
567321759
633625320
438586712
780033212
439756781
155004418
880702390
548619660
947164021
879960582
25173125
81783371
872706899
287417588
993421069
236050738
867813530
939921117
872237769
987411404
954227660
647284326
450016743
276911481
115144547
703483722
603684809
513706476
209021516
742308565
763767686
316883885
337982055
583338089
931561577
263980696
834093320
652415997
741931633
904166493
761624953
939206809
58253520
182497022
252915062
77414619
385978477
895805267
109684655
384660853
874883170
222261641
239816265
585064876
441551998
756861855
190004573
108601307
114653123
177148392
274469752
546547182
827212009
199959435
983295514
758162407
968448218
317061894
268710455
493616733
285569844
718538407
264236729
818499832
948141770
954828050
816343803
246121718
968236579
474031550
493642575
691812265
527515641
765162359
697228666
455921911
372005820
77002461
35545395
558677977
822581773
904570596
143636135
725738716
372067139
676999507
459501816
405161635
670383593
871262021
246724281
917960290
361381182
540192682
438114932
780253797
601273779
390419399
948484388
781806727
646671729
694351794
45887675
492903612
732009169
363053783
787890845
331265415
211707105
359572598
512639011
815951492
456104934
644031010
487759130
323978976
318281684
782854211
586792513
880171483
872929496
271138965
231088590
942377293
703982031
647795367
286383594
926920735
791580364
434708061
939340080
220042957
723899798
860394607
300661554
999908843
343257639
94077160
261338868
765956253
871788846
901803943
183502703
17844509
3798670
299952865
470773776
313039672
610850781
827419037
985349942
57631441
314387686
928265270
999326903
846111837
733894183
764505309
688447067
600963942
132848980
825822229
914603104
427111689
732935122
908796213
258127349
936476791
681830205
557858538
950895551
240113015
66246626
297391538
463691350
394633955
491744581
342578785
78637769
701617446
479337629
453908128
486222614
885640389
482452307
63923049
599630515
530434771
340790663
783689613
711516424
846589818
312914059
794279470
745743346
896517753
623656293
988871493
646255170
529412513
655255889
964251165
225559100
549704535
568380477
623354838
665016857
906398998
760206156
840159715
909668997
443625450
585041236
299731596
962810145
992845557
283386720
528352109
789056258
723475949
439289646
643494901
396972336
795545500
961464753
737077736
85739304
722805343
757352336
753342942
564153179
710772904
594266022
615573953
809780653
97107325
999931776
145418067
183691766
334604534
857353186
712570534
886823556
963532994
312150338
535630498
55400599
426379939
339411531
274703746
375589092
663524589
232174684
653041495
692571155
472638731
274718727
791751299
914290497
127650810
886205842
375190592
716839551
718864588
375585145
903469335
202214225
511275303
67943146
361153385
728255791
451125188
54553159
123856362
734371335
447609072
554553768
935113248
919189689
704967950
502113110
216833768
796426138
339125522
555574353
176581362
147810546
567500039
488227531
495398720
989639038
553914507
914630315
272547243
829883630
985790286
777311756
276522334
118567528
994649495
290630587
523985753
130792707
573233854
925546428
310719727
575694925
405413299
986525125
483499592
862339782
246832502
369483713
473679072
739056227
708974493
673371214
534563846
1903883
820380369
760366399
685338462
767696157
741885264
308400668
444616544
569628649
582678381
646898333
683335126
446059570
642335244
451770163
752613474
772801715
547618599
837193087
495092470
853169302
121326667
284586713
14078041
265449470
921738011
729421002
292440745
499891839
60125132
381641106
27950036
98797984
492033448
536066723
246121501
283511136
663045003
815320355
252920477
476971182
588090985
976627822
948705216
392810480
14070214
173814419
689693124
339174781
391849532
53636306
422793533
582172707
30148089
203261988
865970580
43643298
355380542
933050291
847631235
500794670
58559201
872971101
314733978
345430001
101720268
256461877
866469054
431642502
995834491
325087490
431505061
552833664
167489922
731437247
17248859
634218721
138852357
895936281
100272319
519453347
841216831
416575220
690066182
366482483
944454139
918062823
949937464
785693424
685400862
302072763
704484014
418130353
263161883
56919279
698479258
145883452
951318397
964866359
720895103
251667152
505634657
904511225
959185077
586946204
311927289
674616014
704380647
244824133
631653386
642077703
36943508
652732772
462021486
434365222
629036433
440784390
354880404
309730912
592136325
918129450
496379387
521669666
696947563
903264070
289883834
247476105
275262996
715927235
462917883
728366824
565913250
158843516
184894843
752894022
333084686
129283651
718060300
130239453
65579172
458720605
272918292
829668509
282508418
568118016
153224204
447671462
547771932
346799324
412221953
52040658
529130683
211629967
915118357
314198056
333236473
811650351
691480063
40320106
617214790
536753605
932507783
693649544
43226215
799973324
892817419
261348907
331809265
706761910
961008126
634135851
371537618
351640935
140341859
462803481
205101513
30176952
583323222
638735030
741382633
246659061
392520835
877345914
857090330
146708832
291339693
860714766
466842776
703676588
631772457
464571602
918841714
368524674
14302560
382949208
64874764
813128191
231263825
534015463
269404061
681083188
269812748
981630457
962810034
226568101
608977720
815318973
981202345
553169867
813126541
21057174
797469751
7592082
475196507
439324569
972572899
465295835
308030210
630440467
417663880
904427771
600582520
259569665
262083031
35228987
378025158
755901591
71238099
299672150
948217739
727281338
257463379
710691581
655106679
573001093
645571459
380173142
951826129
348584648
495060835
17953145
302982386
240176516
205579846
640941554
142743240
312177776
164998485
85687362
361146964
893280887
713810186
53350750
697510444
327618360
940998069
803104302
713259002
269270917
12142587
868411407
149328635
765930468
485315409
482976082
729762944
501005073
989468293
173877179
845524592
481058426
192314422
945982210
969717700
527201986
94426455
727007573
183031562
889525822
983446960
784288212
381020388
261855099
851488349
184488212
661417094
295186870
912715341
300174237
687723578
153935714
368640708
892483692
22568415
431699110
391134169
161163122
51695974
617317852
65660153
490258962
976960852
445207060
549765986
170442151
944090436
284456847
531313833
249067516
509615202
753002564
274462005
36134354
936674288
300420190
812637889
426505054
980359109
395303099
632220894
414696647
855222984
805734767
45247854
358575788
523105146
35122239
427504938
686872221
148481642
694487847
573219870
819179933
467004094
686778580
183298088
175640743
398150832
865167659
267777404
682580774
239347727
321373120
47785762
625838459
927067834
212742752
159564662
577340794
585433385
859428744
711796392
134866157
120390372
936810731
856013626
583586320
767728393
489026543
712510597
421940755
596823242
11513392
386762036
729254812
303273965
61879292
957293510
847973186
361439562
448050390
214976784
110000659
292150097
225153524
665412281
208208398
370866305
989124801
627892669
254971562
10420210
289752411
688023787
466844494
935578572
715790614
197106535
274457558
706785230
340734199
840486184
670631701
946249160
722780217
794928507
238399821
594546721
806598860
593612158
876186296
870429777
387352017
460202662
169892867
218849128
223582239
931493177
844764878
941914758
91262657
540265685
670626349
271522145
570202998
705324263
840296746
980737730
199920944
982733621
905569088
26580743
344493205
287845973
772194017
472866467
181809793
115800627
410945522
6536858
983865474
355883151
966635594
688321798
517083995
685917565
345591350
666264980
580746114
626066403
339301624
385094663
212421025
314946046
431242051
400921268
915155736
747255261
490714049
140653829
835605625
132718052
935844237
241923575
324356107
263620939
907493561
629728411
371067977
141480093
303056586
928318616
378643040
272517178
412874551
538838183
947280564
401395925
301168621
459346710
557423451
976407542
909083086
601061958
592896672
770443384
977042221
152674093
745181570
855757068
700143699
464730581
734772786
193869493
793266686
454808539
496832153
745890634
211155421
473988337
980454095
243400696
544781589
576989020
848382885
386832317
432035007
942622838
301954844
72822766
893818983
226546989
481698540
664088754
194692239
316400770
431885566
897448324
138732842
35206156
409153522
492610997
394645025
949295731
344737690
911027431
427624401
484619765
993609597
382028691
729444235
803605220
296883029
776238980
70339603
298769445
994049937
229844570
574129186
115398578
185125844
268455433
405274852
787469081
461344116
122486103
577515131
345218044
825132540
384000609
414793850
257947279
556539818
928011030
89433194
427473949
16524274
790572986
627651144
93230980
173663737
445300581
756577541
483575220
254154522
214858370
479630597
410333747
666342757
500041040
338334369
474134940
355509787
760102500
44089509
737571355
199251507
713163557
584591058
108047859
263276761
598037071
534700125
78375416
119213545
612566129
282365038
720888341
933544056
665447023
800954018
780458440
661485900
464242688
961931146
452476065
885356383
886325808
615766314
58212039
40759904
752190944
666647931
900082034
41297713
362774081
136383209
440811890
50488426
118896477
149744853
173350310
36053
841693326
105608212
848686982
163720176
405584645
328286574
429498267
994466926
888379460
204676640
293584385
284390070
510378660
488624730
199948011
519464290
692890576
298369474
955564831
223855042
121420616
581879280
195230326
993723479
470327008
154795760
590252126
882918232
159698238
484854723
936703064
69690672
454975071
700121821
997964410
183117565
222461970
382670504
469265389
568056083
681774203
81265152
817812336
15225719
192474770
28006582
686759891
787528293
188676258
273512462
747168381
998072011
626059978
889793856
480911847
559594699
221714815
557913082
784610847
165002813
845687304
870047964
552783686
135242026
568997121
179391483
909521426
853727314
102677721
781545310
317246029
955429287
367089747
53937540
735568724
69971664
148226313
949871581
468576920
180517287
967909348
936472396
500929568
779319483
803732901
571845804
848304902
117812687
564809056
628806471
544122357
214779993
609204476
620484960
373820850
791206916
194591668
753766571
691569040
828037422
937017496
98724560
732139002
489569131
173610253
487507947
178202861
920357888
9893193
66915599
904968827
689741929
332164824
605256894
361813321
655267027
887674138
953739635
592229137
922326178
714603970
16479256
392672033
669112045
10879320
11234960
11737819
746526461
706806200
747592750
5740083
404975314
750703250
472396348
756244020
32848286
278300136
183961206
198366587
436648519
855316114
613704076
328366778
944089577
571028157
615766947
454929207
973524562
988452456
37291733
347030858
849568901
215531493
496965548
778138338
422632760
28099678
994281899
607278593
693194069
121799758
820151237
967916347
443933820
415552004
591556324
930427963
557401472
419642916
686924899
703159871
919845606
407648293
482950293
49101463
766981481
673023699
513363260
999232297
295585400
255224526
209218578
455058160
474622134
144650
601255235
314815609
36124794
810786126
334014449
771028068
727779405
43239605
323403439
355186153
280303470
884285487
161796103
161403216
291331153
961596673
379777780
821442680
370114331
423106881
168332648
23297361
242811432
549037147
709343944
294075490
748784262
97240975
152388715
677417795
580037239
167009392
536679966
927927076
595632627
835181414
276917410
422890821
660866852
202532397
719987757
538303868
993211623
930421332
803751653
926149810
894152018
944611775
352942952
241020774
363218472
439969062
165579079
368011304
883419495
613082771
751457670
159510047
810915259
625891816
851084574
623321476
721897736
92727639
488238460
17100837
16285924
563221480
790109439
589393379
834469145
70470646
439901565
973070644
177336872
38794674
337516223
534196129
899470273
686800287
687890688
547337801
34522445
541124884
450991986
339157085
115140196
41877181
355182777
378092450
592280919
784327963
620365165
609966834
818475943
772031231
46451357
110983355
881830539
722854419
784817735
836110206
818936687
188974929
608528353
408179281
699660400
271091593
970030803
368192350
393884384
426394592
94854394
773668962
970489800
292599372
902114599
742090031
315115105
609903641
786325918
368393770
250027674
81461351
407801496
981923533
610853782
538434217
348399297
379909670
631847467
212670759
618250682
301187414
897746275
341042557
699349656
285597716
691819774
230798618
567446627
444171048
585306607
369133506
140481176
997122800
772075739
132191245
701828008
534730206
693343389
224371173
980285815
927799031
545580229
391355148
812295133
101175381
411866644
449515924
725229864
685519271
222920961
769693284
694886553
433280172
993987639
103029178
970017506
714317756
142054165
188439460
29916334
469238847
432155692
457869445
741829913
117524787
161358789
177833879
213384756
301411754
664631897
79347043
854742915
916560713
933264662
821016650
290297470
36788939
727011425
172379392
187870995
633652860
70598222
187050251
56330786
912990911
379323178
199604552
57207808
775222409
466948594
531017831
99664117
545554915
95074009
532040042
728772030
388029035
530757574
549956650
553830923
588152275
963854547
721904594
554565378
280502369
293712079
760452962
406330810
654990702
283294653
874516013
340885441
694764519
973892435
565674587
338443159
353149135
320570236
836382056
906223921
240537531
344119511
183727779
561932919
277730644
293747509
407305648
277118405
430223321
534155806
241604359
970989678
301186970
604824397
991122546
860014900
468724606
76708656
876106131
606547666
7843198
289783145
889611867
16420979
780475688
609519439
940536212
91215927
979509277
124298350
224199513
201043893
102870163
932639490
109104537
296188532
858253779
286798976
948542615
472526448
673743548
155257358
289549164
265633948
259764798
754812678
278277764
345174362
692530144
199405431
530304029
526491396
579090491
326365860
286331595
44346983
519755645
920693123
379585527
600333635
679337447
998544702
797269595
830518988
339849295
642458038
222265991
943484460
23638687
17993723
205833056
972316926
462376020
724726997
475084955
178126805
428370176
58297151
656257862
792178867
948127432
425389798
299240000
574242194
563761382
670581934
966784700
341459167
80734760
755079981
703376578
97978361
764956015
711446830
287612334
675765687
748675633
233702960
541756591
571701471
215165688
758989029
212072777
649215152
637389793
874066355
775043540
651194201
887116062
261702966
850811898
855224959
590104948
406613180
722655037
112535483
22130366
130030279
379027311
179666202
125691496
485297039
990176055
643135387
990697972
613245310
457824915
47744437
750545273
891612594
213861713
84096462
160229919
237464190
903827860
189903044
124500644
466276329
116815957
966787176
899159514
231639597
693550048
952650751
599394086
543324217
183062099
26844864
820051715
118532144
639629346
777144408
654572925
996060648
854775958
273652584
715972791
60820332
310194249
365578758
749743973
105297787
763486635
408199224
783302482
756212742
134075776
292543612
177047004
380407989
655524704
424057923
357437555
885153123
898262070
958058609
261297438
250167454
653921986
772820447
79394037
190560808
508004887
555980250
18727592
434845561
498348061
730777761
693530870
144108090
419945488
362431466
803390775
737536203
189267199
504840029
106347475
566531774
612643918
345167128
687568585
192446809
48183348
899225129
119936553
778315800
309946942
871855895
124308634
856786730
58842058
950397018
150625749
492205551
767795341
243425502
519166759
303587712
633543438
96598661
341602291
304682279
419739944
264886433
605730862
335306978
323521676
383202430
515621602
746573796
664653629
877492694
467133611
914674453
686566930
340668251
893606973
880710029
296054071
681702704
987283676
299052317
526220972
824562544
595325666
238361798
387094212
64149670
296780348
104789311
362896552
508036179
508060398
768709491
326898386
543570284
827647883
122144513
57522578
177634521
416831933
400892091
830802316
51913720
520766147
366522663
900575288
984117527
678705646
294179073
99179617
814400509
603963683
978994103
512225959
639763042
3000156
45584363
73674237
95792242
759147815
704088053
455244331
560188238
391240997
249883743
149022285
621597578
170865804
785015911
301927250
509502384
547124646
361936000
