3186
805158968
50323193
58443552
876446398
638961504
848295149
335373632
710696438
465016142
258637828
961221013
203231054
246269966
376797612
711349334
3113836
875393697
971865958
229997038
92239949
651657083
732238152
370085243
608325568
78954246
208139899
358585169
382803433
694989854
401053630
296232309
752761280
6786196
926643681
854062627
694070160
405152684
39632971
745274953
381070712
978413726
685146485
306593801
785844717
24579864
56530285
235502907
263772726
208016314
502671444
757012456
428287215
569458329
367377632
422793936
790564999
52527548
602173147
665858533
391180737
582107042
558469026
373270734
551003703
693517755
983668390
244243813
568131794
11407082
491017198
646652473
728864851
565527050
998618260
955823885
490571214
549414501
743848259
773147991
892758314
340864062
682580160
140664002
411726754
16510281
888878174
664478636
872781382
539164974
519765128
385269161
981338747
307339273
532843835
169469950
319607927
28220653
157635721
854138919
660544966
363631196
482383639
768548433
30534088
887168721
640894111
521315808
937488944
816935734
941839471
181909995
123638150
309242734
995151337
779467195
833234342
829123276
371741441
9832272
303356480
431265946
124629698
23575004
585582934
195180180
945967049
771338309
394768320
159958890
323000520
536411047
667485611
749882177
697434885
924595152
909297942
434525235
953150168
648024515
246945363
91041482
107711024
837508150
812214412
829891721
127671567
243009555
269821500
998674019
921595913
664653050
527010226
338349890
104655049
620918206
518312338
246995073
679622285
665996004
937860947
476841075
661729445
308131111
2144193
778256090
639839991
57336310
967598972
664579952
399148670
970000884
341993336
954912865
394768327
927034744
226056060
611824335
967908210
987822859
600078499
935340365
869604023
900671468
184465373
891051109
782935006
169403535
988760687
783255826
876517062
364819737
673008239
682011462
381522271
892052966
431226185
606730854
603217456
905353220
152945725
330468297
882498769
773476277
871507166
108264252
468203122
902521585
399245716
952210304
157658707
617113570
406712859
763468491
166201418
147939173
912590850
494342979
338760512
392034192
177621293
382249350
904173492
484467238
21420628
476144933
466552886
429338917
344182657
726173476
811949549
177747257
713958550
25459836
18728210
233312326
228195781
963635866
826463091
155664866
787231766
882409949
124767985
221833687
580664292
90889243
526296066
467157158
33965920
303426845
233200175
176353279
239244045
182156062
216658583
521771339
148991554
741004624
159469163
549010978
773549995
359508055
192601456
155876053
892812233
865520331
946962560
481012965
371683693
159220667
447714825
196006281
410960961
223630117
857217164
891076653
934257471
700174975
577748255
806870766
178660663
740734769
525607916
817671966
406880078
556423448
407346864
134215622
530286458
3791109
252360509
842948639
354150151
369477948
153490936
82969112
890938645
847399414
13568603
611597012
506367767
34033631
41304436
89436457
286672213
123441816
924596836
97450017
546500971
247159606
722146530
209450364
642681544
871339713
674004918
442166829
316959536
948539574
242101054
813906137
985593659
361884038
839624172
574095451
673661651
344151829
490787525
771889219
415626170
490522427
287359971
706421074
355233794
411605062
33489653
8783871
849933458
50564983
617072058
111955189
88804264
787389312
67267210
594956179
854870866
661142284
797360333
67226218
17932787
648329015
480332161
529291715
335910597
233739794
778257848
86066711
226681937
973497121
464555799
173110932
441752312
180902364
693976153
329951647
341169518
230918193
894215626
705456972
336614713
97289984
742684621
840095720
321526070
144411294
828964183
850514544
595266069
191993683
709182065
767237911
369863384
537854428
799107257
123750340
990146392
381542889
460307937
452610193
971393728
760084640
459595311
372965453
632740880
967912728
921571580
862618363
446815899
713054431
73138997
485161553
255745673
963718261
905517021
622721594
130749270
621231567
487799433
885049173
947379793
469146837
981233634
624862579
888463134
870725091
529856551
762377244
794153013
112839244
368678312
471123211
876574560
111238866
329337676
312868526
492778049
927781424
908907788
542331559
581774537
203632529
751532150
360474701
195617218
840461589
758249259
255019308
288164167
819339347
461799265
319136128
976332615
711694546
397734497
803430590
274846213
494341262
81418506
350153228
192799386
843414138
740505676
942718148
744610674
514034936
574318510
111152373
957094603
621094498
811913673
42594786
805209913
149040517
717436107
345630337
376473125
77446177
610554101
848227324
233546313
694840170
846994205
653326900
340976693
630957194
252285741
754906169
14304974
848854812
76268194
844052691
820186569
553222579
800887566
710041341
803695668
262572625
330236054
882328676
584852206
940783344
536966772
114501100
569539882
248905213
823216502
764861483
312893680
667090647
475558525
539483116
674352540
606170197
575555839
694668462
166960733
189732157
962357638
224500515
540300471
444597966
915773999
801373105
646658818
940708151
347310892
593550580
195206888
753209373
915818306
919721530
479656939
179144985
996395596
219072517
898736093
562485304
150545846
211548301
645504357
608486009
235034882
722933820
88294529
516959827
657399367
688875056
609145599
810772524
397847725
148605628
369833218
165668066
99307762
711424999
866998659
501806662
484442600
358537707
871415502
937336221
41421044
89601975
456219393
552242206
498043025
89422190
904387216
210405238
708699851
341940966
982609604
264044102
384869829
983754282
183735863
323652260
601655347
206621689
880437593
342131862
199094752
38727748
901670126
912162458
709667370
524279475
924808334
590874145
677369473
440791841
816515364
725683727
986612460
332889116
321225584
595029821
109841539
78670694
741953669
252358392
828229622
789118583
937996875
610085759
544930820
15595768
806305790
971888776
464227333
576708425
842823853
644075963
790887521
795068156
426073020
444877110
939169559
587455831
325389666
579524615
625587767
739778006
471002924
741203125
264025704
445249192
566666872
977709496
354888035
105947437
215702779
57722364
494381685
411966590
367572796
638678371
530247425
923999205
154037014
460540223
373817596
137230176
875918394
650831068
830639984
824109090
668728491
606044660
142412537
689288467
727909184
330636089
873038923
974017867
733053989
778486478
547165354
3925147
893844826
860185806
770951280
590341636
698812210
343549380
592533386
493558845
76935894
661563697
474913276
543365169
805102784
472711690
815706201
898318207
875050304
272044855
461015115
144149241
605544186
495151638
34262801
865453349
895970662
579853045
586583036
768616639
145794895
732617115
143846641
907095349
6736213
856657856
649848554
476737833
594587243
940183952
214499445
230875379
687730265
98847276
264512051
956387613
627443259
349028904
810976090
722513637
447915776
353612302
95862836
531509438
466352108
589641434
91811998
953322703
48596246
203497085
334472330
216739186
264442859
762116187
683261565
845448630
697312681
262926796
693356561
594895326
566594533
344759966
469801076
158242784
60795141
156840337
289736936
885451751
975827655
35317466
556130625
429206738
153406649
175096481
675856490
166294706
415024830
554967939
412207328
562410320
561020815
299076880
862699317
371177124
140050743
553430606
556279438
548082015
932366742
494317620
96376102
89323874
99914464
381377072
277353161
575293509
776554011
191620770
872791386
261775825
607505828
739214686
647507789
734270086
593708459
421098542
63947309
314307606
252186290
175772494
535217943
439200232
830292498
129611758
965973821
705789846
475145845
284428468
6553189
102826351
500146269
493474871
397775208
49229558
905118876
659081605
396385459
962874721
154123994
833091742
61678793
152516635
13950483
798014710
560610494
869117250
501879574
292713975
152764094
356649513
96834311
645911933
85932164
943173591
876031965
928756312
619909603
172905351
237635813
682791629
920014145
811660582
407210813
807927061
565060119
543388120
190581338
122970077
823127410
909944948
66455170
17424069
772180085
204269059
180740435
627235041
440354517
825847365
955072570
23648059
403785563
682248236
792577789
399600462
111943270
440257118
917090866
864705933
957442662
504474039
511823301
349868506
627036258
67833285
497952630
722497039
108553331
824962378
756424536
881565305
106152519
749135038
154372180
41205847
986183583
140524235
625841828
630638175
348696273
440596175
601312344
497253690
905032006
697877341
775153620
446626820
741109757
520033980
821061712
445800141
805058055
113701222
297318999
679867674
171905289
884677259
433856073
893662308
886160317
355831436
171314393
798590103
599345265
763549056
806519695
249209493
314272134
70489010
483078470
85533361
671041522
139743264
759125679
577639733
981033919
360326398
578698957
948311772
794126473
903811633
431158135
554337112
860784644
172029909
904801754
88194509
819396724
993270456
772792052
40267604
69310772
132531420
992049690
694257529
331028784
893121529
208597875
398571710
978919786
835294712
371087994
833146134
998996856
957873017
87523455
117192298
774180868
26133070
692724007
927526680
871932235
566316542
221820136
431567470
768523167
905775683
305083278
889974579
919317477
141673356
296584377
267854879
275831320
144750972
604718684
37966943
412700100
11327337
893660480
41049106
121894539
993229534
51663743
431773902
556360356
918218265
225856777
811340315
745617239
938564237
109054498
825069046
423535490
174950753
829564386
367720784
271940119
777663472
269683892
684158605
453754011
832232519
191226583
830172166
751019945
310788523
489477856
334601351
367931245
360672528
490357814
628382161
717546026
690491810
873582485
399432473
737197749
531482944
575884684
977386887
801336567
703433980
877811967
489585337
378167406
970746268
257853861
620721981
939601580
678908444
585217162
481824026
985967063
170082346
20735119
108828232
421571880
347619497
217476837
281515827
495915372
900200495
429003158
598077244
485205894
981172614
561107452
471565624
145868523
931026478
979287880
18791407
782533156
475092186
515157244
608304286
373394767
21727215
144613233
791668598
937421471
395175944
158701650
195721242
913291480
281380468
910378783
988836901
441530324
110393782
419163564
460346274
625496320
190831108
585261727
489314706
132706783
418104777
262813685
817465450
696416902
671791652
690149757
72952466
217782302
382534503
244721499
492989671
936537446
425944984
541970055
549502265
619115311
104173811
827018060
932494030
535028958
382348902
411459017
233274077
445663469
451958803
607365235
628677908
788745065
532252626
509874321
154373139
613458037
747646892
440126143
768918511
52119239
685000801
553532780
7566000
622978598
790706147
169128283
855348946
714287602
828175321
122011686
910082504
710220188
211007517
182316726
693727348
255639849
250849086
489607116
394529713
674805683
338185983
605366908
682720458
545341928
734669014
898502317
983610367
239803529
561403502
965853082
752203015
214774508
788141605
117158483
62382985
683163515
685941647
611459645
766829986
272681523
488273393
168028046
1528418
906080038
617082566
196467666
781759566
68726521
66733118
623660649
748154336
730297191
837654970
94607110
62568450
385286588
339157585
345995825
332908183
915996506
694535503
223338438
960382707
183903799
898479280
825046900
544575069
422302557
388004265
578732864
776311444
806693226
68737312
21008895
393000519
797049613
669051439
676185567
925858716
83812239
167841957
546307806
785626794
184705863
721473412
288015697
225864190
734212133
959768964
66016863
447660826
830947880
119107983
408965252
760759537
176645608
788301635
469352975
437353581
395656973
304920947
141024163
608070890
331577045
996524198
702997690
485241016
227864722
998068631
52285981
895017372
16349738
990391731
680107629
326563663
39793302
977505694
343029406
563158526
790261347
390292910
825795702
404839112
65115188
501800558
77524755
112870467
536733501
659675933
338816866
828987640
284689354
455495725
840718505
64341986
766375350
577213380
436510462
589577459
180050676
69216318
801671629
691025296
793446922
160609449
324351061
206419216
48294545
826283335
379605036
186123072
689687990
654403600
100807607
508802786
695709884
305744173
228699315
589975593
353912696
137421694
356051119
711836478
44246228
3605269
552494991
894732991
960454988
435769273
847280139
658619451
833312628
565504868
13923885
158251703
374994032
988902597
336340439
325430060
7078010
895077311
822438715
502754566
729697631
558642152
998985057
702175910
281575682
80377611
923227812
473467873
324096984
20724135
660157237
801851008
286849387
526415213
416233879
373071550
822204120
380926405
551459105
414083021
112306512
512170058
84155519
102290001
968905882
387650889
628280882
664421091
137671055
27713095
565709579
935678095
332472477
116476024
685373620
851699030
308552261
398478152
589040679
862345901
267862942
111300822
519841844
861263356
820361935
392907380
147737600
976409889
714963864
676627241
576509313
853316330
793218506
500386351
810790915
22369694
306616266
5018485
833496741
420228469
179968786
664738333
664493277
473250587
359009456
577624319
207196400
683649073
265794502
8325413
691652219
158994380
40314888
788158541
195937517
584365812
982571585
747672938
982181898
532222246
836390606
375218467
241865833
942957779
710379553
292425811
112519671
277315551
984849727
807108231
536975475
815410211
214457411
822562947
168387055
347193835
177699033
132021438
527139157
895847544
434924227
292882913
332250336
868626559
350571608
641715019
193788063
260356776
143592704
84371856
978811637
472281616
384810425
419563765
484310812
503894727
382870421
149925366
256237981
826378323
854707770
892705729
788828377
478928427
323263072
804745400
489336195
937411133
463543895
497444595
935336740
232279401
341150846
52566716
975947414
574076932
925928397
254651153
751855242
53234774
665648204
679374373
509137410
550209820
757205914
956658143
504540887
715395590
850853735
428501593
42813492
306321978
138382330
860300386
183585049
641824464
593750699
409822717
310574297
676803923
401417834
770207968
850955676
50355782
932906551
266925814
31175390
827128221
606729127
684783325
272466926
219315008
724539750
865115241
448039536
260160396
551651759
938678047
912052955
471005137
167498966
356753595
882270972
611967189
469935038
351963050
243492978
461548879
24832099
952627089
657976111
270637677
175254098
2246084
154346493
465441870
368604460
104594383
207654135
66064521
415012135
770460145
217476619
128307365
450805132
123578780
536322431
509179551
100051770
87401463
492834921
86646631
306110754
496197724
883153718
737057122
720056009
600855258
213388836
577993961
674282697
738463411
874387911
569726153
917007184
101515999
170001800
557762242
920001183
4040328
640532001
278308360
44384652
229595532
763182626
255774661
355298816
70711039
531148400
521269653
80091002
480194982
377465024
786678280
150103947
783605372
72314400
907077923
422807640
746416945
403327855
188045535
331840795
702980262
902481888
851555753
749624482
324727666
31847291
78243553
339232719
928776800
208571292
603424603
925656086
685161199
340149106
673021920
135599106
663496656
284168833
319336878
908773808
559623020
389080353
247189236
726731602
137668188
570754812
453263191
940539821
39593967
349218708
137323120
980186267
127087783
147001019
387958348
857131402
817388732
607453976
543334378
143622652
232977559
23165097
639031745
703155717
438507352
268543292
605388343
116651728
960200017
902502132
794060843
458929946
893278857
468785866
422212460
711679413
961109307
747139338
450996031
999706631
303869012
670072274
53477597
603607176
701957112
523517334
95630834
286862664
801023485
23616415
107779360
36057702
606658158
726940807
615045754
237988506
244189705
744173246
757330441
276829100
47537858
295676168
46643275
647684858
94521918
940776189
716738222
742627830
681071193
58884488
49068058
7030950
762056096
918606185
238480228
283214883
563006424
801538483
729893852
850222362
119242869
473960526
628693952
594723406
301648676
182228086
585112262
9037588
84796481
852258106
70165142
404150741
994965345
577346558
297390414
368098959
337049546
713573625
593274876
433946965
282859254
476538808
572373799
694394058
94797588
398710681
671759175
11635882
766472071
536661585
529186120
64114242
123970917
715902055
822761740
254794483
15903737
869697462
924437478
670003379
995483457
418785775
702477599
26826379
292836464
592657172
658109044
597663514
470566509
696399359
33804438
299775248
84425811
963627737
792423849
805282740
383963119
875966883
797934533
243481439
766598725
205190832
389241208
96890879
347157004
192803625
241437251
897248149
90855469
296924040
117180184
631781559
862901831
680495133
512478947
139829007
231818542
643545484
790910718
870166489
420877672
114003277
527788986
479772265
104420271
536157227
383752413
954812067
220854641
629208774
604382751
977893249
538497363
874462737
548252076
770655121
727158698
336000980
696884389
200836980
124857088
847761707
63869343
788827233
165380245
599638789
224308514
940505759
270256348
17609382
635418667
458616334
988882937
818481189
139123882
31592607
368749130
69058287
140203525
715693783
984355547
487641154
189319571
306000465
464781808
104254899
579672354
826277433
979461503
27116456
558372722
245965265
869543347
154755551
883859128
676404463
556719466
164570085
724497180
314410621
373803704
852611488
488181563
42040056
362755426
823756742
616773797
740991730
162021732
673871459
10729056
314340241
19932012
41801559
379591011
504009485
938401116
131730646
83406108
560821045
914058956
444830694
458120171
86313963
100583813
429377764
118192548
492536739
406923271
244732415
948365329
546814440
743144964
90474428
109200750
219525592
141107427
653549936
364703467
795745443
48799806
875473865
326219054
30494735
920794724
324839750
173114062
438449399
79951063
31663802
552966873
598140871
411169999
546778061
125790543
252681986
842149302
503321467
790872484
135020477
564356011
611341971
922189122
533152289
702891007
591563321
541640709
401190892
339587002
639637604
486236349
594249457
431441943
405854305
850362799
938524563
669242627
469696334
452183829
75352398
574602658
143010976
157664665
930348847
202911434
37441693
197383902
155286103
243690375
309986019
433362423
742513787
73330069
731505887
583321070
659858535
790545385
979608151
122840127
46840950
279363881
74889697
508726106
605333276
90491439
340170089
700967716
9071453
646958218
204487855
185173878
41267539
515055868
13115846
138828445
54176427
98793469
839504791
77466584
902151464
498892342
355418204
610149854
117514527
271013640
490037797
33857877
831932410
754473219
374540630
45206364
832322229
539499119
747751207
558076418
682441316
692812742
64366115
86271180
12138155
620582967
845322921
291092787
686224452
872704549
659475310
221710627
262218109
619155366
526038009
33372030
271764151
117456133
804795174
527156375
718184680
153698625
393022372
910025400
921113114
482580108
853577335
31589020
74074090
984629964
778603894
688410101
516393994
796271645
583569358
720677863
760950463
822808908
456049789
800614283
100001635
1321054
444034776
13215853
144170212
368897799
62717189
584100623
230469187
769625396
617728130
704031588
114467095
39542146
834376348
480078165
499984391
711338948
819180281
70018368
744233811
682075520
650791951
292810356
11327308
773962355
838014890
801811894
969854680
682769673
556649322
330150334
5765103
763545829
24923970
622294459
423707168
391014239
79723515
986510283
295606541
376591873
354841007
661510020
780458730
30350601
804994638
160414830
690558210
8695787
608376860
966449287
815353906
395939276
485668913
705362621
247554412
428404232
676690168
886027639
851892790
272895660
887980208
368523533
86367016
498864380
745371630
533126731
98475634
541829615
364183065
117128434
709121107
362075310
225089517
669020215
467061667
993389337
568757753
611971395
41209930
553005633
233128225
167484337
526172614
767549679
118812444
139452946
671610794
170065948
529099510
824791660
653112857
157415799
109627792
146042551
166926415
879230434
946685979
886247263
838285593
843025397
262228129
447354821
474099031
951217786
399427708
527557822
672275585
328678127
406941917
147263762
248113439
301832711
347881286
58820606
540436816
620036649
572128784
338630579
874108740
338101232
377402086
206027220
384824258
396008617
139520840
5527548
611036835
928876248
351144201
200479798
624041813
841815219
395607762
163888515
213828440
667422885
799311005
55466072
870130884
901092813
454513722
50951965
130086082
354795644
785967053
358325423
479020046
114671291
501856334
799329502
55167868
672334018
669804040
365811440
497107056
296787842
677936410
477480988
39941988
139639069
863985145
714932752
506292326
849378152
848615916
635955564
398749079
436317808
271163791
453711941
563117
126728946
498767185
912454819
560638066
662594273
551253493
698906371
667173698
129870307
607405333
363872469
102374801
379697109
456615322
767961343
91928931
84315971
861665861
529989720
98138578
569718256
483855914
160642094
545152396
145266004
796717359
854804161
869875539
747842329
73889938
15837637
653156987
915547550
756872544
601838820
303618415
510978164
100246783
767289914
232478764
621505763
709966245
505570007
81201859
111798886
83989726
157942593
546946524
543516971
636770314
539341807
16783662
384130196
927947996
442723279
892440072
769619896
396114908
356186816
846094795
595404770
653819110
556501529
222270574
857773841
883002281
741631776
388468473
878453879
284036137
85455252
897286154
298383099
159843134
72973860
942684243
944883639
314918675
385659638
876859161
501795450
739346343
895767073
429005495
289102918
202287439
772371507
946733337
754691027
213811506
144348843
983297090
866660875
531738572
849056896
566234822
617278604
101718380
198218392
647887952
460480041
628888757
651362898
971227166
787618665
91031329
55837693
263616896
504128774
443580793
565389662
93875292
509100656
962840158
772477486
605204909
283145288
28307140
497250458
946493439
880905957
321147505
574727617
460620277
194685138
498449027
397880890
891611332
446082894
345259495
333114507
416675509
357405898
309827043
159073715
693805478
488480623
938510988
117868961
614962570
27070870
560053585
763892666
959549668
53698125
518133614
267115351
147242832
714514905
112144506
815895620
934708731
398286894
719962842
813648707
154059814
317117305
406280267
225147527
192739751
924540055
91341916
500387897
19686759
559327131
600548593
149577975
296816613
149338188
157117122
553102928
666924977
268250788
850557401
658395465
823098866
38263634
606369816
86440667
892623073
179017785
346155441
486979698
51025484
288098543
990804908
799971951
834798612
122265919
609906276
674789031
496352943
530067367
381448714
441650403
626443174
507494875
62136609
711776094
622325272
621467456
474610944
124165962
26168118
239052658
227043411
491936587
49651397
455428286
664560026
691679226
140755871
682030248
713335721
387947619
532543026
708883047
947780647
810228871
101189375
235438436
182989327
98346459
620192540
956718527
332031025
524662728
763190963
170612426
12561842
746899497
389054849
79274891
920580231
648367056
307750743
410328894
197790207
70619392
18850461
63323601
612696886
219431412
460737226
154852967
828991395
720825687
986362605
483165142
164134795
515784906
161881127
927352105
968511627
443797858
389004335
915617822
754163218
717717032
152446924
365503912
55549412
820740759
191810398
245927022
463349912
325860640
111544662
13553994
321022491
443571625
842046138
237095884
904429099
380873738
338221986
284107957
25648349
865204879
273778109
997854332
484890392
772147833
674410701
851713484
185902872
951953021
566997798
658502660
229690604
193118019
200956467
638478774
610951927
887847912
232160498
778380072
680650354
45833852
272532083
232905430
225869801
505196165
896605788
408229870
379172282
262431611
503228776
197417682
363533977
778094922
168789475
867806618
638905359
191636691
51986480
883720335
791402230
554868330
498969923
297296049
344920063
641721945
303531816
221124146
207394860
483023708
832479610
272470265
770442070
704125220
970397676
286765344
952393384
625422548
703393476
691892087
588168994
391912327
506216795
30973439
431063575
933385928
552323742
639169135
981090223
217113367
561783184
602456753
484707174
326982251
313631174
803991910
367246475
446770347
346073065
241900638
758352578
991152692
912332856
877520674
220964994
70726742
807488259
839453546
185552792
737338327
695176497
951453095
751153570
422573422
641850555
697173882
541216405
690957385
235554606
69102651
358761784
495200392
13171245
439425395
934655399
299620799
408961005
755356002
279392208
547693432
74796472
501446522
924702713
203576751
821586539
837139169
138237752
71251284
783724791
627474675
545524730
341354700
99242723
445412798
422568573
804253297
364789448
202415237
470263637
216557837
219513556
113549374
269951467
695715427
375149896
800585236
455642361
286047142
265050362
976085477
360517391
914936320
273543124
313891012
970192657
243246861
642948947
524434808
469890231
469427549
701161736
267140860
387503372
73699573
2280731
761761533
573871856
298114510
378258627
7677023
510426518
600248405
453019343
807434169
543864582
477836266
989121056
310399956
613861532
946632545
635996204
640235567
504882567
112769924
458719613
638884222
634981707
415446926
424602160
541117991
177781824
354662833
561014903
65825987
247787536
545777042
775617303
510094499
523087933
227164872
590065131
723238985
288438424
771144544
996772959
2654186
14695371
656335964
542160885
328878067
163425233
688333871
326592708
634474881
64787576
49502530
691730420
895796967
475600870
433050739
237483587
378802732
197611793
378321297
15535235
7951242
210921030
871990241
226575897
616330225
608555939
971418780
810685312
788334977
268051356
847562094
602036932
921680403
477471609
132483833
414473736
100105137
1799127
714801488
698775040
742977818
877279523
316119676
152795255
891780671
753558050
602883323
128013515
23688393
490414188
51760700
169964140
862712976
497991404
849257252
939361120
743958565
129025122
378705548
129890498
26670921
798175201
874902464
160040766
597567348
555914577
434194689
877722007
579314255
97504238
402199556
740265250
786508858
297504967
879256178
719285320
40894663
530038592
190176870
160313608
791705917
927740304
612328178
703288690
5262102
263417668
499896986
554453037
449560193
285256634
544253910
419902194
320053472
775671463
806403477
9793806
156688203
763724946
913277365
777230308
82480908
684166486
612648844
574028649
52574241
316415140
852495970
909823142
592271294
654545534
140639732
199609402
982907592
83450301
592263411
800358102
548532826
912382605
616021379
901002687
619117636
271368428
536049596
505922383
443812231
899587886
456157741
273011571
423550682
737319036
485035092
920728622
582204712
459085136
490656551
472692757
454088208
767962106
922996622
871177938
108946532
190718750
819713766
683582370
883544746
228855860
94140799
313309142
700129694
873519623
868255007
261163349
938084014
42593079
820706686
490925849
852513917
811801271
854664904
536730030
183950176
752369231
45166110
220329910
342241252
766738203
492135957
7646311
230391110
713151498
112245045
729418251
765934073
197992543
633720955
600704639
518367268
678295092
369429463
613848500
508191777
640959730
733966511
146647602
927285504
594023387
43052122
920165264
27878658
912566913
857174694
173168893
339050014
116827467
109328979
565766586
539983487
222479351
649647510
889614238
249633539
940699666
204188311
455683985
134567358
189047170
800753139
792779793
214016117
395917053
698933050
548582832
194178852
121889935
556280178
338000275
398814328
165549080
996742546
650708981
475108438
772027852
484176136
152507042
764494418
56860849
791358004
477355900
433688633
496522020
952738027
701666042
45431944
656597844
944674548
886220452
205188338
405884870
765723278
302672792
605619933
340637647
302468329
126494984
63541733
364050973
238211240
547563706
886933592
5095727
290256997
646550918
632118201
303996376
284481325
488388060
629294910
9840064
766415616
229014588
71437906
196452323
257343314
579503547
599227155
370733840
595225997
530291844
561972949
581905515
980912013
210433109
475572893
117225963
742962210
885845758
203384742
247971036
15128978
42660070
28655072
137269855
294919188
247669638
134605420
212727269
105362005
378801643
808726561
640436152
874406391
315329848
38641162
618074483
356097037
360559906
571872230
615075972
857094561
814386290
459846823
728970417
972711983
62984071
805320435
652378768
176286759
875111121
173483942
199400461
795178862
763811159
74478158
883463912
243550173
671677234
815391150
792785204
576756673
358128144
725365307
883830746
568510041
265430962
330915490
986155796
573184092
23546990
981436992
135806194
400934000
289650605
689280424
453261272
860345780
875052142
608111905
425197310
841834551
39465921
428564262
801711343
181523838
432414029
698615012
299382794
732273922
585377228
400024255
395399940
875381936
238568841
825248973
502039396
978368871
705132777
522199385
330914310
149198717
258163935
99158370
147211673
849601339
545864053
629103897
423275809
603098460
667929162
67264615
208651893
870655890
873615119
938521444
883133634
337310977
34724361
596207841
275426566
693527746
723017874
85512927
332887702
369226850
765646744
549075734
86451608
714459232
520001565
192301935
824279946
141509298
133334453
82055818
222825401
698312513
475225355
866042937
650422731
209892456
960301148
722629635
534154806
996573561
136383482
227747234
139698886
782854456
209436362
57332613
629541659
664659038
212590791
831001423
360069416
242465303
95344509
814390358
693988278
994543748
8495758
95636005
975450335
58894650
318608433
260252410
889474195
538184130
90810286
942022217
521963798
60947991
103040483
289787703
703891328
468874027
69380546
438555423
121553979
861080929
660869840
813994513
546872713
519308052
884053928
742456654
854077436
138444047
584285302
946112461
350704380
419422996
274609021
792737466
268144453
336780374
976570257
853055985
644061542
65261054
463759006
804376199
311185986
547005353
644392479
135457090
945362323
290092008
497554855
641373468
807084130
105065150
762570588
385441732
897672080
481707558
580567158
207576604
80640593
465526923
567863237
178304700
327589036
199422798
310214697
85345902
174782972
551265604
708855063
826632880
652169586
104607029
859295515
496800309
366111888
290950238
709956688
807747428
818717615
42223344
80997610
412787927
143009914
697450127
400144812
303593950
828201073
907773651
191329906
714643194
793613159
380239306
738852521
330403938
868339205
168760948
654056402
997118081
825374277
41089862
79161859
355791989
224615415
933881512
407567461
221203602
574482751
437841783
997590967
966822109
135077141
703900035
456167113
695887762
124091843
853045778
384446210
989544863
892745067
279823452
998968027
518619430
226761855
902699020
12016226
439150591
625446983
98512837
703669688
18295347
306117983
855312283
744276883
901310594
236148789
684357014
168869309
338690270
717275023
106115123
377932179
443328238
980912388
413338338
403339398
413573772
878860158
844082825
9987230
793983559
408293310
57574911
381252850
915256802
912946904
769599634
512231985
958477011
749217970
251204738
863384860
327157445
146915466
154739075
616729353
16393750
462809453
446350143
276306018
648939098
333204673
12359634
579269924
760499926
360094908
44773452
892316513
468100870
507691754
807939891
812801470
547097367
813737643
642119422
173551093
341358701
775944114
885278875
348103508
863260703
722492551
492202985
362717501
