4570
939993928
313413424
652757657
946196214
37452967
158298094
348324664
759379106
703855649
93094588
82447028
839395220
279951478
826657289
100091669
806620051
399697816
772698776
744155351
388963839
514010414
208859139
689999725
711278665
929834770
338383155
583534009
19198070
305644499
81293545
308637846
523776928
459192116
390268473
720132943
743057525
819663019
346634506
417441316
148375478
839840739
850290327
885256396
129170105
605345082
974563824
3903726
83063272
229418052
227654778
672779431
868159808
256085574
507438699
361674503
706066643
301678779
692246863
536054931
659381574
877446611
93062790
270678981
719884884
912947951
351296451
667123591
64987465
400477990
96830350
733540284
191772551
429292484
309881283
172837304
919234308
286032581
538938897
362122434
67035850
825568606
668593277
627756185
356935031
911237237
421877724
93243884
466295738
88029476
722005084
760711393
193919708
375496506
467766779
567233935
959759668
406183353
149131022
423564931
304573618
394384729
187654332
865218879
857281877
415339268
550165889
251989686
91182005
972108376
19255724
123817426
529778554
359638056
215324640
965843439
902888418
6893819
395608471
619197277
225018943
201134988
135391130
250417121
953012855
663081288
751373450
374261044
172200323
426002131
394983259
882326915
442525168
570002051
597111251
973416941
804091489
316106979
12369680
286589704
644164618
683194162
18076671
692929373
954149175
625055202
579584998
681563623
137719747
573685529
120737499
328806040
757625249
942460723
460548170
187200213
419151703
489493822
435872626
298140661
640470654
646367100
658065385
191601605
162947139
541374949
511007252
130407687
272671721
591397026
573571504
310040046
67541829
776691859
610042956
142773923
430520641
254191050
484830156
901201860
537593945
781758478
388583144
628044000
217552673
681657177
944358314
519734012
201619133
732917850
942167028
719587089
572350823
813849332
662585848
406929035
439551212
204971709
482764478
747242443
280979759
642094464
860370081
812591782
537295013
10046396
128461266
64782053
897973464
343032610
385515732
60748483
278846181
690061594
826621182
607019378
323320829
725053759
148272892
768051606
888362471
288093662
524903759
240608200
236022652
746350204
341913800
718094612
912758570
309854797
7820049
638444411
918305650
866815677
357961508
678479474
13292907
332142059
584001489
332268385
440602428
425050921
196921405
9413670
231998629
727779710
487193694
156636047
359050103
380591140
28017024
236200419
885815319
926251274
680493762
13354330
632549887
452946770
465221530
180101792
675361853
195670484
839209037
399745366
367632883
561281434
118808184
223978641
856314581
529474658
786033546
245645145
761917870
608368927
853256519
181544747
542080219
197473912
300031558
471219320
863444174
656990024
668618868
916991780
470220940
446111004
737394064
551954184
488045616
804507832
266520492
646608496
908444006
232658579
415232946
566170269
843645936
114163542
100406237
709412420
734901797
885880416
447663164
559525389
588718957
80818245
292668722
791138069
354789574
177124170
332857337
265212268
683648834
537172459
648537370
945395864
987811463
958945110
763064566
145716752
731220301
53060589
752235584
260159426
958994916
638588872
35843713
870775950
415639723
322548529
415068307
657113289
591576218
981463846
245310247
78672571
858946489
552618458
376594239
79071521
339575207
538776372
426789556
196854699
978783764
63395150
220908209
746425215
186035527
190827767
505569846
91576757
210163864
741021746
324215958
370559448
234646263
985048245
146594297
618756203
990716260
132529771
147665371
498109794
965782388
726240754
749900683
990615205
224703955
200119070
533722797
736306321
981632188
40110964
177041336
537121398
480784003
890575024
372160121
980554522
88025099
21993791
384888975
142560564
920115536
857813190
188231660
454753266
176734175
114412185
932619610
129062259
480482137
568706628
479767284
490566990
795298804
771595270
275830440
570669322
622443257
54251857
264144572
302368932
60680519
538022220
99513414
640715532
111079887
566354769
992716723
275513511
790240790
433250159
508945217
34579918
705182902
721979624
696192900
451289422
144489949
379784372
44284901
835247847
320840140
176796669
137989406
941344717
318571353
858472097
912192447
230129962
689507437
984943028
759214253
497555610
586236039
685184507
665719709
220004525
546949944
299561585
651189661
516382056
510782629
106205894
230749580
405834436
996212232
503567835
834480797
528950574
193170479
157928007
471070936
956666886
162343932
515955925
468425113
749636640
600739043
722364676
377765903
911263301
489197423
267928453
330382782
387318195
243250109
63797441
569415422
725016217
904478207
554821969
955493753
894057628
692546810
265129604
804073137
796935509
776729736
787176156
153088632
17177297
204395543
304338577
115972981
332971023
775954217
607416332
878967206
307335046
6320082
516822637
46217945
70108060
147854141
915966470
113414449
644559664
676574759
337406686
626842535
717409809
687859042
861690672
555730055
848549764
596281940
10831849
591396335
391945922
82196853
383275821
466073171
304859511
717617877
596266194
406051068
652103237
823227539
142382819
43901572
744689983
436295527
954661406
940291931
756918382
594988313
13950583
892220997
567289424
631090951
703717267
737846490
850950739
743220899
513819470
541452293
453085023
119322611
398744117
748201094
743118409
105150480
995814413
692711280
658674785
801644455
1893962
420612267
649671653
400827771
488972953
677347187
473948299
209354465
310860118
634379479
668874235
569757762
470731798
210131515
717845587
541685148
167537695
711693782
456095905
393825538
337415915
134519605
657506668
707713815
117476521
1272758
6353708
364226967
65169596
397664014
224927437
935814607
133904442
657529284
840399409
312664864
782003310
176534963
620907179
754232192
53670742
841655948
15391108
996220920
470835749
971061841
840515193
33734951
688081858
627709916
173667899
212516285
42105160
80337750
162279150
715171073
966418052
454115520
551460010
399855948
49788026
246168685
671030269
481112716
824169441
1135494
979327080
693353154
628936610
41534597
28326621
761821828
596850524
937332154
175828040
226035580
858396131
761398729
648993283
2985190
941812669
726487082
96236127
432302614
658270116
406989224
527207714
316711152
599684358
834065635
281964036
437702766
938020488
340232910
592271153
666787614
686389375
482518321
757111242
295413153
889637749
547153192
646812772
350842670
586983082
766329250
194514823
412206092
405990033
187834339
715383344
550199835
689396046
440290818
810350159
789604684
608009023
6000492
919800650
170111012
173930352
692709215
361974904
830065214
346879013
658763632
739329447
196145350
146037588
569495045
341061015
897596670
162668840
353075420
240250493
972298940
170330239
340374402
739452545
536648938
8158061
702706653
417943616
891713029
659667895
239078563
804268362
13784735
12314457
300474848
319505061
595886046
691889409
69086068
389264712
938968058
938355857
183146899
483788449
298558658
278385057
480689475
571499280
37418008
84183546
262240481
259054697
818282096
484123164
561322652
96278134
280483669
744144313
241939193
383870835
543859173
31067192
966417741
264931984
531192656
37416243
827365958
721323635
539741532
15062265
453886051
107069363
712239844
281959180
172570743
966704990
970383444
408797348
24772138
231932788
204345903
76050731
838513784
72272745
736973706
185242816
663955504
162228903
340540558
773436596
275439734
473197834
454063353
954358287
820184385
518832482
418989726
742187020
925192670
43576820
580213216
287977624
723519339
903768826
936889915
891711703
385121117
424035614
905844924
649766815
386360826
991116291
357201540
708013564
606761696
945389756
351618376
315425194
668436348
135482963
464457684
191523742
750551444
916065860
29503107
996406398
968385470
811528959
499677641
778198308
980675046
358633065
952877226
985257759
354090956
813630043
615734080
279099697
702299011
124591906
89273656
960982994
638661108
632552445
827521109
281007019
395137881
852708771
445225196
209262109
962308034
989098170
363148391
586166712
212360595
960984673
919004610
316099268
690144772
402602151
309985297
498954683
537058720
914262801
363058424
180998092
89123526
86396184
329844529
534817114
590856747
5497000
330989322
837614203
800233302
601553571
467558628
340566394
520095011
874878300
849963445
825824086
164520001
884967197
594648967
984153153
211440052
403475617
65805303
208157729
501625683
474445722
629564087
294186258
620585035
199562540
863309836
905863137
731415962
963858544
985458000
841488019
417284757
885526258
777577329
884997340
17401698
770449204
352072048
638577833
528192383
295695657
496226532
181205655
722488889
962305722
977648756
111094905
430182198
278633541
274316896
690629077
240664812
233245465
891572473
557758568
474013991
926525947
548010277
631599262
673073543
397682595
831750364
955375642
588454399
196079936
495087021
821468724
365837144
454459120
102295354
828062326
597128108
306033225
287851959
259538718
69586667
163179219
409947759
498469792
554834777
589221004
459945535
522027809
595228686
346834018
239547417
483863805
967447413
511171260
305201539
938160961
988359117
643098098
637392149
864948017
477746603
928176336
588824831
653532612
223379574
293505303
33941376
303802915
941909226
909341180
720650608
446156846
493067670
609419432
826732215
194154742
151168350
299222710
253512403
914471236
716223481
226158263
978659159
759545361
722335347
314815665
171029606
542969100
349687725
150569116
163577660
391585047
589795544
139253476
695555238
82732234
91202558
967092458
703219588
582579439
200820857
846113155
427395406
578694916
861909370
549274487
324543628
418731964
483172483
930891267
266136925
826205566
210244077
388706136
907967985
560340197
292722019
734719257
101163791
932773182
828523109
439388385
325517456
273272589
61488838
110776507
164165090
832067720
916927791
425314216
217251461
273956890
1883546
245091869
247086225
929517794
924386775
23267458
224108335
401664305
408305162
484761012
476130587
373749008
480011051
699303811
871714089
492581559
583600517
266109237
246291133
98561303
582682423
405437953
385563217
685475410
307572918
118374293
127255027
12196925
820273481
125884561
595081156
920293605
368404364
546228490
74562682
907625735
461041646
111838984
209369567
497374870
245009714
875519240
186243407
460055352
395038962
722998394
470894654
714683594
516652055
583167044
622613168
682929112
56754018
637987645
958931903
250403365
455375847
720495283
607375897
343299369
656909196
793320166
191682688
97690766
326104463
657469834
604056648
240534195
756100861
295694409
285763036
720429865
33727804
16826175
766396217
872107832
796879490
181875580
534719600
189474395
185265755
65344902
727496745
602904256
85492775
433994708
63112731
282499017
666825625
119097684
278589845
395634829
379227961
171478501
334355960
501259863
292719843
738518750
295409467
396274982
712788038
163219845
728835686
453059116
499932518
473206681
561219095
278477904
461744411
377851337
992475904
89903788
74061200
892528699
361220198
954181391
537441988
809390854
592402596
141491835
282105612
177438904
352167334
646601128
123858319
353092816
17600367
310294400
996046537
326876229
116118163
591432097
472978697
161312765
31977149
199991006
339242226
179106647
742743851
471524286
578635262
83655842
214822189
617210107
788779766
693365155
655702185
564037637
428872827
563089939
308567194
569770365
322161025
715375647
148622220
846934970
253368270
721836262
559092770
573642567
668609152
276482815
813064081
895581027
287252612
22893808
886670882
820517503
195516704
430941112
728042931
395696836
893341801
591711046
301743671
575953035
906411982
398797055
872146993
603612898
649365643
413917244
933930813
590181902
916777527
288538313
968345736
511936003
544699703
647620456
758853459
875871470
309494088
249524300
10397556
61849004
41158137
127253918
13621204
383364176
622383918
436825596
466088178
79705249
141382559
273996021
21312862
971640985
714745686
961186702
184514111
428261095
887729717
579236544
972712398
371580782
877884014
687601143
438583257
332856772
694277385
867344788
206029889
776866740
745225313
204337516
724400508
795273148
244262567
177344328
123422483
199304080
799507550
302599011
716190757
189367445
220623069
341982447
359473123
241975911
347803856
188269200
188221458
568263507
739030199
846489311
220205964
478834909
342764390
737038568
348804287
618418748
881244804
831000748
43060268
903125209
640932108
696802720
543330537
372746452
511227342
856597293
953781536
790506879
474531823
741842222
319796878
350261728
61395300
135633525
434698500
539931443
890269052
140195141
202753258
319401830
841122131
837272537
651900343
672096668
226237024
551261404
238419578
131330731
89691368
828124143
667459668
231586206
131577480
169685543
841291004
58106419
30832815
333878413
592937785
257902941
420533025
781996700
378892651
100096451
207674997
303948997
825112579
968010303
617475224
20723438
724011015
509500513
130801480
914071791
544301455
496965866
579443354
841348372
80901706
143840337
50321269
802710686
289888250
852818241
613473813
478200386
747460851
365355289
178101897
272514216
869092512
696749163
231233844
569899245
187643391
816359805
112329551
698961697
155042336
546773195
470114662
939140298
949586089
107694467
720635863
754369376
593629269
499851271
232440662
476693711
727784304
390856815
236968300
280217080
692289629
873404676
44392691
198934319
706765328
984736454
242140828
4125886
393037461
297645543
749835113
12510561
575604615
789812814
23806771
810579657
257330841
330985493
680194341
44586009
784893969
352216076
504309823
986510956
431642440
201085492
77675476
993315149
167654187
123996228
35448332
171932476
540699837
18843174
185816163
311178800
362627475
590700155
808685608
962785296
1811030
657547027
178779391
806620985
884550469
155151735
266319711
756098811
853281968
816831327
363853589
749872668
157832574
383763772
970190783
4554067
733791144
256946863
142223698
958443982
703803067
340089616
153152149
918000045
983098458
426858472
148305828
755631748
362898106
432342391
448159853
989009885
392767781
646683951
493519670
820763060
82107512
586068022
146117397
820486393
331133860
906810856
738761335
475327505
115913776
173837907
305611674
59389270
211384501
472557242
826962194
134157714
889632609
431187987
529081928
220992136
571734133
764921225
948303350
430278507
847604935
617713402
907807916
553304421
710952513
487871353
571864910
964630034
83258464
410917837
336223636
670064642
701388981
459165937
471674505
786132282
989672296
147565202
54668557
657498035
328372656
903032724
843241555
878121434
931364444
856274574
57993315
939153679
687131725
504422473
628371097
874736166
380524793
613259332
75138084
261732329
749003498
364613427
998232200
701149587
883557949
251429756
109307421
727988054
199318308
66883000
970263181
178962135
671172708
182830904
838664026
478229933
433600472
132728958
562017877
971582949
201948396
168196543
549252648
570199169
419747618
716111720
824536782
725907956
981678225
272946326
510212117
257820327
344113249
275354524
793471011
709806968
796283216
695170177
276205038
168274998
40840240
541728639
771339203
992141350
317644902
482881414
889149888
792142465
944007277
869922998
486233177
629630707
180367441
119543528
418727638
718540318
813488693
50810406
316181460
96816149
998030541
664301871
457909184
298482401
623120868
430969332
538183519
459589888
964970200
462427166
258503241
96352737
654742297
378703237
407552873
942504041
667648685
394080954
257382783
983275889
360276143
361625982
414052766
74891845
544936395
338259785
35115438
440771366
508752580
460422084
368325867
123253705
201376495
430163791
621843044
431309783
8989365
84913020
18195837
143178091
806659605
555018642
58693741
532544919
728389407
930046219
344885953
651710687
676925562
630721046
267532759
746953659
225862623
49136149
246883172
472474906
417231003
66252832
617928687
266680026
164309521
231985537
96511315
16904785
400225334
321260598
550540097
530268359
971479571
219653491
551848379
52830713
578659911
113145885
480993178
227740312
210368387
559659343
445308170
831789256
469687052
911401689
861706249
622601377
447268156
91924412
287289579
698600114
766304256
397826735
424423641
905090169
841526619
334770845
934728269
861774572
646758370
888191781
836485015
769018611
603980095
912529177
192263003
746278379
700670127
412952319
756822289
742396452
776805763
196432275
559594884
112444260
947352994
314001987
747643220
737180003
508253190
842699186
912333684
696151629
111501627
529278517
180281260
869870403
86093283
589012569
109370136
843279066
197908276
547590491
688193191
519363994
543506296
507561902
198351260
412066432
69371020
169593721
951520273
401407356
452566625
900237590
792926063
416123892
736827263
247698837
364419832
617021759
180594045
572868407
826302014
942315307
492511114
772273139
44489640
880265336
216729319
583358452
122224884
928957787
433374571
275610136
362465199
56273404
272144894
94906483
816471999
204772088
623681822
139794634
789275098
524356575
57990493
549049113
795205132
570195895
703719904
626562061
119017525
11097463
146855138
91322251
643046537
79516301
957045295
11928871
283159054
258214233
211978153
687834286
230454049
757407152
591644615
718388893
353507313
736233817
197340177
833912999
423333635
137017491
538228133
794313778
949877676
708490894
100956597
579668186
785030298
432236525
795181575
398369005
152574540
123461962
447810931
549729262
836214165
458372018
370604137
827758867
74117149
852339493
334552425
426547143
38657248
644705559
28165512
30141480
84001965
606756594
154915057
122546058
661364904
213110418
656043874
204923634
353425608
995708615
243201707
385899931
945454681
242503127
543468851
187010933
908073596
121972217
684608627
83026337
593960098
393828314
974066040
620637942
258164501
595552540
37709157
581647487
203909488
297377490
125209071
834499579
784197921
270180870
971725279
794804828
826876398
126125108
91485588
889213512
502266477
995246028
741649790
483520667
133408394
718478003
508370084
955987683
164447237
984768194
575263007
298040291
625459441
992535622
708957341
412550672
925524023
964749950
779121375
475035159
63089681
384652321
256582715
292180821
113071759
927346133
440504346
190107229
845144085
482540217
186591611
854843766
336054235
614374108
70498158
193764635
829241964
797824451
257113498
62385785
310804519
258769127
893484217
278854132
765842369
933529653
200171798
320358818
838990529
327805068
438241046
792417230
562976259
236365378
746315180
51785079
427901494
772584352
952426722
531198158
143951454
874121057
239638615
415729084
92830802
317890359
262512060
878200409
172748095
418381382
575090518
213834102
545342499
907660711
314114687
111579924
626937427
356478695
130060837
229907179
70088181
618397317
529691978
379633380
462447239
75060343
199131010
878778271
330112854
241362598
945282936
804007662
134254600
656340845
271974761
951869528
319850771
887435294
720636839
782504855
282100291
580187517
446382871
648124186
518968120
539202627
926828468
549568644
972629477
357941148
317556490
443634987
526774035
817683881
84925115
547575450
567199964
208308735
363620094
44973839
810097968
5753895
763226395
134052862
852021843
551451676
466746864
463705228
189917533
491458256
70280303
30599188
639068856
550604454
579922461
285098150
784875174
208026617
651920789
442666883
954399673
908232596
86236419
141673890
305172313
879794489
366674090
558482479
97644610
236711451
237653854
228382982
217302787
632764259
189301515
462326076
705246335
732417198
284927788
3841431
655925872
330054797
84516692
384069905
618573791
757015811
699161513
151528281
41757613
354001931
114364771
157167441
77237006
657713680
143995730
968588177
56990729
77935731
385734230
655474915
843789817
120576009
347645412
777053893
40169487
323381146
709230728
782497770
361044941
574220387
688910429
554990265
183288716
353612949
692137367
281493964
654248695
41658324
219481849
197367411
778318734
984353720
349430367
860460847
49213732
760266319
966175030
43737143
831154274
445392537
724491007
828753910
91438402
368336139
652389328
854181258
612888980
111127053
814365394
444396871
286575484
889045628
609854660
437594930
449225202
549418536
143595126
331512199
902673728
94547543
887059279
565747508
561673608
591559233
545692616
516744795
783548220
72458641
169650671
194302164
131191204
371410666
478827493
834591400
103672668
673581664
178160224
67709079
278295250
772558331
811105578
943490707
436684492
662523448
284873120
87736387
124895457
308981895
227543859
904431489
68783099
936998862
265859563
170615004
7570651
321290468
491834591
840557079
297001109
353947927
691992766
204264104
967481103
66299047
272066121
963035706
847598983
691906376
232582870
668779819
519746314
294559908
369110223
628405519
104854782
692952791
534852145
278863147
700330905
109645553
237331726
38376187
145413223
220760440
946855435
234583212
307409096
720985315
659812066
687487394
812860527
285270048
984179937
728362228
888414692
124173582
151687018
406095851
539097859
939766532
200018033
802904199
5907835
739654985
38762241
945660922
710888272
834014617
342377911
140438314
781188442
267875494
518659397
310794547
343264196
857377429
485758193
787620835
409074829
293757
580860179
488571965
173957642
628459500
145455514
896910071
383961442
871455073
19360392
505421563
905276177
185364179
309215858
287800809
755772774
984166184
766240001
396968596
141753092
563197887
63279987
810204033
587968357
559997671
699408154
361658219
105833298
350463589
896657884
920481217
474048876
456949234
8492209
980274470
815490727
151447995
916591145
62822897
786668233
940157152
565322467
435036843
744280304
417414645
990016535
674152595
394059273
193041795
11461133
953291805
528722265
359193224
845157540
881588590
343765752
925781235
213197260
473013986
319280721
580833833
698827788
952272263
858792100
746871683
500601597
39289247
158458757
390669517
949423052
352206626
588748634
711900361
554689980
754531385
168166368
747017642
365618338
213859780
660905638
98243482
865139047
34738646
969666448
931049780
459602570
396127283
869004629
369079306
459303067
307316441
962486786
743773472
27412673
369336436
155763062
958719343
341720373
367333096
927160804
862894691
709118405
686770635
399433811
650459742
28183634
662146791
182295329
600595763
483636050
636373181
758265468
868574891
449643599
585971453
480036584
344903427
9668197
767212304
622388668
112147820
665485512
728607374
946635172
939238538
353633596
688196552
484833056
885498102
229675163
131016255
757762820
287609276
95031123
59031338
7764726
585491677
890941413
682648053
767916020
675992526
634525031
46150844
768605387
476941304
400933891
668629204
849836705
593290038
282117494
381142851
976567147
494779994
84058514
303739715
400393847
264893352
495441084
139251395
501165284
938826072
264122990
871692518
710729253
177281560
692162486
90432641
373081731
641041289
49977270
760122529
181655960
221889214
756483618
778825475
576171732
391815360
417655749
521673883
925725179
877641996
186150652
591671310
529952164
104524306
473270841
44610103
489916348
884159928
163875969
109111974
284096001
154195414
297569775
484599324
714583688
911504056
782500399
540645648
813459000
174593951
827025155
670466093
518966093
568774464
879519426
14237906
637007829
309372995
993739988
156825488
397191222
286674373
463885879
900443824
560747430
421521878
89406461
360118443
227679922
871602684
967697356
779995311
171169720
777130927
622913628
815045921
887927148
671936219
351220733
640630805
826869079
294010977
601579278
735749080
762946131
907298453
70578311
292448103
813742352
933831105
438436464
706344181
234424467
93944481
15494759
646035049
839828146
797475046
3359263
966838237
534114457
779915187
820544475
581717536
572592455
882487331
976156407
417014069
678574610
44622273
787996256
317514450
149456159
607055118
499123478
435266274
696983531
465529342
521772209
551897092
921435589
395034235
338045913
542122505
413620305
297039073
769083085
296474233
309828102
371351168
946890205
121767695
791256241
244564510
4310512
906402873
259634160
360129138
682833151
668484505
520323512
977528490
433424536
457741958
335960272
914295526
767823964
870124684
280178516
170703034
736248449
139836391
721767730
829341104
146306640
178138124
804697776
648786372
590622888
611610145
592508132
337293286
44405369
188324736
142991930
602611324
72848202
285091384
733752563
416117213
176230325
810829196
657541024
496452822
180301797
201863282
588413354
798346025
207942686
295346708
933897166
943084042
161163062
941487187
949746841
736340128
105899796
971061823
552816880
547762826
214704440
100443296
177943691
11573335
79822643
388236400
614546037
820941324
199766826
492931423
725609870
980504483
833784919
419976270
736542473
382657926
594922376
377011156
557102830
290543896
503340958
607671484
867488409
822007596
8673808
974379141
212380985
270793868
413707621
461395425
515360850
299082355
263541181
209717046
892110396
120084755
962889545
583554336
148502689
540213777
581075151
745369325
993843971
906023684
489277479
388562719
205050163
634483705
657551552
362039278
133116379
71830002
85059100
824318404
504923382
103972194
698500175
972764095
530005586
793399475
797643396
509133362
188198933
989840064
992714616
755023652
125854517
529658203
480543229
462710479
433225726
868412872
429265273
202863138
873793168
399983936
116475492
224142656
528770399
113347951
110908621
350675455
695522225
48430327
204004054
974828650
815650340
431024107
429138228
68433216
125882661
242567252
581874608
460169330
628049273
119296688
930858920
322472
232569528
426481262
229645966
977857213
38915533
730307699
685985896
233349695
13002616
622479768
199114830
956024816
965653708
742023977
153325296
860821319
598402481
687416167
489017614
859732976
380876643
736311303
861160957
2722888
191699185
977135794
278715945
582950370
888842175
104927107
375627661
918833668
2425860
626804620
821474364
16303658
221928269
299758929
890483932
136610434
397798136
154438987
750180646
431974511
613146810
400419430
288291432
93221639
676849434
854214275
334113283
943899541
38972915
688306423
422085612
13427223
902224630
975812874
57892655
243302336
818440741
918630009
916773992
96587128
79629401
150364149
456222792
66545751
525125054
860166562
22438934
580582446
483795026
269232025
627661867
316935678
137263721
178080870
28157557
810159230
556523308
446146954
842509045
122733209
8107285
881619962
175568449
882885102
156708468
810051742
745486338
641189199
975865837
800378067
163819895
465140034
861779704
161691882
646630897
626367619
951586400
931265190
910631253
301623424
954618053
287128002
543287965
523525595
878583578
660456041
67267671
354855148
772796711
950037948
912871716
612510781
731100679
91697232
341405242
348549900
557386411
280670893
31369699
807175628
792893014
426503632
28396028
698656932
342256928
733064105
317031543
218065902
956332147
520055198
950134233
286525625
735805841
716742919
577734588
166455112
582828043
461302704
221883214
400002449
360216651
102866010
848599505
851260351
287003148
424961337
338570009
455700657
456389340
278644855
923406865
757670520
929962657
142487216
436847926
666723037
879418897
600805236
908423962
276525528
779435832
447049161
316937443
61209114
413374454
128634022
20035273
42731396
761156223
378789753
512318619
456178606
593215961
392131234
799904827
793136737
797263969
597610998
191623709
159312413
209634886
402142013
815689164
561298580
174441997
675988659
298026598
722351405
844055819
442855307
625758491
34282882
517578734
397751911
664669617
638639586
963298613
927352802
828560131
740959184
106192819
233417478
749152125
211820162
458970896
52146134
482169762
175064419
677020744
428045254
943148167
861774481
568411690
237924925
282004565
175075679
76439513
850497306
860056266
443738324
348804431
756197164
104324536
40206379
472227285
528811193
269312901
177804113
365007501
880364024
13047722
606924138
786932968
568864151
819331380
681277773
468021552
364950837
723470150
616180739
325692671
798986729
255086997
132871500
597633478
818100921
479710955
679962
695817544
107949860
884220324
158491923
525320220
253421977
351523892
183758611
996128814
348047357
695180702
361276328
166059838
389036073
292641278
761896852
409515871
184394858
552288513
884059983
419084154
710831104
552326248
284000131
269196745
369558431
951340681
339386254
752874076
391421937
882334413
679956995
73200535
272088593
760988723
564264233
358245554
10135569
198125516
539389306
916804152
628240757
430769469
423587366
85095560
108557238
608081728
714503054
257902679
941149377
396529187
68203465
418160428
25001845
105584199
594336034
174128099
389170216
283469986
140022423
954389803
399173411
859411774
841604188
183970312
60535073
668840888
597655126
533621841
222768596
335555009
615855777
487597363
580622432
19916193
599587339
851896236
613928414
168102063
984025238
308877073
295170011
151067610
194584570
12745096
67777238
847215139
892528160
981557391
28149957
129503008
24010152
188698995
243461521
138222459
556519524
796745178
225075093
700837233
106677723
876967994
124280355
606862164
669427143
706614367
558047231
80602121
923239063
714820585
138877410
137589643
825864686
478748363
422757624
251532134
726123298
242567629
341027682
854629693
472432573
475881739
26823861
368711492
456834560
186714741
996754554
719268550
394516315
108307021
387319468
8379040
633183990
366498732
212905533
508302788
710070828
337681660
169738641
663293880
329178890
191992959
712788224
28655892
895513301
456976583
13202777
636280328
905999489
592424252
373412954
102867155
993426746
562339994
6565689
291032141
477587167
35868528
185233182
733008990
155057282
228166305
933729702
361946244
70267113
167162855
97949026
746653777
172888848
309119051
969398870
649067499
863082149
517867694
354869882
655146123
535330443
433737284
420367932
687829246
736382808
963972884
326808828
301061671
455097814
922342009
544005519
680775547
876326789
484328868
778236093
529183619
533485848
106950167
207117251
335527518
125618932
577584171
648698578
350311484
490138036
839252363
363858318
2508260
288805543
268775351
179453327
966913327
521980496
443647106
149907171
319509898
283762405
848217237
27243146
972661368
907708625
460308970
976497401
991951374
801087795
636590673
216869528
615506806
246762589
236100590
861442628
932748140
653219925
459989433
78834638
275427524
387864919
691468284
802248313
715467490
251438161
861320409
387077504
429456448
142595429
377751746
270551694
581260012
285269098
286757631
265811012
410005255
197308780
974065707
841204406
412395335
644173608
627976375
849669614
215802741
90179985
352091494
482962024
940625136
2217550
222413263
361690516
608891689
602531129
888155359
559008344
664072741
675954913
796481876
884405643
799448318
84423945
872884291
266205819
731215458
95772967
884875154
938683752
385147154
367057638
701716095
96656902
422933605
885386404
346451479
738547199
232799938
32353780
1446848
400280943
190818857
227492894
448077232
675019622
463409835
948071066
937139059
348187242
913729261
825713561
173074024
248197874
473628842
34651260
598151237
98038252
946944302
613273690
222630799
439908664
71293915
32052863
861874211
880905770
627413672
647202023
905549232
851316236
328417437
417780935
33456186
106049689
538586712
945007877
901695641
994618500
105171595
846622907
565204728
262218735
834946171
664956856
788129110
133106932
479466115
144919806
779414536
140931104
706181263
386285381
852886581
705014515
145619105
889726327
711527513
782788705
186226512
343954738
81763010
502762323
60403268
881342793
646054422
245379879
173742779
172089411
800622539
720469548
475014151
676377819
528442030
260580391
824428558
808236670
738342749
605045970
668281289
826081232
676190925
265153111
499568069
749841191
382173380
59065817
392520357
930753806
664771167
71020011
721652638
862210756
293052558
690888982
362141945
980510395
748376211
594335832
169964180
771204889
985963655
259819936
865354338
897383482
607596501
742805587
889714918
286956332
616860093
992188362
622443964
713779761
180561874
124128210
625353233
325755201
119517821
450681642
106538278
583687301
425986424
305613320
346456784
683283165
90463315
774207637
719963131
580784219
102151922
213157228
780687650
52518598
931894796
573490207
50868953
124007960
562131886
992840626
726107716
774180096
739919799
664552222
72668061
662655329
458879065
405433807
321854641
676259025
326635166
814709287
484999523
56025883
999502049
680563193
354100776
360079037
442144081
447626510
227820682
717476715
883713137
162921891
272839078
596100234
128275355
428721897
316746413
300451254
435612024
163628420
701719398
417452860
777806473
891025421
653957803
869025
261732258
287894416
812824807
883210521
966791273
351432207
195741855
104933904
597714396
706064125
262401254
620032421
444618440
229327299
535024102
415318314
630456402
970924094
933787998
980123558
60459634
41002303
673720095
74201683
190695027
933586186
72714638
711402784
941711733
852158935
440395302
465560367
29947115
523254869
509822451
55887192
854960414
694311458
99988503
607001765
564270503
907030612
13843016
985669332
921351673
11525619
844565328
491494104
963135957
876400764
514593676
832652120
680782291
496237152
170743150
165592367
624031712
822307714
799918588
481810410
914791866
802703293
424813902
357337677
159363958
608850780
667094291
231388366
866460667
208775584
476285197
643513369
518409605
208842558
804103568
567510410
20430370
843821278
152804871
279733686
936367672
195874717
200808303
180517602
353105661
227769228
850318555
371862410
110332670
173640750
48482286
328563932
528928409
300422398
372653924
315448122
677188226
897901543
479392649
897491644
108819010
940309962
866004160
836998060
648428723
591563516
796985853
460464904
922202245
777419717
481007435
123317507
562357949
14210273
317551688
405589380
990793009
829034499
747511972
396486821
813740301
854341198
184979110
928796469
415881552
567193818
513137575
231527735
816799568
307888437
182186644
101544033
673026866
508319199
734460016
890865310
375162483
66239692
108711120
487025292
456537698
778643430
5955165
114229759
235835555
339342217
939957077
908202108
975029677
55125253
848294411
72889791
571094861
922601248
101100899
785352757
104660257
578623633
578131799
551441282
683558174
291648646
148860788
294511869
931047435
283793695
840071005
989221423
565614595
272765936
427335495
468019032
51209975
433954435
651840636
130910186
512077610
64197844
711837656
529842956
542574515
705355219
184071247
89220632
413336830
692467174
861560165
129517853
46589771
470335844
996779444
452367197
575316782
574373147
475419498
805635536
108708365
703781578
90407112
389224864
516393126
872275368
767465636
959777963
544088966
707697371
344397032
62787589
862960018
110881794
97900304
190353011
585970306
344918444
906629296
51779824
988999521
71248863
342335468
770406188
822641935
766786194
760518143
480274952
893486271
810151474
404285365
689491995
996287097
549090337
908338672
874242608
898600857
540007730
733836838
521877446
296327502
542567983
834493665
653099406
628827420
181983827
501279294
376004593
14181722
818059217
565547631
510787464
395641781
860159051
184085049
726823842
109756843
913193819
773479798
442586817
726882577
329513741
167819669
846936349
36910222
582345827
770522645
981329183
4605470
232056784
397152013
623630823
779496847
717391294
1086887
567656903
160508167
46087944
670631073
271121094
708574076
309000064
518782155
727335711
738020666
650912362
650044299
821473215
817376865
159679743
985363292
445176522
969774949
225622764
576926794
392189974
102528908
382489808
579576439
370029998
802890099
303880897
666732698
170644560
998803338
616915144
660639867
863750640
461153939
399040352
964398456
37665331
898614311
900300795
125723396
444860149
619367729
986278269
924114722
413737667
463214705
216715455
153405678
69454178
14805754
121398029
985698068
963308102
422031028
711972521
803042903
873891099
416526043
981020486
536640524
263075904
865090686
360454797
274113692
753404231
232738561
592662683
680464902
830254967
72660635
243303041
912521818
315935818
945708249
472700611
504469055
13468143
396265753
785548250
200313198
270165961
300686096
205999794
19215156
164583150
877242180
156317996
394828532
545675432
996647827
418862749
79007907
716162808
973895083
411399245
142351690
66254606
917418895
103142906
586766216
966677970
535039000
27617362
309891085
539068511
795570546
674503036
406124064
318391938
466037147
458909072
905436186
567542079
15659751
597912858
28093417
861949261
286876286
6823323
825095566
352146837
365732061
897973768
868522399
598829494
856324177
905306953
392974790
975148164
810311039
793330875
406713152
572625541
589205471
436434607
128463710
480423027
640395836
291898601
355094535
638373308
191333173
925725473
538085428
854099205
480392640
969858949
881675379
434972323
295483810
718748469
345488230
875498272
542765559
463253702
148095041
978387388
738530224
790600896
494833998
817253097
990891024
591743520
847853164
571719374
831487791
764249815
316176268
269944262
639375991
125991496
574875443
362469598
944991018
61355470
8480508
433145434
315729113
72167732
877828627
557635120
804132846
290559291
94340026
138296971
119289380
535359511
640815560
725488201
247843593
890316786
400674084
69433726
763876995
95016808
563635791
531821039
724731208
513941514
84430808
719559064
303067492
246242523
166490341
628451111
386001079
433293014
97025968
944580734
331162996
858751845
709983240
135778101
429709988
281306859
658373580
858695957
115685537
873447228
452285812
193434782
632019355
843346976
46523016
290486146
242322966
125787604
381525542
132908328
625692522
384778120
180986752
67534122
75664962
60024801
135713884
950144471
726202142
176268665
688725394
153623729
507586769
765218650
617670034
962242288
58231043
515582855
86023387
516119550
133050032
687657332
717768837
657370617
795602086
796793480
624516792
851253301
823765003
647301282
475381555
279732151
74262742
897673361
514172358
697226683
22715985
930824859
246450392
466342958
811082142
867350263
748160481
616908852
225031726
273530451
914872817
344279715
882026059
864677454
443997736
861659271
967851919
121882623
828109372
889036700
753268587
251695724
186842870
866316503
101420962
269460244
138315956
404886750
391213771
204829798
692124137
832621707
227500242
712090696
937996185
407862637
781475703
966877329
295089118
520921158
836858061
491108750
948028005
68726670
576123324
137429121
437724401
604439022
864728705
30616093
612590551
200958663
342605609
884657420
733557889
24145577
192099865
768429161
629361132
490469340
427194505
944571462
752439593
925963994
309419268
281079847
480297951
202734802
416193513
17148805
27217607
833474087
405470189
516043341
95313455
300280559
691272855
426328926
786537080
929542517
875961027
557234959
165333144
231817912
406586144
669846950
912047257
290100458
217754290
653554658
187068440
496792561
790195024
275158386
789401287
193008105
925816871
442989947
89778923
142713247
100737589
755251478
216851934
891478808
973120718
745330127
456794254
720517128
734814235
993232423
433436668
386842204
74485142
405266963
687995839
339833009
491284112
690080124
34046591
739593946
410725036
261842109
241051770
43887709
199540321
30611752
756551170
746353398
69829499
723622785
449473532
242320148
522137498
895657089
719634530
217671767
582936241
24947028
50150082
346333208
958702472
600400924
831405758
73289185
17921595
717666924
225177226
338422768
153992890
333248461
721761649
907380153
607962951
374583356
90836049
915532385
113763066
474624170
341567514
230729028
706886720
108708731
430738514
706789487
352355160
292758792
899815316
789315878
667832021
429028381
732523532
474919008
591625247
906313851
223078909
75525446
616912369
16964439
133201979
353879992
864910044
165160409
637454001
965392583
735593923
177153438
781763293
845307708
944511070
715200823
749257295
711069712
108712887
397885608
452213038
335858418
62119087
79306729
33990834
973038788
307759226
199326568
987688363
320825374
690293535
136866438
451601657
154123722
119175161
355406869
640791569
857508166
551477304
808407777
836099967
501679941
297115489
394776612
354193758
150787118
669357002
934912527
372463073
442480796
778769695
293217352
352779214
536456156
20419808
293236838
597619966
970390642
334196448
453590135
410718943
227283604
107336648
180189564
669948146
824955053
522586001
749525479
65946957
187657692
53848590
372002851
970431769
639498354
564500832
963381004
174666517
744651896
455152255
205058163
748899345
798984230
441582520
857726875
14744436
780722285
762711338
321617855
277392311
6979439
646142792
216909962
249899240
502723841
452553050
784517277
268384552
793650480
394427387
280570380
718901037
50673849
445058972
260335841
326921921
764413839
175468288
215072664
734364993
778536792
216609726
824990625
7888414
497850865
48017091
293884386
597159263
555430886
991258829
747132210
148671006
567414522
559868657
504011487
114056967
531172517
596513045
592135465
107443932
201774737
564375158
804462021
258200307
449985821
171943460
946600026
622265270
139938266
198943105
128380679
131526946
609843728
749758150
493005020
721755465
43853114
39991167
733258844
933941456
874235781
276619017
542244865
622471025
465443926
391256347
869739192
522004090
30267585
275083834
411677281
674966861
831710738
253776963
935621712
212211678
925226056
638640869
258091983
784179000
508989589
644342308
869569690
868403704
289819104
229653720
494415201
282655440
558594883
950823724
679368777
326383366
370812556
89620255
435709803
252619506
723059392
463269126
617878356
975634563
355700884
14529032
142998916
705040827
787886835
928926368
929260783
442770734
602442619
383663903
733546111
392046215
173820159
435151912
212210063
904022788
740981766
879542066
57449073
333358581
269066058
409005322
851560682
912656192
422745659
958097486
86269617
838502368
681303930
295414771
391422451
835077218
589908318
626073535
513767378
610426214
681192050
680119503
338611425
519958052
298538485
463951891
388409258
587877092
683955288
993526989
264384808
153167237
385286596
488151830
522630477
50686455
817834130
974768729
189174653
504619201
974691280
771245014
960149777
106582396
773935555
490091296
555238870
309834069
371056735
899300512
590370955
980372367
830228945
329226255
877633894
641001983
719720694
280621312
493672080
928524174
525638113
480216404
292299940
436090555
780438617
614564291
226850612
845038614
215891032
863067738
624626500
922059974
711085197
624814839
973569485
413624580
563806939
416468943
232553020
61560478
646096600
499250153
813374192
288428917
161305679
614701985
388277695
695024639
272478654
943436582
834674801
69459909
953486041
757595899
317330244
358941670
694273285
689416314
208457574
683611539
243842013
275453516
898047358
250113169
120046001
163127026
700467236
767483322
540630018
499369792
941911141
953575804
471129096
812572380
398468160
815390296
629340972
249450691
312705323
927647588
246970254
452399045
444749454
413021898
681441920
114973444
436173382
714215495
615428360
555407481
572189476
420530093
958535778
308060527
439438700
393152865
131262588
434812166
816447831
865965277
782554233
559980721
939175825
763603759
519199535
585809592
993492411
812361592
112718249
364652727
41999082
815324527
652101029
706379293
960429094
63056860
519498262
96942254
921351916
504895773
133235619
43958530
418434989
280353700
874601254
208167684
419533389
822110838
804208687
295692915
274875556
47707565
670465407
876043108
874070784
503635704
169606541
396747966
232140961
233289750
958945540
168106684
506495548
459080543
289837379
999255407
609387129
391206459
708809948
589043514
731780725
210225576
698170901
749814612
877935169
232509624
857042282
742845001
601205601
673114384
101597705
652884602
880982349
815533931
441997396
524072088
937244147
432776213
996113507
976025645
332238387
208059761
210628223
428727315
180704354
375379060
335101352
54771450
409878216
702609191
368005136
175182823
203822626
790268200
551010206
733345967
811466784
109922857
741459564
439564416
690437096
320960624
327819082
919510105
743346321
887368022
252631608
827017101
826843561
107127240
571834608
495602245
869985200
969958089
829935449
33965050
773677723
378873326
939147285
192444415
134576721
893183456
859930356
963589621
765825841
786871518
24393599
224354900
414896779
349212984
647254894
175385833
87692066
301785045
951213874
57224018
918796209
414965422
629673580
582889348
380960098
52477265
87607412
849696838
16989272
774098271
374421203
844586419
722941479
243112206
405416393
61430204
670304854
528407463
56585928
309997220
190494436
712068105
926348534
540396930
827868352
422986020
22981551
868303554
314198608
336384127
488727809
566635172
947355627
365058227
826813487
527485372
848827487
999192558
185498671
262325616
799891820
375036017
808412716
677222013
165656134
359120658
93018628
491881331
185841175
896491963
161125578
817446196
778237050
325008873
147365189
70492025
714754561
965995822
859513456
939902797
833232561
703619503
343249912
70057360
857504897
87281318
830379713
262022005
492520927
844735713
878169442
869232388
877625386
494459201
511456420
519504281
412965944
350916412
527197190
384581219
112328402
182676316
158686268
60083430
884922676
35426238
803179436
307037561
187893646
642489492
544982255
52782537
