1051
226790335
449193543
361216982
312588431
221020495
292737550
436870794
763341964
99178564
464949391
207305257
527660561
634308780
689798770
488600091
920758191
493158125
576938708
609886558
391923631
370747453
364516293
440718596
199594634
813626665
90902731
188578483
697590126
197091855
636588894
53144355
702011072
221291427
577061226
552250020
285859476
337385838
483606480
208471957
540804407
422523978
467235044
388450030
329097126
624530151
440275696
216655031
845999124
597201482
180744880
409573006
991917160
154521673
501237717
34569766
823579324
738096656
499208066
774685634
197382623
729729182
821274834
854710974
277624788
764869449
102893904
492345863
143197265
997013046
161851773
857779357
845505857
963114210
499128141
700229656
311291203
175415452
478267050
378203424
819917352
779777800
399743984
685129204
772948856
98121373
658118767
684407524
922504430
259054888
567455981
648829655
227638520
265472071
786397217
308939206
322232120
493863919
990209337
665212223
712103685
381559527
307647061
363744483
742957547
449931595
677260041
805470952
299764774
132323081
567459039
755234967
263655211
8794215
743499731
819551439
600730144
469806715
779259605
80617088
403582559
860622769
700979275
783358769
727759351
159879242
760346764
102051708
409498155
735567063
891379813
534896524
968124913
504362689
123402136
42900389
132011635
214929605
799754073
575850653
197617042
869228912
64963791
558943835
955048542
467146663
756301209
124706399
914773919
846343970
635921990
457997370
583106127
168581868
720421595
932171281
270232094
122737125
135697746
219641118
816420333
338836288
863541781
110289455
534226003
907468549
370829447
344538661
899418651
2624144
95340923
502823031
795615428
777333008
312679867
844146092
402016000
670014985
384899714
249313252
597298485
524857811
118540802
147050832
452337151
530522136
180452320
405766326
593962668
796910682
672414643
294675950
973405118
949417066
976319880
903743591
175027565
438494450
205441633
656162211
591129635
972223469
434372785
866300854
251436286
366195497
853921506
187651019
820946001
740938956
421911503
987066015
979824163
277852620
869510986
761016068
59114158
385107573
782491287
296411232
152672481
321512167
855939823
913598251
469015263
415426966
247388670
254836596
799636606
932594632
708550246
669014877
606636489
218277403
251782714
109431707
479146367
767406332
365005699
211751415
670373265
949722928
858491583
303169999
556308903
630384719
209435485
206931093
630024092
523156292
600032834
395403855
72473086
113215695
53085767
688944149
169815183
602905091
195969720
329660055
986628294
550637768
77601750
443237525
305327695
612520026
755086166
792145764
903828871
277418952
246682849
692242288
349461505
982486646
843243154
777587892
110868227
754282651
174839675
917855043
121334281
691002308
460625440
651448771
510736705
667153743
862591226
326826477
30185998
397255921
187839733
493403407
327033222
639535409
772211698
73502858
526541044
823456234
221254470
616737875
746510934
829587661
335184441
502520694
11584223
635338204
228936328
252255887
365520759
59868656
210323172
258933839
851264822
921484597
646651249
188841981
628733933
203551657
875123784
403969010
197107869
111745952
468802037
705532444
554316797
870968387
745170937
213944956
540151032
389906956
143845193
746291624
306965805
107353931
119739597
326602057
388449646
505034404
897181154
948617374
336598081
326400399
375599321
594815736
856875618
468427479
301406581
831237180
456085823
214327068
18698097
915163492
750066042
725168977
220752632
777894142
141663595
967035198
363421483
788983211
676581788
559220222
56545439
473761
831043403
56953986
853144028
442932778
632301291
685666317
934863839
30486051
359416995
423953591
642644632
834915966
904771789
212057578
435392877
413291456
627180152
654469864
679035830
514596227
730517991
40564546
363449151
93482229
672697104
209260898
103355081
353445720
43298334
316514563
374790792
368003200
937190384
814710707
604470438
417824600
996325015
606050136
179359167
851740765
298846172
802095784
612838755
426404385
84212151
237645743
338422424
75741642
41653465
618802765
179663957
179909520
187310883
352530614
766345224
85081410
633696301
362809328
362716177
938073282
148794304
702864472
388633669
857770116
798329948
670476829
278640236
908849171
781403571
976190916
944231106
757803661
433892140
63532194
154270330
695500066
756943457
392173413
588921910
61543320
980127649
737331340
97206929
37437642
225730671
295911658
816263317
455095588
543575041
601582631
225809477
809164073
664272322
779153727
145032469
77582318
919701456
19027713
345546860
197985180
921007486
123610768
74545705
274589169
158165459
347338214
963108635
702766271
865885706
467084876
962581896
791295084
420016656
198805220
106361255
635784817
473529097
797534495
542750758
323073499
512002508
238388551
624597156
230611917
173273954
744809718
925213240
973198844
554836363
115015581
909335528
621098802
344040249
616225535
222723379
10017227
354366226
141220275
577836168
756742715
800613362
475936677
261172172
789538693
426648423
879720597
886628568
272123845
828980275
251496086
341520889
560016040
534188750
712417425
494389871
191918575
367526370
40855744
612339438
638778864
173367501
202725171
341123104
30294548
523577890
267554382
939115808
341899610
381298728
837086025
888786944
664242899
739179353
296036015
145876036
164223524
202724069
597458655
299915109
605930503
792227629
439266958
375194448
992254154
918843976
606845251
125357284
441098446
657373313
949507034
444258935
75497225
831815894
281572098
705003602
93234565
435673979
420327359
522729776
880767967
136201301
826841064
372031171
977638856
755223936
696311978
6775855
548069768
331203018
555962627
674191501
393841270
804781365
121069640
555556714
460370817
42737529
985504927
717740357
997557674
177208447
502290822
670115860
965842055
792649447
241883722
145508800
95645890
12583043
21603985
636348580
147216024
432244442
787979985
715517970
815511131
319198630
279946454
230353614
724763376
878989142
622977088
675580817
959669842
853238157
275050242
984969095
222530061
203785633
79370724
803270865
44912580
740581660
108262146
868931332
53797291
99039807
333923916
67467177
626604301
171474554
225448964
517613243
729216199
327208181
989997379
603111724
415444939
279832843
326350963
159973728
303971743
799215817
860078038
795988399
358912219
920864116
669074942
354716904
373756335
146033152
175506515
85694153
173889626
415985049
758597521
591152264
233689524
588923422
108741703
889228109
379535269
718391969
474075992
984627381
89622955
824567272
274467454
663434577
434654552
457242351
403566274
272386341
16420050
875532132
975881477
226696233
723120978
51087914
695861371
34214091
704518053
112192471
486432043
196938859
494795950
872442677
54332016
141524446
940027362
155209156
128823675
287910892
108364234
700553783
80941518
701265362
84734085
327810803
851354562
960441793
907706947
792833683
946017026
678436701
416020427
519390310
166103822
719906878
96304374
417638127
442825145
40590962
404430129
734388836
899872172
847670009
86514687
539205936
955698401
756349000
380953461
343748722
842665256
327430343
183258301
661632124
455606437
82742099
415068307
326464340
634931280
303508925
91891659
287087926
771395187
745785160
454852553
339530512
505899312
173395759
111925511
264519428
473871609
863676701
111250835
545585385
529054998
709100979
407842702
107111627
735436322
251675397
869338030
204985191
994430606
842944797
412096444
73887920
552149789
891152503
180077847
724767309
274185062
975734915
54661936
890649112
118188118
893077543
893338124
938649248
410600107
990992442
655457477
795661736
743474042
583823882
504624137
440681126
580571817
587647447
46591129
108886853
312040822
814593365
310527948
56729571
876337902
304659502
520896009
142713875
104574583
886744190
463606096
678944541
703869511
464638805
919413170
691886201
544007658
757410617
321438164
398531160
633051327
467781793
701669745
535505947
3663996
207878779
174588373
553699545
1078694
26835111
761527906
723005918
669489178
11783289
437924111
675078438
770570631
902169403
469701348
479509990
60158449
768132264
852448895
475148036
5585968
380876147
923860626
212021658
440967279
865872830
164787298
211397495
153998509
875199907
261606474
421735837
828069695
882522031
306315830
378730180
415065420
987535202
251060264
602267094
684907856
185805744
866564279
431991921
528262553
953008002
224965003
955934568
654572237
466846262
519243234
241086274
633122402
839741467
874306830
628844730
755648293
485447926
54198005
79587133
754294196
446713985
760099472
138131311
118941444
458928870
397372012
820961190
205723355
564351304
525408556
680662125
157815894
209354810
168413189
906820867
505827429
637795909
753355584
216492506
894938698
669948007
119461563
795346200
633892382
853214863
483923561
941678873
493932876
515095074
872465101
297640683
26408724
708177529
622389123
696312528
970902793
366840673
868027320
853328576
53193108
171436441
934992045
932044004
267509359
220816727
910882359
674690588
593792298
352437444
364491586
513204346
170658729
198931579
598915145
118282181
273795235
572265486
88847840
863976439
610295333
827677313
874091819
502273471
270223886
756971213
853213796
642950912
483487376
40026206
138873688
723317072
815981237
38340502
492894698
387610746
809287384
638226504
222019727
686325500
108825384
684009533
561031377
443252874
990767144
371166642
361614797
160667785
364096306
219124696
134700724
609853077
219174127
584157523
836648269
933336315
630185952
444121276
695733362
673145664
904794329
813566751
935624846
783453336
298785152
395208318
858061862
174477423
769947347
665249356
924545613
182075108
961768351
153441778
440152877
118402377
405232905
95262541
421949573
936151717
917032201
173821230
903227430
600788018
363139818
492061145
41298549
49108447
86615500
998115718
32255725
480909006
23415586
335141604
292305050
203688407
622922037
640521105
327534750
142676484
399204766
610648739
795530927
787315475
140217808
425501474
493935511
592614903
657961868
196360331
373096371
408856407
95764330
267699023
274201461
421483534
179077975
574926673
298516963
613414313
126442769
875904108
19059477
913656556
433214637
728660715
850024122
26949197
435851538
579634191
910644372
478601336
150952060
978177165
604916983
591281353
611097337
557055245
696290638
466523093
906076911
277400748
92981910
605415905
726266260
393609595
736487906
83361129
822125429
739911421
592977621
