9329
879903546
829707916
873857396
56395935
901426989
800626768
386639270
534155719
184101348
591357030
298973675
828371228
675957036
16835579
9390139
443308807
381810116
30660688
760717503
172439874
86130658
1665850
110389335
37559645
56732591
317708709
935979285
188574012
877809606
179840524
833508032
383656854
369813945
508981507
662639954
623557240
644617356
675633070
774038394
132484545
533908792
142677063
946751771
287130019
742469929
812233371
303606731
125051688
511573185
949070989
284942165
569601195
119641555
514110098
947230263
915501659
793930280
494769204
870226981
416447163
336889341
107776144
786652804
49516325
693161603
772787927
536855280
859616834
669477470
551720656
46790582
708335763
909550119
403945813
478789723
686122220
60043498
266439889
621896723
626676979
628151465
264177097
821615690
659069350
533355735
935486800
243289375
121337298
651454173
902258064
33662436
80549020
669834904
617796680
921735072
475022332
539569369
181997385
609842573
542964029
142116836
962818296
448291738
152445823
971737073
689351888
108622057
587416117
532477359
639130589
961504338
872351144
834622652
87852865
858403551
736408945
639366190
41334450
5019214
628394243
266521869
119460090
279674258
63581727
438769366
899012726
745747282
422215517
900232186
181437848
63266921
452293290
44214364
848029030
997800548
981777860
750348247
851895800
617771015
208608448
574446774
152285949
563551176
842065541
701190714
398523959
263014995
997356367
115586328
715160058
686161668
93472556
882964472
422006193
273162864
831852162
997172215
365032537
58389724
368669319
532885286
508973317
194863300
94101960
771637512
765366104
338940246
297692835
967252760
888086542
536463092
838852556
721352001
963873139
538940342
346992844
712831588
428404714
803255782
141934717
254421718
513628775
275617922
556333967
737180895
647645429
842841533
633907463
496990523
193611570
710395262
777130683
791029661
309614798
314662879
853810135
648708392
68718608
197097903
416014682
469713140
152154705
942280945
392579226
393429647
867029630
523499355
292349372
424365177
902498202
114184920
432316989
563648678
975950138
203942918
650529644
985206016
662495751
672187577
861583085
683629539
277873727
720705142
992752951
604406943
555142709
431492345
140236311
375573498
593411277
973629103
109624619
572790955
646199809
907227452
972255336
464931808
907906398
172216823
894449301
90982841
675611271
140726889
717550541
580919754
593107889
485442258
513503745
403214237
241879078
855713444
161272692
367356206
814781634
109221638
536837437
272073581
382388857
135024466
675916232
428878016
126631119
793810839
544037717
306855294
475143774
354236183
962331256
603996277
735657300
852042954
343088279
204765028
650161138
15956442
985838704
429453186
661991694
720182821
671708816
705071093
816476306
28603071
856734684
362007644
946327546
564135533
385511948
679097158
758118106
232569386
916076587
208143033
642251606
814497702
244611865
796139692
605689513
600638914
30684681
206701964
150373279
671833877
832703235
280977083
649411866
164441706
129561955
126956812
316385424
366250816
721132120
313633097
992805003
825073224
815102822
838283949
479052072
630517227
27250916
844371307
102620825
594973890
949357695
126409509
319017379
653520412
17061301
555958645
772010016
344837243
823046747
371175527
907438975
860602903
210580248
17660157
815255359
999153497
603000808
91609514
178635127
381405025
116894873
492404952
920054097
682297473
948639569
341403490
569536907
935946432
572228870
597085466
144120565
974788185
417849860
818373956
697927925
327059513
890564715
295505689
894550534
323361924
764994735
377279558
80459828
416019216
312638486
732732778
331085729
265548776
181331773
876113563
836854020
979828170
283425940
80688098
650274341
848031914
227477213
449907130
548477538
555959853
239487921
314065813
787625774
846139951
766123003
438634071
915555468
537719613
71417467
500380377
780696
149307676
365894724
730628199
721900798
770094912
357340990
93934403
919615361
373603669
974188709
313318688
417643638
604898746
516146568
387510183
914659398
565984769
184383819
287731957
967420656
409005937
481354277
992134683
109423748
207838084
856638883
495910301
183509417
249152105
442935587
321864692
838928920
822662019
916340314
392497164
134128926
120121832
45257166
596597190
935144478
436385506
89142621
755855991
680965901
965846642
394142901
61453671
544607476
296449992
369202137
517765716
711778930
290773964
861089186
235229676
85846071
19206553
190160956
456802902
884061578
352562428
978881445
837369258
573676228
635017465
840916017
103743604
366133203
950640711
599260424
416219189
248229048
172438479
770905255
796633570
149660169
769784624
833100123
17724003
232939376
103253310
348033993
176001301
912888362
351108223
671723881
401190985
932437896
962517933
49342726
69025731
606406513
351292982
882123071
635085627
889790174
220126911
577011466
869013215
109765725
964856733
918317612
208316879
510907024
369484122
264260033
412954272
53953195
802665782
333168826
514073562
128804088
804476835
22111834
112814202
391254358
576947400
183105721
249611377
287977910
954142464
434714433
185702690
522191005
237944664
799495988
920789480
967722918
511955476
862194723
616297614
921076221
750326570
752366712
881164245
112162532
71230149
23174638
607177201
680628274
453713347
205743123
853698828
155692750
58412600
812877517
666829762
618317113
864311273
257720530
783112100
469294594
541218002
394165806
338379701
10202703
343765921
334376641
601430256
973209690
891639352
212617918
921881791
610971634
686273071
237551918
728270213
778789622
346582351
174210667
66342166
647766494
944614936
527866021
10428730
224898610
54513724
95332960
718729774
274176784
657008418
511260404
435419426
774284202
718310500
918262540
832187579
618821574
816253009
267569448
411516307
56967740
195245675
990738459
113105588
672646012
594209258
104240013
73969185
519425029
281521208
715092090
462674766
368394991
38959475
742921648
735661986
208855650
169700591
392775765
273235196
200940061
593494449
327967328
487512107
216701424
360235253
764147483
232375669
914879554
667102888
833658792
412795153
863876747
280453614
693311352
734495149
837046235
139671453
513247957
104905960
796651858
92989121
424331609
992087513
626220710
552222998
280290421
865374598
575208096
179337617
965918188
412877678
399130526
319423704
992581205
151143936
540235283
11603909
266504092
995182370
790787331
46730727
442958721
255318699
683927176
695045120
235130903
190750952
704271951
843200648
829692998
663863067
571067419
400671272
507522123
966639607
668996161
255250497
371174451
706074150
859086379
653836131
198036067
96002755
650803926
845565398
464943123
384512480
892428627
735736340
26777550
195109121
584260425
290716492
677960691
371612063
895123313
712397281
910423351
382204327
180043289
783068137
872298273
483779576
992525218
436399023
584403597
581727977
253064450
565617202
687834666
686482624
678622275
313349028
627291900
159362108
747661058
896062955
611978458
550653196
463952625
804172579
248682737
103957589
79934549
849647129
223772223
987960624
740517512
880975058
763066904
3130153
217060984
674040578
248557733
710712001
229069606
370157718
393900384
883348461
148296745
449604139
900600218
519319702
611265065
145356692
8296694
712076567
527241060
9040471
142587371
213526210
357458476
936068144
467208261
295030363
358225254
106873230
130912164
709062299
345984780
734111249
217753083
111813294
646476460
886780178
764328978
307178166
719492584
460744219
180709381
181573702
792153844
619140970
810636740
632446183
673589019
289663091
743954321
862843030
111578427
701980251
483789444
700894276
357013060
391746174
899187466
797039701
683351484
845565161
221204834
138831138
315881534
319917280
119088159
374634359
178067958
306957658
612267689
401274133
111341351
735487872
401843643
636368689
933822629
684447026
302845414
50743027
374466139
980012417
282660877
539025912
244388807
767261494
2162664
726565585
632144505
582375242
653164161
320937858
892421784
84545388
64026809
189664259
927676764
36705406
663747012
805461186
378441109
357665048
402987433
543287584
938603555
681134596
436807619
762065903
639597179
724888256
702802242
462378491
573306665
110017023
544123819
528413310
348350536
358952
233701204
242213801
706728971
228911574
774452201
316803362
221699384
398614102
412946154
939466880
307001256
571458604
359740458
849447377
990273225
705772942
683725394
671862806
459679772
164308199
389656923
622697409
201237431
827582806
111102744
580661565
923715267
164229932
62264234
244081510
488376319
487850098
39864329
493787149
523393595
876260704
243499650
169038965
87059166
739318503
817092916
375085529
145935969
185988393
372534418
8831972
780352722
692902395
878504932
714402103
469748818
206747498
365007301
616374246
625843607
332545587
293883558
144919035
952270955
684037705
6108490
905350130
563574827
294943570
299332936
980895035
21919816
438184235
138440077
298447036
49451721
500981344
482926807
563882316
54917832
401107636
425571387
330778169
214661873
911621023
121350559
928032195
815153158
151026891
33872960
791741855
665338205
851268247
82557230
523089268
491639136
854057620
851753931
967896417
644436492
517264906
917327952
166416502
910185331
624983156
297819209
273074486
361264186
736472575
985642771
108226075
560932379
956188688
810752101
437213202
915932772
813271483
987961540
326161659
798711415
390604364
159453709
405175850
416300616
407309762
155260911
27148521
599064290
898121551
734379118
70614260
341651682
264858586
768032354
70123259
835514618
429658749
656102902
674066723
11618416
392562950
894717225
191424389
752880540
614459514
373310032
369392814
772896365
107310990
383153810
423487518
990577381
51048749
314222698
729262281
842980248
435294453
730052137
90576281
674932785
124559289
685155954
464222185
727205870
668784640
478851260
415467019
691328543
429953668
233890772
387888068
941613226
215665333
717016152
807156427
845605002
197877044
53481789
542425933
139022412
59109464
402694729
677615724
768232592
833679532
425295513
364734139
203287182
245089647
407228701
208980164
541552782
34127634
957033751
588727170
423293551
449030078
947705504
867364071
499552801
319701964
283010851
106412119
535839275
873596490
311727072
466135851
245866534
26659709
856318570
648585008
481995071
480729945
90583850
804420389
706735801
923977739
151361497
932347200
527503465
436894320
147834890
112423338
175752504
978441883
822966174
182964478
623448485
367322195
847387469
227803342
626270272
280779154
299946788
404008990
857203248
974910215
322479361
269775335
430919598
739027605
682298649
698309014
991011976
382439890
640156787
269372298
389581983
13588617
67695467
321551769
977996393
875517240
160283184
506598283
348974959
568897427
266571589
300746654
931679440
369911551
153398788
154492672
883781565
709384471
147718934
333151832
828412411
765530667
508810492
131468862
793949284
975994300
372454026
277226943
232285030
699269378
718087014
197970650
228599170
253921638
258222221
581819653
312866766
74720520
714054351
584423336
553921140
825000762
839105870
815405728
813247793
564042498
971893251
657459390
376862167
4081564
609538105
521086022
332118731
774171382
607933712
766790513
183377799
882038835
419984891
673639147
246239001
317323817
449469250
2638933
849679010
138954211
721067649
301477060
726523865
57018655
101634343
352013120
609380742
328106704
761694456
617317702
679062535
867205021
828899468
751419207
585241038
145350240
509180366
745853735
941667808
403527337
9992317
173592766
737757271
733545273
954515118
864674394
713112802
499349639
551407944
341977403
337802048
477526334
320980614
18169878
417887689
967599293
736637561
192108435
562774501
509835670
481312644
112419535
121324690
643448847
133387486
297052123
23963362
908755620
394801939
377638459
916689018
365079683
601132676
902109543
225625109
539509774
998452194
522647885
594903551
582941021
863733431
933553357
232284827
368028857
963181533
258427452
736475358
25119522
321839108
462419426
254314705
960691914
813687857
849380988
362798610
602413464
504149049
654877626
811249747
591230374
951268682
909600450
29360602
456182212
918732899
840565931
485394432
760977394
722109143
254009091
415446962
759818730
372630223
938282058
862802419
383706003
786524612
483835509
189288536
279344527
275404041
270557035
140600714
503347630
13899327
143763851
203514312
255154041
420883934
900444709
459020130
68475560
866852787
759578620
794095935
594457516
903478620
940535755
203894616
136807462
339707086
57941692
108456763
403754350
675963088
322481394
39124105
133378317
338852733
329163777
523635064
932226371
956159174
543312752
617151825
216838018
968988398
540387646
123238131
473015024
314858764
523396186
430208846
994573033
601400716
500820778
769264105
935039867
364718
782011909
203506013
811669481
669121286
536691641
517257176
211093801
837580282
547764230
351871899
607032422
128391751
538882080
677664124
536353150
438129277
643696433
647957861
345039236
103752062
222355668
143822035
734967103
419444483
512497563
50411864
821728682
858027543
644103563
331621657
339137650
400670618
878154395
924226896
812614267
727778495
279739193
212077259
82464860
371777934
772805828
487454827
970640094
539402083
35962898
958704038
810446208
746353005
38301164
393523462
618843382
698995504
617138574
373372072
360768422
481454851
445184808
538532030
553668137
106025619
617797215
553792013
527427536
568090462
627212492
25357424
282511133
88432953
837018236
145551699
499522117
467885771
178359918
923829816
562553781
343790095
188628760
564150070
293063818
407248086
272573155
154080629
712394519
701809475
527821482
466063795
607052131
45850189
997721663
214899906
780443048
117948992
70011110
437583367
58717398
935075644
410290136
398755325
731560717
169552309
310070978
945470640
205078054
369733873
464612419
645844547
502431275
11762061
267512945
638678890
117428187
32734201
182922069
623718896
598402343
413218039
302895978
877368627
221681080
528320544
503558690
421958819
912688486
837197407
128562785
502526023
37123778
184593011
629746432
935326007
704898445
350353266
609690443
453676067
931167551
840978753
34873220
774720970
79001985
729017116
273721694
321806212
530449075
641908244
279043714
477759417
275244647
69766028
401673485
184670312
530178532
634669500
289646608
155388833
299894948
630677550
819727887
223160331
50951894
981731396
891314051
262892895
79296476
237086640
852142936
644897514
684176590
663568121
139216751
835675151
557555446
971623421
461384989
13590211
83641426
794431594
728846763
243045904
701671446
525141571
171200212
605826194
654445351
37507681
694568777
947134205
325466784
239852783
480964912
8057493
196547665
219308525
147053729
502143412
587049275
647911855
115747880
406388807
501526549
108204891
162727750
425058386
163667402
152928622
669175024
957896808
775222265
33328696
686548494
644578355
914390900
456962139
359837181
171546866
228908225
196045136
509408526
690572278
825986716
390130146
895241989
907973924
375409779
290591408
473432474
860781430
751430889
569151663
478868219
605000570
938379347
473482151
853494856
603619281
645429054
764269745
289073686
642783153
177763559
517311679
437888749
875325284
597897153
448805652
720331210
122834119
49771507
863459784
266748062
783244236
184767959
957043269
145459404
773234936
8011389
969139661
883159471
374410213
199966245
14524401
865362194
137683393
913193673
495475995
142045110
9861582
891409553
101717765
492449743
659148256
608908892
243039552
307616135
953401570
426227262
746260911
363107706
98423633
861074428
421309193
915631929
897797055
176247186
523806042
871406023
232755537
41970093
366976642
280120863
828790850
596875826
577358516
712291244
774389342
606001845
357817081
773377742
366898056
559162627
446570411
449491804
146305588
414794648
559332090
810727197
362163181
404099113
840021354
682928718
367416784
134104092
326027859
30731807
704104719
766075659
53077088
390529334
716744048
95516997
360065553
304354346
27395020
39812685
544121913
406812681
851849360
246726489
420351616
21844690
306866239
122836436
21673953
373910012
759706605
676474332
7983405
818768622
822588358
886587589
571129735
409686916
851917189
428324244
824784615
877793425
219600637
583104388
556598935
739758679
980468372
450603653
189754809
356892944
279497155
477687736
127568318
12633449
412948375
194832884
564850416
603088642
971173171
725851204
262913257
423300847
712473164
676221543
903365914
281429050
881538987
322796367
699008837
118973022
814917039
344632226
426080772
622182349
793227464
326598204
19134272
720960108
595770877
545565355
534540986
181404690
735510887
117950898
228947077
481844492
540145332
182900166
113195913
488958620
411908005
859113876
205180930
669420917
706969744
716039801
633017344
18927169
886605534
364406024
17250277
366335515
496969102
323466632
865385706
275332885
479870385
767284340
389298585
398014132
702018284
169804537
401343572
618169967
115821561
483171707
497305549
717012019
248701734
945538064
508728716
899282146
511154900
74496771
662870125
932274383
272809465
757809491
132690719
531588163
973002399
953133873
175942310
105344508
839337058
382043782
577241305
636946345
877576438
664666986
834615012
191978607
996553887
425265326
501892040
940461927
432087224
179565139
905804502
472981533
322051629
443376145
843951160
626881299
206436352
156583377
967163240
350865468
453167047
72472627
846784951
498770817
213144108
281045257
688385736
735373119
781398380
261659610
728681234
577077447
784904665
783138912
180069985
703878877
34911832
786436874
770086485
828175930
650681060
58126203
736592609
468677130
203523849
41244937
201717453
860019823
312116329
61205311
345975861
82605820
115671355
869635675
663168265
928600378
954860231
547782097
742877579
259958054
263698923
730759878
777813715
188946865
296961433
153971349
839581006
898742591
136916310
486956366
626299195
115781673
82873789
707770418
552124205
59328315
927228154
418503224
488448652
41001526
858435408
643984012
376822291
743905871
6607252
521625866
3769939
770487470
499147695
704853703
313980975
230026992
459078431
717179017
47467358
274997670
371753334
241787722
414839533
464097492
707365082
419325113
106377146
419151987
199525508
212428216
989620474
407015151
905223489
911138015
170325171
754007465
257589236
157169912
330608195
474458486
180806162
259371393
479499479
40760094
825237540
453605677
190329333
550939614
427418184
326787171
932454387
625350118
492056241
936574397
210688125
859326172
151785507
241607307
671576339
564446808
186074232
428164942
128276872
484013670
2122013
582379069
635565188
845522951
973882261
108345283
194848771
717986735
254411765
629666558
410485717
775338952
492518246
804503618
605034524
327805230
310615207
709381524
859181008
933505458
442382473
20259632
664638270
663619736
806634609
432914436
840133253
870266648
566814425
965333554
221965848
389184224
703702990
84824466
661876031
89510032
289397619
878386733
763164309
11142204
976982142
577016515
456895115
370502638
359577270
884688710
128810980
629794
672780667
728139101
37656119
909994569
495394366
93334242
137632881
345428294
275664644
248854628
994186576
960375796
659850471
291850662
883562472
329609629
685935253
770838046
388249122
309340804
613793487
263493495
263495992
859768925
427903211
236539919
52692539
444565712
218270547
63095162
755638413
905210361
35370500
785725181
936608359
948303595
122594064
321334804
987725652
40061992
704798492
202145516
766089396
427301418
621984739
119389417
585944635
212368862
528336561
295858978
866764399
843518756
260517096
264600288
491903277
132799312
478530686
459017763
977713700
633898412
361514621
192172061
755215704
943989748
31489411
422949812
229539745
343076568
357593664
426854404
990561065
325166717
183885306
459761371
689562610
318457085
448416523
411139388
552857678
986532578
413157218
497096669
505321829
560045487
980772094
768604584
200039346
927973975
764432503
720400445
366297478
66246596
241457013
453096559
764648836
350921041
417364278
825808067
15545635
710781776
526386956
541467124
739653424
847075718
750709469
296432497
126233673
276084650
776889762
564029405
963440994
724836329
708578280
211973519
788770884
455315813
105496146
148253456
991220745
685833393
991762452
221728159
633071522
284787287
299096954
137722288
254940241
73380178
185977951
833582952
784950319
34070420
949888694
721396003
240710823
662119041
153990917
387238383
512749817
632894322
858772197
346578446
3379896
676734004
938761603
333676408
612569164
111688582
174844450
427864150
381303153
621271455
484374167
92098952
973609399
166778021
466687436
274140449
17679104
436108086
273031229
186182373
915512324
371385059
369582206
920560850
766281424
728295088
286154163
792295828
871226178
181724054
771762198
600256783
216162703
737541890
801214324
452742873
82858686
871253331
228404144
958526140
940010283
271693407
350995775
455450425
613803269
213375982
487255467
72990720
47621327
192891966
596148753
291501690
477772771
61605502
689841570
111243839
456989930
125456723
522087461
268934048
896071781
162106709
722086515
747689502
911577384
528605587
891579642
688441584
45056729
969814027
701025339
619085698
132157557
618539059
312248141
832978928
26097868
487869299
606530135
832926607
908256512
781948328
416165657
743627109
596580618
704523683
704571748
396336300
229523509
787723176
217301917
579969875
166457761
913325040
361761087
539206781
23437505
411189543
226582870
319814399
620597213
8635630
613000452
725444070
12764305
381143642
686444031
759185647
283417164
825662067
813516049
863269134
39516370
276681910
721008791
990163176
160924859
108179860
518337283
260165464
948220914
892991217
600473946
7459310
125576758
682615973
550562231
366115179
233655708
655515902
14011334
977414214
938604299
295410493
720192330
528015658
475330238
427203092
13523607
865227637
60265158
412148270
436905240
592554939
428853126
580197543
336317898
369574466
365947957
51810704
423364543
947088771
959144287
746596461
637367965
155391151
119267173
452069558
388864284
761988648
503369976
506487385
460083596
460241411
897692066
659792950
154949196
584431245
385632829
38015138
269543508
369321667
782682489
62605797
835498924
592112344
459174491
47953084
265025011
929762483
237770936
317538519
775924953
920809582
349652926
275378524
848063653
8184024
116456556
282540898
643973295
970236916
792976917
475355767
899786727
819915128
680111330
254139163
5880141
802628943
584744524
52597059
620773494
205284376
208737701
460801239
779486222
190191012
688994960
415923763
428580432
374410107
284579717
861878442
218012560
52558168
659331663
970088190
476390066
179596713
985513613
595803626
973377967
32318480
278708788
232488088
599107607
725367780
705468939
815258411
28679050
759330481
528411693
553536311
294397502
18517683
628191883
423820868
446377340
74928479
515363688
23733838
785105443
506757083
283278811
514802760
679369508
192492929
953670224
170963604
27248644
384303200
691034375
76764044
190796125
58835387
541478036
203659261
305092445
66154632
181025885
129515431
925794885
591882737
569976095
991526334
501048043
203551703
217931626
749304684
462125880
928061770
604821536
782603852
971470507
695970066
403907834
804447473
413269205
566370345
760049923
359331677
609891291
538566207
585257243
538017674
499969783
927262773
609610357
551690213
443967735
80926882
966544665
374415821
677935293
357404241
290610787
220411417
790887869
735224001
757140354
576680847
237218434
978185892
801588218
243601262
406384937
826499680
801362978
811057637
13604836
36915857
317392295
983410841
275792248
140814981
824501255
825076003
485326271
75194558
176309015
778765712
895370791
252695924
567791486
653617375
548351538
289502993
70296375
127304070
16814580
592187059
373214739
129845742
967126680
470546605
942358581
780720882
852640987
668934406
476478612
708158052
931534223
70846456
319607164
725811593
513175578
266877554
265578765
361854872
10135796
355347607
464025019
42822718
500501037
880510525
512371404
238480412
433924068
642803567
308984029
836954952
884587217
822183660
45434462
696065480
688492732
948545189
270071313
498848282
719654659
343977026
195854735
870795695
857444632
390725022
7966659
507702123
533053697
632377671
457105260
396057639
388548055
706177791
171055007
805057327
291605063
625526845
3074116
638786757
439800084
529055405
358816404
642862748
47079315
180687532
186959777
686217821
610699821
434589133
383385294
51963941
16193248
28936022
298711635
721334533
821507007
731368643
399046586
181437313
464887661
521689666
696199269
649217554
158107558
265700150
240395270
50796964
330359223
528902325
98776868
154320408
100317953
981312010
273466781
25749699
74127738
360984883
808344862
492570350
71135275
671813987
721244589
326048340
997591475
996573570
892102688
272751527
321343682
156065448
205650083
236744458
316913311
284501669
859504950
692242072
506087331
651621501
127533101
917425372
786992572
365327076
883296942
974206295
374254315
1540806
245941558
480117502
605531590
83550658
204089365
953062585
976721399
973815465
556656621
67760101
218514106
541249028
301930551
364914899
108033379
959713420
151227326
491845959
67247574
916463536
465917217
204971769
462613773
716928530
248107349
870065687
408386966
97209354
59372577
79810498
935657490
853492258
578458785
367916684
122337208
400557976
186948036
86454528
713989327
147303135
411348174
496544794
600781623
823722014
888839639
722499531
747945185
838306735
884773961
828264823
774576722
270439585
855911269
913039478
927479077
632962871
481921215
485273750
308257926
999517031
199474878
838497431
557452727
155498844
404673821
354619054
840133774
715345397
879036269
119429891
421284853
801605955
324928913
204179506
215266409
880761615
728809536
381678542
124320380
238291281
340439942
134738138
638517588
170738874
680283459
550955598
438137641
876711723
905025962
984953240
754322890
1877564
829688260
36691224
839454489
589434806
314882539
627763362
248635786
512054809
200436815
82545664
649064105
256262935
374101364
977774
360262545
181007383
819530930
442527260
279010677
395889843
589163188
886254256
505308186
621355322
884548602
629642177
865399899
602825007
582675799
191499357
388129444
908935624
794114163
163602564
606147448
966401647
12856905
523441066
95975916
594750789
606965674
373043001
775817257
865591706
431723961
880724236
362963949
384800374
720328814
245936630
258735371
210114836
945487635
151231033
938713062
704177505
712300233
624576527
927131642
795712129
302917892
696837669
983603796
522800971
220640779
454834203
74271253
702479048
186307449
900610309
29209842
157214904
187408063
264318445
939230647
351407628
456443807
732199502
133289663
599051629
538886322
405921435
107181694
313725876
555861988
111807158
265940472
286166128
294605555
108201593
774874951
612939363
380091379
871794737
220662296
484085765
448167884
54984477
546187822
839221248
994393786
560599027
221883358
442674610
745959629
739601244
577752722
702463918
652168295
58855539
75322182
818005051
256618688
761475403
560899854
256272851
610011749
931821414
942008718
914551206
548811701
623520318
296045952
856394773
395948899
190017983
694425394
418453303
519046391
776829643
512076037
658606935
411517261
802794421
285403631
837698419
516510484
541651142
689862138
56435135
71359823
760249532
40654019
377557024
179689432
919867206
872078332
513295026
234749400
331330953
917744106
893404739
312686161
170219166
591482855
864949973
974535828
43301393
873836257
862008352
891169995
769508964
93520857
893948941
835954800
739592074
621220966
892282172
563267284
466209132
787205423
340541311
405112217
811936359
454959220
671404637
594615608
942148044
108549254
551253392
694802301
798378591
382580299
822999431
52809734
789320409
592192955
987131365
379593927
794638951
74723429
494324224
889744520
481677096
740780523
30294882
589419877
935551154
958285953
163966028
839712589
251408013
694091634
843501102
622596741
531395766
962196891
534569008
594085410
956356638
552322542
301022125
160980626
810685225
498319857
767378610
954415124
554887216
752033852
612980868
882387771
363973119
249981695
288004119
579666799
780424791
760728697
774152855
378965867
313784429
818823042
992661475
176148928
591318889
529249794
435546381
104926545
828277481
749746551
910722779
888331733
879178107
368986484
921828425
18571865
336359206
476683804
963040005
114273211
72197602
854873771
516566002
339526448
476180507
917445614
817023398
877137598
283826482
725179589
240300267
332254659
934312444
296528040
149836097
482376044
890681665
400769567
899635035
193605439
571250750
899150665
490010526
705377682
898987811
986659926
946637989
536979985
509955990
447753229
561377215
641075772
774960943
761499719
718515567
186875878
181430266
913919090
686195179
87290295
340662008
133510158
31026078
530256299
770292382
122820403
42987943
839788946
267907412
593954058
353042008
21893518
566495735
769995856
771378615
771735191
306583127
630712790
365163008
875621114
999394746
223856899
428360736
492483286
634106199
217396816
327467068
796841118
654559452
628560331
418903080
556030362
857382633
930058133
916470769
861142117
906981779
773146724
665822804
705561456
315834082
25520130
363438916
501941118
290316626
775783883
155650152
509124134
428962902
731338035
934053786
888242773
21287120
110773310
826108265
376056521
184131995
859359750
198632344
936571030
82701314
352871225
417755549
692157349
202517573
497862809
671621923
643981616
302904347
495575418
566507144
183107144
103222571
870136391
189109599
885288015
143018386
149258493
437502192
599080318
329898080
544750509
184591539
541897568
573173786
753577727
863371481
241629013
773008698
708722858
285345475
580495120
957572778
67865597
256358792
434197274
479856717
170037849
904890996
592595789
773680503
645790133
533623171
87063897
496827247
831741721
460863466
126924098
871489524
20775203
208571023
570158048
438199733
935560325
128769676
769464157
789009624
442262660
795660720
741428155
867545460
291563387
301528317
869590860
421988886
219187030
895155499
988101432
196635712
160247320
849919780
658906106
322658533
855770709
229671558
9784803
887506671
379599800
907631652
214086038
547693498
30872447
4754053
822311562
664380310
341759738
896704100
716283276
365445192
242008079
421504814
373253434
647967625
189171129
728563079
832923272
501279110
330433156
624003525
518249791
456884574
757403923
559920755
806374521
700503975
74438299
905646288
454106407
241427690
458302821
698223950
655960203
275674658
757835599
604761107
754324158
753536321
558602828
162810235
397746475
578042796
419925216
974016660
15025426
54467770
241717412
388885920
951909894
980990520
136505544
916769943
36399215
995376360
31086732
214102946
548728329
130833149
415142854
205987745
725995619
793037472
220369759
306123942
233088866
761490543
840368598
616101496
547449275
16045048
672847291
987183377
517172092
503587907
428596277
294488352
917601923
366720069
3208573
691474568
537185029
67951470
463281505
479351007
305694729
475529756
27745730
147206128
189817835
209071653
582272790
227832889
928119001
249023314
85444326
186883438
626272089
424258014
249389649
14375668
969252545
480996091
676421768
708193383
547635134
928738637
359931728
331079700
560520398
953957741
582403971
951144832
538123974
847365223
986162575
670099935
71899468
332944444
979575797
86017693
959807325
173720673
434319307
525419481
846464457
248075838
932666683
3274981
886069682
126372785
746340354
479484104
741162257
632913288
531716081
43568316
304583985
419581450
72427888
251542192
399554866
235933039
905230838
968788422
888962183
949898851
942814866
366471382
406091128
588810375
377204325
958367466
21823905
699774192
858209062
674917824
228333681
164440230
220742556
797104715
786317740
414716710
130880552
834883890
507117546
734511329
783742264
356903248
543176982
69993403
14419413
606270002
310886639
842441101
557208598
805923996
418354570
438424227
854059946
361348356
50371022
678380094
126731859
610506262
687095286
565874962
704776293
383388974
850339347
686677450
935055691
904334561
169608
244852096
847434243
987907956
441859212
266944069
921011101
25091427
271195819
309369247
413095359
322913244
155779397
169352453
81127716
969932609
431716110
874628197
584922136
420100010
42590092
774478495
773669118
490458465
282399645
821645832
602224330
454025060
866306542
297628392
992160136
816864742
452106116
228254204
503750867
435299022
794449463
980188404
558933086
433966646
520226098
643452150
87207535
347278061
689042293
318484761
472673375
2714358
384559699
541391083
931726619
384953863
659524084
75748588
345428390
144861195
230523348
669978897
820801429
674568096
934015810
196963138
612021137
838839962
914586082
102208476
193028057
77886590
276910636
421277231
474095293
796470024
699240939
456035584
489356068
779264165
651881150
57675529
359993607
467359993
889965210
28535157
432481267
259167067
868642886
444710500
218534795
228916564
130718685
765415277
562605060
318257956
714354000
61936663
322986152
361509949
674605794
505219166
921475668
125642182
840953770
615288117
772599289
112141081
491423764
893511934
220717854
653851205
23530592
27001363
133559388
256016012
77368098
786321729
203752929
941116134
990494144
227195976
378095598
472042109
881957111
25637980
670489433
586921775
666938711
480038567
694383116
260719632
375608770
307707589
141052804
623414245
738511345
599601478
630877010
726468521
496693999
99234351
618077598
776043788
82472860
467148153
875954591
801614575
474386219
820272529
591649316
486831081
790115236
654185942
958411790
937601221
506077283
479116063
462615251
856737538
670392471
669078578
549980413
152187729
429748164
282866766
606679209
935373851
963715649
897906594
17811977
190346233
519013307
400564179
502652386
267761722
357077424
802557050
840930319
585189728
431885813
255210916
523314684
491259299
414802225
897466448
682935595
814709612
311708511
698164469
187060147
136386523
927927376
395216889
821708476
492523330
853771303
951979067
168675588
875747240
136574939
530802570
250548061
98441032
74231224
809580331
122961196
897203471
568709086
983830103
559164140
929123105
434568385
895403194
223301801
404139348
90519463
615184118
685673606
582449587
68738349
375721758
576464183
93164796
931407299
797603643
38505095
695305507
366732843
300459978
476331988
822979021
920850942
504867388
307164302
118861014
176328743
310161781
162465467
786023627
281375077
474916430
67536246
3397489
490772685
637350420
414705516
216776252
565250118
757723910
910474077
500683992
860080396
93160154
971521697
850404772
492574766
932495160
763946400
682835506
715778832
352309310
419028569
771517897
443442666
932331770
612060892
332585955
786518086
302344691
509481936
573890223
890022278
712122273
78153454
673069456
709409115
330922224
370284931
198524828
94347855
520317378
186727154
190361117
277849149
967859562
356488496
379350292
337717971
822064433
920286022
876574129
548801559
382698708
20217299
60015324
536294623
641271556
444150152
637049776
853783383
736649189
583004074
815631866
899901823
290748303
139841683
821197502
944058795
1735312
124141104
932759219
963721473
575555177
74868868
724807362
479097854
594861580
168124452
691580554
828867314
577907813
266756282
502747359
670314623
551168718
183166851
22702663
216651806
344989592
271506896
191012220
399104154
581650057
412645257
169895916
814831250
404517721
395598245
400284732
859807483
373018164
422804147
558937793
416440732
758141499
927018324
909039621
692023697
41244162
739759806
630406472
556956105
951805460
413577019
559570172
44268936
689087850
360773288
74315592
953068773
545669112
265000694
473465991
985643341
948646689
436284077
511872454
38126078
410646589
609404260
205942601
502029453
987067162
891721802
652804358
190984033
837633144
496260256
65546536
768249397
851040396
736323645
933133453
329364634
337217406
144488457
817340745
4738674
899710955
940947586
800156449
15503479
371130723
228018746
432034833
449257650
279329516
403150934
238556871
558398212
925483901
484991761
37406501
989307296
67267716
36054583
688992451
386085775
236332641
938536362
759817578
316620587
135129320
463730145
97772954
658526884
275742179
586528356
675704069
303926398
648137102
400919633
555638034
973028881
917170969
454773466
274026843
577174536
761517354
331760581
308552239
266578146
485098072
140379115
306393360
751097204
795318705
617778617
576551222
804939110
619145525
296285618
156476939
962026417
881666136
617569002
360952237
453000999
729479300
821506956
22421872
427402987
67906965
848394070
772366425
107191540
99382363
965536792
938419619
528472207
499635483
948706361
193618750
827607770
780115983
367892274
93063243
851253578
987359201
441347600
521071009
236133926
665700404
395781622
218142796
754582281
660008475
278829721
408857608
776942436
555855520
207033538
617306058
832526073
100668735
904987856
802944056
595173985
155779176
289632563
512112172
919809416
897314304
846043890
475271989
846213163
446470624
624206886
620196885
915663969
561606229
839868541
815393604
881325327
64246430
140359608
797338987
136495730
432209266
66632237
434978282
85919898
486526327
712606021
871154516
543584233
577717196
813219839
75803118
493505943
453428352
785023851
42066483
313689137
817323288
575409968
578186578
569272342
619308301
839633928
563454382
415103481
434133579
607494206
741520733
681360738
229546420
12751415
116145834
528105773
156907931
79724262
506374292
61703689
771527242
870355029
737659724
314900217
255105660
40044067
365137083
86032855
741297123
512302593
441458938
74611148
543560099
705371188
893464279
220913114
50335957
478070806
104943191
479277906
762338565
223770261
496004398
865071710
837888181
314085555
937058633
689751160
714415064
873242628
901324613
683275505
622467671
366317875
814425333
741481835
633356432
262716029
832142303
412372575
211181010
829662260
37599679
928131992
617397474
755255613
262259460
565681846
961833592
421602195
830398798
503265197
129662915
462440642
483226102
594469187
717934305
874711148
287897734
161079189
397011816
426436808
106199868
405404818
208001760
655545118
544017804
992477823
659947847
918099020
143700123
36493425
931926923
475376452
96638405
476861142
12680211
237438347
758890775
83354093
407135543
280229308
310928853
206817865
179542979
340409347
589094134
62799698
161562488
264578211
148173731
359579075
439032203
438498416
967216060
475805229
851762981
379530582
129975890
970649459
453508577
643784912
83971118
479654732
464144464
258287729
2088521
74070213
528867960
631843423
638758994
636657340
835700817
22173650
365957419
921736294
630805575
310455194
890413420
251826121
410675131
343774359
133327327
154570819
380632962
226375742
77790722
504194305
21809764
766184731
132864648
450753929
269639582
432398153
512789976
503604273
279365985
415671548
545436813
504495269
450525520
977493751
281745908
751522917
844077830
572548374
595261073
175715652
490126
356924102
273258138
238372842
606794985
377388936
840938106
664746067
719886476
491539826
189999952
752336462
539104223
831244205
636063085
320975360
486937023
711471864
692836570
460053086
235558908
869558819
163413455
953462198
619272156
682206869
790937917
495423015
320365206
658795207
11308358
178283043
864503768
327642823
92633535
876291316
733129282
976533174
781110965
43658549
240399337
691129162
752296677
944730453
867950293
708336205
502549058
279610392
37106563
8739612
297738866
512114453
896250723
237799208
649211218
583135032
500324699
419656313
580186478
461148994
355463746
180665894
826480265
397112900
791057766
984422110
370239003
49665576
904321799
52917090
387047374
586407976
233757913
396156680
546025985
119079765
407938182
787123258
875437125
796594961
406049322
712943349
73994210
284771221
520660693
711063371
784757843
320265836
893202188
403359713
662801349
831042806
817184585
939054705
330668957
312705254
10769014
709771849
944029423
143276229
113584758
100026059
904761607
744707693
816602781
177273835
772407780
966043534
935631922
491090612
638733496
850860076
838917876
117558211
809289322
315891998
406925714
74450378
396610579
618337425
82622002
644097551
894435716
751258756
246438123
96977130
43374527
423461194
745098826
212728907
132395898
130999819
917453265
247732785
624191392
944626498
868651123
47330612
549853135
143999296
575320346
302099196
739511002
176281768
865746722
551882951
239680840
711836401
469154011
78908391
643553235
750894823
101481482
974123074
516963819
864806187
292143208
633017040
115848241
463147182
206685730
911985185
92216060
327064378
848166999
708280020
129271511
266018793
65347998
848202273
870785793
495276972
421192829
638208080
377797611
624235461
328145395
110215488
942600126
374300237
950046191
968423649
942329554
252494511
303869910
328681914
295924792
666229291
861713153
526920036
18896946
649104468
328192828
303952652
498097845
278629266
617562953
546469365
309392366
899909025
113868635
242613748
908545210
616106000
184503195
757104114
172983084
484861123
138137767
442786926
533863179
278994034
91339790
25285112
300429393
867360552
590392533
715995063
844748205
155773124
75990517
223584740
314421506
434533755
316423898
167528525
136651238
212416596
360132069
529684179
662813220
914400171
372691691
61183468
199266362
15609774
538234805
639949602
120498652
754101475
265072254
859738513
856261743
168905888
778646648
508845165
491600270
910499730
480119879
804289914
311462281
372426295
190155908
649331090
739110881
482206563
177200699
472386851
490215886
527769791
31844205
763398318
409043129
300486469
307253647
804348233
269976258
532997062
755845642
879748894
546722107
930422628
405589177
473375210
965958954
83645464
355615341
224885119
488668619
56957741
555563884
65627202
264234252
583794627
978310126
84450733
464992784
687616333
199570079
312877262
269374381
441848851
753239840
727093447
178218733
312833457
634066566
508545356
918383505
726133654
135767513
584778024
366649993
301434246
289599127
79477944
446722685
140691481
18990382
158864494
308820039
662264121
861226885
198125903
252436343
864332968
178927476
139692406
903223502
171384440
414403911
562019471
194624707
633938321
373061183
843490396
647142401
807545390
961379601
340022068
662611943
892844128
219541605
251888255
533221127
610449034
660280664
941325115
390295975
36115939
467968506
461377146
537417795
805985527
236492241
540656610
245969417
270155814
25281109
125356075
860084571
587721764
405205873
499890597
117321809
491121271
976150025
255650479
714040628
880925181
978485870
284161089
830576900
354929507
752025323
205643363
9678323
379254190
376088636
32249523
716655592
580572342
579162130
545692900
547197181
943289254
885623696
373943097
522928642
931888510
796337617
230861070
175966455
887257489
645588064
862622032
845651862
85212167
833043389
159985407
854697926
858047580
556157407
10156467
534263337
259816927
764847789
560495125
944393871
683743796
304273540
246294625
989576321
69858771
71018676
908407530
542109623
44012678
530167811
751346326
469284514
44470767
875358504
59533662
16045283
235017216
255850833
246615760
507201490
756193665
756621982
909070989
572600568
566642829
501785763
579921099
819973269
169201429
210017002
306207443
178938907
25954651
848018287
948408196
770028208
211389561
458688290
87785423
607191984
572332760
113633384
789421881
525294377
430944441
742492571
279111772
123301982
78763184
210298245
381712229
368906821
147895331
122502121
9906840
423951881
755317199
298572282
698727112
816447880
816393796
729713378
849422303
31538133
436298340
926435901
769895260
834274743
223891944
408412827
927613648
151931945
7281115
164508161
112739424
384704728
31194396
907735144
890185030
896191144
141400289
267661885
175049296
119788592
720634159
475462368
600644191
914032697
608176995
341530405
512985322
36364354
133647532
505030102
828217464
350771967
40085646
855419438
797367081
415184598
509580640
477260383
771766062
970681440
167088847
901346829
401749837
237636334
890864729
832724178
67112798
550662914
824953811
735212216
775741136
620992209
473231332
179552962
330734885
897018056
631860359
726383971
490603121
783273988
10125709
514778884
60725215
694033624
448700697
158314627
523962412
246485835
558922274
528385455
653629482
150314391
569414388
764225485
250682687
130073771
300905391
955584022
726569443
751615146
342174406
363031094
766973989
28235626
115496322
600281295
135639079
226191094
855612029
260511220
360975518
348545037
74855975
109732270
422954835
631009440
472855877
850809979
433298852
669397592
646910828
354159050
723876611
935707917
821078410
705724032
580733302
444478288
135682654
106252661
209062422
626678498
536606459
448279544
181864336
957940027
274736969
683925063
767780007
450233348
609242244
997546008
653061295
94713757
494480315
896627987
427128852
697964952
627357778
732471126
850659025
534672700
743857281
272804336
736365817
352976899
682705362
237887334
803471666
286390812
977462695
461416496
696228149
442857705
188037041
445047101
705211472
493073282
812848762
795042411
231982564
222698289
687050205
956367120
260572646
839827956
635086728
182250100
686427490
370106623
34775425
621922900
97294580
882594615
51377822
701818721
375878989
9565111
219843339
852481471
663676852
724304463
460547272
345802118
367805570
558558208
192921641
292790597
914413989
735245185
238920276
550969466
840085278
393303997
960976838
118485531
311169923
732309075
571016911
167463696
287229565
26412053
90493457
382036150
335587147
152037769
77989637
937491293
677743934
787388779
45968501
763330763
233420859
921083177
774190339
860511416
620368188
520836966
355213729
327176016
731000527
120581239
605712919
173949876
177567637
432469737
530352513
115401337
716588228
680484857
551765710
606429223
298158758
761704474
401644354
306359227
554027288
831844723
14811892
665060133
977139212
768569950
718864209
106034635
48364039
359658475
513202583
776197892
377053347
259056730
22045019
406940830
116800782
995918757
792105220
865858905
97290890
92961268
468842573
369708906
181031147
806841894
950361287
969892089
33251612
127311951
805874772
428727971
717886874
355337268
676481453
398960632
288046327
872227793
54421726
456133630
543536729
467979219
845230533
390091692
807356920
235476511
623889558
171536496
250090915
46766153
790056025
500489386
226351932
118850590
309832555
620660271
326168887
152943642
290692089
284885190
901160223
466799090
491653256
595147950
338107410
840565516
177846384
230710550
866590016
836564226
772797532
313249444
183609455
375897123
791008459
289014767
801668730
188170226
574466194
717255173
612248013
885549477
212107096
282698982
200564459
742355111
543595545
953184774
415108841
977914646
779796388
368814799
717140976
482782278
861268253
972855581
892838846
904984892
958347387
355636672
292010533
315428659
647407883
218842365
618770315
714847771
547405803
472753422
992059753
253884693
743118992
88968349
439280845
706755320
922134337
91501901
670250199
288243407
792647065
932969009
372839743
579962969
871784201
333525587
28600014
622369416
276334419
922749231
975718368
1665026
833512720
665878837
703404265
734761379
884738603
102039626
495927020
464846073
757134948
731108935
550404613
169844423
913021903
897507705
841623009
575072130
574482770
668279583
630236225
805354455
38045994
392342512
439405947
393287971
703723366
433421970
36598521
808781305
991586923
502425124
402859959
258067616
806331758
30970037
511300809
549445523
689430269
75312074
378362835
803875327
876987767
312015580
14236559
745803848
183650191
646597592
312903243
129353860
854234317
135841693
295485032
190141694
710396429
923589761
60190428
169960117
845455869
690656461
846082993
781602266
228493731
699853116
775812
352481878
707178198
747122560
884181766
460107841
270173888
136140989
982067071
919618668
812419682
838817804
201474374
627166936
784823568
263757562
423722826
261244733
214906609
416214022
591379084
469885316
932098944
80926502
314918050
87372877
280229390
578444866
432579638
928436586
985532989
36447672
39078277
628187746
580055174
902161111
30410465
394585327
907365044
28972132
861294896
329784704
155625063
44665624
544252522
136434616
353535379
843325471
709746206
99934445
911119102
294444954
574096366
595117738
46150341
568300318
32109582
949704493
874609367
140673075
462777289
461240298
696601976
623887063
842431996
733669894
213445568
39942136
734458777
954303196
550440474
219255293
789503014
243103356
416081093
222486846
649934907
701574183
763058774
867329671
397110792
559734484
849883700
641461146
85701068
562548654
595059995
631780265
553722463
130563732
228949402
155186656
515518889
856606872
486623893
234489305
733356328
408674945
776335299
540349989
268554351
742542153
340786737
192577226
228888993
514775199
547565245
960888768
949494266
806539621
254620
493257587
864501830
955438131
57437140
733058372
265516392
564216274
335030210
907201032
949639893
499066307
21661078
63871623
387765014
632577718
418385107
206781950
470333514
858077971
453617616
538013342
704736417
698730868
463373881
682998283
912903394
317497641
573701518
719772637
303715046
506119346
774138274
444696610
547812378
714702921
523000093
913567706
443830273
172789846
747567611
951751546
596417200
223281656
946162699
214890858
966391121
278827395
250091889
795782279
134258848
522876668
161950501
813289121
110926193
377005215
650082162
842024190
460394280
726631770
415970423
48603349
986323007
725650767
297671337
69525460
718892740
477903958
258556751
12756123
718658264
368091256
601421573
978027327
522819377
690284149
818927674
354079688
302448536
803896895
906378674
234335411
512321900
464601981
720868612
811014000
963017758
932193801
590620
362388709
952094131
722347122
842842299
709781993
745442629
795449979
77703922
800907722
234442114
757176730
797938603
976353992
5217579
481657210
937525792
734813335
357962647
25176697
642075490
797273313
309117741
800058923
819774163
363298754
119136749
736790997
403834540
755659338
245432296
516487923
366705784
580748031
100672963
63730610
534008727
416053848
571593529
661654390
151133628
454098243
104143766
9156950
887208816
712603039
72463420
191628443
60584076
250793155
7083298
876461893
286291651
154911222
525939024
805544070
394178070
836598004
775555428
113185604
578162013
335332463
714972176
916232859
423028421
513478796
117054617
395485273
869228621
8107874
418991450
774365569
19453000
153854335
480297023
710113993
148552158
712239714
261444426
865326875
46162826
636385026
34732818
929040407
282552221
35553349
456408383
324216976
234241722
872534922
545445135
829487883
381709400
207415072
529551317
23913027
640597827
658379980
10631028
778251175
337234972
202528839
69060840
159292890
95522772
765922238
91272381
853819187
105409589
469914704
143405974
326961211
355350105
441486484
384848552
810705457
856363312
576439568
167402044
663257993
854104063
499513539
813439024
877392488
748767452
407179164
967303799
733759274
568172851
289286912
940071828
689862877
749709380
309623368
671247651
401412547
7514530
908801344
485440593
306583508
776459189
110201514
317092447
740430649
446402105
227733177
240291618
919690450
564604605
970149270
696681350
537636017
793180453
570682847
232257542
820769949
479629865
957979427
241208630
564983440
21009364
24564327
614460986
780728634
459775493
996435108
416118604
480389755
151125233
540998982
843948089
944768493
830911903
828597935
146684644
233312599
826581098
711110322
441925058
495969595
88141187
791190808
172342877
682731849
737976685
981043230
570882002
839920874
173090175
21053173
702691666
837289910
296751206
781563969
577829028
129384958
727222944
703578267
867685026
999497027
418648321
986970383
92091319
784765628
202074418
71317918
795323496
932422101
837645869
724694973
923023304
223747242
874692291
487397077
200741378
999037584
934351382
181026497
186420434
191920781
161332255
380070483
705958412
138341851
498887721
223994319
650959892
118999145
995746644
704726381
580149861
326547802
500522771
920263131
109488139
690859907
303516078
207995578
657536040
285300721
996631745
270270236
134375538
83106401
976632251
36746253
654821299
954165703
738977376
899183879
232638536
135876296
735888200
20581499
442200739
69625407
168735325
581698127
601887690
452183483
208462689
226972251
5103061
397686272
719845478
194524907
787225203
580524418
996344916
236021568
596729190
799302381
833174374
691681807
562160898
262528415
828539309
633689600
132836018
677840428
585387404
961277488
745860979
883169498
973455930
714601647
963329624
728978978
897837123
249271555
770585348
982308661
30920711
546468004
339971123
18608245
754529850
5010814
89792561
796646391
696301666
852768370
588229985
588140552
173937500
27444692
689646775
80450469
475480024
920843758
367359038
814642433
122357464
186812284
718822292
956880387
122144309
50794543
501562473
61455045
235329818
869176618
706322692
59436566
140393607
503787400
587968190
332713465
375414735
421611220
39309444
853048356
551650074
670027151
758215513
881396866
426153444
106659245
299043538
802269106
379177852
920577816
362809752
463231877
169408390
448867884
683111913
408378755
181144186
183863353
128279576
556982631
460630562
496194053
966199049
735547807
869499424
8124999
882888374
846941133
414569574
509688877
389100716
441837896
138699195
361548247
524803214
705748380
646030397
983577305
563363985
97605381
57869274
210353341
724630527
308997368
588841685
150020991
431705524
760656027
88409672
978325519
267656356
61002568
215418524
845341906
908269651
190308622
55918610
618935842
319479643
820975408
638083389
392170185
503368682
873417380
389915526
832288906
241978433
764758676
577033639
198324377
273850166
167338721
207021616
426789405
807356595
163757723
802555910
763038901
300417589
64629898
259658975
190564080
382633293
222351784
491454919
586489555
265019938
142393765
865266077
260748888
226402798
213246818
673699734
806673897
939772285
209475958
111082426
970951401
192447921
484981420
834897250
610987051
446452224
255099011
768836545
534393465
93501172
792899501
499276375
932000526
712069802
728884368
830282623
60325404
86014292
228583368
752464099
192755016
875620791
850124963
851422722
308262953
408177069
833916323
210097
282081484
19068581
867805440
202873239
509200435
80317982
585721124
4651183
152234705
133164591
364854061
827909578
114493199
146693122
20912494
175472394
811413451
62941269
240336878
840631145
358090452
802335736
183941863
706820400
468327791
235301969
321217352
443769984
516293333
633272283
121551668
823255500
210285234
23852706
560360065
637784157
344553896
633464520
204970810
930186957
872540106
175235332
437651485
521333644
634586401
600078622
847469342
417458527
258332203
996070516
638139874
82920923
182667863
880471161
649751109
135080942
423979658
507511600
369770197
557673047
995794845
374991797
866464084
416039465
883559644
657001140
537715001
28507980
833766536
737979120
4880432
752538876
438504022
144663486
58662038
568595016
346789359
200456071
418280958
3626644
596603758
268123722
885153710
315141655
977820133
848447511
627387170
302315102
828988376
238095765
571716232
962717383
599062975
835272317
601420099
604646151
620536457
805358108
657287273
732902821
266970132
813355477
411286341
18961532
650887094
870224797
733956565
452543293
743081143
141353085
262299468
60904939
589333716
507190036
61943954
138707293
839957182
356724754
549401791
514770879
631393945
31820478
910240675
982063889
384769150
444826481
561199682
243433383
394129657
769488921
723310416
743559335
39933835
93665975
750812089
120732302
711357225
435321313
492995356
619056043
742694075
776042817
30871114
690647203
102209438
100119060
373377996
113215723
929764899
413430187
576157275
973902161
50148877
7735277
241331046
785370228
557832471
977939923
392376207
385801543
97596780
645920747
464058158
927449490
608178733
962077911
749213900
198258801
251509231
594934219
859893674
826446547
687584570
841548050
415871032
737620988
185926411
156411528
831634590
32733699
304443218
112504865
432068918
296883797
190306677
80692834
595408143
419264560
815456972
217420003
67685484
544453417
661476130
322799827
697975107
589781415
900865850
811420531
854375871
782851429
858428232
537251994
936772799
248105972
360498548
147556655
839148116
154068278
650639451
77994931
598437959
371675108
125364621
533300405
673620112
915384330
145716240
385080155
747429856
265073030
336711387
653302239
336989720
487361676
65351004
471648784
189777104
654902308
132699123
145492429
283919825
391800490
323361397
785116558
688687515
714344526
589958826
944143579
284181472
398411154
582555342
435129554
353518087
235373519
449642004
884816037
604551594
547260336
278572830
818166810
182884632
293464500
403951750
119179273
956195796
137671344
575910233
703311074
91967252
889996875
833974167
642711332
333137474
616365441
703876276
464120295
568091007
790932769
732622874
220202835
722190363
891197007
147961253
606093095
391585566
665874178
107555877
314298163
298617283
498925703
337175520
372838878
38177783
558329340
416502029
920554656
986969822
909893846
766243929
750121609
481868111
179381084
737796454
742802105
428625491
5794089
241413960
18157798
84185514
821491630
659715846
862680537
43825733
937461421
315912735
186669041
360187085
77887167
999703810
706802078
700667931
348547535
160606612
665884135
461627326
445398941
77910446
525398757
556844152
39456829
75984797
760162885
11626689
10029205
569389729
6920138
169870147
960379618
668706670
603165129
317427036
975288627
758526637
449425324
338549663
877161965
501974908
276118128
991803987
724866629
404074986
98789158
873577970
802198729
136645500
211980149
89557932
625897944
373478827
638275606
429798370
104792613
319616100
456222039
271402667
525328184
83676294
937548185
653748818
951117292
912197735
451352018
704896469
64569586
468992592
363232268
977576296
514009933
520487676
871603684
672382704
829452501
873678365
637975820
665162889
151995572
566291671
455435721
51458305
356997099
793670211
21059957
424084570
550932942
471671278
269759742
428829259
975340676
229386839
793874278
86467264
551960456
504013172
26326081
177877590
12964395
795296046
164083770
938440416
459949071
152991712
793805710
538309605
64612781
97400540
801998479
9333023
989419728
341330662
319564322
221016829
528856344
441799351
66001473
804445474
996464249
415782267
899388538
876624612
870594489
231829843
293577839
986937805
934862581
106018772
467159124
563388958
872269852
771652743
999667060
522174791
49367922
846196583
270872237
894579312
669022223
948883302
677330671
842789108
29838430
29840104
774133184
407173344
830397598
546382405
822537147
64815993
643530596
903723083
904615180
18783155
532380695
796784315
375486966
43975866
212063603
720215240
822458189
202623597
976306183
690372507
557005564
273838558
523291319
735661265
405147265
911360979
908622650
742383867
329197420
993098056
163589277
367861277
113870308
73966059
836130750
689950767
325096225
814959775
338642385
985389983
509578227
681965561
612306655
233939405
787772730
325703366
441232450
603278734
530583147
945428099
827538731
616468394
171983890
83533796
223496988
652905310
981293130
108443982
801518190
630846683
224210246
367761244
15040205
794753477
121873356
737678685
242722742
239441332
934461877
868682196
622321920
542716598
673133167
535926519
580835664
125079499
891276667
45748017
572751011
256416616
382851311
265286049
770072776
446392309
47326708
962328729
522409955
609750095
148151625
840302623
859439852
547214406
986246078
288506991
187719214
255783200
192348346
740914294
830181320
92642325
320900790
59670617
975806511
183946449
724771264
532018156
133248170
111886324
596012025
167649084
919149013
351339413
680167959
448729350
818416671
96931771
711317988
914584381
391133260
435147491
247335613
701595016
109114355
676927613
979369491
916580289
914371584
191845743
718189549
895001719
93426484
72432272
965812069
660825965
175318176
608223022
837238567
651723801
543501358
5821833
345866741
706764326
518478616
179002709
494210853
854039538
128012911
774559804
36328737
456568080
955428245
449047130
389648870
582580424
191073475
380541119
387298694
769917074
6503300
947052017
886499494
4291231
773826872
356551271
869471488
894591568
199497618
189831951
866424802
290934460
854169882
595512265
664621230
93935407
532953004
300193769
830085976
546875813
385316088
734684345
682473195
195319123
608490752
264918516
388231684
572668191
28197020
155235917
652609877
74006051
689445369
98606566
163191332
643241006
360610070
940242649
72262345
76899394
612293701
687466419
783312179
168769815
900074160
165190131
475401572
607555991
97701586
175648912
598569968
804235616
913447674
579617904
615073922
857362757
411163084
559134450
435903064
398168013
909459135
546891365
925598402
570130355
857408671
899658382
205113255
841000036
492237836
188653863
338318847
168169092
945852922
73728602
66141274
586212457
324377136
898038090
752138583
923131550
59565001
925713034
521456174
299347042
17084853
314300579
224730919
806704679
659964729
72056979
283565601
144463379
426325099
203481673
78354700
215423618
958256311
283466538
394358895
932922498
557851485
58737807
661693923
841939029
709494768
784621637
469503637
315346931
441925336
340403979
908929992
594168197
284736465
420230423
330980689
809599467
77571178
723216530
654373401
613771575
583777927
743184407
180882591
793796912
724316384
545520440
104804723
335786960
468210560
397248249
854945724
170722758
818742854
229537875
269070771
905704181
361029479
368562866
533112102
727832819
364418538
453825144
325857270
651440523
754282538
163846520
554045081
393904443
498284120
791880571
589097624
523697591
999863031
432332990
795866898
723272804
963064670
129487474
598190904
621531358
906786362
160127803
437861071
849375090
380082185
32134578
661638321
859446693
697179039
630434531
511180620
959529131
524481701
580306128
364433697
705447408
720535061
75868396
616126278
359442323
784682687
38565536
507903461
421154534
316055496
714627529
841008827
501458160
771846950
653910840
781717402
830446315
562163749
867780913
992037607
881117382
942106597
919199724
368024604
262246819
293706201
461972504
665174087
182685274
896350793
663668051
343269513
884948981
193095377
985083059
562234521
287773746
769579232
489572160
334333247
621338116
398282810
941839479
611419353
652732946
381533559
242959561
851351001
332706615
285581953
255965209
975485252
112764160
466336538
397336642
830403892
19947057
876253524
714950543
298629464
622328640
188826134
969567041
677036911
284097753
585125790
719648269
189443025
178442840
588633082
363163291
917785574
16173650
780363149
846964232
402469036
67926796
219322257
946944101
371342645
319522562
321265807
813209909
959475494
875609442
437752040
994684403
283072314
322115726
476049232
866762890
295164861
997780638
136754509
957649371
83837714
150753756
859197372
927623227
197493294
54479174
715209037
828813297
398843674
606486287
973220098
941196732
397125492
753605918
235618484
741485900
106927854
692722061
321359246
346296261
271305678
711298859
314988688
288774207
683744109
495544827
649496845
58414664
667920056
88308659
803055405
311600224
713624242
524028990
513737836
251212411
613279472
735718458
510742553
159953539
496544283
180901755
99809752
77838548
808206962
808543622
13388833
106964670
669626437
403562007
306012862
222150919
902523515
808140699
973889361
714733670
525849869
534160822
670032332
864658441
617591177
300284351
756611318
655530512
225405840
953791295
238979821
162359311
209307480
404521590
159563167
785176464
902325802
413850326
237474127
569369231
791945957
282080134
985968406
948741116
390613113
472471520
628609376
978515517
602426989
161144307
331544171
611837865
656240986
628935425
142716107
368135950
322611566
132800514
478847977
778957867
225700074
995997216
773247615
527473719
754335396
214289209
754967325
849540184
328682118
465520737
490047144
232215085
414273549
76165213
95678678
131415109
929865931
637893672
823765683
225683622
805870821
557595505
9494302
653280583
282420117
473625372
600130380
504386197
110778281
165438909
689861445
444190706
35708930
233188384
194029154
816939569
392049686
79351748
373240789
681863196
402048111
13586778
669477153
253155054
583964970
899234123
287020190
713597658
155562105
220260400
770503159
456621442
61516577
174273880
373862571
472115840
138552573
147509061
632477839
954611680
730294649
192768559
777592906
186180772
225286167
635144319
434106327
770764607
945045230
324154197
320018695
820321307
691871526
568738051
606547964
468185619
925533053
466230160
954676143
787680505
208480965
306541879
118752876
510019601
945463395
976106213
863807057
939779732
109744850
892950206
813710290
787160111
942006302
817111192
382771768
558592385
204144234
829156990
262596637
588506272
285970026
218849070
774660593
729520533
464299497
846562972
89811065
525400283
35960901
184626797
22739786
934260196
874930926
544312445
746874194
634710932
277996523
503797081
555308880
83986628
237768788
432300742
911461463
994452160
604549337
29256248
582831183
234647497
961916985
651096923
696529524
524125076
294704588
447105678
761225173
601923018
714263034
751960931
730089942
643828870
513363650
574102305
802164398
957353690
897298996
871045442
539479530
126566218
119177463
218255349
704759016
61739599
343833796
585177245
618243421
464694485
466037481
645458000
307526096
819028669
948308678
384055384
856245788
279880540
589864019
912569526
602431986
4123642
736281753
197242010
478802773
275254356
793111604
191176940
764479260
247825179
592237016
937896647
804282739
500478579
694525129
312325624
24691290
251070581
630270817
881837443
455867940
234384301
70847374
432896030
926888954
36708764
853826897
716463285
767457366
888620343
56330048
375996644
636339080
94366566
510261508
771989888
348748853
138437510
601620444
280590095
429984722
254379496
125059865
974566475
980014893
750332495
879618208
330600098
259620581
610015350
428946795
448310457
607565293
284053128
695023624
117024997
562293773
641257382
440223512
770119088
676420193
396618341
36526545
302383194
860718040
947628365
367815293
744043349
101756342
451286363
178438905
253720776
106204178
537845887
313826103
577959694
623625305
65733663
973020604
291180340
603987401
668318611
87371810
61471102
16450551
381324967
558575511
996934626
645792074
258995228
644814685
551838859
806804861
679586342
608173384
127817303
998038561
253108975
367516739
431379290
214727960
99760915
908401867
825345369
496174875
885445667
743448946
391153232
82046005
204063522
649695069
440169197
956802630
426635531
856312519
198976274
373410690
76111176
450851708
492926038
709026031
560635452
407909215
303564933
980380906
337013691
524896484
826704412
171475875
645340045
177241494
637260494
736613788
995684846
545224338
847896577
421836846
525363217
435096843
129164626
775866371
834801304
548034244
909140237
84407709
957753374
632181401
62706869
85409742
284852653
552353526
11649922
187823678
727005000
330911838
978116830
9011177
638340195
825100261
433803495
694509982
746351205
938432951
271896817
525323393
714461485
572788111
101420545
617330825
127421834
244727616
320297298
5777667
737734594
849360176
79146196
316817165
260603916
979330264
31238056
877411356
364661526
296331077
508745893
763389046
50333311
493207450
364241623
804348345
671592798
711706508
70338554
150973266
686304441
193632740
88585475
824794375
273495055
973481217
69089944
861833582
96601551
812393299
368060307
384484467
832732126
810728417
522611586
218453974
21772310
76409540
776672042
107484587
302560961
484057514
783628032
354298072
209560354
1191508
522581934
310055834
638752748
495777048
762508436
391632384
665685961
581421407
808828485
795365486
155871188
270416424
998027526
924105244
508324895
491963012
849309522
691350933
52241966
817757720
783431768
790073657
185086330
825140126
756891259
102378939
500684784
657412964
557630929
438106787
36431471
665955275
399738533
917903052
941127502
217436617
812273654
231902951
161391315
903147880
290245621
497897975
267141052
110763588
772728971
299434963
907556282
423944721
32928209
631530920
970655730
457660691
898256021
300660
737226107
46450853
958477020
437366156
994137058
223815603
654316122
40334615
271667112
785525055
586319100
948363408
349075650
848311519
429971806
74517320
883919641
893185341
40050006
38184161
114770184
916597398
856888423
823956948
994309601
491434300
854381134
941279724
858182248
278612500
571588986
267456713
522572630
682641177
413063563
558363742
741773271
348831191
490696154
63604084
75873292
12960752
818915313
257122853
111479690
803379611
786036238
203199073
33166810
180219424
653827493
924982892
604635383
944572509
96912347
917177694
407684563
532136260
585644556
938595234
744378066
186368603
622645829
319203191
39361612
635286586
411193290
645686130
624407824
651456784
644392850
722840826
754966236
849653023
209088198
196539595
916981990
197635900
758090566
193829236
355654742
679071056
44589091
536508889
491339977
396544729
648682022
96256945
580699344
109305705
723281992
746640392
906187375
483537702
974559288
931679167
423857054
837240137
432636120
910455815
575307979
726447775
34831040
354387690
366598999
472751627
321104058
301099458
122455572
98239234
577739844
428660160
569649613
585123341
554950673
617667174
608876991
258706763
171550856
643663373
914810392
199224556
988605508
800082528
112847999
656682935
196750994
38921951
376666251
149283717
870345206
690057054
943277642
954080707
283414182
141034115
395878076
13329396
248783117
3616331
459055702
381656621
733433418
17582213
9313152
391342999
42467502
590774101
220909335
777972977
399268418
935561139
914649324
7332620
855394110
433392106
298938434
866330445
749322899
715139097
101724244
638224942
607063138
998844085
848209613
408444860
951957635
136263429
331044942
748686875
225311488
732259237
151617771
369649150
885997206
887209220
988062382
979110703
221391163
473401317
902238739
529805069
23947410
770196450
437857930
499935497
406337144
72632804
748412665
612947240
159665020
335962284
858694711
928802948
867313502
647695694
969297810
36600267
742577047
738616753
844774218
950868926
954386897
735825680
383968532
597544371
182180971
187525755
928101527
304123924
373202678
89061719
917705714
481518814
772569274
761674202
604766772
495720995
969825586
428757904
457616867
326984840
832680587
695399385
490382710
360661960
25709610
236421224
705657307
646703407
739134243
202208197
615114482
304027679
64262338
269640652
43522575
140191886
510347014
195078188
734325884
587262342
443110177
375536874
844842485
678664101
631107577
482450139
72331050
392399259
290944682
303435821
4774976
665461934
572069122
815768798
36006736
465899320
118789636
976841539
279085799
618353960
894561382
569974915
5723781
202787453
765491474
353046298
702100254
584205775
603403177
545778007
263122844
105931974
740037883
734761950
757840730
53147296
94877584
997193766
390025898
473352367
579836962
313535227
428512081
881468633
930778145
326480125
214309638
401424407
866333230
815356192
200195062
38957302
676347040
19386155
862709571
984600601
798503426
923668537
29405568
624786612
620203923
342062906
946941239
724199699
589919684
505959283
19529571
231621905
919329470
361118970
703429622
649337505
681188569
626154299
291384916
311162441
251424550
198653302
244432342
305383330
765599719
262049598
291338313
300479450
757830417
276555003
34577004
477890609
606854865
136020585
374322805
202770047
413289476
661085463
517389453
540419501
329149117
317029609
220084047
731081783
924181187
668466327
219191885
550003377
842688016
383000619
863916683
48783935
83023699
662000519
52133122
30510363
41848431
122774749
271739678
754947858
300936442
250889525
509225281
509793287
85353663
269623018
824681278
611549295
194639932
752871469
280610526
506238932
152805157
410955137
439939679
533155667
383854303
489962557
500057839
860665885
70406917
226931469
498157877
256796153
245511655
166628978
273543113
420718528
352093446
992621885
140778935
176526304
975575962
549239576
858580737
324138714
337220364
482861821
296527130
534088645
389449084
56483772
35312491
554199752
468459580
823346810
563302353
30809507
913566290
187650349
654450973
233336359
526976250
584122145
950920083
987630777
761093666
404476789
331224428
833836756
600943853
703579039
589277012
487811972
552411185
821605860
420782316
484194795
903073528
607516641
454689097
729236415
681198851
44467461
966697843
817223114
605203778
23396628
385294567
471592553
12522077
611163813
335023638
44106766
936675118
196631461
468394724
623988670
325819205
385594835
780207401
147334036
919743843
12932929
731974963
865184572
418799615
364158681
315167298
660931705
557874116
760407254
127762699
454703007
264954385
959109447
616327222
501913113
631748471
375848079
721495264
453604068
691190335
303485416
955353370
194217746
408735458
260852187
654132327
883467849
428331151
764206793
601575490
213272897
207027624
680647014
922859670
586226762
965464133
385112888
23978052
879553475
884586159
79175964
757739425
912633508
9042918
1558978
650406645
456348917
614714908
668356652
894406397
790236245
849688888
887191091
882538345
272371316
272078164
112832258
188784991
71463321
412881728
720946073
704270838
897172252
392082684
963717451
194181820
950066157
796925505
579126848
606798897
599717132
551982841
929893876
235600457
798227982
617351619
873154998
499419886
294053791
177918576
357439786
177742972
866054650
488970377
969214664
358307396
319647603
468970438
312498266
746906377
854092526
583018648
944240514
249424261
538986084
801560736
362432561
655690981
455027045
619235126
491087153
663708489
725842833
82352099
445785757
429892678
585026846
195046631
834385508
426520931
18139477
305405876
846059209
939111583
478485
65106800
892856549
893191913
249127247
665147255
575123236
667873447
606611336
924444631
105496516
6317616
831679066
442622931
800179545
504006226
478232051
115657313
301121868
393948364
411947668
439333036
30422615
233823957
832790803
382251154
231151882
921907092
887965529
155034918
223989322
312990373
258915557
450697007
122522572
40905370
88657224
663050664
939015838
117945720
461724839
113187390
17340319
596879670
451530300
833843157
714379266
688198721
878382293
362578179
779826127
613302267
688116564
246357140
667756642
612977463
559264557
785084420
449174250
252073151
220140267
82051592
11817195
764017103
146673835
393705221
450987197
243250839
81405087
906953623
382438922
130582204
302164876
979643148
883743828
306902999
942734156
674317799
216711021
371404276
985389389
561470045
216993276
44467221
59240721
949356251
158966271
257404589
867124908
933370494
395066692
783388198
744192329
838634905
630444526
130251611
521018789
238128179
553457398
615044638
943687826
95650438
587258536
208073139
989489014
155501953
687843106
610444115
981940425
804730183
424787672
298426027
409250971
195984302
691389715
393178714
842546443
29178561
972717677
934850678
339845329
251016511
60259158
576538888
214045621
305518361
84216466
200639627
218807573
764279288
735062457
962867825
480145507
748451764
434739126
777060254
167132069
758330590
256169801
81075435
919067124
644757815
395196805
832218532
92947453
416227895
975385170
298425355
20630659
285419911
407581932
601734099
746084571
255349127
713130594
695043237
718501742
257369033
662126104
863716510
458445882
788332436
350237765
741440207
942492498
303255650
754129526
561478588
188212569
723948642
207784457
555928030
749885963
680806646
747130547
760175649
157468853
142516534
724893435
414599270
773921976
884033644
161504956
802448386
908881418
367205526
131812263
105205309
247525812
399920360
20464575
665489109
818841685
308117575
159731163
721052280
172867229
301096910
534034983
771729229
834231251
420215117
738603683
472072044
478472272
363191749
784952738
887410529
139718658
810008557
123061325
415937709
544330474
614935728
334824734
755353157
694466462
989146541
101832293
798734609
373011400
740348854
502579910
32567406
559402660
347923793
695759801
284095661
604351366
74771770
386579977
317333906
322711634
264714975
629279318
976332501
669180930
258234083
971466643
101859492
191253796
321208731
391402888
849096223
181744217
825135508
954552145
66625499
293028568
996479499
168944605
553501792
60325608
673227635
928066160
85230763
296491113
418844147
493374241
853879981
664022860
444375013
466825565
327226313
190704662
83361369
945172578
845579098
973902434
281078671
825423813
632811819
608143196
861398401
547080172
217424381
603638854
216567383
817100949
370921476
231627510
540086000
851462990
400833386
603371094
447306592
448229882
340533963
296307939
498258796
740038482
489143224
147389231
989834000
49017697
372063540
953235040
913976569
349744647
81922618
104648366
427181836
930499448
711086133
557883880
70791389
425025210
497901445
896385008
90139193
788397610
605655041
900219706
137923484
429241336
931012976
71254866
180669627
817647270
100245007
76919635
500723964
98434957
938954510
37531248
966097913
94685015
838674194
540589166
358868993
3981958
633553589
879945768
510710935
387471852
52618498
610765834
605667057
975447345
261563385
998958743
581361786
280847697
427488529
618797796
402537808
989076251
411381681
364473626
492320966
216491955
669457845
907237623
793162724
345500432
772932079
749375054
637430242
629436031
563941540
322525058
488449201
949695774
424104971
853634575
830641522
282083938
648799954
551141122
159276796
544771217
294992536
920853372
610936410
13219145
44913780
425244978
511885131
60044279
180711277
189758704
288652481
827603553
348640511
296959761
993859938
714369309
169798556
938291721
571031050
736185367
407815465
680240348
444472391
494328079
528745341
620077988
419257564
604527640
623978725
807866382
439067710
504262683
35293859
484535773
200218394
378535762
115604330
670650726
23322829
443771341
303012324
737828371
862953962
597057008
718525228
817630432
313809080
369490675
848147796
199623905
610972082
836434785
402702305
941710266
383437317
403837849
743768138
837962277
458470421
429869649
972458108
562045552
232778232
485777678
466969945
908234492
496232441
753224876
819736884
292545727
338406167
399034332
352390742
357240259
918989187
617186209
70841725
526304677
396377381
938097618
494642776
742605335
839194136
43856796
981801484
431504734
544121130
742761469
482780594
831980756
517774941
834523210
755267798
522147687
768613737
739521706
537315321
849388568
713222199
110270104
161383697
411723902
271619943
388564836
305470980
802496320
309261515
572604083
758597424
271988895
767725546
675293947
670681574
40179433
346978430
380185608
887754986
767371015
752293110
227386234
131159797
794996464
241434869
515359044
331580211
431270963
179357137
555693103
992420294
186886770
971771157
963482709
946317889
437658593
341331199
761700774
497702957
183280587
403265282
347397222
287541639
809274637
930769990
216062893
819985728
91347097
891319843
480120294
522107324
936276981
666612394
25140560
836800340
485242298
50731292
981562496
535899860
827197461
815230064
867501789
242413565
249523528
554901457
230432547
759818756
627666986
482238750
92631009
164465681
937178787
677514601
251493883
510677441
234940466
322071417
879552808
275301285
952874599
748357704
844873332
847929793
778394472
254721924
678120128
289698829
879219312
375893522
69190461
625056504
4911692
98486919
927109621
669289952
352978908
428126637
42039362
143928219
712351896
372477189
737404757
258175217
388432648
551718719
907762864
754989855
416134987
65640643
931186348
875503701
995616145
82313259
869154548
489502265
94774945
874340039
832569096
938717283
632675412
924181271
327073468
970013919
867652632
332819797
813132982
145352366
838748526
241253353
449735411
794908228
128166507
220494322
157113154
494969867
486563387
729919940
463318471
600754399
548102042
394119524
927616378
303417489
540775769
479852302
318890662
440005220
671559391
372427696
232315242
640119187
59216037
371588972
37841467
386702281
252183225
955348506
403056736
966238119
911228732
851446723
831016565
345494849
3213540
441349415
515568873
495405217
859544443
221676088
897228927
778688067
170792029
477014685
968291025
7545240
177988350
539562032
813463752
876778371
236404578
133141376
283445029
9012959
491247779
585738832
457095420
85136630
11544943
987793430
135033908
495003147
696228488
5963901
440836616
577418706
221372226
560195043
341756808
871809523
157422600
48074716
221277209
58330762
266813655
933762989
200696817
808628394
519692224
365643474
702952092
953365717
488718187
901614968
867250554
198936453
893712783
486910211
660589118
903845799
765455739
448752778
824531312
59884315
567954065
905889622
972926700
585104693
46852805
617708903
198309985
174046527
281460002
77908463
282087891
831534325
40317509
625813972
56860698
313401095
580081376
693095986
920651105
689202074
515858488
821368535
794944423
408181447
854749864
37723846
508015425
557858075
41810460
278205620
197439318
928614934
867364503
672849294
215743586
880625836
622489773
173610737
372580020
252256199
821146121
608047025
198109423
455211202
556680681
393866323
602824845
404546543
404723101
145188242
335769687
698393363
483213067
243027165
541659886
978446309
808945454
977641687
505251142
330509970
87949970
951365591
221336869
349904956
560274906
458377318
223305641
148843894
801279035
907026371
311016895
111620298
699430398
230357602
971327661
769433395
928443137
792091752
806781065
695121059
908396343
219443761
44636351
57695870
830746404
682782923
434818190
527246365
739052641
337195640
48047500
640500045
912126494
307667760
927543326
320154829
175363995
980539164
536974849
302655187
658846894
600422684
791101124
220876168
384675904
222550850
863376971
980407687
119798480
943482197
561945934
49255522
801182958
380305743
405214679
15714589
777184193
590443488
278168520
535578801
533922178
900114664
114949971
462831243
109835775
188723200
103628160
567696138
115476761
293143282
755814058
82362884
589209414
584203325
499441410
2206017
390048783
524174226
158503179
864025343
191276179
134874713
290332700
19391085
710729219
884835373
312359137
797617712
347235876
972256604
371717594
555648224
269611984
339739496
535089627
311955340
484672885
353784200
855759499
770241074
263007124
466968360
243749605
921396808
947402563
466346596
893676473
513664822
246856876
672203409
24167980
433704153
301289868
182399157
356109876
329323010
12820916
510500362
761393949
476128501
211416460
110137983
249361414
594561515
248249995
901689143
255974501
647652240
200376768
22182663
544347775
185409925
960081996
799785724
654739441
320627423
902107622
677036243
706144810
60192934
852689749
993056128
618687214
517852247
953832186
110856104
398506708
945672803
673740611
275431974
829907913
948577454
2211129
558409865
798849932
936088848
513239795
682487188
767049263
591826903
550810144
778251198
868545180
825385027
133969538
957360048
624872718
583924489
471158381
517367497
140536724
836261073
75362124
22676893
372444817
724183736
771333149
644806770
900940094
359355599
376429040
681720257
636335655
233022618
958964843
689184955
894864810
73622929
808289353
554474946
177073275
925829538
318099414
653988075
214967331
49780653
697872757
413048963
351764860
622118407
359103514
670839175
971523895
585703672
611154385
68833322
644795478
181988669
141876277
842761811
453123762
265062534
238087417
40668700
350372214
118702073
729427555
658359892
358696866
683189421
628324300
749949182
88415881
167609904
792392737
514840016
363759699
870458114
284967013
884390069
548485756
284518680
74673197
734427723
804676179
699618394
788207138
410661478
930850684
465778468
161382019
778684555
570860654
575493321
575094176
875489398
542037750
88240139
999580768
285749397
631994035
571469221
28154556
667964554
292988823
512685249
214352961
776603564
822256236
812249474
36045458
711829383
546612045
152331132
386895844
577323607
711798824
886743607
135819649
470478737
583771459
92296623
67816006
289771611
622514612
885705431
631151396
317353999
553336808
367621137
535923106
702011580
520418333
727755703
242852953
691680165
852636903
126427798
14567799
470014400
178838959
544372334
366695229
711398967
624956719
119954547
867693185
356498667
291398135
251775951
390927149
450508012
609982700
864773661
956188862
804686594
739800003
254137840
643194053
557796903
601176458
559453514
288627050
172429835
613096736
372899365
716961252
745383823
844778424
715637486
317801218
180313418
254602074
751697668
746524069
983092743
494067042
383330110
777644355
673866053
913535231
284815970
14059622
357960118
388453301
905645487
663500075
525507008
268797916
275589460
503259076
434292223
523826974
396470006
884560118
335279041
956369149
200791086
915282076
977158536
572957003
31443721
821158946
785236364
15513775
824023174
435591434
22360119
593321767
847394075
879447403
904890535
851088001
484431153
911395949
631213871
259815136
469619619
694352078
865474518
909435709
647109699
374546272
218294486
274323428
5396566
526471560
215133470
932125427
62430483
930588097
450586833
887353566
354399783
643015191
919124421
24185582
704127539
988249773
410371077
646225341
407888204
748811831
832710223
877430715
763192187
598515840
841311383
994977708
841713467
715410662
837037186
13747496
67132926
794097881
630462956
356896026
606225576
514633311
635076963
668218434
782280722
95850131
503830185
269695923
597863304
326820386
506943797
77536085
616826700
935348684
799867571
882189924
664323857
906988265
748056960
65071087
829995648
108348385
842682671
830463834
515196854
791049395
834275078
48940764
90311108
787796847
934213761
545430018
299741998
41472700
697315790
445864490
757983853
607009363
214149712
359866121
704218733
674964865
98235165
732988198
376801551
12690857
274310016
222434396
587756968
821630656
388889463
527935068
545892225
421271504
954615349
12339496
310169685
572298613
865174177
286140314
781389013
453908067
324858326
60192731
47588135
453510110
728083873
269456364
156035939
658862656
292693254
35672096
516555285
617906550
125747900
511966624
317105342
328616835
74912684
76637926
822180435
600640764
704676214
388441666
56631228
841871755
456654571
30113368
211348054
653613165
314470036
48321696
656515186
643023091
879437610
260067301
204605396
780531461
89374236
455339207
911023668
954242970
845489676
133499961
185433536
512326977
754008914
894906371
367414168
196571291
89951351
722883905
503548497
876425950
75932860
935878370
992720499
538116692
750490769
235981866
215775483
375856858
771881502
298132784
771283418
246015073
30213565
730407777
279246963
323238257
894267005
845785083
42422817
979103649
861183137
324115603
452135087
960550944
524808735
765490575
762882270
548834351
195834146
90137773
25461475
766091173
303563401
284332922
142197478
179943274
810170469
430048220
351984515
128843260
88415359
58164873
566527565
119242733
734155471
580270477
950412870
581941346
352243206
287808712
404056681
646378902
588188165
687473774
737867297
833317205
298273892
266460037
812362191
177646977
251990764
353324138
513514823
749671569
43530781
989954892
896835667
677881357
718785449
803154608
901622063
323645203
475466487
246427115
346846475
617764565
662008225
404626859
907696781
373274393
156406774
627489903
824037964
132382904
457477497
979003146
493290326
830382111
544639840
866924324
121879466
350518737
337389333
965582777
575920831
230803170
331905721
318403992
798386172
665873789
329297820
562771429
984444733
894586720
71222982
947493527
991718741
600376923
57748338
2204411
139087494
845365973
31881101
178245167
295925002
514645063
388940859
530127784
823429518
26947518
125923411
719233964
627074994
900991069
333853918
187955673
152659082
100406233
702862748
48006044
470164768
485159163
850937214
655290043
244236527
323385890
449212717
758965196
863674985
37256126
7486338
181931195
55638899
429746902
429429772
545825096
693535204
978591619
514721677
347620742
241242633
915126131
221932157
617218654
13737252
597798503
949573510
691995658
181745128
475718837
654983174
477498010
729127167
408275910
324131472
317484146
38801796
460214937
130481515
35503818
359125385
431087166
988892433
11965485
59075731
739917916
528220338
296037114
695753753
644906925
120699566
156337126
902048776
495114876
251135775
681165432
483897154
831591726
246067277
859876236
771968026
521289910
424575799
228564945
96846553
206854430
93312017
753613387
336497213
717168133
876119232
121702097
566753781
684409116
765297504
745138320
31339814
709151400
328966335
144619142
733049577
342048771
384890079
226813960
948536522
41274907
713209719
522152252
490909515
439353330
496887411
586451360
15889503
566445852
990081136
323494017
670848495
74628676
151683393
671821701
71030872
134581159
304879213
576535330
649020139
534919575
314439086
73121060
593052780
964514553
518379379
960599851
376576404
513443784
603350367
258603306
934718863
464171408
624526024
232537578
121708671
530319859
215647032
483849093
711845879
886500648
217799920
938003435
512071552
482664055
402527072
891331936
907833111
460907198
721412016
960015100
374912429
433364207
433620283
567374634
402648998
608832655
25716238
351174697
308789595
624239161
408553326
478738574
824140696
370114585
209447503
873881024
976495134
700881010
817665501
739883643
756337698
800640536
535178743
593375566
45265612
510928119
805407151
833655068
178246073
222048906
988181963
803343775
900970362
84282468
922752839
662450656
639009299
460032171
132490193
99232449
93992829
584004760
66089548
343692147
167068196
680509176
837768525
918168576
745036137
700214446
434988449
491974082
316767265
942146350
45793477
700796906
871580948
193417988
27957612
815235578
92111231
41974859
403408893
790570571
459805586
103357751
200060179
418134152
256292083
43718283
134459387
903999537
48919866
69131811
332684089
203675417
126428787
489818988
794956035
911702505
528050079
780752359
72451524
34750619
913797938
123069354
558473371
721858815
234356631
210088414
710198746
887854905
156452263
43170114
668500871
782972993
631024950
98389670
448969182
476518498
972148615
481198449
260924876
513055163
361588178
679187484
352489846
464369857
439867333
319152821
358789296
864493243
992897536
223730013
416675207
220199493
724252824
223007946
237992120
202797005
950707604
401304262
7251510
77049881
322672499
460713646
221250472
87191232
329855909
821062644
300090600
60369580
486402829
603183261
197520005
93580446
938667142
180366787
525648450
680874410
152225114
266183700
486135189
629726134
398492108
278080593
48480809
185294848
132285328
713627088
137648220
637012373
373856846
491400955
269744577
242098139
975590434
287988175
227368352
773070600
47324703
78593118
787697521
894049448
780184263
352429389
554772837
998609947
449016469
846854230
749258973
545592596
571570803
462704840
964015856
204281371
927848004
478382082
481462506
336053004
3658075
514296315
125341383
66650518
258445058
96668093
619667388
914915261
770606837
636460517
4676783
567881817
524332516
160883493
226638010
426938773
724204020
716952259
412076
443792240
579613503
647923479
856291463
865575487
277064783
700004369
867843
667390249
372834471
337605552
509083402
110428330
811785018
558785676
502631226
57208081
452883698
379000909
836872550
824402689
928251690
41234993
889000981
539039732
787863605
366204810
388465666
836319923
427595733
334245438
703828634
874120159
435817412
666739525
375693953
411209836
689025583
825550127
498733069
820424224
935534645
634316956
933217225
63289881
645662828
413176001
143821556
23726916
675792733
619717609
129861120
195118311
5073923
349897202
382977299
986817303
807873104
793226956
948704905
707560259
741637545
867697406
743766896
934152359
162172773
359760929
567265802
719717082
167791441
643749730
937978959
541641793
363735598
12034564
36886632
28838553
302774322
92333020
351240501
123441009
317426563
97381843
71993032
533452973
143886527
939195496
318418152
64686853
965267831
497306155
913646991
144561795
593530032
506256963
316564844
801604873
401419616
322342633
196827746
836274889
4396279
113184235
770612743
95746251
522709971
175433514
922321446
340263786
585961930
145741596
423972157
800116439
590913189
587192139
847727872
668991381
675331231
623466707
148838100
875116795
228819690
518736616
910959701
914236853
945372714
876557646
653945808
976197187
826425080
157654751
534943946
114503545
612822112
592043529
909999223
793256702
730157155
184191821
113858115
567032269
35973750
766821825
7555149
239519414
214682113
488582543
802870759
251746526
442551521
211474036
326951960
104975930
36224487
896826434
743012890
136348184
762178391
857132382
703082460
163395479
123737962
437217602
608434816
32015403
846387404
20296956
288981214
960796698
112851742
