6546
431394068
13998172
913785841
525261664
323141642
19661856
756103162
84824629
395541505
694662781
725952793
969822803
207280971
666087425
615245118
183505010
241748240
174409771
980380776
943414652
993213387
464392178
87713583
436097807
249577421
685518396
436954939
63706622
431732153
793413736
843773898
822542544
286428934
589998789
591691310
674098239
255665793
635677464
331793997
859368379
625157320
334003482
983246112
446242277
380828367
175269112
228675380
889240340
338527327
460699601
188852524
207203795
335994514
699123260
26012220
709876065
579199065
373774527
96222896
48453679
928845558
834005081
808968291
893745766
499181698
803615993
701078856
147190367
646156392
369876996
676851173
963454760
662193128
405623507
453757907
83928326
712054421
625993522
578300991
701918701
552853207
756622307
429547116
234464778
712685674
701413145
228487215
285269050
32784605
855868669
954202738
255765648
521861653
66714157
805296561
799628499
591920839
268231224
486595200
801916157
543320321
817515043
926831106
722127293
212575905
134498535
419445363
477894902
703182300
929094640
709896608
342152766
283271609
473482655
642887018
364374368
95531156
420521930
423582279
956344538
232259228
540208183
180501953
905286240
251912788
365056804
761164021
123626327
130330901
636855746
335509780
149072731
782533515
14701749
42855909
801736377
424263220
331431062
95175745
439367413
563302885
524311153
772782230
493385542
82120772
616127559
268425573
44076821
386444878
509380493
875632581
88205954
345519827
930846636
901998557
923160287
413629685
375783039
192759661
62820658
372473517
937824984
123528262
359062711
164961606
662220538
612271309
64466268
178039264
42473760
945987196
755889732
54050286
666548725
330648673
668534853
326333880
279412507
810446750
822066794
462823130
118007716
536976359
433995889
689520835
84234396
117433863
620934477
807116599
990280573
532204123
934091685
541440718
602587832
396687189
293687892
443873651
28152371
733657594
985064167
944763621
669289414
824480357
200590370
194572089
719054781
813088322
966058619
456200534
503168345
308667731
514797213
943453047
919517519
774938095
337864167
498785197
580588615
105804670
923722475
849221211
779208030
879319806
663082991
279383736
122594468
697585537
288164719
693288784
502812063
33508013
550556313
176202371
34664903
457404218
478183887
463043333
228179208
957469048
852246313
315050588
659594819
218387910
521255664
509710694
619112908
73204508
965049380
22021328
770029549
174024578
98813687
972240287
934835042
695542423
340062544
529682859
866471388
103117835
732182346
758582303
532117630
180957220
657395122
306882043
517934179
658362941
933244556
996055186
252700438
664505155
91128206
573910028
582725400
644970039
555405987
267429349
995156061
264389294
96287849
160472940
309784271
881547092
989863604
72333381
699650250
549665892
799884553
787006184
102672798
819446834
157429539
425681184
945342993
368752033
590565746
800245388
344663258
840627885
357008791
100159265
753135399
399461091
602082026
876252582
284814104
386401764
917969140
951493174
978515009
191626214
47864821
715785410
809844268
748244018
969673567
844963725
503633621
612302759
347175512
738739118
685607212
900224822
658365501
272078737
475409302
414901860
965478682
485255542
387322989
852917707
104207922
371422193
550783099
929611673
565711485
312363624
847185283
705878031
981211941
784249240
277543097
631103491
464517128
26849297
936002884
952358750
668799545
278501045
933091011
601080223
176008831
560232253
118959045
591788119
669716437
500392628
101700687
776344491
98003432
707993082
430873179
678104789
226470300
106934850
848083027
578715299
335679880
694252948
522584986
794972151
655660149
853945164
27778307
477314117
856532450
223691929
314328920
790731800
749969027
13763327
943241684
836415373
665443518
181429461
137261225
626249941
727402796
299480008
918662524
396299448
516713758
217524566
637797860
629352717
984156438
174588756
646544878
530307907
713913673
724507241
732978332
175935708
142741028
693236880
182826593
397736428
920828100
443711386
179836838
294794654
485440380
868364714
832190793
35461807
130317395
460992439
587841305
406407665
346070915
458343437
544894555
279248586
861097468
438622924
397598792
628213170
392839134
353789032
987202700
832398009
923307267
431490087
403603401
680376318
829637491
544034470
753376786
461288505
49430509
771018837
171000176
256629042
431384677
24806902
542388833
352821831
59546240
69976866
758096980
523893994
385017881
276510404
857069102
922198817
840018368
826447259
413397704
150985221
937602358
476097212
884051310
784226371
73339891
198995471
196990049
686751390
79588256
468704973
532834134
273870443
880131229
23025160
553293302
825378835
386690684
957360931
230563932
355868564
313133700
224259158
348439450
94446337
910660143
329188651
332746804
259057917
619825580
649363716
91656354
107290948
202987102
350740882
484666323
258522915
481974618
340646751
654475173
212637691
487099373
316938310
286627182
197372354
734170132
898272245
358380150
151863681
690419971
413175922
484828282
8218583
371014559
928570003
563347499
351373172
517269251
816330884
705348013
338043807
848205567
260159557
597146393
835255473
752096404
34530346
288063739
271148184
31315065
383847257
132241620
888890197
999362969
891177039
173217177
108289918
613108115
554530652
288587826
921726141
686193465
449121058
107618300
142485070
79329041
219908890
73766728
859700101
414498775
158465039
146681305
895777862
476457721
407040160
753657194
281075083
937916698
463907266
235410982
778805730
679917711
415489340
401719598
370979820
905121253
577844778
422417175
708616927
400288857
446600571
290261609
434211589
55797854
319503475
744372769
557342267
94198299
264847145
664959535
910185075
143122410
211078922
351562233
759308850
8404699
105321812
989005526
924288275
416659247
438312860
437986964
174255682
688287453
611164233
131258355
378542337
752115216
954473750
907650856
29276454
614577574
848057236
592918619
245275547
457416115
810890149
766508073
705411805
433066492
99486211
483327522
218845054
48525437
299135671
256049484
55329956
203669987
924327842
315577502
391510151
158532627
252855543
252830086
509155574
270388897
468785599
61399140
421265363
390175578
573688916
553405197
324922770
529863355
220240614
138884936
76151230
634175607
486551545
958842196
520348021
193861620
75954917
712881249
985333735
760221390
432964693
881323282
792690906
240109907
622859976
995433985
412448553
266595590
462027027
641303099
132991808
786003229
569501918
710717888
353943970
574122243
866809122
337136644
507463524
529276630
393844401
201839729
711641263
888459754
510295726
963884771
109862209
596237124
322463505
92929066
338171117
539701279
182489892
917241484
895645718
478849643
796451848
595280448
73281080
612728137
826919217
618655219
891819616
275635088
262055654
667702599
966800302
431983691
23347394
843454288
797727706
170464569
167482934
690810133
29808557
213669708
645652740
663749653
888319363
805286698
170218949
975992511
232834000
987133871
887095397
221542648
432651672
680054889
959057058
303265433
527411956
31285787
973499024
798481391
482771348
257867067
936189719
535211066
611335480
942254195
398068339
384136750
931804214
858876707
209375924
719007348
18378744
795649501
486761532
613900842
178765178
218045160
13000259
648437599
331151824
678156991
455425878
12918680
83783326
483544719
403310548
341295182
309720222
790264508
585971824
271931758
266831902
55777628
23681202
352509399
925329279
852848826
601102710
417635295
853380023
593972181
387174251
123841999
170194640
207712478
914315156
136122978
881230439
687611838
189328331
483906378
345613870
369515149
191413049
535024043
98665066
695359516
723027168
603912862
101543541
444798572
904769041
666790320
548031805
627434293
137067766
570474848
482792899
967947360
65292041
700723108
835725726
102278797
917297563
114707045
60046197
857839502
468659278
981844478
688793480
264018666
451557787
209721281
18800168
722329179
71925070
345064562
346288187
142287952
949735684
940452042
615279033
127837292
443568820
362321909
447981105
308402181
569618723
173529108
635573061
641820838
621683822
90950332
48391465
432350861
140976772
72897398
880211240
899282222
905772458
174442557
692619807
318318510
793819893
174795779
86243072
792157032
869266643
608411436
980988753
88596076
868194691
52731920
49336746
994196475
78724504
233801597
923233851
396977932
824544890
729269044
686961987
520929995
598756
738963560
869605786
649143060
174654311
124964930
716292904
270708476
154274022
973558879
297032043
174380361
495985944
985433936
82014198
357261045
853956874
30464280
147589356
16126383
128825754
783236018
966715273
766419545
221539837
340691849
265020569
992214411
390355001
824949246
133710079
462880271
857861548
131701222
707268656
734479715
864389507
42673161
998407349
744498234
87424836
946981796
238514861
162181371
415902533
304429800
611616328
619283008
881078066
742706041
312626765
815968601
758161547
442454767
512227477
253256903
906191139
647071064
583917709
427905217
264040354
118619060
165348280
558424498
141188100
189196920
321894443
249796280
886994456
625938956
557369104
80480807
264114691
974744909
262169891
184211972
423838394
131028491
997283128
360061067
689013387
844082572
919785651
917753002
956729749
997029128
669509134
21169283
758032459
535966762
360794455
181405678
62068724
439967637
785077423
330322164
841030958
152006493
897383116
837087317
43708519
712747402
774886264
838009347
531538019
806389913
351334927
855246245
444941497
990509050
681032197
848400149
890279510
11672211
150773598
752187618
188891640
432357179
57635124
732318927
861865651
413179712
299371061
78040146
224500848
195174114
794471203
39765270
717323881
619265493
695081810
32897401
902448047
67675075
496027948
752362767
551048100
464586440
2392240
396853021
408305281
203601396
889546735
716984607
745719761
957712333
895304079
839681346
555597556
50697930
369503560
120697066
728739229
941712857
16364649
989308718
213968981
694936282
450073171
331454295
434166518
405371169
687377149
292926309
486483248
496358904
648230767
490467978
936540423
402873626
524296775
713901484
219516755
971515194
52291639
623889383
350268990
235201146
13034116
588518665
714900426
793107700
273005961
396392469
690888265
241555253
243241778
987586497
260907235
908515004
377303426
379736823
522790419
348462720
183137037
855727959
555443242
818372455
924189054
401215924
253637067
624856784
809928211
493042323
100206189
745391882
177453084
54177455
136280285
154697690
238157183
808611192
304419257
368218873
864474423
510661006
742890997
758347412
863164880
893080907
63592794
760130507
482239981
237209911
56470274
596750642
352230083
174368401
249691102
63654226
736498843
498367437
804356912
79676713
600355155
413893392
409345809
66074278
618361566
941628086
325637356
399510318
845381055
888105421
116149761
914332698
824148882
660229271
691349475
688223543
470976900
925961996
96197370
405157700
295172822
747649878
407394562
466705015
418307422
607787091
761812362
478522617
664326661
599227414
906204278
243992421
224554826
359606373
578759294
473785165
135769533
240757053
867247533
503811509
235452549
629215050
900373474
788041622
935901659
328193136
65955154
967600220
655406989
187042373
904788228
606356585
177971580
554458260
986966868
995732368
850697246
363442651
970445936
822139290
874471164
168351693
201383646
105878724
685314357
525004754
25417716
371997759
63795706
12837250
609249887
236123823
86515984
184088366
954433693
985581741
471394641
311978583
49517442
786003269
975145771
748592692
306306743
238757497
332889375
422150705
47865654
63698876
906380867
249545323
691163088
319184503
71488193
940714548
881661351
291554439
268789334
559366805
889891508
348686013
561728723
273304263
41576002
203076957
193935008
679139001
966427505
26971295
575123764
620522382
924736948
787358002
310686
721943580
178100563
856304820
64157439
76365165
409282538
656665147
251534605
355874113
457028840
124758223
894651538
810604683
230789137
345753581
804249067
53883888
163779581
734683654
500954506
827998795
838440598
54530813
756331125
143381804
579880862
298416301
680208580
962006356
447438119
572271969
98107942
628205370
398086169
172641370
672309853
684750729
239400111
187860557
859344317
692417440
473007354
352370658
433911729
170369552
906605405
6690358
570108727
899576610
130181391
833937242
466094431
784934735
410488988
539574481
631496143
892023237
206695524
429980182
135683394
604886761
589816091
439551764
245607940
934681295
573409863
471983788
770005112
571333572
834857158
856934194
100358546
274230469
441712453
699130608
809738590
498318853
622657737
13100194
487397239
234526571
169932586
462283257
802219920
811151121
141776275
418188312
971624943
312585670
917536516
572599322
653919213
931905933
423769808
198516106
48616055
490977308
135491359
959745769
212502160
943552350
798228845
255352363
971421645
731455986
138492681
803967290
70525655
323554729
454405015
882660978
177038829
526407179
776061327
708889891
255633247
579090131
3673275
712175123
139071508
676638831
868814525
597389817
358524421
896194177
217862023
340160003
265505983
366407776
280186337
739247185
752751077
206215576
207975398
176385143
290580908
602670694
176310663
842073599
752850782
752116796
462094086
955255525
387417048
166002243
421782397
93588505
86472203
383806420
875311445
506862081
612448126
154614014
378967759
32506612
674970826
284214020
596037759
799759808
42111005
934785756
95968715
596503588
346670520
298053552
16461680
594418007
995928689
185646433
146661886
803293823
872271410
868991231
726095447
455815995
121565304
343641426
368858164
189116442
139138260
18992469
172551840
17024802
986734445
386795189
690194554
381448266
170005373
87509078
636090616
648062975
613032912
72186062
300123167
842255267
899235656
281061096
598338892
16052233
920787291
516147235
634232238
152844283
834904723
553197873
14969033
557168308
450695437
37721208
655828724
28226662
705123067
294152852
354324444
677531318
504575266
974475987
949219071
809250619
381405021
600842167
966622770
368512514
773642008
217634680
87023132
406787085
413987285
12686976
855103160
353975247
136852907
51759085
381917655
642396082
708127169
754157074
916316060
4191377
585035992
346394870
341426430
745512510
458756543
36271827
626025033
970651133
225714652
364612760
569502621
223063815
82516906
53647464
645859181
678597897
540715829
364776473
3522306
717221538
83795104
703544246
967447286
592610280
555536543
103547902
836670393
52755172
186381565
193184994
524426768
645472785
543642904
682188810
968261521
669968097
869297760
275869009
55371047
566407224
559800027
142417733
602492820
281933039
582949796
572601256
414375914
257815122
318927719
808015346
898155025
56560802
420784871
120788428
125017925
847881108
800171385
82710422
99385493
444517585
662425478
133391586
261101925
242475124
709731085
791536886
125304813
896904079
707035678
870233934
871758263
349336230
609660256
354697241
948585509
662382642
556822668
614510263
208150760
708216607
72473327
349315137
515736202
831463246
587842028
331722241
644530918
77163540
612421496
887930357
989885354
624476857
978005148
672616785
907975900
661922554
439613943
155492090
837145426
625767304
140830778
427653131
801768760
359389319
543822505
8540244
209235598
993768976
528463265
892731094
221765544
447177391
210767628
573403208
47040428
26801637
702382830
59929493
368409879
394234535
405421020
102321244
7350329
128425437
410750848
602200431
223368116
964871396
730120471
985160020
717027073
370811917
33601522
986996935
713202922
68470555
176011768
743850806
698467857
2741193
732289059
235187011
645627752
58428482
865512703
730984262
833362103
707535783
63303982
994713545
639183642
584291469
583704550
635079690
260623232
195537276
188629361
995504764
703739693
703650673
945645484
305736006
244020280
575191644
849452680
876556482
341070862
405690787
832086157
171749375
443224557
949656734
512027474
701200704
260361578
199886105
355785222
413465211
40949484
538660821
229695466
88485339
26230830
989253894
922502357
138967615
708544193
247712982
927574959
146518456
660318343
735547361
855849206
982683663
703938105
891539895
920542012
233343292
100949475
855543134
218478502
988803056
111410531
258422734
370122863
804387340
728700141
414458482
851068771
340652840
765973385
272016813
147755108
805330701
121814420
721790291
612285417
982196795
674164539
447871788
660561274
733250660
71552259
260930932
248228405
586119919
319777860
204621150
143594316
102666614
966223273
857070988
900773509
138570312
231892913
801662105
689037496
89260776
268823345
547975567
645928021
840546444
103963600
486776433
565138907
527471263
808052874
441546931
948090978
15105343
206204974
489327036
20935186
1594303
564218848
886716779
481322666
517028646
347517847
264117903
60873722
456370351
659874464
871298414
577076841
521791047
697417753
365748799
518829936
78741267
297569655
989643184
792295964
117897191
658817793
215453536
382046608
629987791
966476370
853597798
443976577
112394890
159103195
415906760
961458360
388493578
400558686
107694853
915910036
630905333
312000372
790747788
647694981
648248871
132202504
396558914
850053266
882545966
624252378
471681537
309000148
672398796
923285758
926053907
465145337
578232441
242842714
314108347
905284802
257563615
785668139
580189612
12245125
210673500
741872768
273636496
261228203
835968387
999610814
277489538
773724723
314262683
707726106
829146260
503355949
516636958
79213858
196213066
496395840
913449020
920492085
540013853
911201062
862258262
723718406
719952890
959652138
641160579
32049949
4890304
380727984
7837198
770925910
559156678
88443054
439121141
415268959
522300754
541193003
724312172
524825406
958839842
424934855
418305624
640970
629812711
858300979
340888277
363101997
517947334
673917620
917635761
600957032
456543445
655759012
85853678
154511055
495367332
880897777
74939460
859144329
830152625
681547933
483974556
387540753
80472050
474947900
102805654
865776056
787160912
990724985
961058052
954663456
744197158
44396433
85658733
541938370
226164166
600247254
232907403
216087913
126559476
850864429
813033421
225337781
581473897
215186320
939020758
856159130
411818321
932543630
529876988
554714078
4581837
125097926
279014346
9587358
998767986
216188271
294209918
940430793
25257417
398198483
323623051
565655459
706040525
696048336
489109016
925684548
442123632
626023510
728752000
52270871
644380694
967817451
173669585
762356572
266283287
524933418
412346701
593695398
508266306
425601343
328154091
635221597
405463637
842073965
176233430
492406588
181458822
422649480
614719213
168567764
847480317
107140219
754369602
107555080
312990551
824360132
233204891
409089679
113335333
407922931
800844532
780541814
792549995
36774703
495770875
359031451
932794913
451969200
473801619
817942323
812516789
876694086
375658322
444742468
64011400
612980945
789703938
83738156
625745260
875227078
22369827
545393432
939168556
86590385
252514152
1974670
660472580
456837805
377422134
948052452
335493413
796277486
123862056
955703238
262625075
244307767
608466829
424489652
234207430
795367268
391666664
770003585
811251692
847945442
978920303
111697365
580760485
688029490
270240398
89594028
340903526
124617834
89044065
628603093
692210839
778180019
834438461
412984948
765263637
991945164
323143463
448106113
670494129
79341957
562403419
862692679
207634862
369267781
58886599
427851493
844336199
930785413
230687117
228410832
78573351
239729235
905184133
166046543
892282095
442226640
525347256
564851710
406543795
806731186
91352806
337017932
71861629
891106755
500026113
678959357
417722569
412153696
77564848
870759336
999762183
621949434
636330189
457088313
642753821
700935065
963673319
299605617
779817954
920124756
10194369
137272417
885234852
820528090
320467153
57336563
825776547
940975596
389458370
865535841
729257108
775218912
68379378
467811516
473013022
524597536
873905653
9259622
290442592
929652393
249747984
268421784
869601897
409888653
309426366
929306845
847482559
513077361
619139119
48117397
567785177
51455247
176158148
624286579
179390885
899003573
719469204
455220224
901938435
575584453
815264747
209250326
775161415
802851123
63811525
929313125
465887419
996023050
401364311
742236145
916123674
431100135
94874503
636447889
760614167
699103612
943751535
920494450
80871380
390658575
72875230
154978963
338493547
638644472
544175318
674079303
988845417
734856742
182700559
917865398
703655502
323354523
332896115
76210523
27681294
134655468
848047776
238652295
449226643
40800962
269495401
869575901
465993784
374000987
200268117
822420180
717470799
464554761
48517663
290694712
408829341
429398962
927951924
253276074
739586521
610991182
234927160
280897563
147505456
136470381
802934913
677855573
993423044
608147374
106568602
920924786
55731496
692749385
548687554
179690595
735253734
399769990
638376043
915869802
36824313
994347844
634202811
63643808
188684115
414294899
299832334
455862896
24345432
118392474
455642482
567239962
556011617
228501074
4020009
516949553
237855291
729557960
710634795
95465501
194128293
480639039
669151649
792878746
924182229
540607372
300334955
205150007
482766324
312554136
946053787
888089048
50918301
798957538
258010872
326077237
235771746
628743674
604124796
140970841
589417031
863254023
649401302
965315619
160879941
585041986
162379497
999647176
371637192
756382329
792359243
889891151
984313906
904015501
412981959
572761363
728460374
983339252
873582556
70443845
391614973
657213752
576903227
413968488
747095909
809265781
163833164
147338195
383570364
704924639
423400618
326537779
715558313
768701754
117048482
645072902
701216196
465831264
374015161
115714592
483645209
360355007
804173859
351785002
24221610
138196952
65614412
128856862
280400106
500768705
524266323
490102221
56406082
292360356
809886858
697508185
590339471
846679614
347084536
400762811
664594338
940485217
238189015
631452734
350917823
953215346
270315286
21468674
491578655
408893163
429065175
998531194
761086318
567249370
746270450
764899310
407337805
112011617
819391345
952792058
872421329
32718644
969250066
641441805
556426242
626455070
237133512
681457643
598860125
992392828
484360506
282129452
53258835
352291520
297925955
920236218
920630472
710938607
406554736
615727959
556534932
983155748
710442373
546144789
473081861
232656139
601575673
748782556
705505371
416936550
318181237
506341607
72453195
602946700
739136600
11404615
3390077
846331621
457902134
269164895
708553742
523544175
915933012
600387686
71553295
336791100
803997230
965766888
878741251
345476082
173672434
470275909
718770533
159938633
455891202
934322225
384965664
847227281
179181942
340266290
785345557
523503145
900539800
81346341
839432089
524596489
514409574
705295546
911712500
220147257
41905683
626259699
354364643
666493783
53374598
972871081
952398102
327363094
705310681
130971143
833494195
397185721
317086939
211462925
686310097
435281564
646130575
730078734
52077822
153012908
479041963
210519346
249259450
195647465
548791066
772604405
13601017
282949099
553459834
428301222
466352293
920978266
737894303
511575529
174897946
463072373
441888270
942182198
811151785
645094284
955767171
516930391
135407381
462799750
343224427
243957230
826076696
758228060
311212651
784048877
760732639
90916764
844542679
222877467
565511818
832757991
50229051
622212758
669735342
581474419
278505430
869542732
847895250
716622729
666556442
820460416
134009845
870658312
878989614
601052748
217526790
691836896
324895852
770212889
675962219
822238616
148368355
640513320
215849083
981259978
724177109
149083660
35020292
975335329
273860154
754451502
400159685
797547617
341201212
842236488
804499701
550295008
944358329
163568875
395843771
130339845
940673733
580061433
355581107
631439440
645274405
138875947
548472175
415020114
721602516
524441996
635965684
592982064
111801474
569573371
602828089
999195428
466669584
931951278
634127019
896867836
430321941
692642218
967675564
144065945
964783708
974113355
689054735
350539634
582576484
328635843
68380062
122233870
967095006
977128851
435520661
152838029
639051059
182143507
399802148
40934432
322985724
768942832
585232112
56777869
52761480
254944680
500782994
155321516
542761817
863627280
113363734
462789100
309600423
873352911
945898110
661148111
818905051
707282912
331355709
294822505
936578069
734225684
150401213
645883109
90992040
484349069
949939417
573830144
852367512
334952773
43632739
109895820
118624547
14925189
630466719
729659887
255799349
265089390
168199878
869304481
990202866
850002803
126997637
458575537
756544048
981988061
623572603
748663873
518505210
882822726
578981054
330473477
61118222
314267678
198662999
7643081
454629472
407287082
773179073
166902504
250459285
961141503
620358254
819046613
630835593
653586059
654146370
447916438
857382345
821108877
35659286
199090755
563704602
911569944
759703606
893889420
960033008
976602900
685140452
757440049
234656504
245800125
685984979
238964103
641242510
34037794
819723948
424781818
80305735
145399463
767361420
332069253
106452073
428321412
290576516
153035835
516819310
418766147
528680472
383881410
374708613
31806533
964776129
258202835
575770129
625057086
68010859
260064700
975835688
88937141
31679991
145413854
811463445
121689733
695630266
402054702
387793622
698452575
810021372
289266872
854765214
595258950
17570427
727962391
817545044
20174097
928127973
541369343
620035603
8387308
134752353
891162292
29045416
426730455
874141191
812904336
470906391
958560294
797718883
834907265
906915095
2305279
712426486
926628232
449415313
436579039
518228661
188621115
790531108
284288533
389069960
765683523
516623012
140700998
878127308
760266975
74907287
71411687
685986258
674540896
177347767
557653190
449837918
975685803
704191090
625402498
128422184
629586874
441394285
946387470
765056862
194477851
591091453
867693362
30136096
783083375
348955820
44391690
943591171
141411308
494056122
148884613
939129231
125818076
621195162
331433703
513284033
734518812
572294512
19271751
754687370
621155742
380498586
301156882
722315341
56572903
588881444
102063494
521031013
56872081
760760914
120149560
614769821
575131850
95897882
162581135
492187830
813837268
491745447
647057990
602264036
814607747
245863383
760995566
643329617
930485442
743056574
12383337
556646553
562066446
309119265
783737200
318703693
373195257
192770812
450121743
720270960
641154473
260893949
302625316
41657853
763481942
644808966
744919523
605318238
793861327
215829679
995980884
366683126
991532534
930517953
260937171
679999129
445077311
547651260
36023952
346463247
929946165
939808594
598264077
448785557
675141110
597047530
838613155
78651739
45099954
780302110
770156029
309649158
361231663
45030973
846594970
23744560
498703688
810147274
843270735
907190755
39982185
968706298
691874243
857718818
661718805
960826170
873652978
783473761
130090081
117993128
646263979
951482376
760353398
276717717
747669010
90634483
486672146
603809289
632417054
243817460
37588487
239873599
303612700
418635088
812897723
206296868
932968746
3015998
152340903
840801756
377209021
753867372
621632216
852180286
685691932
227320441
958709361
799256659
878883554
173899388
847763495
892841690
109986944
120890236
4457155
348341703
627095736
725845749
650032292
289886144
434397219
748852569
76453434
739157407
466482348
71059085
649150604
943004915
236644883
654339176
448901043
885944958
757591660
554237751
371493725
479298232
626888861
939970108
310928715
546686538
704577251
638766634
806231507
604804757
863957325
644619691
408076894
694095401
770931776
190148570
490233323
181011790
989519089
581050057
677372811
14927998
16012270
544824317
398007523
115662056
470086038
335705325
842740397
451635439
750674076
998375302
258611511
865754793
585454216
375093418
401514722
445888609
900941877
775162028
668058788
68072726
971072596
498768853
134850695
189715706
634422248
312843491
437515304
152103923
895672521
798476677
464610104
58055197
68652577
976551136
35091967
498891845
884729585
834675725
903108564
878895216
762470541
531200152
594664358
235666002
54451484
426841858
727893110
424178648
590297625
790716737
769248730
486827935
587881685
710910779
249055356
328147322
924591858
241475406
328381081
408253679
777796329
925032139
590636675
127222203
881780869
718568566
393189151
162012234
162881382
872580872
262633064
975161919
265326464
272358829
665364970
934021874
961596313
865260167
688021831
617368045
770199502
823074601
844720310
861295471
357675534
972612380
609998207
975884009
703364253
233811549
340248192
629014915
881106067
964681693
143703723
807832728
776132187
355130368
378994566
659200053
183348276
925394207
123487145
672854430
472762547
509469190
140701508
641018826
537116479
142164086
90257558
530965474
156167316
345838500
216570999
995160006
227199809
784648376
203587791
438721159
977300010
236811599
346710300
144325870
393455366
862792698
794648304
172459508
414067426
408600765
242583153
945776456
983240860
79250832
986222296
335112652
575633768
294413026
202881266
25696280
314785615
467884561
323953058
910930166
592374699
571504114
409593437
557828580
451387309
930321232
298554284
643225493
866106071
758439781
687382958
38128240
565233538
232931426
202958995
983469328
50109274
20033005
758893858
788910786
379888092
859740062
854943540
433945098
796293855
585261441
91252278
380878622
190196488
915125399
234199979
293231721
153195092
709169492
684213672
726083850
798428818
204584482
327284567
571882834
293296102
242664925
453256052
60953930
576472392
824224854
943486163
873053482
135810307
246795984
208256728
118072291
251708214
503514758
237008381
347993495
1680982
202924835
199501904
190333467
966540202
142881608
298451442
684190076
988057038
271952649
807776153
675994231
565049649
414032496
506334990
485238015
229127831
345312761
415939504
312934586
745615767
429532949
128528112
807681413
789941021
737127591
636824275
56413676
559644650
57563017
452756083
924075955
25336079
363561736
61388926
829103696
363171446
668734820
965557173
627667309
309398361
213577810
247325551
825045867
786718409
583872890
723291667
812297178
136004136
829091576
88844705
684564482
927815087
410669023
88394794
266624862
282234601
42824369
57637971
210351644
664188214
654717416
984400855
849823134
321158729
784352881
347907074
551275259
85932202
778666028
231907382
807967102
72715317
877560941
670025322
749181222
952818330
104646782
437187494
477221669
610931675
45539867
291553928
742173794
943350992
642723316
619579842
461152247
654824358
423956014
930711705
147167155
716208220
879274210
667650408
550858904
107062597
537103517
616795675
860077918
76457352
404348639
691525812
832603375
787660195
452864156
202216906
405349097
637465572
43755198
114626821
189251615
417843951
854152864
930210211
833053976
821047867
468930708
684906230
189465742
635635860
847005791
669609700
703280625
908584602
557121976
504004198
373023202
60907841
382707404
545924617
860529336
366477904
701842621
691604080
550776574
884428514
762794014
974140111
962064883
853435879
581121401
260363634
575354888
428039844
128431049
851716148
144775014
420740399
839926528
441158921
900127334
240242420
989036162
700920436
592900630
778167091
25844648
68392465
980615355
576242047
165862975
663223053
439122505
22502464
255487238
547400872
615602925
260634418
461839923
578443450
82831748
313587684
617190895
219189804
809419809
893247034
492124885
945317242
666592907
498325228
624452727
484863288
301736636
859101189
665476569
426089098
675628899
101568868
349978612
640542634
401811555
592912702
173638197
493586021
537523026
676533402
475219707
823418526
23130107
535612371
2935324
766153930
352660700
325015322
113077600
840749683
345382825
576473842
704160005
725934262
652807111
742192818
738069562
774476484
376648914
690083591
185608612
521631844
810368279
481548911
866501083
57947760
483260442
286974398
530805742
294828371
356357394
238158493
981843419
242790802
288601960
43509254
570073880
14260288
919723836
95661258
358407437
732163975
151418848
574337035
388856727
660804902
739936346
732837826
837700999
886709998
215711206
836255546
103940897
49205060
48499826
179540883
235281054
978281379
625470241
356555840
933209258
244374295
143529673
432179593
497877734
538812098
276541557
98130186
736427623
557320282
982745571
472700978
821564981
211786409
992333318
898649285
153001421
232790540
275395973
865699163
916764064
193905397
247113531
467541470
651009426
232162410
571256501
880398352
448860027
555509379
441374391
277600771
207904681
695236847
544740279
550487199
778458972
268809072
51303520
715164191
655779145
264186970
297975825
459769492
707366424
272885528
754749788
702787168
874368230
427305127
578391687
779581629
335351748
258668569
770132494
278861876
395880502
596369172
474341151
120883494
572872628
643558993
467617820
984737351
552108076
527513629
980230941
248505117
33378942
205896411
692094059
211780229
230740223
540342143
831387398
35180335
22439415
151436820
928953120
689434653
794689571
691067960
394239136
754951464
713342259
478550427
980899745
466790267
935767117
54664324
19849456
43868182
937202824
257297483
98507921
869709388
297306994
34083808
155590714
128627269
445526923
163392579
114903510
324742525
374980296
154914570
404848131
393766723
497772304
205451486
573719700
566528315
267951298
677848573
875353361
102575069
491770670
44389562
854452530
727917299
818235159
78419961
930988392
72081951
699547960
290820532
735986004
450195283
674878139
898189688
713886286
175417686
224420291
341386472
775440863
884434502
145293796
751642681
209119303
860616721
609792165
113373365
54583032
238980346
283010565
927315256
490822936
935728666
135968499
94206134
775499779
425033693
877106645
453897395
578609096
147693697
12474114
613554633
439155111
507438234
322889032
808267302
406311577
19979153
860424295
64674827
466965448
537971744
860110739
952165454
755539218
998234327
317019638
756420313
837213578
710840475
342052139
432417064
962210295
560343330
976839621
203620559
452105044
165772152
819028422
295912946
786025806
44814972
927136552
589094348
375243977
933428067
18576984
620535080
819633244
749954613
881809077
566507755
319695056
843835467
546113302
411730568
32295844
514249431
801242689
264225418
240747404
322208092
963624309
381497102
342450926
561763890
583324897
563848262
629918307
893475076
378887210
40415479
846223676
295419729
400047849
45662459
702343675
540425454
939891499
818943425
655913173
137744514
509378031
505986760
905655351
544249864
935623083
142137383
667611966
823833425
624781000
570578696
736747581
435373695
200737825
1059880
257165115
154223755
284609928
991256665
990795890
821674945
967249474
989340929
35610322
836597823
882249093
964272281
906779771
457408121
682396417
478312238
470498119
827434936
683503956
405009634
465271613
705004694
644476564
52825708
921211679
698593155
461115594
204771220
303011549
977242436
918843505
653723064
929330208
872601454
228040443
590740555
848337600
409244911
585036108
156459344
631842638
340514950
235080765
971338723
470715787
489746758
30912794
983096496
667319023
771503895
824198693
982786682
352374563
87867701
864788241
408498838
110840455
322517679
297342343
742782829
456185005
760599273
354601380
474889470
449212124
927920666
704272505
236215641
650616974
449760207
746347658
622703397
323024370
873097574
115383888
914755098
82995819
525308052
56255159
616609672
751500046
808232928
693343136
22432975
554253096
595918629
391576672
500373477
110200502
806192148
264836672
861961171
876435692
656250032
542095099
891308344
839707823
708693456
851474754
908281540
75239706
176809888
78589755
417279422
104409597
472883744
646011646
952463999
214244441
609707427
418063127
939632885
3464421
698892114
153250567
874809633
492498572
789679527
90469315
828417433
815253741
48699634
121611315
169136135
830550746
374059992
274134964
212558248
977082585
125876174
101601943
424493517
368155046
898991010
9076896
33283165
578527407
889542131
970355591
228569169
980908695
202049972
575129466
253996087
228087219
989574829
470594457
689992369
178181264
188730874
866470009
928367859
961225323
445879946
722623650
279399751
859875255
226535841
301288721
754605964
364357787
694490454
572441527
457957299
628240241
739456790
751122423
423289921
186635593
634546719
838504236
365946577
20463204
114615814
868579617
436441743
853929657
152936754
594110103
22035133
23238771
473292638
404036547
508779826
505440880
771813403
998677196
574311637
170270916
207844171
354055761
706674727
28834612
558623655
245146082
211248567
46076860
665913147
860481154
229659819
528427273
632330213
501925676
969399613
986056960
685135321
152809291
707717436
711011637
336438815
948421952
104740487
818795893
563175699
786653919
182528406
788118077
803613925
989550066
910396401
903963968
113231895
232825013
99034806
394629604
173528578
256244824
470271767
318696389
331089233
121404289
786153178
878795057
337236099
464432327
820909271
466907563
274776685
217933112
206736254
986328169
237738678
388158163
501612366
368190166
187251802
8221967
734018399
550327568
366831656
38916947
97444825
214954603
218523460
12930939
445700731
320284652
709944229
979659866
780129557
472265934
301297816
172991026
27042318
623254785
480188219
71352125
513837790
937315238
1735939
671387688
7322261
880498580
653482550
444019859
986624083
395382742
285992050
886089618
536137166
75202603
365173540
248087087
497938383
440829829
624599570
216570853
491682484
391912074
806104530
353981734
591485168
653760534
347641424
824890839
165139847
213394871
364005708
351490511
624077971
936760368
703516890
469453147
300381121
594028023
395366880
414588349
969112788
321701814
416130715
672477608
576724001
156191949
216389402
864971206
499325202
722918350
250556353
491191090
20488868
9625344
832860104
369413118
212260840
712908510
155434426
224768943
354763909
147932821
466354679
665047484
952886068
699849353
330364722
889853458
399214147
974299856
577101555
16434579
859928083
380348853
573813269
294112402
560973722
62300215
131770697
663391576
987802338
278138503
244461458
188457123
932497288
631863438
255203527
635784738
224866622
907385444
373781525
192703226
364628553
963428570
984841338
286763588
248182787
141479921
388407627
702920588
626102618
495811937
612431023
89961812
340558159
152401683
777623073
491825039
943931257
246637479
597225714
941565478
457840768
304463599
666482884
600941942
840955554
380959858
117043216
243413200
636462641
942139370
130954913
429319928
477030418
560016326
344447511
98138791
132836927
395789737
472289382
133650697
729193542
792689897
526198356
481217600
34789833
16958225
298782206
105374175
40426748
382455903
197523795
112029551
698975530
667973191
893619863
441061101
896054577
473361390
623268066
111464778
982525953
438363311
359358111
160220906
679877408
472022170
833621005
540860966
101351721
786258672
68668353
153991626
852549704
9205928
561882914
806482327
23093952
607305454
678344428
769840834
759590245
475739550
116952494
574481011
210842146
277129677
779174476
604430919
271857269
84013121
724556413
128717519
291218414
701954036
513985869
34088975
500485300
143987861
725746589
439185920
112510975
396289798
733011614
558490894
843962527
466972127
728885850
724564634
978577779
319809002
66468907
468305273
144434163
57009317
379652418
350891123
950837928
426041539
991205153
946783429
518547374
752476331
509027361
772791455
757306168
44247799
95332845
311860647
878538252
276603639
490107909
327279989
960866819
122777388
774983229
322860565
684775563
445106637
404042555
571228808
97461029
976177477
600857852
234266946
685758439
873303218
484954447
318703789
962166266
208522856
503116888
523667365
760416285
147278444
781911823
99661307
956305696
394710778
845702591
549698291
574756970
451038976
734995591
68517317
969420916
257232032
13741532
669081119
457540940
293643698
774354181
52099745
643587347
587536447
965682334
279192928
167244415
299633415
81880854
481072739
493905754
470873084
481379120
997080617
913431809
756454085
453303942
928720418
713335525
611130684
372151297
614318897
3189005
91923440
421681762
826096689
627459731
324215460
753156797
934066796
491419682
557487822
893754617
871065125
39187583
800672281
900181073
4968208
199012093
567561443
204961237
604100309
982767623
91256512
496211690
779655056
497260442
298181877
471545286
882001492
878577096
573168894
138826741
714273187
159902518
551450888
408006871
428041720
871664030
582631543
333138463
278931005
128261710
24433762
174662741
908560981
436504744
232458770
841939285
821413779
283253408
640060295
779408591
22782273
717910337
212386291
569589957
41767707
353898792
808721468
251646479
229084113
904171783
597106046
29040858
576448904
221180452
40727943
108570917
348361818
739007191
28967258
504374082
84321489
65063695
555659693
626124891
590270576
905579726
97476458
650620651
848706602
161895080
810372145
410718529
473178857
183054408
681191125
221124609
925634568
928507116
420939227
648454306
346925018
485001700
484205054
638601200
192039457
521922326
210421933
677075595
630354583
799114109
353838219
769042279
93852008
844663718
743263727
720168523
55753142
747060273
190232418
667336786
79573012
33481302
552769571
631029356
33039628
941836381
676501670
69850078
892578201
998584869
416093968
434781374
653637549
72321950
741411773
292250744
187979437
882971983
786523067
711704652
129595376
35849424
609592140
961647053
688314179
795665233
195124328
759218531
755832679
96077330
53893433
382026954
587290258
599844073
935518876
268111761
220322026
4024511
552757415
796638620
101927693
780960275
761622301
781042083
269898380
902899573
3632124
191156144
327653995
500647436
366125552
888201637
901532067
205248529
382874845
784662964
26096545
946753874
532593241
732794085
532354756
528514992
997769774
558217619
323003618
887983521
221863133
651058671
56445892
776262830
568615446
145510012
947812261
104169974
164430658
611371665
801477559
52872362
274014713
630923994
797981342
837777039
888383628
188907480
754504946
637271679
386918524
357737052
841053634
260082408
190862592
459866640
236044556
530206795
845438852
765722094
432800838
7796158
443272741
156131526
376313560
588574059
941271605
964992445
949048991
380768527
342333117
418899657
930736236
502151804
603537654
288288054
345245827
945002007
224197327
157405220
677124381
408727898
658208619
520125190
363272934
214468947
165992352
490745892
868641151
489170211
612959864
960654618
620862973
472005249
399949747
5397335
542370152
549587509
983628356
891251359
860807997
341022877
587443920
37959562
559514093
508237355
514172978
668702722
415449948
445203428
404034554
91406281
915835234
664167394
189442281
449802993
242586189
545250772
266013046
554949217
713868638
663740281
40976972
417651287
195672391
370866985
99398346
14151393
347570867
873590860
528898433
622659170
203255486
713267168
928542394
778430484
120722809
291299063
928251630
124289152
812298344
160316214
706554187
427556359
254057731
144643928
926744118
434713437
138217784
491845033
582567875
186814984
333727207
539680396
838767679
513854181
549768037
291692278
481543847
363328164
910816762
935209200
128643886
279337031
324398179
954584600
559785403
922561447
386483280
196490272
174030952
800366063
746552551
271725390
760785924
855374879
173217599
939141883
161884306
502421898
272900838
483375636
201788872
929000024
277967452
984210332
676119441
153157125
119475094
812621096
273393804
817860576
624223868
961333089
347218570
172142989
289083754
395454598
270926099
924703108
383829427
689947879
952717282
963426191
68886553
865120619
665498469
349854032
472043351
66678283
894370622
167262904
537144984
505231957
511132868
288324241
971308540
848376298
707282307
274804470
669728026
172366080
823229879
514153942
704770937
121948896
18553045
296893812
120208149
233769577
467467267
829185257
478230753
936308363
559166619
778342049
559981887
417492173
77203628
13025498
557757577
819170760
29621625
643904552
849307532
440020394
710806520
364396532
374091784
594409140
137717075
230322424
559311665
594661820
454206315
271836100
875221041
246167724
922042704
724032829
394255011
641824513
611424202
438416152
399256346
729317965
205632980
445929059
452325272
296796341
297892123
430146557
605600791
743060851
824524419
24142617
979069700
859251541
909988002
235106751
888193470
579026236
698339907
890202955
6102300
942945438
436234469
958228204
100776420
727161349
733821242
96751654
882024277
549719438
760616360
186014545
974903198
789444459
176191691
624312855
500651620
93183073
833974257
765563898
455020352
886665803
202212252
197003980
611921471
319102613
927194116
489735476
956807264
537071809
732296083
899711792
816601114
179485926
542664039
179415182
216660435
235178540
47324115
222234481
753688169
121744209
314941662
306415314
676398509
499555111
644906178
823802109
594738916
573915923
769326190
970662928
79224645
48149392
132232197
19515519
254597245
547994282
758909789
410515
902573357
757252228
34080897
989542374
905472363
804931538
952258608
339205096
757275965
941549151
830143579
708978781
785353505
995035529
174222506
971336413
321782920
252236480
912210680
801142355
648475734
610559499
377570259
318416767
675416932
431432834
28788477
961422196
127223039
385627349
553799150
299448346
731330918
827604931
365960783
647714477
906966095
242123940
931519104
750809148
610900834
221156320
644043283
697238571
703316669
710772598
126248014
884512945
668027246
460857718
256215725
299064155
873387004
332463239
962426207
771622791
81009887
229803106
863056324
572429546
15412483
202262100
925566709
271863819
959703114
941394880
452862524
914721477
98496518
166572699
611017111
830481097
573460867
442274287
817390137
233010202
221300859
468340824
79935242
569413519
152273312
596860042
329378082
958168916
912960789
269969353
613709394
497869673
712610037
351732847
290558875
125415457
56972747
427070569
373385140
316691109
664108824
235530683
932960648
271449455
36165585
430495992
53682870
784068815
86691038
808239562
739596816
61740393
844484509
951529840
691099164
283042485
815069276
75177787
241508758
358975870
494607074
672702736
417077228
782519396
347108583
489869289
577586624
769123418
823577751
396175956
738474346
794234152
494242067
498994930
658078068
202621930
744688879
161592569
760272156
546356623
293858485
563379379
78742741
143636315
340904801
862157821
152409798
523308389
517065956
442777289
438810953
974478106
651350178
992048028
566753133
328541112
272167411
721211920
85300085
481404628
27639973
458889043
331068247
334118100
831156600
830328487
299598142
371267446
342375073
398140384
902460425
986755144
36739656
183877097
676495305
87016237
397249290
381393215
283454535
568912094
480806519
668118132
48716667
978093414
752220565
565203117
129056278
829336741
5551451
381169189
129871865
197810383
269233463
633209000
86001340
255426282
290644873
489778713
83031592
706708819
571208229
803929324
129302205
893832762
6859477
508385452
579836461
747972641
173725141
483726966
886528991
420881505
983765589
84432764
448894317
259485092
444043003
47948164
294324518
394217068
251569758
489892199
477133453
233645451
393771404
367384466
4224728
466192553
942193797
228677768
913954162
457907394
791222461
405788509
169720441
716713125
967526814
229884477
501817664
279883638
475357444
733044451
830674126
117401388
94183871
214895394
816055390
144528148
987339796
562991456
248010717
205580364
955158076
14689558
222299247
547240521
801750244
307499857
424997099
872994129
426399148
900850484
203570778
42837250
811576744
600473716
923389052
864155849
274468834
45876698
907513411
842148972
992309205
286567365
537628245
366205057
139936244
846062757
790478222
989633268
832355361
822708097
635613564
14297477
978415670
246653042
444900577
688675399
722961536
986114854
51310133
300025891
179946558
606098270
889211938
472111955
759287334
966622576
304849926
585152999
698345185
729635525
565773428
729535555
729995659
351656540
956791219
908224927
19237940
202237254
744910397
831804038
816647777
702614312
358458690
63237976
379746187
474644156
333768995
976573128
151434654
411487824
801469943
310264926
516874620
38272069
263797769
311950581
630398328
136961937
682702423
534357310
780576220
286425662
69342485
381905980
576003939
863154152
160249384
745944006
778585535
379265091
899828140
44719369
623621652
519874451
920518767
936368387
45205371
655380787
11295347
832787721
644193152
591409167
100870000
832590146
369062565
947824425
407906127
233446697
993907933
399648791
964460720
672260622
380471825
99179395
111227237
763342230
958897311
536146346
332802805
556754487
519422933
674667742
385356058
170785213
862008954
366034948
907520067
476253128
922452806
812038423
339344915
393364555
770816870
736460195
48121824
578906639
988173049
34627914
798697269
725756206
357044629
755484739
581376080
89438104
50641602
134425046
326896804
600564113
755291261
779526881
351927128
546507825
371084727
670120534
183569863
9876963
244497620
164991930
684194814
1041638
957611053
146034600
917360450
623576015
72485518
904969804
520933511
326589957
385147320
506043369
56531193
749920324
961077984
739796308
511535735
938359067
965569326
9016438
192835603
528844142
954682944
51258573
369241747
917100276
11497636
6913515
944269555
130197689
965192289
977105398
598889697
580201374
144210287
514576935
223914816
818921684
637183034
465089355
228648614
9898085
582299683
314413637
599081437
633428907
999864319
874651786
941098085
832502743
915577494
804690595
255595761
124330603
790698277
213634734
987937766
910436288
201438685
274385118
562405855
142027649
170197601
356034039
845624363
330451758
589321292
507183571
170722637
645736091
937617833
370354143
282417019
772838510
523749241
721157022
218627360
996416164
301178417
215356197
948122459
596793612
805754425
290565533
835417726
200324554
165181038
348314053
896079503
306759126
854501024
749231726
89369546
774416251
289889813
68052733
828099869
714091736
368455172
693653996
697322154
375841378
972260891
487078216
727708233
375129440
471232250
477021492
400530435
168374894
950186678
232315494
811597464
527518203
595691863
633143973
368874490
179759306
71394649
480977233
269090768
672584309
150742575
584933851
329999860
541808613
413983931
254842440
422165749
863553499
761021400
416166322
535701142
838283115
502787281
33834695
313933389
251092092
139592166
298193480
835136453
339410505
66294990
593752971
851039068
948715490
416966448
642911994
503862950
265835180
131703081
697354386
546774248
899700445
783508425
840007781
63904157
128374273
318293909
531240728
995153141
433513336
294753543
91475046
101452369
618718965
265910537
180604315
353558216
883979520
849458046
326456345
976992166
505131381
826143162
841478102
27473639
195821059
249542404
174312412
426297792
204982447
40354587
486436041
482084631
792371790
456031406
498106700
447534086
403827982
700600803
299281070
803021916
332498157
893182673
402529606
556379419
525773888
554612229
161656068
100354299
631660078
990840577
833989095
12002022
324441907
465511096
859053703
55408762
631830942
233297940
868887180
116277386
272488978
512734321
763109684
857276829
677135369
134279711
361592273
315339374
66574412
187831011
190618697
384495210
149867900
513010294
456954261
50971701
911552141
205805317
119955010
688346149
769827653
635583919
489479923
380493509
664911554
667189514
797342940
894743380
26835441
163939743
623034441
723598404
450666520
342183529
590691093
743293371
949333325
998811994
245479731
647234069
260007676
335702999
984680233
958825568
950686820
712191287
232963728
46713566
470617371
281598791
171222165
391951751
217650054
527631561
542899323
45366404
403328354
543304176
733089815
138123957
164736574
600559333
987362899
544017452
349088254
744254534
457857963
565106864
573837146
982048162
842389683
4430395
482003548
316837374
997749903
643960188
874156262
942631507
672452985
377183830
373103914
521253389
596649278
597181023
936817712
134163341
581513153
359833442
503144019
517605032
848763255
602889694
255920580
526353703
489843690
610786180
722911494
778406213
682113079
452104636
180844400
375449140
765243791
226482209
904745390
580247192
849869753
715108096
897740865
317721866
623456654
498062302
148049914
32990358
587890556
303404015
746064003
91115837
704111620
230128287
269394646
693754996
251424829
477688333
875093955
441118627
619074126
95154059
317800047
122793640
31393271
912947744
261091536
156173393
713209097
688755974
329405490
953413349
654474729
858169388
526598580
206028444
675929105
526522036
570362060
811337250
430120591
480513910
401145791
640283928
398145669
314364796
655723050
321528467
893756839
629998212
439346044
751102875
393576128
482700161
548534137
275424173
487889965
320635674
592769208
604800826
683718752
202556970
7033638
503351334
984744030
547300414
666779778
77773386
986093122
95346202
144627422
363546610
846617528
163642421
923983140
513526367
887799938
654056248
319848335
624873542
856335095
557811842
495179310
277592143
278782591
748777639
59509604
99369879
73628184
563264492
981480555
517510190
533418708
818233037
391662028
593497498
338621529
803924600
834682856
288938322
186647903
714401103
767907186
630981956
355664950
790740842
612730867
710023760
251869501
113714963
950170181
315424971
118294892
486543688
322214169
41765629
612617931
981062204
132481393
489103267
175601913
292870102
856481574
908156013
131442598
820816944
872321891
428101249
610748697
888846873
355965736
62425335
885405354
678979988
138233288
322075482
817598793
713386071
355855211
591098413
526573558
31953485
802100109
787836260
361754694
151388692
769483645
896796903
811426533
433873280
231999711
934404371
445781006
77249046
661445162
274672952
223744533
77875602
430632235
896103452
416160733
887420513
73938817
397802614
631850338
245381672
296278814
562847604
224988209
174004283
772366540
117245749
808369131
201310758
928262310
789060944
385756358
109363240
49551514
770090316
361387019
75407283
423697646
773618470
800534169
993477102
795376824
767570382
446287713
499444787
563229797
289372585
3029992
720729745
404758579
807206160
294653640
925218890
65487030
945441488
804353071
420787286
519870807
103241385
662276190
974607839
195686608
439840719
430714411
905502915
640197041
703940972
484214143
268144662
195112671
931407132
261890009
474218653
433026063
621142895
221009610
656744787
124364879
131520106
586906231
160403944
714701950
30153222
594065946
971027261
442492367
22874288
363140737
375773161
316691530
854693832
773955726
563842231
90880843
982933538
739086773
360802598
457853441
741932679
977323649
100949991
872467952
571527221
801191695
61532515
151252848
51098459
498144145
547626547
157334059
277582238
912140492
80540582
826095523
233736343
508050586
930276926
98120618
897798227
184460905
674447411
508737255
707574737
312845755
497863150
892792152
209529224
382392996
274121871
564360395
701744094
841876559
88173672
737967459
20476338
520514425
754243968
59469337
876182227
116479220
38430738
333035833
806100102
531898406
77517067
679013089
558111748
391599495
375353487
442097541
48370425
705180967
728825972
811719278
431562759
975610149
125235909
296503862
153250625
268101689
303072320
876110157
854564016
266661931
388160217
726481527
75596498
741579353
295332917
200948044
220872469
751774261
515842096
581952183
309214817
499745221
446528343
882393976
62396299
431686690
823333231
844144802
245119971
985532409
902623724
307666461
853039527
573445645
876984955
451516709
35707533
152543155
367943032
250120393
113988157
605335380
582184056
396111469
803077333
736435438
29406401
827868744
826974051
331244692
608652749
736674279
520525422
844591337
376270283
586354856
538009710
436352937
797082654
724914752
287945807
222400033
443289052
373037366
123753459
629313970
135221840
36181349
215682221
475459154
736557944
258570366
641006534
921616650
351843975
651988611
750543611
327361145
871018596
603175502
91951869
992523599
93913642
388055048
509667824
631672531
166217638
617217458
746526188
530399582
397345756
460411807
83271039
948061918
697842563
749662968
944294442
22488404
425091972
725626935
310652639
660351318
758432638
4007340
740945546
156054158
764467781
231458299
425990277
807072312
986174047
475215004
344373025
713279400
949816454
290007130
359880740
187717314
440889384
155775445
658145094
109279360
840186346
43279872
700108979
814345072
500166177
752763043
941830540
74798131
704012119
71261402
794658406
532940288
289788108
635066772
409709513
451570462
89705715
486624789
55115442
887818093
381327344
609614452
252522769
213825246
520661025
914662942
17909324
907630070
831419026
176946257
217718714
229278800
820586375
723001506
718083881
251138840
645657846
737778551
70439257
129784720
343002890
172670094
215340159
990909326
302065313
736550260
946299587
814645244
184970191
550467087
520028866
618576215
129631833
64468757
245689868
668696113
170215995
410955922
546442663
259119024
280817187
587811430
124336778
832275468
792578547
221855941
572439075
650071828
280026947
921536181
261216978
33948842
71250908
408879251
542027371
668510018
842646590
73835662
438184120
630386791
327092251
839479595
391970293
422133559
360347866
971996607
302102866
668004066
982393877
191412984
454879093
899409710
620987931
37550933
482875125
600212726
698608238
514317225
203050208
998924454
248306758
991292316
819597622
431483585
532312845
219327530
72747371
975701084
953400546
754265122
738693865
60380064
53015830
529818280
889599884
83077707
448940209
682538931
389797412
998924336
968394990
730448528
595037942
139646386
26228154
980168285
898129468
604985421
139705913
799878287
199982240
4434702
737946945
544451948
30272965
995742998
384445918
559744146
741642942
862789146
881181644
661524846
967455381
846700262
835685888
284112326
896653510
875874773
742264096
797978160
575745985
497977691
577856518
290355864
968267627
371635836
386273857
460324030
65492893
288556882
965650067
825069237
75575972
377516426
514234228
532806502
647902143
362730727
145753997
283599115
716838309
234368958
755634751
901456308
23493884
284632441
750898714
653182405
750908131
620644628
209323366
40351350
735466345
711393187
941260445
405051986
636220435
298152650
240661230
525255096
451124314
111338307
89301180
57857885
270806058
240488284
707102749
567572680
314631269
663561078
869389660
693497557
42606942
655218311
920818040
106274867
315243871
71874201
57673891
223461862
311545123
392754505
70053059
778800581
312957020
423803465
541369844
856734461
726524462
418428894
599495939
559872652
662973874
824260450
626029045
169955271
103780468
577098179
437038206
639015636
583497974
563388930
814856331
211572017
517141803
62218166
183360185
741181995
903369468
56196998
859079387
242885992
2412743
304096178
152616567
24715614
275565019
791937675
989219146
883353561
25377533
563970807
840156608
110253177
309314277
260870894
264842620
569448241
518788802
765394431
642558422
415462602
816812722
992434636
142792280
891093854
89463883
801366153
591806272
953329373
245838101
980094849
174628354
668278155
594966286
411243409
140742595
169298560
817569060
699472811
572033503
636130855
912422846
299695445
782361187
118701247
721085748
509370663
786250387
934938333
886564946
342299473
144802662
8115176
335205593
395528210
905340933
787998364
12577790
665409090
57182800
457821576
116569834
803317193
434172760
836428176
997233464
357530149
326024678
661144683
436170617
430953193
749314803
317122341
797574579
138553912
643616302
680963231
146064862
590232398
529793657
332083722
182982758
811866360
271042156
181191024
314501292
333860374
126899409
860854315
960476037
584055840
776505126
726836588
989266361
766585758
786521630
837190837
410668677
330916015
177338912
275883103
995434522
239649667
798670791
796136981
742231579
478375649
705724512
886287703
34030627
883421346
435564143
83375608
343102013
954597940
413687850
350832289
931753322
663730455
629682684
164026188
290367519
958083427
662929156
637013449
406795972
215190081
548145555
982987836
19083318
476487277
476095410
833540509
155993157
124526779
679789977
823615031
905759799
736657551
45175353
50981929
672631107
355277923
641898420
579168744
731818775
360318021
309125599
489735867
290387
528780886
903857863
305945918
516407564
569201996
219994409
281646048
529828682
237575921
151437560
738702180
420885386
669315233
50462170
932474212
299788092
700600784
623031212
782226633
750615366
666728578
104136442
42965588
397234303
936030673
558527879
97749785
266208821
893258859
82104523
41708798
621332136
178387730
328110704
448230209
330298764
959350042
115493589
508997871
491158155
748644078
548228491
155028846
439133121
125521035
322188250
152116468
205033534
921679874
979222845
461064973
145038984
503083003
444945378
714778393
341273878
201933357
847225131
986650315
92273366
389738471
78355503
102571179
330023335
919224970
669497401
619347093
593120
189309965
313025352
539563576
395072455
988252536
903750798
403366808
31623707
82630505
505119986
676947341
849834635
606934162
283707790
515290178
668214077
22360632
663382577
943710646
591873096
212551350
830591453
561662014
286672954
227802104
705009482
102121729
10384530
785418241
610409826
388020859
963645511
369252709
128231875
934031099
195333183
769321423
544899392
744877348
191944153
999067261
876638816
164488816
353498468
696330943
805150173
131249576
852160165
238831739
826488615
614075245
309585749
28092588
183761119
294174899
53498785
565126110
373176156
991065920
277567656
223761588
2280745
276933682
622437121
102804067
681545093
516054646
555347250
512930100
673777377
414570322
455519802
454159621
336534886
773317851
99220488
598841801
951149
21829248
322084865
300571139
746194436
338270077
434171774
501504847
426654576
610157417
866817099
868876506
527888293
544548521
297290538
894032357
497103056
891385082
132461134
900984902
260822990
69350379
946685408
229187302
736566450
831102816
98645118
93336644
253316419
122057745
241229239
792553200
828946811
495614472
638755984
498605073
137234441
373659943
839602178
170608096
101063376
32305568
756312441
343138859
815738726
637066363
593220950
279780051
752314262
758122003
791099758
192111182
216412638
86625433
707817866
182933029
681818098
175354000
461650405
573324151
102917431
247482191
791321521
277427573
934970185
972266882
569014674
315221988
60101749
183351721
534253089
115581854
709120063
593058456
605600362
939638545
325438942
706288118
256894574
648041150
902028475
853519550
853016994
451311035
620260086
900839872
618975599
726371890
558901217
500188705
471519664
427506656
26065026
382131158
461644599
31696022
133874197
561785390
516575815
76393660
306144904
153625157
646585627
161127881
529138430
33099666
922363998
189210828
894655053
769151066
108812209
284390
281059200
598179386
805056553
54656462
236288597
9007265
625248463
87404619
106524607
579898707
949994270
219612349
340457573
944047335
846747527
497758101
886035745
965847882
379463152
270952409
62568835
764224570
905244209
198249889
308824140
879622604
622047382
812999836
896199155
259594983
884256864
962216588
492111139
678571463
316314692
133295045
523296571
949159547
641023722
238412722
647658189
868716902
847248751
525679441
938732063
798885313
140721123
44599730
159824301
855495704
610527180
842654843
973944485
466076873
648837282
327670375
972042089
233260168
932672081
358996418
994713617
119974110
310037946
624767727
999641830
363713189
896877361
869279458
257028840
283991182
619884800
665008039
455390793
100480411
574095331
897327833
776541424
663613349
924246923
634181163
77431031
453407191
847696667
989333475
483622702
546071857
427158958
650421594
412062102
141936390
73976527
978043261
221804518
294115710
264082174
363987791
336252424
260533781
604759090
467809893
176348829
471798810
661548626
643376488
354390389
598464305
771367355
838587543
764053017
275231697
541580733
292273730
942143553
191486407
907600158
350406480
232387678
390744753
440617109
536904634
72684049
78653060
86917456
700015373
384418994
927804935
242661231
936328940
993022922
355168086
600086150
168640396
496236953
942009951
263139871
305501239
711960465
83533672
221514294
748701130
799658712
528126855
223239099
707064118
864593098
573040937
699353363
120578562
431503221
170568332
306261144
287319239
696294428
304797252
562517268
240570291
949565365
107989946
329569354
154824455
34462059
240144808
864085869
408734617
799222044
609396894
961835943
85831507
269077467
289488768
222982804
264715698
167054959
119132678
832378052
313139271
505606099
695690555
862342204
367511866
296630196
887614975
892212469
535402946
561203446
537453957
477390684
647611054
591889456
467306965
319562961
863247583
819517483
128566859
305546792
899062219
227186278
370214934
174569515
656344572
851542933
661256890
187262485
253993359
267960350
588481167
323117080
355270326
410496666
842678591
121707993
134982710
650450010
22191180
243979503
889278954
898583008
593505159
706571623
601567550
533649249
394221978
211195459
