1364
546616650
647133312
789838326
956579683
134181560
921927687
116058857
848670067
980481534
400772181
558012410
456908450
619674403
625594464
96434424
353843138
163489889
276647029
334689576
731932728
756103336
238217906
438470083
380384383
934871576
836403083
118743157
457749155
747615882
16876104
981062624
909727431
339553288
301055366
914252311
229707167
237564241
808609714
50082083
668986102
654289494
624053649
752782210
179252778
188273856
385420987
23437475
601921195
497843303
965627931
856652651
599404159
485647324
745441905
490724531
354096321
999569120
70047440
730832327
876857373
932172011
137841952
336340712
100832086
252301734
495768221
778206667
487689153
710383985
166243926
245165081
530173895
768719326
157306799
58037741
274201959
465118260
873174239
236311641
351659185
102582253
951690099
823653345
874976332
912753976
26523337
43121917
942760945
176271223
496546454
216318108
442210029
553925570
859736929
33777308
808685731
784550755
102769413
231917139
835970824
478361688
582229811
526848265
76300581
119367637
760279021
265370747
716609945
105557695
596306444
841560410
300821781
319543345
677409212
471153098
804446430
986748923
11227387
5765603
777956686
147129118
274456605
100496436
404733010
217810513
297314891
283035195
694090221
853379199
251753471
873784558
623669428
507210567
46776201
994759477
100224593
425870203
466219405
295658093
498497025
605917089
254758787
331633894
545101077
290266229
574166582
618158694
761520500
290115941
446167110
867256485
487624216
607662356
86060198
125070287
446027661
904632791
605613342
389270277
427333237
641414715
899462858
262915292
114205190
418682237
221855897
822533596
122819210
819770384
569899982
836777730
837580766
636692507
617106051
117680702
708796915
847081976
472972321
450229494
785136465
27084983
612853226
960277121
282687375
356478105
641378160
420820141
742430684
326108053
540795674
888621626
191410553
804730838
123772582
565188957
979694653
983983162
672502689
770915390
496472336
913903317
878703601
432060282
950134384
593893228
145416780
315090593
736847087
260483579
459111614
984035513
747391922
607292719
927014183
369831097
865754868
280436461
145412539
279246863
653653633
552891081
507880320
868708635
299459131
956129424
762450131
523532210
900785305
789528767
876062691
28349339
332616995
655140617
369526581
597979413
437880567
14197460
72974366
158135632
591341383
884955068
472493900
450843375
772756441
368023055
692797246
691739276
276557189
318727504
492128967
554819380
177326267
829386933
422575503
704599783
403631099
682624425
735859858
387522329
389154906
904203850
713194655
423089972
346415107
374192620
391045850
257278740
750819508
489045396
792915770
74454921
648549437
211853437
841105675
609824985
510553349
428734103
926259566
609760571
696094341
838520067
20641236
361302364
866325962
926395032
828917383
410942174
706361335
573469793
251556642
642920660
409940673
922043421
132445971
624149064
794832113
432257726
399568416
342042806
990213350
200918250
510824159
755020430
320119568
969604989
28090172
257185717
702408822
402754565
710047991
583291908
576495921
379386693
185536547
313716680
239019247
86081458
255523241
405662784
820047217
458182649
107408323
922581539
317830413
63659383
511091841
198524951
769043756
361821887
761777223
253050171
224683725
78171672
314299469
868264350
244011264
546869757
504469278
849503429
627071340
442224027
715897625
106308137
536166091
253123414
382969075
885397943
351915880
235424068
352811571
257987662
603514792
530087344
390607797
45128772
195068542
212896153
924708904
441867234
825492980
207796528
470998672
94955491
354954665
954388062
170226372
290332153
308227918
842959675
695674353
373214024
212606248
344791704
300495637
103107305
424253585
38396534
940053381
160057449
750136951
305098893
331214695
282818119
200948700
847673542
290895929
311829113
777003092
785048513
282956104
711091432
956215946
593890128
538376762
718045679
949088443
284524794
923548549
709249760
634766649
170977401
330610933
82429567
334484713
288526396
982790698
217995653
29902278
306204646
801758999
302432542
133459804
993076941
101411461
397822827
182982477
964609148
634767502
694392833
540313552
547496753
299043106
39910505
824896557
23075936
706128005
647910558
647455042
434427694
40239567
529464210
153502721
867494134
146561898
878524328
818705391
398388680
179499416
342081339
738162087
403467493
390142699
372106006
538488661
114255684
343144651
348418811
407265596
210558993
928271348
581695517
934069296
272791336
40714485
955942821
623600669
74124702
537723057
856332592
197419134
681402425
351780066
32806735
352043238
791648243
979436177
7282693
861006715
500722811
871941791
986425165
877994869
919671987
510895168
523290002
109253540
418282803
446002555
639291445
603645160
191036613
836989355
298697227
41941686
249257703
710192129
431881180
7838106
677971532
146204671
72403173
14077871
518791003
441402878
520761175
463647017
594666670
698249129
500243670
143580363
776207253
587694208
789252346
214266481
664506001
318014550
8171473
478832008
359797209
162145748
949788763
804198289
848570840
227330292
586816781
414628514
285400492
809194886
12631119
348299236
997574057
564273582
56868606
579824150
346512852
749814884
947250922
308075528
392807529
35667954
575375193
154248481
17802838
731787386
485063043
665147866
565039037
999813742
588197651
995202625
580615286
583239958
460443820
528892535
292788874
788720398
918880866
520564530
493768377
103888068
430842429
646335036
880248565
197221118
153986746
178928370
671087333
916253011
319723337
683482821
508705379
572200109
763869392
163978173
229476350
82978765
145496614
718791921
832882041
604394951
275592857
428579088
230123594
863091841
318077033
555774683
325875228
928166713
764365130
378894760
916037965
381343996
740072678
605205473
192782705
634712880
546291033
614663555
930854861
49012235
641967027
332908704
603199965
736063769
505749114
646093789
543992270
550966202
979117093
171203828
961403140
70332321
100482466
136392499
738532502
728164182
792993488
792081916
792680397
27571381
128514310
111107395
937483433
182788973
928812427
910435859
583801948
716869506
561187867
450974985
915651532
311760844
461926760
26138327
86450197
578887286
81730967
13051075
526050053
537092991
997405887
838504229
904318879
96448316
328752494
200272876
905566361
221918932
968256291
598213914
401766109
949936835
858253525
798178116
875909131
800804184
265150314
92576275
368146678
366519606
505111105
205948101
808050723
363393495
907024297
280936108
370886221
154899972
783703399
725619118
761969891
480947294
983872308
763610819
625805960
273418713
826639677
527766651
744513427
564526651
6844066
374420853
680511629
928791202
196371447
316626153
927307957
172859899
545034693
55210783
454044799
275960203
775187210
454279158
751274512
15142762
293731765
365071198
100947908
926349059
156620075
445745118
515655849
461807510
691235013
88788751
499631873
763135671
775134799
202326046
16245444
506726092
226888843
895319630
585544731
537179538
302564780
791618420
728567782
193065624
306777564
609610873
903901752
408091074
24508342
694143452
412586197
380602823
271965388
837063213
882379707
17048244
179522082
24613011
63984534
935655016
429086897
242750279
745674826
710216982
199378917
701630999
153101677
421236165
738228768
920682724
83046601
330942675
126689589
712929828
774066399
200776814
790374125
877102433
325765471
74545946
823061893
485817271
575302578
356871726
5011502
664812122
655687024
59492438
616504204
961019662
282859242
916010002
352073784
943366317
877875105
192235574
177485118
61684133
372298956
804852328
597480095
215405175
355142615
607094182
436274640
672470585
843697886
287207101
770561082
372983573
133123894
515773651
107426744
13034696
290614757
609768925
764655900
529235236
76236837
617731369
353505450
929660046
633404389
165311446
387715738
139506816
110009928
134685015
311188890
884518408
810429987
615117813
724494155
995487304
853537411
758157130
153177792
46080244
72666917
794579142
791521538
85304535
382586621
139456557
587405710
941705294
842008240
740428310
229220564
898595275
668061977
733491822
478408890
938510931
596770248
96735987
928625944
7727105
565029758
467304378
778901562
618896513
152380082
48692650
973076321
732868501
301935631
50123007
92157250
985352084
991156980
162076103
351262853
87848934
133717490
525720168
705822279
586268553
801567570
610672152
370647704
628610959
902969229
995338084
738955518
448556958
265325009
325935274
740750065
535876206
431054979
908882590
975685725
527348303
148777399
46462665
272501283
380870560
944609210
311538693
257745047
34037081
79505289
751362
520160771
129014146
191200087
210297029
124987171
133287865
608431883
724737316
71604648
654452145
304635583
754562891
907267253
264826797
744320834
836189753
110839653
194070793
644042391
468258628
576852803
21097138
237378164
342774929
136917200
659893160
503628996
932004765
521059840
941505411
925981734
963580855
204284093
934762219
449607275
589701251
51371363
818349087
929723675
878236280
672411458
422412655
782900721
128070499
962375456
371696066
780743515
1969890
589885364
887698705
805166843
320123114
743772204
718094570
379585064
930763842
893339304
947219694
997784686
716068614
879022780
657583443
672890889
560669476
641309170
987913570
325536366
5384930
446687302
789297146
211271875
281067350
893657256
771431435
63575650
126282988
645157246
914920732
550943066
453097445
455139615
638937031
943321838
129161938
441765976
532687415
940648468
305631516
65411819
642546864
194234870
370734976
925074956
776620040
295474293
245323915
547240162
816034854
702857377
582635298
393232140
507305610
421492546
861700349
547933977
234604229
871485778
914839335
676128014
779630332
629639809
938019456
438486757
815140969
721443248
137359419
110210312
608010202
967882614
560578656
326016218
849301552
522943134
11052107
477788462
662484706
601795751
52402475
442998478
55155831
640233539
64952964
405004021
756843791
697628120
299089582
447389653
286468315
875786242
166672723
950020371
898961057
172557327
224120821
613594182
274654265
255362177
648429157
396520827
936840978
205546896
170311501
737315252
743183022
42947494
311984808
57609060
177057057
270903265
10987588
196145397
867818390
349508244
368525895
927725378
220590282
930228166
157634471
545109533
433012623
417750449
996490928
208831178
482854731
720622404
809748866
699154050
990200438
694930082
988587665
665966833
988482335
512261025
221652771
406887609
704215400
462237772
563264982
270207981
960993286
54290786
216901911
966025878
162561730
690217684
290965419
254956850
858795258
458209354
203515690
373858096
720791072
371732383
145034879
460571509
774414906
261474657
325588586
926452442
615302752
297168722
156678654
640140459
93395778
185916649
802046243
178507561
400866720
653289426
776962837
657138697
946195151
663698026
20322531
772604660
36072251
877111364
306520561
607511045
426335455
34781862
255232630
280851022
325870030
277882636
863851007
688464979
755048622
774850468
656133610
533024397
717191992
287299537
815691756
997768168
216813242
647440041
625170060
568183877
56781461
588587895
222311845
136428281
177690302
982229049
724382952
811005260
502769217
54498850
439620183
461138171
499869626
641507354
100418251
217816759
612206042
867473209
566854768
959667364
115955688
984062288
90395972
308142299
323644477
677596512
637375387
477472232
298182343
174262816
879214750
554974540
379131271
256571003
993053383
236186108
545753363
292308496
836052070
159545056
417816340
504832945
84188191
145078101
710470345
844708836
284618090
704902060
242744195
560489829
423148306
432444840
978333479
450646946
64944055
224163588
585537199
44062525
998169164
732879339
753911465
774497934
533428377
857182078
126340022
795717151
112614329
810580562
452017932
985737518
81410717
549528815
196163317
785877550
707860616
549066322
982281038
688475462
534573970
191086187
10612233
91879120
852815653
367871136
769350059
76066779
633680515
425223241
283015630
738159274
474178877
907205938
126845344
751085363
360238525
562881052
611306083
151671713
236131774
189982011
17940459
778712275
565533390
408921273
699406115
406595802
532101843
962626354
378295944
407798143
61622403
58756662
216566444
139302074
732269546
925504203
641356469
326519100
545630440
578677224
464835291
604737766
757648305
7505147
9619693
574461776
927248203
245826148
848517837
376141379
775212563
459760632
714760943
100686399
922444856
112115071
196456158
658806518
794723903
617269557
559556536
430647247
705074045
772621901
75057325
737879652
268479648
314282345
570524547
10022660
345324071
305492772
498387733
900307250
961520869
362647688
84620239
413567524
74612354
76841368
853305908
123733317
721081338
376333256
176964441
29485235
211666972
317064319
255538535
291566017
756602379
840336796
25933852
850367862
545642433
510372846
85650250
63714573
373644423
474609083
544356695
666033267
765134207
743812410
268231612
912436940
845941786
610097945
110602118
97388271
336681122
569445623
177316824
965912549
938665137
451916267
478528615
489754990
336029112
717002491
353541629
934265468
633077114
172069798
440644854
219268533
452863630
886467163
265247174
954078197
96215264
578443519
979391856
601346250
186016304
357158251
782914576
835848438
587112081
48453612
639061843
10838257
365149420
749987778
409341690
278324581
649585019
749449121
330224475
228747184
495010894
512256051
518237151
46398053
496114121
640576147
476032389
305439691
435190052
947667155
894308702
991037532
429734634
182321783
691188495
