2059 262
153 855
73 676
87 237
128 640
153 560
209 455
33 752
74 272
121 694
68 1
195 802
193 459
83 743
231 289
127 513
114 629
15 686
262 195
123 178
129 764
126 801
199 509
2 697
212 397
248 573
72 146
144 75
14 293
33 519
159 705
245 358
75 240
204 644
7 526
56 118
83 188
14 801
124 742
96 9
130 742
127 603
237 103
96 483
42 338
230 518
121 804
12 186
211 390
130 593
187 76
135 682
191 303
10 520
44 987
222 889
75 241
138 888
29 678
67 491
81 610
36 501
215 91
146 653
40 207
78 638
38 637
106 525
141 421
16 942
235 923
251 616
233 888
140 420
213 529
219 946
17 998
182 387
139 628
258 744
3 84
38 154
244 994
71 576
216 398
117 716
38 118
207 806
180 554
96 799
238 95
19 63
35 605
221 577
150 137
121 626
53 492
242 429
195 41
224 609
32 779
66 697
157 501
257 347
126 360
222 290
134 816
138 45
237 343
117 501
173 873
77 122
6 767
72 895
14 212
225 762
55 163
191 981
73 703
250 1000
16 744
104 932
65 165
254 17
125 525
106 233
189 173
80 491
48 861
240 689
134 203
32 978
186 934
124 929
149 844
236 668
177 828
239 421
72 741
243 637
179 358
30 284
245 275
37 954
60 271
222 586
31 236
144 57
22 268
184 387
136 388
163 879
99 148
176 590
190 784
178 927
237 842
90 942
174 717
135 985
217 355
155 2
4 177
167 32
135 878
18 709
157 967
90 65
165 390
186 918
225 614
39 74
9 9
233 456
249 818
238 111
1 123
49 857
160 913
49 685
101 507
165 550
211 630
109 11
51 732
118 965
183 736
159 99
248 107
31 721
106 227
250 468
122 839
183 408
43 220
117 2
199 907
90 639
217 760
206 91
79 836
191 51
181 573
159 780
156 937
183 553
176 118
240 624
181 357
140 318
243 938
74 487
70 94
184 694
19 309
137 155
153 897
20 8
197 333
202 644
2 258
65 80
161 917
189 972
23 423
38 915
192 740
222 178
132 293
104 389
27 486
180 547
259 416
217 445
154 960
55 251
201 814
203 591
155 887
131 79
78 516
135 391
115 457
162 757
223 671
102 804
70 298
257 393
255 899
107 113
51 879
51 985
71 198
205 180
119 29
100 121
246 684
36 843
117 921
244 271
82 500
170 513
258 969
141 903
96 577
86 564
184 392
235 911
24 960
183 857
152 549
109 443
68 96
203 686
160 340
260 888
260 340
235 638
118 827
208 388
12 626
40 415
153 829
231 956
32 678
111 894
10 505
99 388
152 527
238 288
177 763
190 593
99 824
152 138
123 584
93 49
83 678
190 880
27 374
57 232
152 272
168 305
210 568
10 203
97 545
3 481
87 437
82 185
130 886
15 813
209 297
132 484
16 286
257 137
25 201
34 915
113 476
108 92
90 275
50 579
80 990
164 186
18 314
210 448
237 729
6 7
102 213
33 487
86 49
65 698
257 448
112 582
69 900
40 110
136 112
150 441
190 174
217 786
110 635
119 230
124 678
30 689
207 372
4 873
239 671
244 513
127 482
36 408
261 199
62 599
209 865
251 55
10 418
101 641
163 694
209 619
92 486
54 818
238 887
259 322
22 808
121 376
242 336
3 137
128 845
52 400
180 365
65 196
13 409
220 663
46 229
60 600
100 386
114 522
174 509
46 291
23 669
213 454
111 440
71 425
158 134
206 584
74 445
224 480
136 860
157 157
40 968
251 268
138 393
88 65
108 382
208 251
6 581
130 363
64 932
236 849
49 179
234 887
196 351
9 171
259 569
145 681
45 661
221 455
192 244
255 304
251 618
5 298
205 152
243 448
25 163
81 168
12 483
50 981
189 957
107 798
118 114
232 894
250 622
240 362
49 121
36 166
100 401
18 528
190 791
168 579
129 397
179 438
141 222
125 91
234 318
46 904
244 806
220 241
100 218
1 884
130 866
155 299
180 964
200 582
179 712
21 718
81 475
140 123
228 389
113 503
33 147
122 73
12 877
12 852
199 945
108 741
105 342
226 392
148 690
237 963
261 29
219 873
245 324
260 384
185 767
248 300
9 490
250 858
126 624
142 901
259 507
77 829
8 286
188 339
4 539
67 495
204 493
145 538
63 320
192 124
124 372
253 975
192 293
115 290
14 766
228 655
18 33
259 333
136 256
116 78
4 848
178 18
206 617
257 403
194 55
184 287
73 772
201 369
242 803
79 696
23 183
122 215
87 778
177 291
114 998
100 336
81 360
121 197
132 191
7 491
7 330
87 841
27 567
188 643
92 861
188 311
185 931
234 783
179 262
194 665
246 63
12 346
3 995
91 550
67 761
28 986
6 127
46 787
144 350
249 116
47 625
193 404
89 114
58 565
136 22
204 103
160 492
103 834
173 329
108 504
109 950
107 161
115 825
184 220
129 160
183 197
37 537
127 641
32 141
113 836
19 360
139 971
112 339
65 410
170 10
163 640
113 535
101 878
231 581
202 196
31 277
122 756
111 412
248 805
186 163
219 217
33 982
63 831
18 566
173 506
192 863
251 575
124 754
6 131
181 460
209 748
84 22
22 875
149 219
246 376
245 677
61 205
46 7
247 922
206 916
182 840
199 119
116 854
83 385
206 672
67 47
88 762
164 817
65 945
179 428
76 10
4 417
110 233
90 492
162 948
233 77
246 22
198 18
2 204
153 332
13 739
173 293
155 64
233 32
20 894
122 305
41 244
210 577
112 244
229 740
238 862
41 298
85 291
155 89
27 834
71 689
2 366
50 103
134 157
222 387
186 443
237 289
217 869
83 316
143 487
196 806
139 631
192 898
22 759
146 227
260 798
165 602
130 8
105 755
198 578
208 240
189 463
84 805
27 237
111 378
18 936
6 677
222 847
239 221
56 994
149 912
136 890
222 438
15 561
98 907
147 941
24 145
156 370
209 971
119 349
79 340
71 857
51 958
80 822
231 907
171 597
254 832
251 981
104 589
41 57
173 246
124 544
226 445
91 84
106 981
19 148
76 344
228 353
66 459
181 596
2 821
167 479
183 67
236 264
74 967
191 761
175 612
10 202
152 84
222 734
185 578
30 961
128 809
75 793
6 35
68 234
38 346
21 744
43 138
98 137
156 685
260 88
53 638
195 580
37 894
147 622
142 355
5 399
123 580
38 927
255 398
47 383
128 650
258 520
89 756
243 122
252 678
126 494
193 531
81 956
95 508
16 294
76 478
42 395
150 298
31 925
85 796
82 715
167 557
128 376
43 721
167 746
33 458
247 956
187 211
105 964
161 397
193 974
123 781
213 567
185 220
101 554
10 702
185 903
87 764
43 543
155 818
20 849
232 169
226 489
118 254
128 843
191 705
187 140
161 591
171 314
147 921
104 111
229 539
160 658
176 918
192 197
14 382
113 128
78 804
106 261
131 277
112 242
109 825
210 370
107 181
235 540
55 913
121 978
197 699
215 228
33 539
52 683
164 293
261 638
51 690
139 168
60 375
93 879
75 668
79 199
260 877
235 877
153 325
49 253
106 55
87 765
227 859
31 943
116 455
107 35
175 571
210 242
53 660
252 900
77 986
208 251
14 217
235 54
99 572
156 543
217 589
242 757
40 191
9 283
149 821
121 639
48 551
65 916
43 652
253 168
257 819
143 575
65 432
190 574
47 54
64 961
107 383
176 349
216 814
29 526
187 781
151 771
125 607
262 613
207 871
99 636
58 351
54 962
32 803
105 885
153 115
108 921
190 372
58 964
178 392
178 801
202 905
220 886
29 386
194 373
257 894
75 670
236 87
243 292
152 560
102 140
43 652
78 353
90 413
161 899
75 157
4 579
109 129
58 320
258 576
62 949
125 176
258 840
236 482
114 949
181 801
187 738
199 679
12 784
9 865
59 936
189 494
157 171
12 835
194 665
71 154
60 524
80 662
33 810
211 64
158 830
104 862
25 630
104 518
82 327
58 936
37 661
173 313
148 268
91 369
152 58
214 606
208 242
93 838
257 922
151 146
23 77
207 957
157 243
133 81
170 764
156 882
229 169
71 241
106 67
8 114
4 385
177 414
110 871
61 650
201 626
234 30
3 740
112 112
123 902
244 54
78 73
141 391
139 748
227 235
185 242
243 622
206 761
220 9
82 899
73 41
179 440
149 494
239 611
203 341
5 697
207 943
243 453
186 504
15 351
154 369
179 936
60 902
14 663
177 1000
192 935
122 331
101 183
118 106
156 24
250 359
252 803
261 555
75 401
14 772
133 720
219 681
29 885
92 296
252 36
188 153
37 346
177 81
62 220
141 72
154 29
147 379
47 636
53 218
63 211
133 371
143 673
238 797
187 353
13 670
17 145
100 622
197 620
122 218
140 249
192 346
72 881
17 883
176 564
97 885
40 573
257 885
16 834
209 517
230 797
22 976
199 69
183 838
52 358
205 486
38 341
131 943
21 724
72 285
27 396
9 147
6 910
200 83
222 161
135 311
97 384
156 788
249 761
149 274
89 606
189 749
3 360
240 951
113 751
78 732
259 251
258 196
169 383
219 164
11 376
175 877
82 994
137 924
53 531
121 56
91 526
61 280
207 706
130 234
62 617
224 909
211 913
72 928
174 46
37 648
216 310
231 334
75 139
139 191
81 989
16 26
72 742
251 190
244 60
7 393
178 266
61 522
93 503
46 352
39 29
222 16
172 915
193 555
98 76
165 421
199 158
156 384
62 252
211 959
79 213
66 83
216 794
143 145
69 19
233 170
169 107
227 122
77 536
194 634
57 68
148 127
115 783
218 536
100 610
44 379
151 493
216 968
213 234
198 717
52 167
33 688
207 905
186 672
116 92
157 517
160 27
54 139
153 454
124 588
69 303
115 291
160 876
63 657
237 433
205 195
45 115
108 98
28 285
207 818
93 663
93 571
83 434
215 523
52 933
252 27
115 747
212 461
44 83
221 517
129 623
223 741
10 605
139 630
47 57
252 670
92 113
119 837
135 399
147 15
242 299
246 701
206 959
15 283
62 777
48 75
211 756
50 73
91 343
95 366
161 908
7 558
96 354
216 441
127 212
111 29
22 456
170 554
51 81
253 837
18 174
221 966
241 368
161 202
234 472
102 313
112 622
202 865
198 827
221 625
151 88
232 735
85 357
140 51
229 995
143 497
89 978
123 979
73 524
220 573
239 1000
216 671
105 80
130 223
53 627
60 588
13 652
121 364
197 81
123 391
16 437
141 153
188 494
122 252
189 119
119 444
258 415
84 561
65 865
153 776
5 890
4 74
66 103
116 828
82 940
203 950
7 909
113 876
200 73
31 120
113 946
179 85
159 886
35 606
100 249
98 957
56 473
119 556
13 1000
19 56
140 702
8 632
232 149
234 91
54 779
159 87
232 363
177 371
123 732
51 166
166 384
225 693
146 919
125 89
118 90
77 550
232 496
147 606
207 740
1 700
151 308
258 442
24 228
232 219
83 33
96 41
90 759
10 912
108 148
65 25
249 626
254 32
59 137
85 479
65 490
60 577
192 245
234 39
238 876
22 599
9 982
17 159
222 693
135 799
105 880
88 924
117 778
31 854
105 681
164 675
253 200
149 729
85 917
148 592
80 755
183 765
1 41
20 17
19 474
220 800
97 836
24 427
125 377
117 990
83 40
131 986
10 396
77 308
10 956
78 828
92 138
21 264
178 740
197 430
78 798
45 949
124 46
143 701
13 487
148 898
92 879
249 965
101 856
247 579
98 378
66 252
89 336
107 85
231 495
196 335
96 50
189 789
215 568
128 586
237 996
2 105
244 508
109 395
255 556
157 165
13 728
262 15
112 765
144 766
2 16
23 474
144 693
222 273
125 242
226 162
206 713
152 307
167 634
224 628
223 582
63 722
54 213
102 965
72 393
240 506
8 537
42 41
217 15
237 183
24 42
111 78
173 365
229 169
71 478
39 177
107 744
62 658
42 409
210 550
191 181
73 529
67 825
230 723
137 248
54 369
199 66
87 621
250 488
15 857
201 489
234 320
262 585
167 694
151 861
9 594
77 231
238 323
129 656
112 808
55 57
13 439
168 985
217 423
29 523
82 5
130 908
146 163
50 377
104 676
89 143
217 802
104 905
94 297
171 838
206 65
106 353
56 959
107 423
106 228
87 596
220 197
228 534
37 577
153 960
89 623
177 769
221 445
67 83
35 426
160 884
90 285
226 904
223 363
136 997
114 357
126 29
32 679
200 736
82 571
104 23
251 620
46 98
14 819
255 515
192 974
128 49
209 372
159 670
40 626
33 57
107 889
159 29
117 477
107 192
141 463
214 285
53 588
212 771
14 405
262 587
71 125
115 733
80 70
30 308
38 916
32 910
64 752
11 861
172 702
163 8
62 343
73 770
211 360
99 602
233 625
13 178
48 392
72 353
187 499
178 361
165 105
122 97
34 450
248 899
111 786
162 927
22 274
185 295
135 503
154 185
123 745
191 680
10 534
106 339
158 292
177 349
82 482
225 531
239 40
94 601
22 18
119 622
66 393
223 619
246 514
81 463
131 989
216 646
44 311
157 909
22 432
191 592
33 566
227 581
56 945
224 182
84 276
196 515
5 778
110 598
15 311
253 853
250 811
260 107
97 851
43 415
111 960
110 699
170 957
77 702
257 845
85 3
233 90
15 840
133 615
186 840
226 80
75 737
96 413
145 383
118 763
141 719
198 162
219 533
77 752
238 710
46 620
59 159
68 116
228 508
230 80
134 913
221 892
108 125
24 810
64 666
200 630
232 327
160 424
255 990
130 629
160 46
110 263
172 586
112 968
121 343
158 651
192 322
17 835
197 816
201 226
22 85
2 492
194 358
107 241
207 998
157 462
86 125
164 500
191 860
95 224
6 962
144 194
116 890
243 78
33 603
81 78
113 615
190 693
173 724
203 765
259 646
135 562
78 315
110 830
71 229
129 811
234 660
147 692
201 465
221 612
195 796
38 572
12 112
149 378
10 9
145 573
171 997
80 234
138 936
30 258
200 838
201 777
161 277
101 649
134 80
7 613
123 773
29 294
9 152
81 258
164 742
234 191
118 619
129 701
210 220
15 713
210 846
105 123
256 101
253 233
45 878
74 913
185 117
50 763
28 439
118 893
233 842
112 382
194 544
112 467
110 752
160 36
34 397
168 576
217 109
155 181
172 27
141 401
240 757
17 108
225 94
73 715
43 277
249 103
118 413
183 412
28 467
77 106
259 355
99 264
122 996
81 108
156 623
258 452
237 155
24 416
208 380
73 605
5 768
114 723
203 105
126 920
1 222
104 412
97 657
53 563
227 746
220 366
148 834
141 794
72 497
169 295
45 370
132 18
70 209
260 867
111 540
239 320
231 95
72 976
108 494
21 225
38 599
39 595
99 53
121 771
35 903
6 969
243 318
81 530
26 674
81 438
26 254
86 131
208 664
68 352
23 2
26 947
85 4
145 364
190 479
17 767
247 75
114 678
4 890
20 725
45 715
15 548
126 824
100 953
125 80
79 203
179 894
157 160
67 191
134 808
64 952
45 903
16 583
7 447
41 653
113 476
190 546
57 462
82 441
197 426
69 775
242 362
210 136
14 680
248 475
102 775
40 569
181 826
77 145
80 283
246 967
139 566
78 833
145 827
213 769
94 751
34 118
198 731
118 538
133 476
7 741
259 281
118 441
168 377
75 276
60 58
141 137
29 651
223 295
50 811
122 816
227 103
65 27
194 8
244 491
191 139
169 862
102 927
133 327
113 770
46 669
205 237
183 346
10 723
215 476
81 966
101 135
158 810
208 912
206 640
205 180
48 293
260 871
38 504
67 470
28 367
16 374
203 74
229 970
95 807
125 328
203 925
168 581
47 129
241 341
131 132
91 883
83 674
190 127
73 948
238 115
139 295
118 70
96 923
222 137
127 310
86 580
107 310
132 874
86 154
245 72
81 370
116 722
129 402
103 415
208 396
137 384
121 146
129 101
97 304
184 192
35 608
152 567
252 611
73 702
169 151
27 851
50 436
31 321
252 670
82 781
139 990
195 764
59 865
221 419
259 823
175 61
137 197
53 625
105 244
20 946
89 392
86 757
129 185
132 358
112 173
56 299
232 100
8 903
239 83
22 145
121 186
189 586
106 310
250 51
196 887
98 949
96 27
4 918
73 465
120 387
200 775
211 888
71 965
132 282
243 784
178 910
143 624
153 975
34 114
168 163
159 198
63 751
199 434
147 687
202 613
242 343
228 573
18 613
56 738
220 643
262 488
204 298
125 801
26 10
201 417
203 907
139 168
147 336
250 420
69 415
234 580
22 410
220 390
38 328
211 153
249 164
19 620
157 189
70 998
118 117
146 147
17 403
53 21
242 97
89 369
259 822
260 542
32 484
218 50
79 955
139 948
213 245
114 571
56 224
44 989
12 935
180 441
187 185
133 390
29 360
78 777
92 380
75 451
219 230
20 353
61 877
96 282
253 732
239 549
153 194
238 976
235 128
81 202
22 975
81 186
49 88
191 229
18 785
197 468
180 799
46 819
154 334
124 884
161 603
175 346
190 195
230 806
229 801
220 302
234 660
84 625
255 926
98 556
105 614
242 632
186 775
73 65
257 623
88 32
45 145
133 851
172 43
201 744
50 281
1 293
78 400
86 139
219 788
244 390
218 50
89 791
56 630
210 634
19 111
243 208
64 646
261 382
150 851
158 61
22 592
212 376
144 803
104 353
65 272
229 219
250 509
65 593
65 789
91 206
56 326
105 788
81 275
131 829
48 34
150 141
94 438
142 750
112 950
97 937
200 149
12 956
245 144
226 839
140 611
146 574
175 452
95 866
168 998
54 232
106 728
256 424
131 460
70 727
75 688
13 941
78 728
213 216
218 162
34 808
3 696
142 665
129 898
203 532
1 209
149 117
23 133
261 886
163 976
82 851
48 793
232 741
110 747
32 663
139 35
64 492
30 77
197 359
92 551
113 577
190 884
112 78
145 882
137 592
159 373
22 147
35 458
159 847
163 148
33 290
180 99
19 851
82 320
144 520
2 595
149 241
71 485
171 962
143 342
203 245
91 896
260 686
58 73
149 821
27 502
50 407
109 779
115 286
208 683
4 172
258 462
97 412
170 86
213 530
156 441
42 197
29 114
174 684
100 520
238 894
176 198
39 840
2 145
255 580
190 797
231 900
60 9
31 483
260 54
129 804
52 491
86 545
53 620
176 837
54 487
52 842
34 157
81 693
215 951
201 717
40 615
215 815
170 530
238 877
73 173
103 714
195 909
