2459 255
249 157
127 378
103 100
131 426
30 468
27 812
41 445
204 297
162 871
212 205
83 156
96 938
216 188
68 155
132 430
28 289
230 222
10 82
57 625
150 893
118 530
46 967
1 697
25 521
203 191
255 735
42 644
187 818
144 153
98 871
115 134
104 111
117 69
163 885
242 485
143 259
156 240
158 773
153 85
128 795
95 927
9 172
179 419
88 62
5 822
102 823
131 285
108 951
168 780
53 275
62 760
172 164
214 732
47 950
25 248
72 426
184 453
214 236
7 842
208 165
28 650
102 290
153 308
192 843
130 466
57 949
85 250
138 385
171 544
113 938
187 826
205 763
152 459
158 415
8 712
127 527
57 174
149 936
184 282
251 450
236 431
208 202
148 708
5 816
230 955
103 554
254 260
105 991
81 160
37 861
30 78
140 764
119 817
14 257
81 47
207 308
33 436
171 90
207 573
107 635
22 14
20 477
17 580
198 519
199 980
216 823
189 66
81 237
72 611
15 454
233 4
141 705
208 240
86 501
154 637
149 282
211 439
86 67
49 756
148 34
227 119
207 284
227 918
42 721
114 804
9 581
41 87
6 506
72 483
104 60
110 21
107 203
110 800
47 69
106 372
149 577
82 722
38 396
105 793
151 528
247 372
30 569
66 778
202 566
92 693
15 630
46 915
170 784
132 256
243 113
174 858
19 962
41 668
184 768
172 732
205 811
206 236
107 839
69 732
208 269
204 838
130 675
129 601
180 456
236 592
189 177
79 640
44 663
122 669
73 71
52 925
155 784
129 179
203 472
193 886
237 472
110 215
201 643
36 631
155 419
6 694
226 268
226 205
12 815
172 541
241 969
149 854
177 129
48 705
92 389
90 974
65 830
80 327
107 359
250 403
152 2
104 380
178 179
112 849
112 539
76 965
12 718
78 934
206 997
111 591
4 637
170 998
239 951
168 495
128 502
169 367
241 260
245 761
25 909
153 597
173 793
49 76
228 238
247 877
202 869
4 684
61 441
18 869
198 619
177 477
148 248
227 322
168 625
68 862
171 617
139 808
233 347
7 562
226 634
86 84
120 47
139 944
205 127
230 116
56 178
92 723
5 549
60 780
154 337
109 241
136 130
226 154
224 584
173 664
124 753
209 170
121 245
240 739
220 145
247 609
197 461
110 568
31 382
65 781
114 996
200 532
29 861
221 395
104 745
10 180
156 163
68 519
222 22
82 189
105 726
126 6
191 387
117 436
51 746
8 78
138 515
239 614
206 124
3 19
235 444
166 992
214 473
176 795
57 947
190 191
32 150
101 514
219 140
155 256
5 353
9 902
162 205
171 624
250 750
17 171
181 651
191 579
143 58
213 167
250 643
84 64
139 282
120 926
68 241
230 643
21 451
99 725
116 907
81 1000
224 827
93 794
37 445
39 558
112 742
160 762
72 109
196 336
170 49
237 344
115 464
71 541
205 649
133 12
179 827
100 960
229 963
153 793
61 458
139 55
197 541
125 220
152 196
45 456
114 747
81 658
243 427
150 262
147 514
41 809
104 495
42 751
184 479
224 102
154 699
38 104
199 248
148 653
75 349
217 687
18 1000
77 316
131 634
233 807
47 366
67 478
30 246
158 38
89 6
59 171
62 167
54 641
39 261
77 102
10 298
101 893
177 729
93 764
147 123
74 38
158 413
181 115
138 584
189 187
250 400
244 967
194 630
117 288
148 854
210 453
142 914
183 322
131 653
79 852
47 704
207 309
191 656
3 750
252 150
50 640
80 494
221 690
109 48
85 63
34 187
94 661
85 101
101 982
62 68
184 602
52 608
17 428
221 414
69 457
187 543
104 500
169 94
223 325
33 542
45 549
240 434
104 203
30 611
110 562
112 790
63 145
250 171
134 849
162 383
30 707
190 11
125 208
125 938
130 326
44 455
61 834
223 949
67 960
219 333
95 77
177 427
59 46
83 297
180 454
217 475
106 604
67 322
11 602
78 49
188 503
251 243
150 726
253 691
137 13
249 770
76 295
63 596
210 419
236 211
75 810
47 283
119 236
207 132
91 804
109 4
52 856
174 842
103 554
235 516
240 73
138 226
55 977
233 704
211 775
17 808
29 917
40 622
242 604
126 986
118 477
36 354
220 135
1 469
153 325
152 9
5 517
68 301
202 25
114 208
19 258
200 664
113 672
164 524
226 163
197 11
15 638
53 963
235 878
164 147
227 479
221 880
46 423
124 180
121 689
186 746
131 316
216 252
66 890
153 717
215 457
135 351
87 69
69 559
188 988
113 836
168 184
128 971
173 577
228 102
125 361
89 536
207 446
169 539
81 723
78 794
152 183
143 951
45 988
30 294
2 657
240 568
67 793
7 610
243 706
183 771
57 919
148 545
191 599
7 997
27 147
96 258
37 195
231 154
38 594
85 513
106 782
84 976
43 201
132 723
73 459
64 995
246 717
52 157
5 95
190 578
181 107
179 461
26 71
26 928
134 279
212 231
150 162
72 867
128 920
37 880
233 890
200 863
7 290
182 701
230 958
162 594
129 426
193 483
236 371
63 913
12 268
53 392
115 213
28 249
236 383
182 568
119 809
219 790
62 478
231 552
73 61
236 830
70 568
69 917
157 293
131 510
153 152
143 412
253 79
225 122
238 100
1 323
202 351
244 16
216 58
87 606
161 699
252 317
38 653
67 410
171 935
115 837
82 59
31 404
210 944
84 687
2 617
8 226
36 468
139 6
177 100
168 639
57 328
251 191
243 361
131 482
129 704
66 984
124 69
193 375
175 993
44 431
164 757
38 651
72 489
236 734
113 166
207 844
217 212
96 677
241 941
209 253
183 24
89 511
85 415
99 869
84 849
206 34
190 817
5 480
235 125
29 330
250 896
33 420
224 488
198 117
97 216
177 172
179 39
211 400
67 376
192 951
178 576
230 208
107 308
135 265
135 600
109 569
216 680
203 959
33 987
65 873
127 691
236 598
49 758
223 549
99 384
138 443
142 127
206 2
27 357
247 772
142 906
10 300
117 200
38 997
49 213
101 273
88 548
254 707
156 244
232 709
244 599
241 131
127 237
99 38
37 519
49 451
127 780
110 305
186 303
113 359
25 22
226 131
126 861
90 499
225 705
66 840
175 374
4 719
195 514
53 750
160 47
21 165
88 989
30 130
26 149
92 27
223 79
213 337
41 213
171 967
138 422
14 671
111 844
248 45
253 854
32 378
59 623
240 146
108 677
87 518
218 35
139 163
105 967
13 138
161 652
75 726
188 985
43 361
65 849
211 191
208 994
175 56
86 574
175 187
143 324
30 318
111 727
99 839
216 182
44 494
162 795
66 592
36 212
92 38
216 333
229 220
222 524
252 546
17 372
2 318
54 811
31 425
254 683
63 253
35 28
46 253
138 193
10 109
50 839
107 318
217 641
57 900
156 542
219 375
48 609
215 829
93 904
254 734
117 759
135 375
174 706
189 720
116 118
58 566
75 784
159 34
137 172
214 319
21 776
231 208
101 142
185 584
99 630
129 176
86 129
44 484
48 623
9 774
178 642
35 738
52 505
154 280
98 574
226 230
254 792
124 891
246 978
17 605
60 578
143 396
138 259
237 637
254 315
77 15
34 406
40 409
142 977
10 42
123 127
47 784
186 608
2 234
66 517
56 542
126 405
38 116
111 420
33 608
188 246
232 732
96 536
27 547
12 432
73 712
92 384
147 165
175 919
34 356
176 671
255 594
224 152
155 23
97 812
184 791
98 241
50 276
106 666
228 233
23 670
215 568
45 896
62 294
128 941
211 610
236 753
136 217
133 922
76 421
25 531
66 753
40 51
66 279
10 204
15 426
87 36
47 428
69 719
81 449
176 227
212 738
153 466
136 548
174 396
33 606
103 810
57 822
86 668
12 901
181 4
60 166
145 441
130 483
151 69
236 848
22 231
243 526
203 602
219 993
213 956
250 139
87 792
58 511
235 197
104 182
68 948
231 430
107 413
81 301
136 883
18 250
188 19
68 709
129 210
10 146
153 412
248 387
46 85
27 187
171 300
236 731
2 339
30 608
21 97
232 427
24 176
102 168
27 319
178 432
87 736
39 927
23 651
40 782
202 946
224 794
138 11
179 755
47 305
2 950
68 891
179 612
237 68
98 81
177 17
114 253
192 974
4 118
151 130
5 332
96 294
145 92
244 457
124 782
79 87
66 919
154 29
122 656
83 127
75 348
134 67
77 854
3 699
89 105
39 311
232 910
28 825
109 386
252 895
45 533
226 68
220 732
109 231
253 255
250 586
159 60
125 996
91 10
162 896
188 407
137 460
212 459
160 155
126 802
103 379
177 294
132 960
215 699
96 887
104 106
48 868
213 582
150 748
16 153
168 652
131 280
136 712
25 947
107 68
26 335
24 375
191 67
217 235
67 718
115 207
175 623
233 93
142 884
135 124
168 500
78 710
120 549
43 515
95 846
5 973
165 302
86 74
245 948
235 198
178 316
217 6
202 760
56 61
10 805
57 955
134 18
250 849
3 484
74 430
14 997
183 949
217 304
1 125
96 863
222 703
125 366
200 812
198 13
19 165
153 57
31 889
215 971
53 146
157 647
126 472
158 591
248 428
81 798
19 718
83 190
139 313
243 514
22 33
77 172
136 172
94 224
249 470
45 175
103 643
180 86
118 761
57 724
82 11
253 447
17 999
182 432
116 385
242 594
58 102
237 943
209 970
242 819
230 522
104 527
2 435
226 15
48 185
199 549
164 145
129 676
218 959
158 205
158 32
62 477
52 170
102 213
186 575
110 945
234 254
145 322
11 178
21 700
129 801
91 224
66 654
224 475
75 783
210 229
198 951
225 220
209 621
42 518
250 764
200 386
65 489
7 272
253 264
125 668
146 824
115 863
105 58
26 510
77 469
41 209
124 629
83 333
202 816
240 267
88 504
159 527
153 27
138 553
24 54
120 447
45 230
172 825
50 885
152 828
64 131
207 464
22 819
131 898
203 49
128 955
193 755
229 782
58 837
58 934
128 987
72 14
118 587
198 463
62 136
13 973
71 832
230 18
8 327
202 922
82 570
106 438
58 749
211 401
241 342
218 630
200 407
46 983
252 304
15 159
227 602
157 826
248 645
6 744
158 467
186 718
249 27
41 508
40 735
229 279
119 902
13 177
219 787
240 924
170 787
39 371
35 435
132 738
96 777
27 161
20 374
65 804
20 802
16 693
128 576
14 889
168 93
224 63
67 509
178 309
31 319
177 954
145 20
121 253
109 107
49 221
8 296
65 302
181 697
52 2
98 504
225 910
160 892
64 385
201 863
45 928
91 337
90 373
141 603
18 243
69 678
7 804
216 74
247 219
20 367
22 290
122 239
34 286
52 681
198 598
139 656
86 831
90 202
65 227
99 514
237 845
101 599
32 726
85 499
79 772
76 404
65 190
209 894
151 233
77 878
237 62
211 841
86 801
255 507
191 859
206 849
87 234
51 632
150 836
90 595
137 375
255 840
73 508
12 652
226 935
167 507
37 121
108 624
236 6
113 715
21 232
211 926
169 770
106 952
227 965
71 90
78 46
227 916
31 966
99 961
152 33
238 654
58 576
193 919
163 839
72 163
239 919
133 235
181 477
94 847
133 329
84 208
21 544
24 559
198 419
39 773
204 918
174 249
182 281
105 885
247 635
30 913
215 106
33 543
107 131
49 477
117 801
78 454
250 102
114 737
250 395
128 417
243 902
190 667
130 487
134 379
79 850
139 879
115 792
138 458
247 213
216 211
147 35
169 651
105 246
156 963
29 751
43 683
173 49
238 748
129 159
30 992
86 620
241 540
55 169
51 61
51 130
138 992
227 689
248 136
34 794
29 667
148 758
124 574
100 128
170 141
129 298
44 772
193 113
177 393
104 61
211 46
252 251
6 148
47 675
75 539
47 825
184 595
127 800
215 415
87 330
243 909
5 185
56 623
105 410
66 324
12 213
15 511
237 550
197 367
3 151
218 526
180 828
50 523
91 501
253 888
124 47
189 4
1 83
58 673
68 822
157 143
173 952
236 320
234 261
130 354
25 135
170 1000
151 633
240 289
238 405
184 663
71 376
165 658
96 761
220 115
70 533
153 49
10 782
64 527
30 759
165 732
145 290
123 353
11 810
6 671
171 937
237 79
80 371
144 255
133 889
42 204
163 608
28 58
149 295
219 894
78 972
144 765
28 112
33 194
4 222
12 52
228 520
12 245
213 850
167 44
134 613
19 900
99 582
36 323
233 540
62 508
12 869
202 877
110 49
63 74
129 886
108 168
234 603
221 67
164 861
177 864
246 108
80 987
101 263
77 771
138 44
139 57
81 9
9 669
51 726
90 201
187 312
129 827
131 528
53 495
92 90
205 827
228 335
50 50
187 731
20 298
147 783
228 718
239 760
26 84
186 806
86 527
46 974
156 182
192 593
125 804
149 699
146 654
210 428
67 464
107 986
20 664
191 325
59 257
102 234
187 138
50 913
199 981
138 599
101 928
61 485
167 783
230 767
4 840
141 477
207 109
6 813
148 830
206 311
214 484
156 920
50 471
141 792
43 441
131 508
33 673
181 284
253 42
201 62
117 449
81 105
204 522
39 723
254 795
87 724
105 383
238 185
231 900
121 385
131 493
248 27
81 58
4 751
206 115
95 16
188 905
232 225
165 485
214 164
50 975
233 804
103 952
45 557
202 328
151 886
72 33
134 142
190 257
237 364
128 788
26 742
85 625
21 59
87 456
64 385
53 34
26 904
67 953
106 484
34 187
155 231
68 331
112 876
84 64
113 710
252 413
186 31
87 279
223 825
134 154
213 753
74 973
107 406
19 801
49 855
174 941
214 506
197 453
240 726
232 79
73 906
132 236
61 195
86 309
85 266
212 580
198 204
228 998
22 656
139 792
33 308
191 799
17 689
192 254
231 234
220 764
120 545
213 643
28 339
150 587
134 414
191 148
226 42
117 912
182 853
223 206
89 13
155 160
69 411
58 294
101 410
37 761
21 628
206 33
116 757
48 463
10 310
47 660
213 347
40 192
81 782
6 524
84 114
71 896
85 648
167 550
23 389
38 653
12 426
64 415
141 835
131 355
196 537
14 716
66 904
110 823
192 169
79 345
30 369
56 143
119 137
32 381
23 692
251 808
182 619
91 43
58 596
25 182
30 127
46 266
197 264
249 798
248 520
233 957
101 148
214 542
37 12
254 915
151 533
32 594
206 72
200 159
163 889
218 632
141 904
135 104
79 939
9 12
54 458
69 41
243 522
118 740
84 243
200 944
243 946
100 260
85 696
199 458
105 536
50 626
17 613
109 693
221 706
31 626
132 776
198 652
4 204
148 89
158 493
23 157
24 610
223 701
189 475
21 117
44 403
127 746
124 829
132 177
31 140
147 158
40 585
119 198
241 288
138 862
61 547
65 201
86 350
173 413
14 481
60 774
236 690
245 578
168 600
188 812
239 681
140 578
231 156
245 135
216 552
22 321
111 404
248 964
10 332
141 397
87 835
201 535
88 747
91 34
138 142
139 967
179 9
71 349
182 148
95 535
126 331
74 836
183 936
193 262
46 62
110 251
146 319
89 879
105 696
158 968
30 136
151 473
149 380
216 152
63 494
132 839
178 673
82 486
3 143
73 287
196 43
74 649
211 911
127 119
237 256
213 862
187 837
64 874
164 907
55 585
197 188
150 438
125 883
164 600
162 721
154 664
170 68
109 135
100 419
35 509
110 155
151 995
72 653
134 874
81 197
173 42
248 605
156 356
180 200
11 344
176 247
60 32
187 511
29 195
194 625
165 67
109 217
58 767
68 592
80 50
76 266
181 898
154 641
84 754
246 592
137 120
83 376
31 824
232 118
18 727
243 187
242 184
24 267
233 587
68 415
147 249
63 483
165 481
131 200
245 639
123 323
179 671
221 420
254 550
163 208
99 882
66 120
242 109
190 688
166 590
58 49
218 183
241 623
198 608
147 859
76 867
203 754
80 534
206 964
147 876
162 790
198 540
211 56
216 248
70 848
33 608
41 998
48 781
191 686
68 470
247 345
63 46
82 363
103 627
180 686
165 393
158 518
185 109
164 788
81 91
98 196
115 929
59 486
97 369
122 792
5 59
209 866
162 208
215 537
171 320
238 956
144 61
81 258
246 406
224 531
144 477
193 602
191 905
45 610
168 637
164 133
218 711
198 758
9 210
214 193
75 668
76 694
17 553
110 177
104 222
157 85
199 607
21 924
38 849
35 577
175 112
15 958
151 315
96 862
82 987
167 332
19 976
145 98
125 228
229 92
227 109
242 18
107 359
107 305
38 256
86 531
130 707
216 258
124 662
224 465
55 811
168 947
129 410
84 578
98 790
153 593
207 924
241 619
104 823
130 394
212 606
42 840
73 604
203 329
21 448
227 767
157 763
31 685
173 884
193 213
241 103
104 242
165 65
4 326
54 950
102 582
255 876
159 513
122 133
20 228
223 241
235 968
101 466
152 395
147 309
189 771
99 440
26 430
211 518
158 605
189 325
113 564
28 833
31 972
88 206
231 362
240 234
200 677
120 815
158 203
61 150
228 877
162 591
175 134
135 723
222 680
175 826
66 431
47 477
175 587
99 45
254 75
83 689
100 213
215 821
205 455
213 846
110 265
113 902
139 464
73 630
6 93
178 543
109 692
129 600
135 950
21 836
108 15
236 513
104 272
242 441
193 838
14 836
234 585
209 133
132 918
128 169
75 182
110 483
46 925
60 779
123 795
147 282
226 662
165 575
204 167
233 541
119 520
102 843
103 516
108 18
207 487
92 459
29 106
128 463
109 433
227 644
208 596
177 351
208 449
128 100
188 352
169 552
246 174
95 760
240 859
55 7
83 596
20 956
182 361
201 793
158 104
186 69
117 352
88 963
216 47
16 57
97 341
240 954
116 399
4 205
113 405
30 355
199 411
135 988
152 260
156 203
12 106
109 990
1 16
76 439
178 409
70 925
137 301
43 724
186 291
81 800
244 938
238 622
83 662
199 532
227 642
77 956
247 648
188 517
185 538
215 298
237 613
41 697
182 217
48 988
133 778
133 324
73 234
48 113
240 908
116 59
22 611
34 141
39 705
242 100
215 1000
85 580
129 997
102 83
130 991
231 124
182 389
206 646
127 333
225 795
57 150
134 433
153 543
159 364
192 277
58 930
60 985
136 589
86 216
72 317
109 921
67 740
112 811
76 464
207 20
138 148
154 226
110 551
199 598
61 219
23 501
230 607
2 182
123 758
159 382
131 70
131 406
33 58
125 524
255 393
210 950
180 204
91 938
22 99
195 601
239 833
73 111
128 140
113 453
18 142
23 72
245 607
226 287
135 728
179 584
155 649
175 371
72 236
144 558
202 279
40 767
26 94
207 325
73 432
199 176
158 133
27 956
169 670
47 731
77 861
164 231
42 240
143 20
55 738
227 796
249 643
44 273
97 347
217 582
24 907
247 806
63 428
174 356
216 573
80 161
141 313
49 434
26 631
140 159
34 905
68 958
88 549
150 389
210 695
23 595
12 533
49 712
175 337
210 744
54 651
37 724
13 517
128 480
168 797
102 646
71 526
247 826
100 319
155 893
249 282
91 595
53 598
205 836
232 958
71 998
33 376
131 905
250 671
84 82
174 594
174 817
91 618
125 571
201 600
19 640
79 204
38 878
4 135
179 844
169 930
163 48
66 165
168 186
14 601
66 414
78 990
194 126
193 22
230 502
35 520
18 134
136 646
7 316
41 255
244 879
225 510
92 517
241 873
129 414
130 475
197 502
119 922
175 543
166 505
254 245
32 215
227 760
194 63
225 261
81 590
105 421
244 216
150 285
22 204
207 293
124 267
52 641
90 213
117 923
240 140
214 190
135 374
228 69
152 671
145 482
194 301
30 495
227 850
107 561
80 910
185 983
72 587
19 295
174 599
38 834
158 781
183 956
153 956
60 589
140 726
120 962
80 555
169 996
85 100
8 551
17 1000
172 405
114 378
210 209
95 920
230 829
246 86
111 884
213 1
116 272
214 245
85 749
191 696
217 244
122 676
32 657
141 817
44 630
208 232
220 94
150 873
207 602
38 790
116 816
156 942
243 702
160 587
153 203
126 276
197 855
87 396
216 655
16 801
120 146
217 622
11 30
46 441
183 259
54 549
2 838
48 913
86 352
130 48
2 13
190 159
193 854
235 275
252 623
48 584
153 417
106 770
126 809
109 464
194 783
220 748
252 105
31 204
39 413
1 588
30 898
239 202
173 392
59 913
26 811
226 951
69 588
224 942
213 896
69 630
245 471
63 434
190 718
1 207
253 918
86 736
64 250
160 916
38 669
47 294
134 2
108 436
45 402
30 129
192 866
77 924
14 962
2 943
203 655
29 912
238 169
160 315
51 702
50 326
27 381
99 699
51 700
53 394
164 331
226 124
242 455
60 537
198 96
193 179
214 634
107 33
235 776
244 357
234 732
122 518
184 553
75 559
244 618
254 966
169 567
148 350
255 559
163 349
117 513
107 39
57 410
249 641
126 618
204 782
5 566
59 702
66 488
186 386
21 58
117 49
210 295
211 751
10 803
43 352
17 661
114 73
177 836
176 296
89 703
87 415
175 420
1 101
184 122
203 724
90 990
37 340
149 146
8 343
218 721
20 747
17 637
105 507
32 42
114 622
92 696
162 655
110 252
90 427
119 215
167 310
224 678
72 990
107 496
176 214
218 643
33 269
172 744
121 661
12 890
161 420
100 835
53 46
64 8
117 481
28 216
43 287
85 592
131 648
99 778
174 61
224 953
235 406
128 198
54 277
19 903
6 881
9 819
243 564
36 79
156 909
97 420
113 871
24 862
111 232
137 638
96 467
107 401
5 767
10 792
90 677
180 414
12 733
183 445
116 434
124 857
15 409
196 987
185 543
179 351
148 56
166 310
163 800
182 141
9 710
142 236
221 52
2 41
229 809
41 58
50 623
92 30
62 45
161 85
48 621
195 163
54 423
120 985
49 645
175 484
5 797
222 996
232 474
168 390
154 379
188 747
146 155
32 647
103 223
159 187
21 11
40 395
18 998
