9813 472
187 913
432 535
280 827
39 248
368 472
53 144
337 109
244 343
301 566
317 723
34 937
25 195
472 352
147 693
447 3
84 81
246 652
230 180
173 385
346 526
244 381
458 500
186 783
367 254
223 993
252 450
18 770
337 744
435 253
153 699
66 664
12 358
95 118
246 637
295 733
286 80
54 425
256 380
15 727
323 209
310 523
20 333
414 858
338 567
139 193
15 869
290 924
389 158
220 175
455 945
159 65
371 189
12 804
319 63
34 615
17 79
250 604
262 850
217 106
332 729
209 835
311 225
288 591
304 42
391 16
89 752
316 668
194 253
72 367
360 717
290 6
320 440
355 700
256 915
168 49
319 39
155 558
464 561
106 410
83 33
151 72
180 987
438 159
106 688
98 608
49 990
328 916
161 516
82 124
236 311
165 599
372 896
147 359
315 732
226 508
208 994
420 287
81 625
349 704
36 655
416 705
380 275
330 297
442 276
13 131
322 231
167 748
146 365
240 280
46 602
256 453
127 64
254 982
375 514
266 713
78 465
396 386
8 987
10 662
301 638
438 529
400 66
454 392
161 900
35 352
43 820
290 181
198 256
142 228
278 974
300 881
426 926
85 185
390 950
127 514
177 172
413 118
472 927
394 460
385 719
194 343
121 856
242 605
87 252
467 121
14 990
419 377
351 559
395 160
140 420
178 333
471 438
304 419
449 585
4 783
75 325
375 781
160 968
447 356
145 51
229 181
400 136
199 63
309 83
447 134
372 838
433 136
53 522
153 887
395 829
315 793
230 327
337 331
41 212
401 18
164 37
108 608
131 535
385 573
149 810
239 756
238 307
54 921
469 962
71 434
183 677
431 355
226 963
233 1000
411 986
385 655
88 570
361 427
399 960
39 66
389 908
429 136
168 891
352 202
230 205
234 668
307 672
105 140
415 515
29 420
46 540
101 788
406 155
435 693
12 604
211 679
431 937
376 100
404 310
16 123
448 971
147 598
145 950
175 996
190 878
311 847
250 393
79 47
229 55
338 86
307 308
77 59
19 642
281 199
337 429
372 650
420 197
297 591
137 975
355 875
230 221
278 274
56 337
335 10
293 446
71 767
467 655
259 357
263 902
407 689
15 119
214 881
289 338
228 335
241 452
261 834
471 998
123 956
334 125
443 661
375 824
216 422
244 310
423 968
469 621
330 747
238 212
325 455
319 338
364 966
179 532
275 327
361 475
132 221
230 331
37 158
89 422
319 557
326 455
344 57
268 24
114 572
55 700
442 500
422 597
466 541
30 679
111 380
133 339
139 710
40 605
196 39
333 503
35 916
146 84
463 434
260 629
303 540
353 928
259 808
335 916
28 955
346 886
272 993
314 358
183 237
298 947
24 975
163 955
165 505
239 284
122 593
342 670
66 171
180 463
74 940
433 789
44 448
232 119
342 764
256 901
120 612
190 931
394 367
321 402
395 862
405 95
43 225
65 819
282 953
153 129
318 735
260 162
346 276
174 908
265 479
440 319
223 426
91 327
401 461
209 765
271 34
276 750
345 815
29 474
455 711
414 726
328 481
432 763
412 448
222 500
282 569
360 556
83 216
241 462
85 771
354 291
312 509
229 848
180 789
74 37
106 524
77 143
366 675
62 750
444 786
216 600
144 322
170 460
116 325
289 144
182 56
244 212
223 256
271 653
453 554
385 419
250 329
421 947
98 603
373 269
33 861
210 111
147 731
141 360
66 288
458 494
460 516
311 193
219 721
34 653
323 38
120 380
319 268
471 186
100 995
301 919
387 446
454 89
116 755
194 687
182 756
468 471
256 728
460 648
131 18
134 697
38 825
9 328
241 599
25 540
322 683
38 516
323 799
411 734
249 962
167 657
335 958
455 363
233 195
154 555
242 371
276 752
342 284
276 40
56 609
61 906
190 113
129 29
360 630
241 238
324 888
46 222
149 832
68 10
415 741
337 769
309 66
411 146
4 54
231 131
309 722
403 331
438 495
428 881
186 78
329 290
268 949
206 167
64 665
162 500
99 774
2 355
238 113
67 671
375 271
204 769
23 419
217 751
149 52
74 512
57 396
209 649
90 714
344 963
73 545
169 210
188 559
236 711
76 639
252 943
311 775
346 971
102 11
417 486
376 760
320 682
230 594
227 555
277 742
330 690
319 992
105 243
362 735
23 559
127 788
471 491
380 255
49 512
235 674
458 521
289 51
135 264
63 862
231 544
405 161
54 228
170 239
3 591
197 518
195 410
247 689
107 354
127 278
298 752
124 608
52 927
254 438
80 464
414 682
51 137
386 44
427 650
2 397
381 815
365 588
296 625
469 268
424 797
382 836
420 763
283 942
23 320
42 728
106 508
267 6
273 197
244 414
18 947
472 402
369 714
299 826
423 227
376 895
358 82
403 817
263 281
464 394
340 12
138 641
438 492
324 64
280 740
148 975
290 295
307 135
287 896
14 247
303 879
248 817
254 963
62 918
363 443
425 262
434 156
432 706
434 118
355 442
392 407
297 767
18 622
51 538
93 305
246 523
280 480
77 595
223 439
309 690
344 104
88 786
257 303
155 585
272 900
127 659
450 260
411 678
205 505
96 605
341 109
228 910
315 507
296 276
449 942
10 357
103 200
196 756
313 413
91 224
367 253
224 620
132 509
411 925
384 190
371 143
310 861
383 473
118 106
360 316
52 745
76 823
271 100
213 982
171 382
104 191
168 545
23 811
80 514
327 395
173 352
251 289
80 328
103 946
323 124
237 827
193 871
364 401
96 882
204 855
78 475
27 92
105 409
291 90
334 689
457 689
163 988
16 457
52 222
284 779
129 753
168 937
303 776
336 162
195 372
287 983
234 195
275 865
92 404
132 280
452 812
216 949
186 972
226 169
209 136
158 684
433 289
55 919
286 692
18 762
439 458
176 871
304 718
112 333
328 330
458 582
260 370
69 25
114 942
282 648
31 69
334 19
434 845
292 52
46 188
377 129
20 354
6 558
334 468
18 776
109 155
414 82
189 971
375 324
228 404
39 775
246 317
187 290
372 748
126 128
16 935
189 176
298 918
242 892
446 502
98 698
244 455
294 606
351 983
421 462
215 14
249 765
191 8
182 368
415 798
150 508
291 797
127 342
466 837
459 641
63 363
375 356
60 847
164 321
90 719
386 776
51 794
256 418
289 854
445 246
307 947
202 543
79 486
230 699
346 463
137 342
434 91
313 909
309 138
416 460
263 362
427 280
24 258
301 406
68 248
66 50
161 676
428 33
444 419
402 488
436 700
364 802
46 422
392 261
231 593
344 37
117 816
58 752
311 245
102 337
24 677
204 374
272 1000
300 450
67 882
187 507
96 989
116 965
275 365
365 893
259 298
14 254
188 538
94 376
31 540
350 188
173 661
219 361
352 991
328 562
259 421
210 286
460 497
306 343
289 863
143 595
376 799
1 838
189 582
119 998
296 693
178 374
452 193
72 443
186 9
466 114
340 812
6 152
306 776
461 72
368 372
262 17
38 463
209 622
375 878
133 364
194 426
372 159
428 440
57 733
212 367
121 193
142 765
175 610
73 523
245 65
369 36
34 647
189 858
295 124
298 785
57 473
6 954
458 503
230 554
64 854
232 296
53 679
442 362
285 978
137 761
3 625
99 960
180 35
174 673
26 562
454 144
346 261
323 846
311 951
200 599
101 886
414 980
350 613
247 186
401 930
187 578
262 281
206 967
323 903
200 419
266 503
259 409
240 601
393 428
336 590
132 503
262 917
196 708
165 26
37 934
289 81
318 526
158 695
50 609
471 298
195 336
359 308
418 294
300 372
40 670
38 692
33 291
429 84
52 966
137 102
236 4
95 944
218 717
323 69
344 974
472 324
103 16
442 687
194 415
388 414
433 123
258 458
207 938
121 234
53 924
50 793
317 518
259 893
191 88
301 338
103 863
39 173
173 955
169 18
75 650
274 535
19 20
107 566
247 20
242 663
431 61
112 19
327 283
139 810
341 46
277 678
103 619
187 126
276 82
62 956
30 905
70 383
94 767
386 298
264 10
401 499
170 530
164 413
434 979
41 502
69 767
442 842
153 170
276 70
412 980
201 406
298 299
38 575
171 446
405 117
250 299
412 935
279 57
301 606
182 839
460 570
366 804
196 509
355 724
130 589
189 217
216 46
231 808
84 134
456 744
470 360
61 375
181 154
413 860
355 846
52 718
213 972
193 411
268 255
343 34
46 340
128 106
181 118
229 744
199 332
359 709
436 929
434 102
436 652
204 803
246 318
203 304
66 422
316 638
464 88
76 219
63 89
331 190
463 949
444 36
295 586
103 566
240 594
392 624
135 813
77 156
79 532
387 117
277 407
177 613
282 41
171 383
469 534
200 845
374 372
445 147
76 367
17 146
384 499
311 422
304 438
118 473
461 786
172 14
173 224
303 518
362 256
67 782
80 547
135 7
203 665
263 229
287 923
67 345
278 194
87 735
38 701
129 160
416 184
159 337
434 359
374 675
230 567
52 601
41 342
118 941
429 78
114 667
79 254
263 379
185 33
168 691
361 732
278 884
97 292
27 713
469 806
279 379
456 974
86 439
215 273
271 813
12 122
239 179
468 673
52 697
122 727
211 467
274 891
291 522
70 480
16 891
157 661
424 318
431 715
249 680
298 99
465 697
392 366
69 47
327 42
195 306
447 20
31 102
440 768
402 708
465 99
230 616
338 66
275 532
115 80
158 340
170 452
301 833
146 240
180 750
286 979
234 22
370 264
69 148
467 821
346 633
89 621
294 753
228 791
472 222
300 220
292 588
464 572
345 643
432 730
140 409
315 252
67 245
2 940
339 269
467 889
75 169
351 175
407 477
380 50
37 347
139 559
43 359
11 628
423 833
100 619
245 727
445 923
358 256
40 127
291 849
368 557
269 460
441 871
313 109
257 174
236 67
239 594
323 917
307 131
166 914
54 875
272 959
85 378
241 166
370 713
60 729
275 919
81 11
185 31
108 447
187 200
76 127
80 980
37 678
152 513
447 14
108 619
276 764
10 576
310 215
442 674
6 68
235 201
334 805
31 967
313 381
42 442
373 878
423 389
184 291
419 327
232 446
176 826
137 507
348 541
163 27
375 123
250 226
112 50
372 858
449 965
167 950
431 539
96 599
331 645
132 667
299 843
227 185
105 352
152 510
59 866
435 123
225 51
431 460
195 738
308 274
217 867
326 538
336 843
4 829
444 909
130 206
448 7
47 279
391 677
368 52
311 693
267 622
433 146
461 81
379 306
141 262
358 360
350 674
207 210
345 893
290 467
192 436
443 379
84 672
219 170
337 901
401 737
165 436
238 169
212 617
408 177
223 525
312 996
200 509
124 697
391 289
133 826
392 694
170 861
299 973
188 734
203 561
120 587
448 893
384 22
269 76
378 655
434 623
31 592
42 459
37 375
182 160
70 583
25 467
39 79
139 148
442 449
254 265
356 444
100 498
319 267
398 891
209 756
342 757
468 954
439 708
124 916
231 474
364 875
100 387
161 944
308 95
421 19
219 124
214 85
329 889
180 535
394 84
398 689
308 917
22 692
332 177
472 248
257 376
103 919
240 86
249 1000
430 798
358 157
169 706
188 909
288 661
78 163
342 537
208 229
171 177
469 982
115 569
98 852
165 760
184 626
76 837
69 935
338 191
227 542
384 388
424 204
344 459
429 381
467 970
335 576
227 152
57 990
314 516
176 719
241 620
390 869
227 343
95 166
199 628
335 638
137 656
449 443
425 796
233 367
122 221
124 930
173 547
411 158
380 106
428 913
39 636
168 334
410 292
214 316
157 284
415 709
339 920
256 145
131 841
275 905
242 852
22 4
343 80
394 805
150 875
453 970
390 198
209 887
419 372
107 449
252 399
164 228
430 27
76 182
391 993
210 817
388 614
229 677
355 465
366 763
338 288
395 323
110 28
206 15
325 168
188 782
261 550
447 74
466 482
284 554
332 757
318 121
126 635
249 893
120 829
200 216
310 40
79 939
392 357
97 678
72 415
419 769
455 680
103 15
79 604
155 549
2 827
63 920
434 932
259 860
207 781
438 413
413 572
184 522
107 705
121 821
44 441
263 804
82 781
412 531
254 929
166 1000
169 349
78 358
31 447
57 659
111 887
418 113
212 954
462 40
343 32
222 491
130 494
209 183
326 461
295 319
422 697
439 938
242 722
138 395
101 286
13 200
440 29
211 76
341 516
217 334
12 699
385 200
297 7
263 816
164 433
231 442
159 180
29 164
316 147
339 360
237 745
295 829
386 151
410 183
414 521
186 707
50 689
400 364
265 971
27 41
98 95
340 700
34 299
248 908
287 814
289 172
430 198
341 874
173 875
93 513
90 625
272 783
130 218
357 751
195 730
396 625
155 33
326 541
150 517
344 940
235 453
109 895
16 311
401 845
122 739
54 738
246 285
347 778
107 559
40 338
333 676
155 696
380 447
318 598
267 690
326 443
329 103
174 561
43 435
82 528
72 238
148 122
220 492
91 245
461 886
287 620
137 442
78 54
262 615
378 398
25 362
25 209
256 829
100 691
384 194
16 490
183 796
416 73
18 526
65 839
161 49
324 558
54 859
319 276
194 499
205 477
288 798
329 871
112 885
175 596
149 869
108 772
448 813
409 664
435 827
179 528
54 232
94 158
293 615
197 753
191 602
396 147
289 853
39 603
394 785
16 76
92 642
100 620
409 202
126 382
164 716
315 136
132 689
405 102
196 254
273 669
462 12
376 457
75 887
289 31
244 120
294 124
165 379
434 924
268 258
226 107
295 96
337 696
403 798
81 61
445 961
153 177
45 842
410 406
342 157
169 219
216 346
169 914
6 576
214 851
401 757
226 112
26 327
419 399
84 694
259 843
312 847
399 131
6 267
305 946
235 661
399 245
189 488
241 664
137 599
118 353
278 459
216 212
360 825
459 829
173 457
442 73
83 376
402 981
120 759
198 645
41 505
153 391
396 961
159 813
469 322
156 95
301 173
75 487
262 15
24 515
296 560
14 838
432 364
139 215
364 134
319 264
16 721
97 312
163 429
58 570
123 968
71 612
213 826
307 481
470 583
91 87
173 745
240 74
438 308
128 375
72 792
310 858
360 643
342 376
132 964
98 997
49 305
103 384
390 34
448 210
374 979
258 611
202 790
415 413
45 511
283 623
254 998
170 91
97 265
280 232
134 367
319 296
121 142
85 339
48 653
387 43
233 403
207 438
89 878
107 624
445 125
387 342
165 991
43 691
316 138
359 831
386 781
106 19
402 797
248 886
36 516
323 459
76 981
97 41
65 194
268 969
439 934
89 628
149 428
210 611
144 198
92 901
62 950
393 212
36 320
312 648
457 966
192 618
337 67
304 706
250 329
410 634
218 123
316 793
175 627
198 362
221 845
390 714
60 482
231 597
256 815
133 177
383 27
234 993
94 212
205 883
197 51
454 811
374 235
59 830
306 54
191 96
188 648
245 574
12 482
65 869
373 824
15 113
367 28
66 54
214 713
87 275
265 896
111 58
204 806
329 194
454 820
149 205
212 318
122 458
204 21
433 172
427 757
135 345
55 527
287 859
382 864
30 299
190 480
85 409
210 317
299 949
243 949
320 130
29 119
187 445
382 547
21 82
138 677
132 752
145 262
33 248
192 27
178 65
148 820
73 111
418 534
179 888
282 274
209 126
215 444
186 527
32 436
415 192
43 576
230 454
373 312
177 67
218 953
60 639
435 859
217 788
3 299
263 297
34 10
359 145
146 123
334 265
141 81
295 333
220 87
70 187
137 550
253 790
31 682
283 420
436 157
103 481
214 379
266 34
203 853
11 787
327 910
88 778
410 441
83 777
175 792
123 840
423 782
399 528
332 143
295 817
14 691
91 221
361 759
209 491
341 587
83 717
173 28
55 610
337 860
373 828
164 933
301 771
222 706
350 377
347 679
320 84
89 235
275 784
230 29
286 674
49 332
73 910
180 70
83 257
137 194
380 983
465 54
20 566
334 609
387 706
258 498
263 479
30 87
153 506
429 87
79 905
286 1
44 86
245 563
68 792
362 652
305 193
24 545
120 545
455 516
388 17
132 888
98 106
324 71
60 444
212 340
263 607
356 321
468 413
407 874
162 941
396 688
2 90
104 136
170 962
298 585
163 696
278 826
283 739
195 945
340 61
213 805
19 396
395 981
146 404
82 670
342 826
216 73
265 283
97 810
169 819
270 410
191 631
457 942
82 908
163 751
402 189
239 480
381 776
244 339
157 257
142 700
383 599
373 652
293 338
388 831
93 467
11 119
89 316
342 63
69 891
173 656
252 484
58 895
132 428
69 197
29 607
131 846
197 402
403 379
71 625
176 608
271 283
202 966
368 129
84 650
342 59
223 484
92 754
190 225
120 271
393 274
258 603
298 667
465 781
370 492
333 375
149 603
254 25
450 801
4 845
428 464
332 369
3 764
226 856
84 39
129 529
293 498
372 943
226 59
377 695
459 33
353 621
171 378
450 47
371 431
261 568
220 50
56 695
265 342
108 333
155 655
376 291
394 222
244 873
107 246
463 504
413 538
226 938
235 325
251 852
61 728
315 571
78 623
232 364
439 980
172 42
107 835
68 275
329 380
73 948
470 781
442 441
304 533
281 357
236 306
314 584
424 612
271 84
169 392
382 56
55 581
185 869
356 402
197 827
201 383
252 957
434 767
459 632
180 268
12 777
222 475
453 964
269 740
360 117
214 963
193 355
56 402
11 920
7 389
315 27
59 156
315 670
71 156
185 503
186 238
349 27
33 375
422 655
19 951
318 254
19 154
281 518
194 194
154 58
99 82
319 793
109 556
368 325
293 589
179 374
329 532
163 101
174 38
237 617
410 557
345 197
154 132
335 872
438 221
111 531
216 987
80 431
201 624
370 653
276 400
388 299
41 828
151 286
283 17
280 738
3 478
330 532
170 665
186 137
219 411
321 812
143 343
118 236
70 815
313 563
317 215
257 544
26 808
447 446
138 87
49 523
204 891
240 802
356 122
58 777
393 44
248 420
142 55
153 768
61 17
206 544
447 241
204 620
61 71
61 989
83 648
279 187
143 667
459 439
326 494
63 65
416 673
77 651
215 273
418 267
220 391
72 757
410 47
332 567
273 18
448 524
92 636
114 106
467 710
283 188
194 565
122 776
128 417
423 441
409 783
384 918
197 200
95 593
263 752
25 2
6 151
400 578
399 947
419 640
417 436
313 871
303 695
178 214
330 540
30 15
277 776
467 544
207 572
51 645
60 980
219 452
349 288
334 71
187 566
184 710
392 750
188 466
382 413
15 171
205 147
442 227
178 285
355 633
50 451
444 967
315 19
219 397
28 636
241 899
32 788
131 43
328 211
140 148
429 134
369 544
466 956
187 871
168 844
449 354
231 142
363 409
404 485
200 485
357 740
433 879
423 973
188 71
465 91
330 182
406 650
409 644
63 505
122 875
143 711
276 945
53 227
319 194
373 723
18 780
351 526
286 354
311 978
169 946
27 231
300 727
152 561
5 767
14 818
190 805
255 557
260 576
292 644
385 19
376 108
34 315
387 876
57 796
472 682
316 405
47 709
92 991
108 931
111 369
358 157
367 255
105 879
33 7
420 1
239 378
452 608
438 433
63 613
329 494
386 149
84 70
4 831
209 278
160 865
215 779
23 796
430 8
148 51
36 692
310 80
451 617
81 927
192 103
245 969
398 134
54 19
241 775
18 108
140 572
166 418
331 404
50 550
153 456
56 323
20 449
393 83
148 287
184 10
128 19
372 969
224 694
323 988
164 152
282 13
347 162
189 711
165 524
429 499
258 320
293 350
369 165
365 857
130 861
111 64
44 671
117 620
64 797
265 185
307 831
426 480
16 479
94 902
324 515
419 692
233 103
380 205
3 192
74 130
342 489
208 785
358 554
318 346
205 580
128 929
240 438
108 719
435 123
31 169
209 610
105 455
108 997
228 870
211 506
289 743
119 869
131 542
21 332
153 491
423 442
272 660
275 828
432 777
18 23
122 175
138 904
72 414
205 138
365 707
320 764
25 559
21 96
110 541
369 222
54 120
438 350
210 35
314 330
20 375
215 674
302 352
385 917
417 120
179 791
312 371
122 685
418 850
304 931
163 896
322 798
243 432
27 483
53 389
263 342
66 343
449 804
164 909
69 329
283 494
446 474
163 767
409 989
28 768
320 316
377 495
9 126
154 819
285 14
298 530
185 194
137 595
440 53
170 45
366 277
142 599
143 446
168 917
294 501
200 738
126 957
56 528
37 46
210 529
92 41
247 626
208 949
145 123
460 749
186 136
245 688
315 19
468 912
94 415
72 651
157 998
361 253
249 173
190 12
283 499
432 731
342 197
165 847
210 221
246 677
331 350
377 194
361 330
287 57
78 668
119 753
387 78
370 429
458 757
253 234
333 336
266 892
326 676
279 705
381 419
469 92
54 48
218 4
272 260
440 210
191 45
131 319
146 234
415 267
213 568
456 911
425 504
121 348
415 950
318 322
441 180
209 826
425 605
56 164
336 666
205 490
57 424
277 67
227 528
370 801
210 382
9 859
166 971
365 860
258 835
266 562
230 840
418 312
142 765
260 356
306 363
424 778
116 871
92 759
244 674
82 670
343 368
351 855
412 466
110 115
238 932
43 977
93 895
41 221
36 736
389 11
180 647
448 456
72 97
8 122
135 279
79 259
166 997
3 962
171 516
349 817
123 8
50 704
172 890
85 745
116 847
11 274
256 463
453 438
406 343
321 596
156 343
66 942
382 189
100 740
284 601
145 47
353 687
214 854
69 840
166 172
332 272
270 751
286 601
263 43
93 287
216 285
233 51
282 929
287 881
234 965
270 705
170 435
321 41
7 155
248 153
444 134
398 149
23 524
68 311
399 151
189 419
276 670
88 226
55 859
2 623
445 29
225 565
440 735
369 70
430 183
147 549
152 920
417 94
276 272
388 625
76 899
446 362
221 358
328 452
385 565
461 369
365 429
237 459
356 882
268 983
354 171
88 197
289 673
118 505
111 4
45 933
30 366
297 461
468 285
42 705
305 517
178 846
235 124
435 678
428 693
151 603
195 462
286 976
111 593
467 768
64 334
335 365
382 640
381 74
359 500
252 401
445 397
377 119
14 274
226 355
243 942
107 898
297 96
109 102
403 201
386 130
445 600
435 616
43 913
466 99
448 33
184 293
455 316
376 370
46 856
242 955
406 695
305 973
52 633
69 303
403 263
146 280
408 449
136 870
373 746
297 191
198 190
261 180
303 763
97 913
396 117
451 927
167 552
160 195
141 410
71 412
177 301
44 424
216 2
294 199
60 193
56 815
266 803
4 295
27 8
219 676
414 665
262 358
172 383
233 796
219 865
50 996
124 603
166 252
62 537
213 972
8 72
193 745
122 982
27 444
405 165
350 881
110 388
322 697
400 398
402 792
423 8
462 479
429 855
82 979
256 864
421 68
434 335
27 655
144 985
452 893
116 945
3 146
19 487
15 518
184 644
245 247
343 775
268 246
267 307
103 701
224 966
47 735
225 212
247 248
187 355
14 73
424 60
464 494
46 896
334 951
221 721
457 402
341 900
51 175
309 558
118 851
357 316
274 110
317 849
404 413
204 516
169 16
194 583
127 397
302 529
229 747
416 909
310 904
136 849
219 756
310 64
357 572
327 593
406 264
183 197
121 636
49 644
390 691
361 937
424 647
267 538
326 123
224 673
373 25
440 13
52 524
387 986
382 408
279 716
340 141
421 320
193 47
196 372
36 257
165 634
33 117
117 281
376 525
270 716
341 350
470 81
22 344
238 138
128 143
212 648
427 797
361 747
337 109
340 851
59 338
286 410
116 46
236 440
244 163
216 230
30 526
464 611
178 70
294 890
436 186
54 258
123 656
27 877
275 671
66 97
419 622
45 818
56 298
65 662
48 564
384 511
56 321
224 629
135 816
147 642
192 495
229 140
388 71
265 110
302 67
324 7
413 149
48 217
221 210
275 515
102 169
277 248
188 311
302 462
173 269
381 448
382 825
58 29
63 513
341 910
290 739
124 139
448 856
177 871
380 780
450 440
213 952
344 304
440 472
272 902
149 142
13 662
461 629
444 253
186 214
62 886
247 206
337 383
412 430
296 148
467 522
398 539
278 979
463 351
359 637
256 750
125 737
130 115
398 140
203 732
383 119
44 492
190 813
324 211
425 176
443 377
36 859
120 294
423 633
308 398
222 861
245 461
183 776
340 87
391 207
383 363
254 114
312 58
6 630
275 661
384 364
284 629
183 328
415 257
354 586
46 963
294 872
199 331
298 523
387 747
114 853
241 353
221 769
152 248
471 179
392 879
312 916
314 232
162 752
35 898
118 303
102 48
296 231
279 888
343 80
384 133
342 767
55 910
118 852
38 252
10 795
90 720
433 487
13 482
303 251
117 755
348 87
10 708
187 513
355 525
253 769
442 615
84 363
195 938
192 537
290 368
309 271
370 648
123 933
54 148
109 409
419 35
395 402
444 32
72 606
45 569
156 69
169 104
450 683
237 230
91 618
82 435
290 301
406 207
111 759
428 221
36 714
391 362
2 272
395 866
309 886
261 20
52 428
22 57
122 70
211 361
160 726
392 333
272 751
40 438
315 684
23 493
237 967
169 921
180 578
248 564
356 234
337 990
469 254
359 9
267 804
151 331
318 157
11 791
320 28
447 244
457 868
23 668
374 591
95 503
174 455
401 134
420 256
131 112
424 612
350 16
342 774
264 964
461 327
387 464
408 781
300 897
305 527
157 459
369 666
155 964
2 87
104 558
21 954
162 409
388 45
210 214
433 443
55 933
229 501
72 296
402 144
389 598
249 509
463 369
374 816
444 792
303 570
124 198
80 696
374 537
465 609
164 475
38 451
138 389
454 230
331 759
62 407
124 137
259 767
247 838
171 994
154 187
397 185
21 933
116 680
440 352
216 232
466 416
260 558
443 84
369 994
163 534
210 146
272 668
198 956
21 746
466 367
445 446
60 259
76 227
73 468
471 447
239 51
422 588
460 181
201 186
245 562
448 308
360 671
426 663
91 988
215 398
210 815
462 352
445 776
136 152
431 67
395 188
232 881
431 687
92 879
364 392
355 165
75 41
15 496
49 296
8 968
415 641
275 139
356 441
199 840
457 973
47 309
356 841
27 698
14 706
470 60
157 989
337 827
179 661
143 555
164 345
311 591
452 299
254 9
47 306
114 740
295 81
23 739
234 422
334 478
34 788
201 316
323 289
393 996
168 24
344 659
230 273
255 553
222 140
105 835
8 898
238 11
427 116
89 3
390 537
355 430
354 813
350 760
110 604
418 920
362 19
267 397
460 664
233 838
414 965
166 921
213 129
108 901
388 694
413 735
311 860
377 977
177 197
299 822
110 431
20 320
25 117
287 459
232 630
307 47
403 61
429 241
352 575
83 466
42 600
393 615
261 390
408 423
20 572
186 544
252 681
320 611
334 103
172 147
280 76
383 946
461 52
452 341
297 933
27 379
341 425
239 409
193 32
16 921
317 587
378 14
31 762
188 713
152 87
299 952
359 337
260 841
76 2
293 420
246 249
156 870
150 361
230 687
442 584
458 453
171 145
300 14
111 730
378 899
295 679
242 799
266 325
442 268
233 744
127 814
353 821
463 46
372 489
423 1000
16 528
173 277
182 990
150 602
380 402
58 271
116 414
339 138
115 729
274 921
58 845
106 11
121 601
283 80
375 63
80 332
83 959
313 640
358 451
314 833
55 385
26 743
269 476
221 399
89 747
331 122
113 841
87 12
254 427
320 430
143 525
371 748
427 229
31 71
356 719
471 851
398 255
28 571
260 74
257 625
180 285
165 462
286 588
188 472
24 997
62 326
69 666
335 510
305 843
29 872
79 578
350 577
155 469
431 321
441 831
93 525
68 271
240 597
159 47
19 711
464 726
254 962
472 231
204 748
44 48
341 541
71 500
333 874
230 865
107 507
266 699
435 213
370 103
173 832
150 321
212 505
349 582
263 450
32 466
91 110
28 60
167 77
28 21
158 150
269 613
273 288
129 166
147 879
237 791
43 94
90 914
469 783
151 102
33 132
469 701
211 738
290 47
417 121
255 214
184 501
34 808
320 728
61 705
187 702
85 182
410 743
3 514
48 416
263 453
397 674
128 264
116 138
269 938
5 983
199 502
332 336
236 27
368 219
182 330
237 751
282 348
290 883
34 610
180 980
291 923
145 771
256 753
302 397
381 700
154 633
340 341
296 894
380 588
201 634
149 59
224 636
469 233
404 883
14 377
153 428
365 640
455 80
221 170
194 699
226 829
368 863
159 356
430 711
440 965
252 948
24 828
268 611
381 126
15 37
111 711
392 534
468 868
14 135
455 850
446 125
341 709
111 615
326 937
389 883
314 605
103 377
129 835
385 39
314 530
339 931
117 172
167 100
313 712
463 386
463 745
204 193
164 877
408 355
163 606
318 299
225 957
428 66
383 282
168 725
196 13
216 37
257 945
448 694
107 963
152 128
228 383
108 9
113 348
314 402
413 387
447 717
13 59
203 830
147 840
408 343
428 912
151 137
465 477
99 10
282 541
339 386
390 933
364 285
172 722
125 756
277 134
18 691
239 41
122 413
276 21
241 379
241 713
254 705
295 456
182 474
254 599
183 910
37 26
46 459
323 255
18 305
377 601
150 981
350 918
395 583
90 98
347 228
91 754
240 92
363 290
427 741
159 600
301 926
2 206
225 581
368 332
48 370
155 795
196 601
402 179
333 644
149 262
103 623
298 19
338 186
123 780
185 371
310 184
307 961
20 857
309 906
50 63
87 158
51 740
130 937
395 502
240 389
301 369
108 158
439 186
173 436
81 620
80 660
298 719
307 128
155 700
187 330
105 394
39 397
127 365
170 476
434 921
453 729
323 19
138 608
9 793
362 945
300 773
441 729
259 566
196 505
231 334
306 582
254 509
432 807
33 612
219 643
270 579
339 824
374 517
282 893
448 927
280 913
292 612
10 785
89 315
111 926
137 423
234 636
439 62
203 997
344 859
158 548
71 29
170 51
30 37
322 901
404 52
336 108
394 827
125 628
45 392
339 54
223 56
435 630
134 991
103 182
388 634
97 833
357 334
322 584
52 566
68 569
334 608
400 475
261 624
425 507
166 141
431 401
212 119
54 676
139 159
428 226
141 719
334 337
113 285
379 233
191 237
312 80
389 852
402 884
85 198
31 252
156 792
142 512
125 270
258 140
260 199
403 913
388 732
356 980
185 677
166 550
87 651
180 186
409 39
77 169
338 130
342 457
72 787
29 514
11 764
207 24
35 877
282 140
424 640
164 947
287 475
98 613
356 449
226 567
98 369
178 330
229 886
6 433
384 77
126 943
31 234
285 879
255 619
115 466
17 619
380 613
347 793
263 696
366 550
393 848
145 307
55 613
212 840
7 861
470 46
128 535
24 791
356 729
304 528
253 587
111 534
390 122
379 286
310 622
350 315
129 52
213 523
126 172
161 827
417 28
458 719
19 3
431 354
437 239
343 132
193 288
275 663
217 962
353 674
198 847
123 822
338 763
374 35
158 182
156 84
237 781
370 734
343 298
394 678
31 319
266 968
350 175
124 544
414 54
284 53
111 275
381 393
405 677
172 891
87 699
331 548
98 531
216 621
125 836
155 992
27 179
212 179
292 330
298 417
155 484
213 240
241 595
93 755
393 163
472 105
346 284
96 412
280 155
35 916
468 393
97 138
391 339
346 949
59 648
53 792
290 567
210 594
333 254
169 900
238 924
241 231
150 480
458 483
472 247
163 521
204 970
229 803
469 21
69 46
219 786
126 631
378 820
77 395
265 852
51 85
220 56
79 588
451 871
265 522
49 606
472 870
165 270
381 419
84 795
406 807
77 598
36 301
4 268
13 627
271 702
179 861
468 743
258 592
105 529
214 327
67 560
395 258
472 293
315 922
68 620
332 847
264 222
127 506
206 672
42 243
223 747
199 604
149 850
115 387
321 374
96 12
182 981
419 501
20 767
278 353
78 560
423 174
364 737
184 934
458 191
133 650
295 882
329 706
151 928
281 646
266 663
351 464
186 238
8 384
465 117
303 487
33 184
264 436
218 624
445 570
255 538
165 528
377 126
240 168
83 489
212 392
404 859
51 628
48 722
123 338
311 590
68 300
117 674
422 530
168 682
432 445
110 815
418 909
28 76
140 116
271 437
244 601
79 635
453 590
55 9
434 115
15 218
351 416
210 617
281 55
200 422
112 103
61 720
268 986
24 414
462 640
405 13
66 354
116 541
59 248
471 476
327 875
248 385
399 532
361 786
9 891
138 423
110 369
6 116
332 94
142 595
316 108
316 296
189 81
322 171
168 961
177 57
138 338
50 844
309 127
289 942
470 230
196 410
49 578
288 283
41 137
85 307
152 214
421 46
349 992
305 212
121 474
324 690
257 665
437 929
191 657
386 366
233 529
16 841
72 114
388 966
443 835
277 303
81 600
199 63
322 527
169 616
55 729
176 358
46 999
138 187
87 427
460 841
345 66
245 19
398 641
328 868
186 877
254 61
384 969
338 156
341 764
91 896
395 632
317 726
432 92
280 807
132 947
143 703
382 411
19 952
72 935
334 21
303 550
96 279
140 73
70 772
341 441
125 619
148 366
411 753
71 249
407 974
143 611
124 785
465 428
258 512
168 77
197 753
144 950
420 556
149 465
51 703
26 661
394 185
18 900
459 223
131 781
456 913
294 258
130 534
313 411
123 844
149 746
254 113
423 789
441 917
75 112
306 933
413 704
343 346
398 208
108 544
405 88
393 39
371 769
314 886
190 706
5 651
407 286
367 572
268 132
440 433
150 334
146 959
252 74
198 534
95 988
126 980
372 354
220 929
53 239
258 921
272 664
144 389
86 370
114 506
141 458
79 800
367 347
51 92
97 156
141 550
29 967
90 852
160 996
80 925
52 611
300 7
255 238
357 498
331 909
230 43
460 447
184 690
181 856
357 316
67 909
270 257
8 114
159 647
218 236
462 381
33 248
367 425
348 306
50 507
365 415
268 408
80 211
314 167
152 651
313 447
259 869
289 335
353 811
373 901
472 844
60 856
171 211
419 710
438 350
97 367
52 648
74 207
378 599
357 280
161 943
6 670
167 933
164 497
102 372
164 502
300 204
148 663
258 182
417 774
62 201
450 86
456 416
402 826
88 2
210 44
279 25
300 816
385 43
257 62
434 548
4 243
205 490
309 736
454 728
344 194
386 67
211 480
146 344
387 873
92 492
103 771
26 826
220 821
240 473
55 422
242 468
150 275
220 152
8 421
120 257
232 521
44 357
22 710
25 271
422 410
101 670
222 918
138 979
12 925
293 79
127 825
319 690
17 206
240 213
395 989
359 393
273 603
187 806
66 263
469 549
33 247
219 910
167 155
119 355
142 33
118 43
295 1000
98 256
133 845
361 761
184 889
203 497
428 720
167 86
319 707
343 427
390 151
135 998
312 340
170 819
273 568
181 63
1 457
42 765
283 286
343 869
414 31
212 160
175 904
393 221
149 579
317 7
276 754
144 5
51 305
66 929
110 218
305 546
220 86
208 738
346 931
50 888
134 233
123 998
141 204
215 844
357 973
321 75
427 737
126 164
343 848
223 927
268 767
331 780
145 87
458 405
50 540
315 706
463 46
15 99
267 595
467 138
22 619
362 679
92 283
185 649
284 587
386 660
210 256
329 325
150 922
226 424
467 487
201 675
432 494
192 16
394 909
173 431
368 12
441 657
174 704
386 942
419 729
1 352
259 548
373 750
445 825
351 306
253 750
100 811
36 674
382 436
379 923
315 491
292 577
228 43
257 336
272 666
443 42
126 100
204 723
286 326
253 979
129 308
233 40
412 395
368 689
98 583
53 100
255 47
425 664
93 4
253 532
179 254
396 879
425 511
199 117
397 749
430 56
137 308
454 941
434 922
374 99
107 218
9 664
384 650
15 3
227 500
107 627
91 688
62 630
72 33
411 843
136 676
417 497
286 300
60 749
421 960
117 96
65 451
405 335
134 940
206 961
447 564
26 821
273 210
257 841
253 810
448 84
49 377
173 757
376 115
404 721
213 198
125 121
348 556
83 801
450 573
70 635
376 226
162 42
235 347
350 175
423 570
142 888
191 870
402 924
135 65
349 216
291 907
438 133
405 100
298 239
138 510
360 824
61 944
187 883
251 636
36 329
198 722
470 591
323 459
56 590
331 351
223 618
445 439
417 52
227 548
442 24
352 605
115 759
385 870
206 182
457 435
28 94
35 457
23 258
467 966
464 236
21 100
50 824
165 74
373 454
430 907
396 996
364 564
183 827
121 530
106 613
195 890
252 582
108 872
433 264
137 905
345 884
100 352
22 800
11 476
106 420
222 705
391 804
404 459
53 601
399 846
207 560
339 248
318 145
331 389
109 289
332 355
19 984
137 979
388 676
349 998
344 605
468 742
251 63
434 944
251 331
34 65
285 605
264 430
353 63
223 514
417 333
165 100
150 192
306 150
195 555
325 903
16 801
7 10
392 645
357 397
339 776
178 523
149 174
267 499
205 121
329 94
151 477
74 956
347 314
361 976
3 334
50 760
417 560
31 854
15 806
69 57
76 88
127 621
222 690
410 430
91 438
288 649
134 952
245 620
161 224
357 569
53 659
84 591
331 851
20 809
166 250
371 933
95 67
138 565
32 730
383 362
89 238
36 604
127 926
94 195
248 17
390 841
120 932
467 518
350 641
7 459
119 226
286 727
347 10
274 877
387 564
73 620
410 946
165 942
432 767
315 377
240 389
13 73
340 737
240 444
203 82
118 420
442 125
286 593
232 788
215 277
288 946
88 910
347 832
275 847
75 812
190 95
266 749
313 288
217 152
162 369
433 646
300 493
13 11
203 610
14 297
265 35
198 627
269 502
85 130
119 383
328 236
397 11
316 968
34 702
159 219
369 118
456 894
398 69
130 997
277 698
221 241
417 337
165 847
279 239
305 200
264 159
453 759
91 751
224 398
416 859
327 617
398 225
464 424
166 524
104 634
445 26
38 445
102 670
213 831
398 918
230 376
406 901
148 549
389 883
222 87
43 512
464 570
295 876
194 79
226 715
472 706
42 681
272 212
64 930
215 146
458 21
68 444
370 475
412 599
253 517
124 156
324 532
450 422
134 935
173 168
188 160
280 557
156 623
459 118
184 45
314 296
332 147
260 195
83 833
205 572
193 983
164 291
402 991
302 198
211 984
105 245
452 533
186 971
332 628
296 995
332 672
118 201
11 904
397 301
224 781
207 636
396 800
469 526
166 881
59 817
468 297
7 764
48 777
261 869
297 73
301 172
350 658
51 750
7 972
287 251
332 905
179 311
323 248
168 565
198 923
1 791
403 185
349 951
90 253
209 978
427 805
436 832
125 355
146 829
184 488
298 867
388 292
440 622
360 431
443 798
124 396
280 705
31 32
309 118
97 31
55 314
90 928
317 47
274 764
466 465
303 107
391 895
170 198
358 688
234 222
8 299
207 468
112 781
336 423
182 487
454 817
246 294
430 10
366 970
43 92
147 887
50 133
268 766
101 720
30 261
57 460
38 707
271 635
266 765
398 197
41 908
175 163
230 965
168 364
185 775
330 43
141 688
19 894
443 313
85 993
350 221
325 977
62 934
109 986
125 664
466 338
148 124
454 499
167 487
271 972
237 344
191 417
409 661
370 799
348 623
339 929
344 65
279 246
38 389
264 520
121 823
19 398
193 312
242 331
162 580
83 189
242 52
160 78
54 277
133 199
453 304
53 88
259 936
182 273
264 223
144 61
423 817
321 297
135 638
100 922
333 876
125 316
184 292
359 771
84 17
470 174
400 364
85 519
440 762
378 804
163 972
317 417
142 662
77 588
351 528
418 168
34 728
92 178
456 598
379 247
451 135
452 516
132 915
107 21
173 127
299 535
111 340
375 445
158 758
125 486
247 957
206 717
185 983
296 696
145 572
36 562
116 929
416 138
241 206
381 914
324 584
370 744
253 735
55 40
175 257
75 327
25 718
359 690
128 450
393 53
347 5
210 13
454 150
368 567
128 652
21 942
157 252
198 249
364 238
300 386
337 560
102 504
237 401
222 774
57 423
224 522
287 346
222 399
113 726
454 947
368 621
250 425
310 203
207 713
268 736
135 995
421 314
151 664
57 448
217 737
43 744
187 357
379 634
319 496
293 530
369 102
169 322
348 508
153 301
77 352
293 158
438 668
362 495
13 47
399 490
154 323
470 892
252 880
49 964
117 312
371 225
49 425
467 233
19 486
117 3
233 390
200 182
323 116
48 119
352 645
133 912
8 925
171 443
291 530
33 291
120 967
250 11
351 99
262 316
360 528
306 308
442 300
268 274
269 251
88 779
416 571
86 896
36 94
417 142
254 404
433 28
233 102
266 736
154 428
323 83
258 584
112 776
144 993
25 673
372 201
433 146
429 887
55 84
172 646
128 251
95 724
419 825
7 124
155 745
186 396
305 148
457 624
472 207
75 181
463 635
17 687
443 892
408 427
10 299
218 86
456 276
341 156
430 601
466 665
102 557
247 476
280 185
334 175
385 954
4 345
119 657
467 324
198 890
392 47
326 437
261 236
194 921
312 339
106 484
314 982
298 572
2 11
409 985
104 237
219 640
226 555
64 882
82 176
218 98
93 857
235 467
461 650
253 128
457 729
95 578
104 634
79 518
274 169
27 68
191 843
102 585
333 933
146 38
70 427
120 246
151 843
441 956
115 791
145 563
94 567
110 356
267 869
357 492
223 143
334 90
107 48
59 413
141 391
285 309
271 70
127 614
327 196
145 432
326 244
438 233
185 812
222 889
459 119
237 20
393 435
234 148
308 516
369 325
27 47
458 239
422 576
407 176
284 196
402 935
30 919
301 818
322 920
191 369
417 672
246 496
425 999
384 977
235 79
400 424
174 399
287 469
234 345
449 222
62 340
172 930
363 474
220 255
247 563
2 132
163 505
392 296
165 778
246 425
127 922
313 182
238 614
151 510
12 457
444 423
158 826
159 944
446 133
349 358
82 654
46 875
43 569
43 714
335 837
406 493
136 635
218 895
323 564
143 523
274 321
464 19
258 529
20 1
446 326
56 809
370 656
291 445
296 32
472 768
135 574
232 828
23 620
317 388
302 17
312 274
294 984
325 658
84 870
290 301
155 743
307 632
63 233
297 634
443 287
78 89
35 135
154 814
458 709
154 516
78 766
115 965
95 878
251 717
252 530
201 133
277 671
200 905
314 377
128 98
386 612
93 877
109 943
430 659
91 292
63 655
203 162
111 91
325 835
75 283
64 718
305 312
317 46
438 278
410 25
465 590
119 89
77 893
212 239
179 915
314 83
134 245
445 461
221 380
249 192
172 628
346 841
411 54
162 860
181 878
63 687
67 845
42 670
175 720
313 757
97 703
293 345
382 199
453 864
11 601
130 580
398 944
321 435
262 663
380 786
190 841
9 662
326 471
17 57
402 494
274 403
393 766
110 582
175 500
234 161
147 744
32 431
290 256
13 957
90 748
67 391
48 648
16 435
171 61
446 724
278 799
81 200
2 304
132 595
329 108
84 442
356 276
27 249
206 235
182 222
327 700
40 955
59 953
213 367
328 941
424 78
171 52
13 917
292 22
335 679
405 351
179 298
87 602
60 91
316 153
437 270
382 415
466 302
39 182
207 211
407 457
255 343
258 828
310 72
311 846
264 210
338 710
344 690
370 955
129 827
460 699
73 805
214 61
441 785
93 655
62 806
15 952
139 40
338 671
301 763
11 994
421 292
48 656
10 153
183 136
348 308
452 935
402 307
351 615
341 755
204 338
395 681
73 771
61 927
171 589
465 757
57 954
264 366
431 477
33 159
341 992
309 107
158 383
185 721
2 667
39 316
236 457
45 282
44 136
404 798
213 935
290 303
232 132
193 614
16 101
317 884
60 771
266 754
425 155
372 190
69 260
470 29
157 691
292 507
184 113
264 189
369 859
88 223
345 234
214 759
370 809
367 952
181 322
69 399
197 833
349 419
98 495
442 196
351 8
472 507
421 781
465 970
102 443
20 567
90 611
25 958
189 160
174 452
471 780
349 389
355 883
76 766
96 613
91 563
219 537
265 579
435 477
120 239
260 927
349 399
165 343
449 460
354 930
82 935
274 177
346 633
321 712
399 417
200 815
394 137
40 236
120 809
211 128
396 27
467 733
131 365
81 638
142 714
247 792
156 913
182 601
261 69
113 880
216 291
152 732
358 215
415 3
356 479
212 629
381 174
308 975
22 443
414 649
184 303
230 320
114 843
108 877
245 495
83 315
198 604
218 901
343 539
78 550
309 908
86 39
12 849
342 36
455 583
429 911
320 524
454 892
118 947
379 83
242 433
325 538
305 149
189 120
445 551
127 91
164 888
282 379
159 194
465 653
300 660
100 648
189 311
440 763
215 43
379 389
44 459
177 436
425 420
194 759
1 147
369 100
224 780
54 619
336 539
45 784
407 903
253 101
423 298
267 30
14 610
436 643
452 779
350 265
103 611
87 25
321 837
44 992
305 207
396 694
254 395
83 959
248 866
88 141
447 108
95 299
321 385
175 315
72 227
468 362
146 634
134 503
128 239
417 31
455 81
204 532
2 699
258 865
373 636
115 760
156 149
92 68
234 71
243 463
122 818
436 973
386 623
391 519
35 232
71 338
235 546
156 389
282 978
178 462
392 957
128 806
358 166
186 616
368 188
272 982
138 753
348 844
120 332
16 267
204 520
174 359
275 691
334 666
160 320
99 39
64 853
174 479
101 150
306 216
132 16
46 368
102 38
94 790
250 392
427 786
17 727
414 144
449 491
9 674
387 501
206 411
326 333
253 284
457 277
187 314
404 419
78 254
8 115
138 324
234 315
206 21
61 894
384 749
165 522
53 445
380 841
186 514
128 652
238 484
195 843
141 352
426 526
446 215
95 695
446 381
471 558
452 498
93 588
274 812
5 808
450 963
322 805
119 20
384 754
120 871
418 992
376 337
285 1000
1 251
211 987
44 136
34 864
346 419
130 265
231 239
171 702
25 85
276 160
309 402
381 223
275 734
62 365
141 70
30 177
436 642
469 277
275 120
66 121
370 423
245 285
420 5
214 802
321 602
261 642
469 834
439 636
127 327
472 657
283 997
395 866
49 701
76 727
67 698
431 633
379 254
5 601
50 782
462 647
122 682
2 812
318 559
327 560
261 180
366 13
74 880
150 577
62 938
232 320
357 488
73 376
429 273
251 236
2 243
20 618
349 245
205 117
400 142
20 707
67 85
306 207
83 414
174 456
5 771
145 977
471 713
456 527
328 551
109 134
307 74
470 356
120 828
157 261
43 8
86 829
323 584
12 961
260 608
468 126
454 608
256 448
347 613
29 805
245 112
333 440
158 61
350 630
229 830
98 724
360 542
261 943
237 623
410 186
87 556
446 220
103 111
435 431
169 468
311 202
235 68
18 744
193 60
268 703
300 451
284 242
62 471
282 272
311 937
166 810
219 444
342 737
26 386
20 941
375 519
14 599
258 636
381 192
102 29
174 216
115 764
468 80
141 20
20 808
419 894
295 786
97 167
91 269
198 472
139 115
95 861
50 443
202 623
36 319
156 634
414 671
244 415
201 413
381 123
363 543
128 934
69 273
256 246
462 552
268 289
190 183
208 766
260 998
60 869
113 942
3 722
211 638
422 222
123 665
359 758
127 862
38 530
9 799
311 895
13 970
370 230
247 411
146 323
323 520
191 342
283 580
292 13
365 732
401 336
34 589
210 508
377 580
238 689
169 284
265 452
42 196
362 750
341 294
430 658
15 202
323 115
179 216
422 404
37 850
357 814
319 816
310 893
295 233
319 907
311 849
371 548
468 557
355 561
248 681
298 965
49 722
16 27
55 733
401 102
153 134
211 606
385 642
339 770
363 389
425 745
227 684
327 920
332 901
190 527
233 802
168 291
7 154
359 894
465 952
213 283
443 26
202 978
400 835
322 730
213 513
196 282
59 519
172 798
400 181
297 528
287 283
152 925
467 10
271 4
280 571
99 595
347 645
10 649
229 283
178 493
275 284
32 358
97 154
338 928
186 779
310 557
178 523
200 978
213 984
384 846
109 637
457 854
367 831
388 372
94 747
291 179
255 622
46 389
172 163
297 429
289 521
284 677
298 475
202 938
11 502
162 971
390 646
138 165
465 1
327 522
237 58
117 669
48 392
429 567
284 764
330 662
214 70
459 17
72 633
85 429
111 275
14 411
317 726
363 727
296 634
323 330
417 1000
73 906
63 728
253 525
281 900
436 297
424 827
292 487
322 967
89 571
264 167
27 102
409 670
389 164
84 426
80 791
211 806
398 570
274 672
399 14
212 827
399 904
358 783
470 481
266 252
23 605
102 667
121 645
435 925
225 773
166 817
326 582
217 650
332 941
355 79
226 426
164 770
380 722
259 554
105 382
40 121
5 658
281 301
201 934
73 859
334 145
333 488
142 225
181 982
203 716
393 462
246 90
385 264
225 1000
388 444
109 566
58 84
245 130
18 776
329 236
157 752
349 424
393 862
55 15
15 722
164 933
444 147
107 684
44 253
336 48
323 821
107 314
330 119
183 821
184 721
11 132
78 693
300 410
346 611
17 376
29 500
334 730
389 216
362 34
444 449
304 484
134 878
74 641
447 17
25 468
467 985
446 264
180 345
333 751
168 831
373 684
321 118
201 699
139 364
289 372
73 117
402 67
72 206
354 35
353 75
373 510
348 641
27 694
168 212
55 976
212 115
145 940
234 247
357 926
366 128
50 216
43 312
100 694
78 21
347 168
241 851
442 491
329 824
376 16
441 327
290 268
429 853
39 135
360 319
323 997
46 146
381 696
370 946
96 955
18 708
38 992
254 699
136 60
172 670
231 14
439 968
87 43
259 744
446 693
435 359
450 983
316 988
16 331
303 691
230 828
66 273
298 868
416 210
456 615
101 940
423 350
218 105
413 270
239 1
135 782
124 797
442 252
151 933
141 321
209 59
460 224
289 958
151 315
167 480
248 694
82 873
257 386
427 473
108 988
200 145
129 843
346 299
203 949
239 862
283 170
160 683
148 376
92 218
373 510
452 166
346 513
285 285
395 473
257 249
204 189
406 289
12 795
101 393
438 193
212 701
210 591
133 474
413 522
85 286
149 187
157 691
326 662
253 72
359 388
236 904
78 977
249 408
16 686
85 933
258 104
335 420
187 303
366 449
303 744
315 361
77 60
364 167
450 751
2 330
341 753
164 885
200 696
41 951
309 156
451 833
111 50
62 770
301 106
245 134
314 1
446 227
303 720
65 242
64 283
380 732
323 850
274 859
380 979
415 916
292 54
78 460
77 672
243 784
64 889
402 59
231 102
206 244
27 447
90 501
279 850
164 693
155 86
213 551
426 577
394 409
188 11
238 854
29 289
198 220
380 691
331 807
69 829
292 460
127 490
89 399
135 700
345 926
444 558
29 987
456 650
90 197
101 643
179 40
310 773
77 600
417 128
378 242
452 600
455 956
181 152
389 888
233 474
155 989
390 56
410 718
408 503
384 97
432 367
366 128
88 404
58 852
336 912
446 989
13 926
359 955
252 857
38 840
299 675
179 844
385 710
397 624
145 607
163 571
139 341
390 896
51 631
132 542
320 451
367 95
366 528
372 537
5 557
293 264
287 527
415 762
174 87
405 857
76 546
403 597
232 655
107 48
240 500
60 600
154 506
262 664
281 716
23 903
382 500
281 759
181 743
417 471
124 732
290 410
63 8
328 318
31 84
414 430
238 333
184 632
60 724
97 16
109 932
191 659
49 791
90 565
243 921
336 588
179 427
244 914
4 641
355 958
262 349
453 716
173 586
338 897
440 153
42 696
347 743
332 727
229 853
312 122
187 647
341 967
379 542
4 657
130 486
234 278
183 344
370 161
45 769
17 544
445 930
25 198
89 326
294 642
251 174
468 511
140 952
143 770
37 52
41 615
41 262
439 77
329 815
28 165
15 748
61 879
467 661
420 804
297 623
310 973
425 51
52 995
462 165
446 229
40 61
467 741
370 441
26 307
364 321
68 40
74 234
103 61
467 428
29 850
403 596
219 543
137 611
418 294
194 932
274 918
212 250
130 330
244 552
233 664
224 623
24 347
206 44
278 426
363 919
155 478
373 852
45 864
434 542
78 888
390 879
235 431
17 546
15 478
471 522
94 509
14 48
42 317
307 792
386 118
341 244
94 666
177 960
36 392
164 548
142 658
348 406
2 607
16 149
273 682
139 343
392 737
125 299
130 14
210 960
435 202
225 653
70 733
366 478
385 615
40 54
100 283
348 439
366 566
296 139
400 132
105 543
351 36
173 91
230 239
50 507
386 709
381 697
68 839
4 40
243 118
397 826
383 875
28 500
23 397
385 309
316 398
207 90
396 718
39 69
432 911
227 857
230 87
395 224
431 305
451 973
82 12
51 282
223 642
278 156
333 19
251 186
86 359
287 385
221 992
425 363
359 126
301 35
319 952
362 218
215 570
404 398
286 753
266 94
21 345
81 239
281 808
471 490
404 432
417 427
180 96
237 260
379 228
113 776
93 129
82 392
77 322
206 953
32 278
35 780
408 95
29 429
106 388
132 277
289 136
67 200
1 793
347 688
348 65
302 448
329 785
140 889
448 193
353 440
455 849
445 846
352 172
323 319
16 687
458 12
2 711
407 577
186 824
145 863
259 534
348 195
121 624
15 37
56 808
77 554
411 676
32 235
21 728
281 460
348 658
338 702
393 701
124 285
265 542
305 578
7 778
307 970
167 150
291 693
421 165
355 912
220 494
428 643
112 660
337 892
396 108
26 419
188 842
226 716
165 820
298 360
288 597
12 243
299 28
40 384
191 163
122 552
299 176
50 367
463 831
3 296
98 61
164 27
357 679
362 846
390 265
60 545
430 312
94 577
339 785
310 221
351 967
298 756
207 377
361 582
205 377
469 918
438 254
143 559
420 11
459 755
365 606
247 149
106 658
25 169
321 229
110 959
92 50
84 459
400 457
401 88
15 754
361 368
334 806
284 622
7 750
381 28
417 729
84 845
467 243
317 500
284 592
327 347
38 277
62 198
126 792
402 389
470 947
190 245
396 109
265 72
8 216
304 632
130 436
426 688
105 411
299 427
133 411
450 715
326 455
242 11
250 894
277 806
291 411
164 718
255 19
120 189
142 498
301 936
352 790
409 798
429 530
82 773
82 21
189 294
90 233
104 868
219 396
280 793
221 946
68 258
111 913
24 374
322 123
459 634
115 560
218 335
317 177
74 963
469 62
290 156
116 985
470 8
345 25
62 128
116 824
228 657
444 437
378 73
370 667
90 472
380 416
332 236
315 711
219 171
5 366
184 870
188 993
262 632
92 941
116 35
9 182
126 275
447 489
116 625
192 563
146 681
378 608
223 572
30 28
222 703
378 166
7 282
120 176
439 874
245 441
203 472
19 971
273 752
63 725
248 459
131 985
244 909
13 719
395 647
463 913
162 814
301 653
240 266
138 894
337 728
307 667
396 409
186 55
374 993
412 695
437 64
180 311
230 221
238 885
248 438
348 508
303 920
125 259
225 21
257 460
156 641
406 869
294 965
30 602
12 901
287 609
140 137
361 988
50 463
116 219
271 991
199 983
69 358
426 912
21 556
21 881
329 414
46 22
354 868
200 485
115 748
310 18
428 925
156 209
32 549
199 344
247 764
119 786
5 47
332 133
153 862
407 717
391 750
228 967
366 503
303 871
371 166
307 818
244 909
244 356
390 63
295 524
312 436
429 331
86 59
44 769
150 763
5 768
6 264
295 503
4 837
243 464
420 620
310 674
383 879
186 839
470 27
300 791
203 320
256 988
392 538
385 804
109 307
33 819
134 423
199 510
347 30
316 1000
71 589
437 296
370 213
356 250
23 187
15 730
206 510
119 564
259 469
299 127
413 846
331 612
240 736
133 948
252 562
338 728
91 361
386 542
447 366
372 875
161 30
255 612
91 40
309 315
112 963
402 640
254 653
321 573
355 437
223 345
53 674
438 79
384 217
60 572
405 507
329 380
61 780
92 693
281 398
31 802
158 636
439 41
345 703
301 6
439 108
111 462
256 84
63 805
455 787
115 824
36 146
404 396
114 158
63 61
209 742
247 503
437 984
32 569
237 796
430 21
173 752
156 410
420 754
294 634
271 473
455 68
196 141
459 259
248 810
119 213
26 626
188 956
21 760
143 521
450 797
452 884
123 902
295 541
121 372
265 23
472 931
209 263
302 811
352 921
415 98
228 915
260 88
446 225
127 754
420 647
432 824
183 114
107 312
30 408
208 744
250 306
90 271
88 121
441 477
90 135
224 478
462 42
375 451
93 796
346 504
373 517
392 143
296 975
420 508
107 705
144 464
200 742
437 311
348 579
37 217
153 252
26 980
446 95
131 720
186 559
446 578
220 970
24 842
22 412
415 941
165 274
81 899
203 256
138 938
54 684
378 793
438 736
413 278
74 819
305 737
76 65
275 622
448 471
170 975
465 416
179 720
237 434
139 561
188 122
144 416
356 92
457 860
80 595
145 323
236 15
360 453
283 2
354 838
458 234
214 752
10 459
344 831
9 682
383 59
146 42
55 569
328 267
225 162
167 982
94 595
444 618
24 444
319 643
42 57
352 645
130 428
320 85
94 8
187 601
468 336
237 515
64 774
137 489
378 356
91 432
221 183
168 877
58 566
457 506
299 719
348 215
384 619
227 63
189 374
58 927
322 528
469 610
226 358
104 247
100 281
237 353
141 581
82 158
132 388
352 137
269 177
173 777
447 766
347 463
246 302
431 444
329 571
330 529
437 761
100 204
424 993
180 298
351 391
401 695
360 485
388 528
201 150
403 969
391 403
88 175
392 730
208 80
426 881
109 46
241 103
197 745
13 956
184 81
81 957
341 671
390 785
206 749
134 206
95 769
33 292
355 647
331 856
263 516
260 795
93 451
182 961
227 924
59 803
41 544
229 45
63 711
284 960
284 514
308 441
232 353
396 768
3 301
15 427
403 23
71 816
35 296
269 694
390 711
178 533
384 910
450 585
429 517
252 875
152 78
27 488
182 79
280 896
344 891
397 968
197 25
387 633
309 987
189 982
295 753
411 746
204 284
464 32
265 323
269 265
249 625
188 122
17 885
125 139
467 168
460 617
291 891
289 868
165 246
454 498
77 546
125 882
117 440
264 58
331 488
167 738
376 827
134 855
466 409
291 401
418 732
92 620
319 363
375 787
250 888
393 992
424 691
320 454
283 620
169 648
305 964
434 966
347 477
177 159
304 806
219 258
311 496
190 12
384 275
216 269
420 194
21 418
312 586
277 621
207 856
371 144
53 232
87 758
132 430
325 651
251 281
44 990
170 219
216 830
7 34
17 754
244 986
186 872
470 569
178 999
408 266
190 220
350 91
149 913
283 854
171 409
211 580
342 230
329 605
332 996
154 193
76 843
449 730
384 136
265 320
409 476
294 212
419 948
356 581
308 327
334 598
58 963
129 6
362 625
206 294
57 757
371 615
431 887
35 633
135 508
377 333
377 85
257 397
208 614
144 630
301 113
47 653
90 137
27 63
15 199
48 791
312 81
409 212
20 886
194 544
344 899
71 954
347 41
50 861
280 940
368 959
54 125
389 139
291 785
139 199
45 401
327 847
432 928
189 736
443 72
110 253
146 685
201 62
245 896
400 860
48 77
134 735
409 253
192 320
414 181
369 607
396 621
212 14
224 235
261 867
82 373
168 578
445 538
217 977
217 418
147 699
457 257
306 966
182 896
280 716
425 604
203 854
357 381
389 236
371 433
403 286
19 822
271 918
354 867
23 508
358 968
243 449
92 825
154 84
387 319
366 592
47 423
3 988
54 65
132 753
214 418
374 304
181 306
68 50
288 311
105 302
61 648
73 150
88 859
24 978
234 840
169 851
277 772
456 1
57 15
208 854
419 886
367 297
449 969
469 460
375 966
217 519
196 661
4 786
326 457
67 646
66 749
153 917
85 893
171 598
398 81
250 138
441 798
229 138
341 916
52 806
47 497
254 871
405 540
308 790
116 91
323 395
371 294
158 383
381 121
226 154
147 870
385 94
40 17
447 697
203 626
272 351
392 862
160 310
255 215
361 609
148 511
57 198
469 665
17 104
432 488
191 397
194 374
381 120
472 423
112 944
322 355
209 408
339 7
63 925
299 900
468 283
45 343
76 864
313 208
33 320
467 107
361 15
306 514
30 282
154 152
333 910
434 127
192 239
71 931
316 19
264 29
387 277
239 474
92 74
14 802
182 727
288 161
424 929
323 240
356 515
237 13
360 452
436 575
444 526
252 27
230 104
421 178
465 293
123 576
385 443
92 455
232 893
437 554
261 514
158 370
160 811
417 101
95 177
199 121
189 324
275 606
45 549
389 225
419 813
208 418
259 756
92 735
200 507
213 694
375 378
378 775
177 955
391 432
213 797
19 87
27 50
179 851
322 121
309 412
219 244
398 686
323 571
149 875
189 296
253 238
310 777
79 512
287 762
261 854
287 872
200 945
190 950
332 669
75 900
343 242
455 299
221 358
464 186
255 922
175 4
447 752
442 688
461 748
211 504
357 104
143 626
247 317
279 610
198 313
50 350
130 820
210 256
78 170
410 1000
186 820
463 848
329 111
172 414
204 803
260 565
270 845
396 548
231 341
237 749
169 721
263 280
94 216
129 797
207 168
466 126
462 849
363 283
78 464
195 699
157 781
322 506
81 821
310 613
216 384
273 408
94 116
136 1000
91 696
341 74
386 66
79 714
84 66
357 661
395 148
311 175
399 466
29 597
68 248
141 477
250 582
201 897
364 818
431 584
458 867
55 989
47 503
177 430
179 854
420 702
114 892
312 771
419 843
165 920
89 847
82 173
230 88
31 906
227 667
467 920
434 186
14 272
172 55
64 177
403 549
137 750
161 23
359 710
191 887
355 459
232 49
460 971
99 837
10 114
44 584
284 78
459 899
355 810
163 979
124 867
93 247
66 710
219 366
410 160
125 534
190 332
327 590
323 897
329 317
82 74
406 752
338 964
357 352
172 643
107 26
246 277
183 733
201 589
373 535
171 361
20 809
438 61
320 278
31 38
16 792
136 632
249 835
190 385
305 752
67 651
293 940
381 870
203 470
158 627
401 196
258 794
220 454
332 237
178 746
441 859
121 183
219 998
469 986
383 877
326 908
191 571
279 505
282 230
424 594
255 425
157 660
37 498
286 295
214 716
269 1
440 583
99 360
11 107
18 459
381 553
172 514
385 242
107 577
219 53
151 322
470 717
196 839
342 857
416 828
446 795
225 155
220 314
190 477
240 184
97 424
105 11
187 756
15 944
88 877
306 332
103 692
418 553
27 454
252 696
349 235
244 609
135 408
413 884
146 726
42 259
97 704
129 877
180 81
379 53
398 244
430 450
208 770
355 389
188 992
64 685
34 126
102 62
366 425
180 461
152 777
466 206
114 460
143 663
278 81
164 506
70 30
47 895
290 795
57 279
69 13
40 722
312 692
198 586
246 13
16 878
118 432
287 8
469 451
290 239
49 85
251 950
191 548
54 547
165 736
421 369
9 677
366 542
320 709
435 942
88 172
177 918
14 186
82 385
185 85
291 871
261 460
46 841
353 493
393 799
26 7
246 538
301 201
305 194
1 633
357 265
74 302
111 645
56 727
233 706
390 122
161 822
83 806
103 108
76 137
58 625
128 674
76 986
3 224
129 900
51 969
429 571
446 644
251 52
426 688
70 234
28 386
36 932
210 427
93 789
233 448
425 372
287 808
103 562
137 554
319 22
335 180
313 660
3 861
316 497
54 156
296 385
107 814
44 490
450 60
225 254
102 306
188 197
216 946
352 352
466 743
410 831
220 554
355 820
34 849
426 30
459 363
95 167
316 701
73 55
196 720
409 806
357 216
181 885
297 198
350 246
163 80
42 24
370 836
178 828
369 320
61 562
58 997
164 165
278 743
364 667
30 855
167 726
286 649
323 133
292 334
57 364
406 939
199 695
169 913
183 675
242 707
382 62
153 19
150 538
345 564
324 430
162 969
106 149
295 517
54 548
201 498
154 976
193 226
210 446
98 73
137 26
45 473
124 361
370 475
389 110
102 477
33 96
183 703
403 50
66 645
327 979
334 880
335 476
15 165
466 508
443 204
456 799
368 586
63 891
140 943
153 393
212 321
340 370
278 864
128 64
414 56
396 480
5 226
26 279
213 162
439 162
430 866
332 388
469 638
47 796
160 279
67 364
131 280
419 403
317 388
131 236
435 110
455 733
45 527
50 289
341 507
377 350
187 164
333 256
443 414
397 508
116 729
129 974
291 571
440 531
110 811
307 80
378 871
240 273
78 207
248 899
109 583
9 722
112 225
340 419
450 649
128 724
138 247
461 863
124 24
122 587
296 662
232 267
378 139
413 829
128 146
170 411
216 606
85 925
71 425
400 934
186 631
24 387
73 392
415 695
255 105
138 250
140 188
251 669
387 795
400 519
108 313
458 827
339 841
168 768
71 285
393 88
340 936
157 385
217 956
285 887
451 246
135 360
320 29
131 270
229 646
88 233
249 571
159 682
184 7
79 962
176 851
144 713
367 733
280 119
403 740
377 718
288 933
120 581
86 361
144 63
345 892
197 378
375 96
258 841
181 24
283 978
451 653
188 785
115 421
80 27
358 895
250 180
327 456
448 602
357 9
370 23
470 78
112 10
23 624
106 919
252 236
301 987
103 451
357 873
336 64
165 39
170 269
440 473
319 806
404 717
54 403
434 414
68 987
152 42
303 636
422 316
269 644
132 106
92 891
315 151
143 278
207 826
407 742
372 22
216 111
342 80
80 962
311 892
67 747
205 609
233 883
353 752
110 719
409 841
106 359
78 725
295 824
207 677
230 642
421 82
106 595
165 955
154 859
17 490
268 78
31 839
405 45
160 195
361 485
346 319
121 678
127 19
272 885
308 847
182 354
19 821
245 99
25 516
223 631
296 479
269 108
246 60
97 970
173 134
133 542
305 396
242 544
37 287
379 901
326 792
311 757
62 599
394 974
242 205
172 967
213 947
96 334
155 121
471 19
175 368
443 43
277 496
268 357
280 595
118 688
317 480
177 100
127 553
296 724
185 637
211 738
335 663
237 843
405 357
302 727
14 297
353 546
422 908
199 910
361 526
459 15
434 967
437 181
260 370
335 686
357 316
331 993
198 721
306 931
44 648
310 494
338 690
65 445
69 343
68 570
86 104
74 97
108 342
242 938
415 922
104 306
286 427
268 98
282 979
265 511
393 330
231 113
36 202
282 300
313 281
250 217
425 514
177 774
139 516
312 666
344 321
186 858
429 841
398 447
60 924
65 910
27 444
450 934
451 809
181 629
354 114
337 540
418 795
162 718
367 153
295 709
13 672
69 13
200 854
82 55
443 557
370 96
154 740
246 983
367 799
416 490
408 315
97 2
399 859
220 338
393 958
136 172
72 334
25 364
41 258
255 763
439 717
437 85
446 21
155 211
368 412
245 810
76 451
139 875
162 474
23 961
280 17
297 654
128 739
262 238
456 581
101 209
352 827
65 733
399 964
90 283
367 785
83 526
125 354
365 23
298 417
299 147
180 756
301 83
373 343
357 714
179 568
348 891
263 666
126 689
454 234
314 613
123 765
27 756
235 944
81 750
191 94
249 392
62 734
249 243
184 939
325 771
236 546
77 184
371 167
380 824
418 768
338 179
124 8
379 678
470 526
127 225
346 68
248 569
220 984
30 310
64 310
398 638
426 907
23 537
380 196
236 986
403 589
333 372
107 923
461 227
103 123
317 999
113 96
456 445
208 545
77 189
173 784
401 589
205 436
346 180
394 168
277 320
226 402
424 49
158 605
200 307
468 311
61 888
118 467
137 820
449 953
469 359
383 537
236 583
229 820
462 115
246 123
263 561
262 909
149 832
335 574
253 991
32 834
22 981
392 934
92 390
264 432
423 133
23 938
441 68
139 691
348 325
23 293
458 685
143 880
387 747
205 558
466 742
32 997
136 468
112 896
368 292
83 798
33 829
395 394
248 972
350 801
203 674
61 319
22 492
213 818
74 450
105 709
217 64
213 535
252 639
197 642
261 157
284 140
373 33
77 897
375 400
54 70
27 499
64 424
76 406
89 476
371 283
353 596
297 213
304 984
273 838
7 2
188 321
322 897
346 408
21 559
160 215
204 747
412 39
17 264
419 828
273 148
220 928
471 2
43 750
392 168
343 87
246 618
371 840
254 277
9 834
57 813
250 649
398 655
151 558
70 263
236 469
143 988
127 640
98 575
157 617
278 528
110 716
266 889
388 963
414 713
184 944
67 874
453 79
46 275
419 8
386 78
181 81
107 491
459 891
235 244
33 257
32 359
382 260
300 15
446 873
396 899
41 848
306 702
282 583
331 813
408 294
210 692
256 529
355 825
241 129
153 543
14 835
40 885
88 487
427 301
386 2
71 5
403 509
182 225
215 763
438 383
151 943
328 521
12 924
17 119
360 275
307 274
245 672
389 482
83 189
207 122
47 446
424 198
310 68
56 836
374 522
190 992
278 531
58 894
1 914
308 620
264 576
60 949
20 865
271 335
56 647
217 710
93 614
245 727
283 326
359 958
463 405
267 656
407 66
338 585
464 859
188 120
25 88
153 358
77 445
359 451
293 964
8 145
148 329
40 167
41 812
331 711
400 739
301 704
353 293
144 412
160 304
250 179
59 803
340 639
191 349
140 798
92 164
27 3
292 159
328 150
88 117
140 919
403 156
12 798
405 211
130 862
289 991
4 934
55 514
196 263
67 151
22 321
268 416
165 205
102 824
150 820
224 153
443 135
151 800
193 516
305 124
314 40
411 722
420 376
100 356
233 382
215 245
277 114
117 855
451 70
225 765
256 825
234 209
310 981
4 159
259 794
231 736
183 737
255 441
378 409
58 705
211 605
397 734
258 51
288 569
343 991
181 789
112 646
237 260
471 532
283 226
98 326
430 824
290 97
140 466
116 353
98 409
339 618
308 2
148 755
27 966
200 478
282 208
197 914
185 314
30 897
10 952
215 18
167 891
433 776
106 495
316 593
370 741
392 727
397 610
163 107
360 398
366 885
225 294
336 701
182 907
433 382
219 217
288 37
424 489
358 254
9 287
305 599
252 236
258 420
230 37
39 737
383 298
322 259
113 808
295 96
157 104
450 297
22 413
303 903
131 122
80 108
89 746
355 518
232 118
89 623
281 331
393 311
334 137
66 624
306 605
108 401
205 855
56 365
105 77
163 65
280 231
16 625
187 897
435 195
340 212
262 162
117 372
215 276
191 227
400 285
405 589
206 826
366 802
163 783
214 488
93 522
149 830
4 709
94 394
271 279
10 172
288 852
107 193
172 73
289 209
348 585
128 280
422 994
88 921
316 881
260 334
468 522
364 642
166 296
43 303
130 579
33 784
471 613
41 633
357 636
284 641
308 76
21 815
330 178
300 874
458 481
411 56
159 673
251 984
173 571
128 424
265 518
161 607
132 302
313 716
171 943
233 5
426 566
235 257
36 961
456 495
277 410
404 428
385 671
253 274
354 229
279 323
101 417
162 866
213 853
290 314
463 937
431 813
181 880
59 894
132 951
431 887
341 561
437 308
423 61
399 454
219 118
447 314
175 26
253 719
212 908
125 308
336 315
374 639
69 584
236 422
400 876
30 682
147 799
400 968
323 34
115 534
314 543
144 460
94 131
17 1000
336 699
360 920
127 883
70 965
234 112
213 138
58 320
110 345
13 805
29 934
468 718
392 482
78 174
331 961
26 403
230 956
10 984
277 768
106 387
336 782
453 936
449 9
432 812
128 27
397 954
346 632
466 594
230 496
232 309
39 722
460 147
421 892
104 229
419 956
147 458
234 858
405 422
317 707
325 583
443 712
115 999
185 141
349 13
237 970
174 131
260 37
355 657
20 622
452 185
243 874
385 169
62 1
298 28
91 952
198 217
416 664
157 138
257 885
86 223
270 7
370 601
250 628
359 359
405 524
430 76
123 820
284 671
180 316
45 681
26 721
189 355
189 28
365 901
338 664
84 8
200 440
179 365
378 527
312 788
232 638
172 174
405 545
445 947
274 250
109 301
362 637
376 99
300 338
58 295
309 191
47 121
363 675
321 433
90 84
342 680
435 994
368 656
48 273
443 368
122 531
458 265
59 92
410 355
372 596
300 241
16 337
120 424
167 866
61 389
21 325
354 956
296 962
441 161
133 61
462 587
43 608
164 460
270 510
360 906
78 442
260 833
397 462
45 983
53 140
46 71
88 97
91 575
406 589
431 329
250 940
238 206
109 952
379 462
242 572
196 993
344 866
369 689
324 991
144 990
460 98
340 673
28 528
297 305
277 139
266 529
57 598
180 815
385 266
32 631
247 621
445 23
212 446
347 304
427 98
449 571
372 978
79 506
170 691
93 554
117 268
131 624
81 3
263 329
182 553
290 784
350 905
27 940
177 501
130 863
76 929
190 776
45 110
240 690
201 904
222 691
255 705
57 558
147 364
151 297
76 114
193 176
173 752
382 536
455 959
151 172
350 219
209 412
280 365
334 769
234 985
284 59
122 305
276 947
37 128
180 585
35 719
302 263
150 595
175 19
87 493
424 401
297 409
361 135
4 935
393 216
235 574
391 706
350 748
236 367
457 847
311 712
195 343
391 349
280 353
253 150
72 222
295 453
70 289
134 194
185 685
225 46
14 509
335 968
196 850
106 859
286 441
470 78
125 266
238 826
108 634
104 816
242 506
108 449
99 341
432 36
391 166
375 539
178 248
133 182
139 532
125 654
357 231
388 651
344 697
203 871
136 511
400 17
421 977
101 699
218 661
88 597
71 994
122 927
15 598
96 938
194 249
349 168
188 327
78 264
20 266
380 171
54 158
302 626
450 100
84 525
275 775
13 797
8 553
58 11
254 423
361 694
396 441
242 146
109 331
213 100
434 383
99 967
430 225
401 401
208 569
400 6
252 725
183 52
226 700
303 478
454 700
398 634
94 788
149 915
447 467
18 927
225 800
119 369
374 15
465 144
319 74
73 631
423 526
311 387
158 578
130 328
335 731
305 628
258 899
37 979
339 733
204 25
81 35
352 995
168 273
382 470
119 711
128 686
371 298
419 169
450 179
58 394
153 550
385 478
207 277
418 330
279 683
164 483
378 746
47 508
211 909
73 172
321 926
284 429
288 673
253 550
288 111
391 442
397 13
286 47
37 722
325 904
237 836
312 852
45 932
66 860
167 37
121 361
420 609
141 939
311 84
260 355
295 415
225 722
441 726
385 456
405 883
268 878
188 385
322 940
336 681
259 452
76 104
6 189
144 127
131 121
102 314
129 311
392 162
393 129
383 483
160 935
101 110
193 747
213 976
385 763
269 145
250 587
443 271
112 712
389 592
23 453
319 251
3 874
361 824
14 120
143 195
237 494
303 949
107 863
446 363
61 810
364 981
413 641
435 496
432 18
172 901
263 625
130 560
298 44
228 377
24 93
271 622
152 116
370 759
115 19
401 57
231 856
171 836
278 398
252 773
461 180
156 149
310 396
213 375
246 525
64 430
39 858
409 933
31 241
183 125
160 173
37 90
30 957
364 534
4 947
231 597
319 245
357 464
353 287
106 426
359 94
22 718
236 7
156 286
12 222
245 621
49 79
59 103
282 41
78 252
279 846
258 185
22 685
63 38
145 72
48 760
238 302
172 121
198 986
273 651
70 746
36 441
377 849
25 463
123 221
9 812
343 1
95 223
123 685
147 407
183 433
455 922
322 182
148 759
285 837
86 836
181 725
388 464
109 737
465 474
322 248
190 904
453 412
349 65
269 947
295 580
306 825
208 223
427 948
70 65
169 31
413 559
234 687
429 483
15 249
434 16
190 282
356 88
64 517
309 398
468 857
13 204
450 385
65 406
274 410
192 550
331 920
181 302
427 929
328 32
422 704
101 306
135 571
435 922
192 558
69 783
416 230
85 944
120 143
332 42
205 647
444 590
105 664
214 160
178 866
460 785
210 670
424 38
101 20
155 968
374 662
367 994
418 595
109 86
315 205
265 704
38 411
328 1
150 328
265 269
63 250
329 926
51 540
37 647
145 180
108 393
297 205
467 297
249 831
319 488
395 682
198 274
20 471
303 352
327 631
61 238
272 289
120 997
274 800
291 882
17 875
383 629
209 828
359 459
21 106
42 101
120 22
205 575
360 465
334 513
182 285
130 858
47 144
231 1000
326 268
395 808
80 610
395 309
94 586
293 249
374 500
295 101
251 618
117 247
57 267
439 927
89 154
320 633
19 382
200 118
343 896
307 818
435 727
8 167
368 743
156 473
365 157
28 353
35 389
414 890
118 749
241 895
331 519
16 43
196 995
403 839
429 906
37 543
275 508
207 461
168 251
60 21
97 662
291 960
272 487
377 417
2 429
188 706
65 923
392 1000
67 239
310 891
457 916
352 752
169 264
111 406
173 927
237 964
218 590
363 714
282 784
396 859
354 549
136 169
204 758
26 761
447 627
275 339
170 717
349 851
180 860
336 411
415 465
192 247
232 261
357 799
89 601
233 944
80 612
14 75
117 673
414 677
368 125
217 894
448 357
2 898
13 254
106 339
311 20
260 820
116 68
71 375
222 777
80 537
179 138
229 817
67 234
66 396
390 167
152 108
20 725
57 676
162 240
446 222
467 541
377 917
133 713
291 931
136 488
175 132
299 472
365 777
63 339
296 455
113 441
352 949
300 563
281 657
445 465
298 484
189 397
127 9
427 958
376 994
176 118
88 291
248 661
22 861
199 731
295 269
18 625
74 810
346 689
131 234
13 242
112 157
69 997
15 281
86 194
150 396
300 436
2 245
171 297
145 244
189 427
71 582
40 529
93 426
101 791
357 406
386 553
248 994
25 20
384 979
391 174
110 306
366 553
269 315
451 500
173 535
464 601
449 490
283 296
385 813
262 171
153 469
325 312
16 162
331 979
90 449
157 825
447 675
85 5
138 356
216 270
58 516
449 471
436 129
308 863
335 443
59 215
166 295
229 446
258 197
426 80
318 34
304 491
297 839
385 848
215 888
243 192
280 613
54 533
408 300
34 140
149 317
382 450
69 277
10 564
101 660
94 869
170 143
297 172
348 854
283 299
142 359
306 625
72 689
321 457
133 970
213 105
309 130
214 388
28 278
44 88
137 237
392 417
472 254
166 556
193 25
74 341
415 777
111 297
17 321
41 933
404 699
309 253
375 178
4 469
13 946
52 236
255 530
334 492
280 809
33 100
407 118
190 254
104 831
346 409
259 67
143 768
252 512
210 112
105 630
175 366
439 393
305 719
382 515
90 559
448 711
401 899
238 743
367 374
451 680
329 864
327 721
257 818
181 464
445 763
269 244
214 254
403 260
59 418
54 894
76 953
234 121
87 593
46 932
173 926
471 452
230 974
459 146
97 707
311 603
165 701
410 174
164 349
223 849
114 139
319 597
210 442
253 141
17 655
472 19
409 189
212 595
216 643
153 486
238 412
267 321
330 206
264 691
198 692
261 482
159 804
265 463
286 154
305 781
105 907
411 718
442 755
130 726
231 32
424 702
233 52
103 698
29 958
175 636
262 578
124 687
208 605
213 356
239 978
446 32
198 727
367 724
313 440
2 700
195 971
1 673
80 595
405 439
365 334
304 495
307 87
149 270
440 380
202 413
349 768
381 519
313 370
460 661
236 93
163 157
109 502
362 191
165 145
101 879
466 605
338 502
117 339
430 697
212 795
97 944
408 158
53 416
176 197
363 522
141 945
245 626
4 617
109 856
415 535
117 570
460 867
37 176
164 678
65 879
317 816
320 63
57 844
30 365
205 559
250 858
363 924
425 137
248 890
337 293
199 588
455 185
212 584
378 158
25 513
397 344
372 246
273 673
87 416
416 29
135 152
172 501
278 982
142 556
314 635
271 341
355 216
354 627
336 597
224 431
123 715
11 341
8 554
283 127
210 636
340 137
231 296
310 563
15 504
412 307
368 931
301 256
117 732
326 552
362 257
118 434
146 996
193 165
154 862
134 600
203 207
145 127
51 983
361 821
5 681
419 524
100 250
325 14
372 862
196 776
154 860
399 418
470 925
193 488
288 361
379 684
49 865
63 537
333 630
214 585
296 137
83 385
149 985
238 312
240 728
395 547
446 870
224 372
256 277
90 606
404 675
240 99
164 827
199 654
340 508
124 825
152 296
293 769
404 254
457 381
202 41
155 58
136 928
67 282
167 524
93 960
309 268
400 749
204 740
127 703
305 409
412 957
93 335
400 988
456 988
460 933
201 258
156 412
359 656
143 115
259 178
192 37
99 269
440 43
385 460
401 322
114 126
236 779
352 597
468 346
73 808
305 976
301 778
23 377
243 920
164 135
429 671
325 277
63 309
177 572
388 163
436 825
353 169
230 469
88 610
242 396
47 707
256 951
446 880
11 866
133 800
459 46
467 196
227 552
400 300
300 56
68 186
409 299
141 940
33 242
142 150
9 169
410 662
159 233
261 799
392 486
467 126
50 329
423 600
195 735
54 826
240 520
209 535
183 609
303 630
70 866
432 378
265 865
83 952
304 894
121 932
38 181
71 724
363 775
288 971
371 312
465 856
373 282
172 348
118 905
157 992
315 630
136 205
90 261
153 137
34 878
282 601
141 543
385 337
341 440
87 438
325 565
202 629
76 744
211 9
158 909
225 969
138 821
61 431
332 459
388 818
309 514
120 5
422 596
351 422
121 908
290 248
344 158
16 65
292 762
352 644
471 276
26 225
234 623
223 376
264 365
461 978
105 912
444 544
160 949
339 913
422 884
435 241
421 585
227 532
285 798
75 567
258 503
241 712
187 860
151 497
53 290
322 193
255 43
189 346
156 745
420 356
284 119
18 289
258 280
43 879
71 382
394 729
102 372
412 558
222 253
308 537
147 795
365 207
30 792
355 196
416 64
114 878
315 541
237 776
1 298
89 81
203 73
311 962
459 317
469 900
450 688
430 376
11 247
125 372
334 97
334 925
446 195
414 519
395 70
470 735
441 840
11 922
79 863
97 75
17 937
467 889
439 159
293 782
316 173
75 329
415 324
311 61
381 153
143 8
133 419
212 661
227 224
356 162
101 849
416 635
145 393
439 701
125 738
409 180
342 56
198 477
426 339
229 532
165 410
469 72
224 739
31 498
69 468
369 514
461 333
181 58
162 707
416 65
197 407
435 137
425 933
373 673
318 534
456 555
407 926
184 583
388 462
7 207
145 875
195 601
333 813
62 256
60 857
85 875
214 680
426 437
157 78
371 283
91 811
16 449
370 829
392 61
274 5
365 970
342 869
107 543
127 344
245 142
336 762
353 493
272 740
463 440
435 314
341 845
41 140
22 190
86 760
406 203
144 278
248 853
253 251
272 124
106 487
226 547
252 327
25 854
467 867
320 571
266 265
45 6
225 440
41 331
435 246
201 56
144 299
360 168
148 988
379 241
470 209
251 495
138 854
335 567
88 110
191 900
154 211
290 14
50 24
409 222
266 247
281 668
218 803
213 305
165 696
186 645
12 382
450 522
1 57
81 359
422 108
187 678
324 881
268 374
268 178
342 713
17 220
431 303
12 591
80 130
271 695
175 384
27 438
318 212
170 743
466 918
325 589
260 590
55 498
227 540
23 160
1 491
27 716
370 754
160 829
88 650
443 26
377 459
251 225
359 550
164 721
255 748
125 129
467 230
203 566
48 802
12 297
73 85
229 543
370 532
413 735
429 25
7 88
176 268
180 880
237 71
318 349
378 257
47 344
255 884
272 190
210 992
194 646
38 478
408 669
423 501
227 508
15 200
21 953
445 133
382 978
33 424
195 637
57 110
233 251
264 459
326 24
281 4
433 733
352 453
301 527
65 309
450 669
119 397
380 517
135 789
330 735
290 847
360 336
15 890
54 33
430 656
54 134
350 376
274 8
224 373
43 827
241 989
307 305
300 858
100 740
382 157
439 600
472 774
23 727
329 869
299 651
273 805
207 895
327 643
339 582
252 563
459 955
454 371
413 55
14 191
318 887
306 427
77 915
332 972
63 8
73 872
281 655
394 616
73 300
246 389
366 215
463 1
435 447
456 753
312 362
190 90
113 13
76 385
461 658
37 441
416 341
30 121
281 231
176 148
245 892
227 951
50 204
278 142
269 157
384 335
341 247
386 205
293 103
379 630
286 557
107 822
50 597
16 586
314 802
156 206
34 943
204 968
448 436
427 178
392 263
269 27
34 592
388 319
170 219
79 659
448 178
198 450
126 889
151 786
5 488
260 160
216 277
267 488
430 487
92 829
52 172
271 383
465 284
243 776
441 867
472 934
435 579
126 805
163 520
388 570
240 58
450 824
279 518
439 71
246 157
347 992
90 332
54 242
162 19
400 313
425 830
207 425
296 167
180 199
425 993
142 641
333 775
429 904
263 83
328 133
399 143
168 226
417 240
299 733
123 533
242 496
394 476
442 283
157 182
151 593
81 623
429 471
43 359
373 288
153 35
318 275
34 556
9 91
265 262
452 926
246 923
464 863
52 518
428 517
140 440
343 457
425 767
385 220
419 682
195 806
172 174
306 776
197 76
40 579
130 920
115 143
26 852
181 661
320 83
346 661
453 22
245 785
459 571
155 240
67 728
390 948
432 660
403 548
354 559
196 691
309 230
232 775
375 584
54 571
37 747
293 941
262 287
423 337
254 145
50 692
69 490
14 65
390 334
113 288
296 302
358 2
400 790
361 766
349 383
277 168
171 822
382 548
321 27
391 431
131 636
166 103
416 279
331 630
181 307
197 235
168 968
468 728
213 538
264 341
5 994
145 228
298 437
164 651
165 283
221 965
32 705
39 969
332 936
94 505
421 147
469 637
65 965
200 614
92 257
188 363
270 832
250 319
187 23
344 552
90 814
223 610
295 802
230 739
442 99
221 756
358 407
251 366
394 117
377 354
323 35
317 8
408 97
232 417
429 596
440 29
353 820
255 902
304 621
338 755
305 802
178 478
288 397
62 503
350 33
96 150
388 713
404 468
20 453
172 43
360 884
358 730
225 357
164 202
81 309
3 323
161 548
157 312
452 983
423 294
322 864
67 433
358 761
255 888
9 429
365 172
268 24
209 13
290 937
406 901
76 671
257 258
458 369
28 352
369 37
21 549
192 946
204 644
322 709
232 603
78 232
299 588
282 678
129 816
76 793
174 471
456 565
133 113
437 890
425 40
287 669
472 948
47 575
322 622
398 877
79 709
30 70
366 876
201 192
367 289
319 492
242 496
421 293
294 663
465 69
283 679
375 161
408 153
87 808
198 999
156 799
402 902
134 864
239 971
161 990
458 83
396 874
356 665
83 418
76 836
310 53
210 894
440 856
373 118
264 804
86 631
163 981
155 975
48 28
357 945
146 734
434 891
146 540
403 992
355 929
111 416
124 679
399 99
330 634
176 906
371 731
164 590
339 942
433 71
299 764
48 790
77 42
207 643
98 704
72 200
308 860
64 691
92 652
201 288
277 215
232 653
399 693
231 125
101 482
436 670
367 735
145 810
457 233
82 786
106 824
90 134
294 409
46 14
373 605
112 204
305 24
389 584
372 515
416 643
416 50
133 700
149 630
422 726
142 388
26 520
404 444
265 203
26 379
465 584
439 513
308 408
191 644
176 641
442 443
109 824
124 708
154 842
27 631
185 305
380 593
287 525
295 162
5 312
318 55
321 977
218 864
278 234
86 123
367 250
82 24
232 796
65 938
405 310
179 804
25 651
220 546
393 842
51 292
6 372
140 79
343 386
231 931
252 844
222 366
12 203
259 999
312 368
112 716
318 2
12 740
399 349
373 14
177 486
361 905
117 352
3 545
330 657
45 761
384 261
360 299
30 530
109 129
309 643
191 136
443 102
127 112
361 222
367 717
221 137
431 265
209 178
44 840
194 32
20 962
402 446
331 932
222 257
184 719
288 301
472 912
118 752
419 935
385 734
186 424
464 283
375 772
354 852
