5421 209
207 886
124 982
184 389
136 944
9 311
23 688
33 327
150 947
89 938
122 808
161 157
195 390
172 557
24 883
128 21
105 206
202 884
118 118
137 332
198 280
108 788
57 909
95 959
184 961
125 739
204 694
14 683
201 103
181 750
177 789
174 613
192 245
41 105
70 200
169 290
55 458
9 897
14 44
35 511
16 51
28 748
154 878
58 617
75 267
205 774
18 386
125 757
50 577
187 565
174 342
42 656
138 448
105 389
3 647
25 262
101 135
177 891
91 994
32 686
199 19
43 989
9 203
127 116
111 695
88 208
45 128
188 252
151 626
28 104
180 421
48 621
43 151
99 298
70 897
67 586
42 421
76 332
192 823
156 426
162 97
71 578
163 684
72 928
202 790
147 810
5 607
182 986
98 91
15 832
40 443
3 950
121 467
30 914
44 614
86 311
174 190
46 948
94 676
43 291
25 654
91 483
47 771
80 439
105 137
155 477
165 352
12 672
145 501
56 943
180 584
31 204
94 902
205 541
74 207
108 798
36 161
121 828
184 523
31 860
127 107
189 58
177 593
44 370
172 793
166 299
29 445
16 55
5 689
27 117
194 133
86 231
191 975
80 828
56 294
149 671
111 584
85 286
111 893
52 980
92 97
180 23
121 638
66 914
84 376
150 837
32 143
89 992
141 40
119 164
189 485
167 626
85 24
77 681
162 836
33 44
111 244
201 434
145 658
147 365
167 754
78 819
189 436
46 184
111 397
101 234
110 502
194 60
156 180
106 323
99 750
163 204
34 931
196 156
78 17
187 198
97 247
142 617
69 220
133 655
67 101
105 544
42 827
195 461
25 890
150 189
48 84
125 347
142 396
137 301
6 276
74 135
13 879
209 774
148 855
38 998
186 352
122 733
127 27
32 957
132 196
189 846
77 965
68 385
137 961
84 310
81 937
52 183
145 363
182 603
55 702
12 244
143 551
131 81
204 894
68 645
122 986
156 774
35 393
109 615
209 81
18 942
128 810
198 398
114 130
15 495
3 687
3 849
200 104
44 421
190 765
114 4
202 514
20 597
124 344
92 547
142 828
38 237
95 159
53 93
143 988
148 610
51 284
156 605
168 757
146 87
73 535
182 210
14 646
135 220
177 771
162 327
182 419
113 731
1 742
88 731
66 569
182 372
189 333
206 273
168 805
180 785
138 116
103 103
23 629
100 458
20 593
66 627
77 181
138 601
11 257
36 48
66 258
83 213
84 696
51 988
170 681
178 651
30 500
125 692
201 719
31 431
139 58
164 381
112 978
192 238
206 103
98 396
32 182
63 542
63 383
82 790
32 824
12 731
110 696
190 624
158 893
149 147
182 823
82 879
191 938
11 618
7 536
47 576
21 109
7 454
175 481
70 983
140 521
93 363
69 295
84 955
124 981
206 455
45 814
84 408
160 886
95 990
53 236
84 490
98 551
52 309
109 790
177 992
23 63
24 386
123 993
136 302
180 505
178 177
140 201
122 392
110 749
191 904
142 404
99 188
84 725
138 292
70 559
182 968
205 935
124 104
169 206
75 407
124 97
170 107
114 183
123 720
51 959
31 266
20 743
16 550
91 630
72 777
56 483
36 895
130 315
85 206
197 111
151 264
165 259
96 485
49 801
141 806
167 452
143 75
152 733
109 806
138 242
5 726
62 834
55 109
70 402
156 739
41 35
70 488
144 89
183 853
93 109
22 996
73 948
78 476
163 375
72 214
116 729
133 194
62 436
166 667
167 900
15 455
153 666
161 488
150 138
162 277
29 621
104 162
177 760
65 931
47 388
21 853
197 620
197 342
172 65
134 632
109 489
87 850
14 548
93 326
27 678
142 468
154 904
143 22
181 103
189 690
100 908
147 860
26 938
139 569
188 738
41 956
139 82
116 196
196 458
165 420
118 438
181 739
149 711
172 954
70 730
132 352
51 263
193 753
97 843
57 547
58 478
165 447
39 582
178 198
115 83
204 554
90 313
31 48
187 425
76 213
138 231
101 966
5 573
151 806
67 231
91 36
35 78
65 738
120 605
136 55
137 695
97 406
56 263
5 693
78 317
172 407
134 8
121 346
1 215
114 210
143 775
100 364
19 976
154 372
142 232
101 719
192 102
204 58
136 368
69 401
1 766
82 200
139 388
168 38
198 364
195 181
13 930
137 860
19 782
161 741
69 37
135 271
200 793
150 749
110 740
170 20
65 537
104 585
76 3
190 465
85 996
89 984
122 600
111 635
96 239
162 165
78 966
197 326
178 718
20 911
171 364
49 175
140 464
79 865
125 430
42 748
100 96
67 738
145 449
170 865
73 915
143 789
144 402
200 964
183 80
103 408
117 967
77 705
196 698
161 568
156 500
14 189
3 886
158 3
101 814
51 519
9 595
74 468
4 322
39 929
72 660
62 409
162 885
39 322
182 823
111 175
97 893
99 478
208 720
97 675
73 198
84 523
68 934
96 626
145 413
17 654
193 68
166 673
125 199
172 938
80 751
158 109
126 945
167 895
193 838
137 578
202 121
62 7
34 692
150 55
75 427
17 513
167 638
144 680
24 340
100 218
157 483
18 498
184 545
88 670
181 390
197 633
50 431
57 10
200 325
185 452
85 12
107 116
2 612
148 462
148 68
10 529
47 674
140 70
145 980
147 53
67 498
65 295
139 825
19 669
129 97
71 136
19 976
55 927
159 558
84 68
166 167
120 63
197 924
117 449
106 858
204 186
44 177
43 941
101 270
150 727
136 625
120 771
117 80
76 984
26 650
114 185
99 117
66 524
88 601
144 348
110 99
14 184
190 451
138 409
55 670
101 144
149 396
196 413
22 979
46 745
145 906
203 509
185 687
120 609
13 698
47 726
60 672
117 116
93 872
89 221
3 481
191 432
24 475
89 95
52 513
199 521
93 125
3 449
204 636
137 749
142 190
189 519
159 471
166 8
23 249
87 648
135 984
131 63
139 332
146 408
106 826
3 312
143 780
61 915
103 348
203 488
53 117
89 456
113 610
131 939
127 93
93 690
20 946
165 878
1 41
91 432
122 919
149 823
25 221
76 21
126 296
63 474
141 815
205 768
152 473
136 653
172 940
120 132
9 511
148 412
42 833
35 303
206 199
23 436
200 866
124 486
117 919
174 916
74 989
123 791
36 250
47 118
36 343
73 797
184 839
131 369
76 436
54 446
167 378
132 177
58 106
89 647
133 481
91 484
154 526
193 301
67 927
106 383
117 221
88 125
136 443
74 734
64 595
105 36
119 201
146 262
41 726
39 934
203 694
143 676
61 450
136 714
135 583
152 287
54 405
69 468
105 458
134 249
138 284
9 673
70 850
102 873
83 948
5 909
57 518
157 596
36 786
14 655
18 139
108 766
152 146
207 427
61 356
112 588
177 618
209 733
77 879
93 172
202 54
132 724
179 746
206 410
33 452
122 59
162 57
45 28
161 625
130 432
165 145
128 390
26 754
131 65
77 544
65 462
50 995
111 185
40 41
45 600
29 90
38 806
117 107
121 986
62 196
37 565
92 442
104 80
12 661
95 4
152 627
31 183
206 115
205 254
93 899
103 813
179 595
67 89
59 992
209 375
90 410
41 250
57 118
171 769
192 932
195 630
205 306
35 552
62 39
75 706
3 985
87 994
1 400
207 626
36 712
22 179
23 267
189 573
24 237
42 593
31 758
80 495
30 516
73 72
50 278
203 197
105 394
90 981
166 63
26 275
178 12
186 166
6 488
28 656
141 727
196 672
63 763
153 760
106 505
138 823
97 904
159 63
41 630
113 8
30 402
157 460
112 979
25 665
144 55
9 954
119 981
150 14
104 268
133 584
107 713
160 637
53 133
66 233
156 861
99 834
208 896
10 283
35 813
44 747
39 290
167 915
55 774
207 236
4 176
143 655
91 941
101 626
41 582
209 858
171 55
167 867
47 306
4 562
157 282
14 92
67 49
193 428
37 226
196 177
122 287
32 269
187 876
20 631
126 642
188 498
45 901
184 780
11 951
140 296
160 563
51 772
76 186
16 500
118 953
147 885
52 193
176 75
175 862
102 779
135 713
192 417
14 974
61 988
12 22
41 13
14 430
72 668
54 479
28 731
36 364
34 913
128 607
160 784
35 212
50 862
55 371
55 992
63 202
32 787
178 514
169 394
199 149
126 139
177 391
52 489
185 650
175 387
44 447
10 276
18 636
1 665
181 585
41 254
22 114
92 817
53 840
127 821
158 312
161 489
129 562
10 871
138 907
31 37
165 539
53 471
27 64
18 459
186 426
91 363
181 61
100 511
80 282
103 584
146 797
75 430
62 624
181 652
109 247
125 646
171 187
23 18
46 863
70 356
167 230
118 496
20 947
49 924
148 831
48 275
97 950
121 467
115 522
134 672
122 575
183 143
135 341
30 739
108 10
51 12
131 669
79 563
183 548
33 440
108 711
123 444
49 146
174 567
136 223
167 411
186 2
31 255
94 123
54 917
140 600
7 284
167 664
173 870
194 24
70 939
104 610
125 837
136 906
188 498
56 647
104 77
67 520
89 581
148 180
96 405
140 448
161 378
70 390
160 168
189 520
201 78
130 377
44 421
196 844
197 284
170 811
107 887
86 985
88 836
13 816
158 805
167 733
119 632
141 39
197 946
89 475
209 184
204 627
102 140
127 442
146 646
63 665
46 216
122 550
32 57
162 208
41 3
21 860
12 926
208 891
197 747
98 361
96 273
49 952
196 419
63 987
180 335
47 883
83 73
50 646
11 694
92 331
128 218
118 367
105 626
132 443
6 330
149 435
3 225
135 888
115 560
162 135
200 31
14 473
15 120
139 929
12 82
144 177
56 735
115 221
14 694
86 782
123 826
104 416
160 553
109 708
92 973
70 55
45 695
141 785
108 343
138 119
194 381
171 306
100 940
147 782
15 377
109 772
64 832
174 128
85 671
162 59
120 290
43 922
105 813
25 973
81 253
185 529
86 191
191 991
49 223
163 850
146 291
72 645
86 326
209 515
58 909
138 901
47 69
46 784
15 963
22 828
83 442
61 862
150 729
110 710
126 274
15 82
49 141
96 554
26 115
78 89
116 267
144 650
51 360
98 633
120 864
116 478
55 55
122 694
171 218
14 121
94 5
137 757
161 342
145 129
121 199
1 235
185 439
101 915
184 50
61 830
140 565
73 204
137 443
90 513
178 994
97 528
101 542
32 795
165 30
30 245
1 754
29 312
180 443
109 399
103 683
24 118
74 776
102 500
169 502
163 24
11 66
144 353
142 495
130 741
166 437
148 259
158 205
198 697
124 478
11 222
70 883
184 673
179 443
167 968
157 152
22 186
36 665
75 854
151 15
82 921
160 843
66 132
30 375
66 836
52 745
22 129
59 571
163 895
3 941
5 415
140 282
194 759
181 718
192 206
186 15
12 441
79 841
120 361
163 152
121 131
105 882
74 174
175 226
71 8
151 567
123 938
151 578
116 143
177 516
184 465
32 189
109 4
34 318
84 705
118 496
186 261
44 91
198 719
33 272
36 765
102 991
204 984
64 474
29 339
148 296
158 904
170 227
106 3
141 242
39 205
183 32
92 210
127 739
84 987
59 254
11 277
116 543
36 425
173 946
135 602
196 732
198 10
154 840
64 805
165 846
90 531
15 431
61 603
182 146
206 451
114 515
144 777
22 54
62 797
22 960
28 452
80 543
153 247
37 453
133 250
51 609
48 253
72 29
61 46
82 137
114 317
17 599
173 535
9 973
133 892
66 326
163 385
56 177
134 87
43 584
62 458
107 835
161 666
205 563
182 477
17 951
58 635
206 954
188 521
47 82
181 295
186 787
72 538
92 754
139 339
116 27
6 85
5 268
144 875
125 471
39 776
77 564
62 556
125 452
6 982
59 351
154 357
197 495
116 646
88 467
201 737
178 157
172 524
28 101
150 494
146 555
65 717
116 56
74 697
14 374
32 702
160 283
20 190
40 67
144 653
190 395
120 283
42 247
105 262
102 92
36 797
203 174
1 462
9 372
107 825
160 487
186 842
208 831
202 771
56 934
208 719
149 538
203 945
65 991
43 131
16 963
100 95
136 985
60 402
179 431
112 203
4 655
4 841
1 834
46 858
128 440
179 581
39 737
95 297
42 655
31 675
16 402
42 205
106 675
119 433
12 361
164 10
120 79
147 675
73 731
124 205
150 697
138 726
181 7
66 261
69 646
149 159
67 103
169 205
122 83
185 692
175 546
183 339
60 558
8 40
172 261
165 604
13 578
76 74
46 203
22 356
198 221
71 750
166 212
48 745
153 420
14 945
41 595
154 232
109 396
209 353
204 917
24 317
149 217
119 929
68 856
205 166
182 914
96 720
52 960
35 824
11 283
54 202
146 555
10 784
54 849
159 989
128 925
166 426
18 57
191 196
89 691
77 196
126 263
200 718
59 179
50 970
143 466
155 255
154 946
61 731
138 557
15 228
114 852
57 378
167 463
86 274
14 798
176 917
20 491
169 462
105 38
98 920
151 816
164 542
64 496
36 17
22 121
153 926
137 186
79 973
84 556
158 339
22 624
165 217
132 767
174 498
172 823
111 553
114 781
6 929
77 814
96 931
179 340
64 756
116 135
174 692
168 273
49 903
148 809
112 208
109 793
127 546
82 64
27 349
98 505
80 287
5 226
95 992
122 118
144 860
83 940
197 133
86 725
63 599
116 369
199 322
67 827
197 692
143 721
92 764
177 973
57 712
79 478
85 184
101 464
190 504
137 944
125 554
179 57
109 714
70 321
90 808
137 196
42 538
171 64
137 23
26 928
91 877
22 370
139 267
16 809
53 576
6 427
38 402
181 283
209 840
33 160
58 241
201 117
31 363
182 447
111 949
73 442
40 204
125 892
55 362
167 360
41 850
124 445
70 878
45 669
202 545
22 454
142 390
39 36
73 47
47 781
30 6
123 715
203 839
151 70
168 524
29 592
55 40
35 207
31 909
154 798
175 982
82 684
127 701
148 555
100 630
34 82
202 418
100 500
177 486
171 311
129 137
76 54
126 345
33 656
80 895
59 134
114 886
27 737
19 656
204 713
93 1
100 839
19 898
93 940
130 279
62 952
114 585
100 436
190 846
115 432
149 836
191 142
7 945
117 956
43 214
117 799
97 239
199 443
102 237
102 11
17 444
189 183
189 301
148 169
183 693
73 855
133 68
190 469
19 255
206 216
55 215
113 563
63 624
138 14
89 315
72 786
36 148
50 62
68 340
189 813
193 736
199 454
53 976
94 347
150 329
50 770
171 148
110 559
182 725
52 656
169 804
100 551
109 207
115 332
72 294
173 705
185 678
13 324
96 727
129 304
163 534
101 540
80 340
203 26
197 996
96 153
172 953
86 636
46 238
161 601
171 740
53 539
138 559
134 89
67 849
10 204
110 894
23 973
87 951
147 13
125 71
127 146
106 713
182 664
209 279
22 686
13 12
152 717
33 68
134 989
4 375
125 976
142 833
112 61
158 893
34 62
43 717
104 226
72 820
125 92
56 764
152 642
33 336
81 695
154 564
209 721
114 255
50 915
73 488
11 620
35 846
84 967
169 303
195 113
103 810
53 895
19 885
29 861
187 807
209 287
5 15
164 260
23 19
165 382
79 898
35 995
63 971
78 399
159 995
72 328
96 372
110 785
206 536
131 687
108 994
95 487
190 101
37 366
8 187
169 943
64 847
171 305
160 843
161 510
144 547
103 22
37 768
106 666
196 503
151 185
124 175
69 846
50 111
95 439
149 557
167 96
30 488
169 214
34 214
201 845
191 495
156 771
200 649
153 538
12 73
194 874
175 896
99 628
90 963
12 872
71 171
177 496
37 83
50 211
119 413
65 459
112 653
182 575
131 476
31 26
195 78
27 938
150 485
64 10
30 468
113 280
141 860
182 119
88 130
126 535
117 679
127 880
129 983
74 627
96 987
148 697
206 143
65 553
94 676
92 254
117 415
54 695
141 320
193 30
190 980
139 705
51 740
49 820
168 236
5 517
209 956
32 855
187 586
16 344
196 247
154 506
3 549
10 613
204 263
162 204
34 442
200 500
196 148
118 296
165 252
166 663
72 289
154 628
175 705
1 486
21 260
98 782
186 359
173 387
138 138
154 721
11 242
101 621
181 152
126 299
167 599
114 609
38 370
105 977
64 548
181 699
47 702
46 936
154 716
44 96
207 864
66 189
209 190
59 246
18 870
123 125
182 174
139 513
207 213
39 533
105 833
189 783
200 690
34 594
28 413
37 972
103 577
155 49
153 917
58 942
181 72
35 526
139 592
179 905
153 612
71 200
73 970
205 595
110 314
119 259
131 712
17 688
171 286
70 947
155 200
130 829
4 774
75 711
187 293
42 536
35 158
44 595
190 438
94 245
97 877
27 523
150 303
161 58
30 462
139 989
109 349
120 995
176 134
168 63
150 726
107 334
18 380
66 116
2 373
125 343
93 947
108 395
162 249
153 84
126 953
113 887
160 334
96 977
71 554
60 582
145 905
79 812
40 476
107 965
69 456
124 817
79 132
6 353
153 54
60 365
75 823
125 375
135 794
63 822
37 209
178 620
28 896
161 521
199 672
107 301
167 645
164 841
31 937
140 967
187 807
170 358
57 512
175 639
86 522
79 554
155 755
87 354
73 666
45 149
178 567
15 765
150 590
45 377
57 49
29 484
164 963
114 989
46 541
39 430
47 684
159 574
166 681
42 95
201 952
72 424
41 346
13 171
62 755
108 560
8 508
64 553
190 210
37 244
126 389
8 644
190 826
161 921
77 914
180 891
17 649
108 50
18 399
119 273
35 154
14 415
137 138
135 325
13 76
72 802
62 72
69 490
196 403
3 882
117 126
123 926
196 501
157 452
65 936
5 903
137 189
7 244
154 212
95 408
116 10
29 152
168 487
172 295
113 400
109 420
62 525
80 921
182 124
97 581
43 172
75 283
173 715
172 233
136 873
134 482
128 907
118 708
113 584
180 827
65 695
55 68
199 584
60 3
150 758
184 213
177 835
46 671
49 508
129 173
32 73
201 363
119 463
139 840
110 333
57 998
186 346
184 52
185 445
199 380
145 276
44 93
95 854
186 34
16 585
39 912
201 172
162 36
16 70
187 83
29 286
26 49
70 840
86 307
92 398
23 740
51 581
32 356
59 620
111 980
177 841
80 755
39 403
149 948
29 120
88 478
94 129
96 875
93 994
96 89
201 843
72 356
107 57
65 770
164 765
127 421
32 316
42 829
100 589
85 19
31 614
38 359
185 384
104 844
14 22
107 102
8 506
137 451
52 280
110 783
205 129
99 14
55 370
17 926
157 634
203 114
62 527
164 456
159 82
165 428
108 558
11 491
177 5
2 297
115 203
67 131
200 481
9 670
203 275
196 974
156 139
72 936
38 980
136 952
33 375
14 155
133 745
39 711
106 35
203 646
169 585
15 511
130 476
130 549
131 400
134 502
165 494
146 877
6 579
71 648
208 919
77 538
30 640
37 514
18 116
129 747
165 866
34 130
2 938
56 147
103 40
83 821
140 677
194 889
23 694
60 903
175 427
208 840
199 473
18 69
2 769
52 911
91 775
52 573
72 179
84 513
78 675
150 91
8 495
12 756
133 732
67 836
175 34
15 838
74 846
134 831
131 161
136 338
81 454
17 94
197 232
35 286
124 850
49 536
166 821
155 15
145 437
18 562
45 884
33 682
1 278
158 423
73 644
28 284
12 585
36 87
88 584
18 578
119 948
49 461
92 165
107 985
36 570
209 438
191 242
164 806
12 178
154 184
193 666
18 926
70 904
204 959
15 203
79 350
49 865
31 17
86 17
74 146
83 938
191 810
140 411
99 681
173 648
122 431
162 756
133 167
24 273
104 70
207 433
72 944
168 409
93 548
11 545
114 595
16 381
15 428
74 455
48 643
171 106
53 310
144 248
113 927
91 414
195 29
103 283
1 426
176 940
4 142
132 899
176 795
103 99
188 391
18 118
69 397
11 143
199 548
112 568
142 462
118 542
133 466
125 272
187 139
24 203
41 808
157 425
14 282
74 485
89 232
51 792
119 270
103 560
209 473
104 812
61 669
183 297
157 743
8 552
164 220
182 813
97 976
106 833
163 536
177 482
90 57
208 214
13 750
68 715
144 341
194 410
100 523
1 543
15 12
166 795
81 187
155 962
121 720
173 70
13 389
175 962
54 985
129 959
173 5
66 810
32 729
8 220
16 880
2 529
31 303
30 322
39 418
208 643
9 224
65 917
12 514
161 997
113 200
176 411
73 684
155 756
162 388
131 49
5 468
164 598
90 634
127 276
68 985
188 495
4 870
44 120
173 150
93 988
100 806
108 707
168 921
58 242
41 398
208 329
174 688
190 446
166 524
97 921
35 678
3 174
86 980
139 462
2 985
49 829
116 468
172 709
159 782
16 530
138 968
126 661
131 115
133 713
53 909
196 201
10 307
77 328
61 433
93 199
169 68
162 266
136 521
154 651
9 691
12 174
69 753
23 292
181 101
187 720
6 734
105 413
73 631
128 173
108 630
146 299
20 157
110 443
23 13
118 165
88 310
127 885
108 888
136 246
49 142
173 826
72 78
156 195
57 770
162 598
157 657
50 875
119 110
79 358
37 528
157 329
135 801
114 688
111 648
81 723
207 367
141 439
86 253
15 22
75 148
36 362
153 892
207 894
203 711
29 541
192 51
10 81
98 979
177 325
125 438
184 171
155 87
5 48
37 99
39 995
102 942
182 817
159 734
47 404
201 102
63 351
46 565
172 604
33 604
188 878
196 516
80 703
7 686
136 915
154 760
52 267
160 23
93 724
131 287
91 429
176 349
196 293
10 134
171 298
130 885
87 410
166 649
16 518
97 308
35 674
141 373
179 831
189 607
21 338
23 144
184 546
20 83
38 917
165 334
197 523
148 837
97 866
130 341
5 849
84 890
184 733
97 425
46 510
186 262
78 715
51 512
111 914
58 808
97 969
80 638
186 488
42 268
179 420
130 952
4 94
175 198
12 162
50 788
127 793
203 941
134 695
21 223
134 205
132 125
137 656
21 637
78 944
85 666
166 842
139 83
193 727
209 531
34 59
116 239
45 374
16 83
169 182
91 325
35 500
167 112
135 362
187 3
28 299
153 456
168 147
161 677
35 875
63 454
141 199
7 529
174 655
118 32
98 625
150 275
129 61
115 683
140 24
69 400
132 178
200 740
162 832
185 502
125 178
13 521
132 838
141 34
14 395
65 781
71 743
107 960
191 554
57 422
30 961
105 597
110 100
95 49
201 199
54 911
10 637
181 946
49 624
127 234
9 515
181 632
20 688
100 780
9 802
79 31
37 133
113 233
65 801
149 44
152 66
53 415
25 787
176 908
93 334
103 162
178 245
29 299
82 541
129 63
18 662
92 432
89 332
18 252
192 801
183 414
84 248
114 333
62 300
178 36
31 63
119 32
190 627
60 837
38 661
5 402
16 780
84 152
113 567
207 726
20 308
162 864
95 874
117 268
78 664
57 356
189 875
79 62
122 372
184 863
189 184
124 427
116 70
100 839
58 396
148 88
194 275
166 465
206 238
51 409
148 967
125 226
199 251
54 52
102 729
54 119
75 894
77 245
85 603
173 558
11 598
30 945
192 645
11 698
119 382
110 590
169 338
39 209
138 141
205 856
27 408
117 191
157 567
41 637
47 340
38 523
182 146
171 761
32 850
191 649
196 273
16 706
139 328
136 374
158 899
96 84
187 579
143 39
20 964
144 492
12 127
15 424
16 177
204 777
185 347
155 176
31 664
136 493
57 346
179 426
170 788
41 743
121 657
197 877
196 212
171 363
81 142
160 973
150 460
147 103
104 870
157 214
129 89
51 415
91 430
198 158
114 401
97 601
192 922
1 995
163 991
136 441
55 225
46 408
96 378
13 965
169 533
133 627
165 686
86 697
67 990
177 105
142 497
14 867
144 783
186 968
7 430
102 967
165 838
74 411
90 300
1 2
150 88
143 320
135 846
133 506
132 873
82 172
163 275
140 92
72 855
193 292
204 360
145 627
207 279
35 629
179 416
103 639
149 421
51 404
135 2
128 810
54 255
117 733
84 850
12 908
136 858
157 15
2 469
3 943
80 171
5 342
162 664
122 626
52 638
90 127
117 200
86 866
183 313
37 990
36 595
116 499
85 728
84 274
203 981
121 154
20 666
175 846
206 243
78 261
170 386
158 81
139 426
30 641
186 677
100 270
139 448
162 865
71 698
130 564
4 784
147 365
128 436
145 478
69 369
65 679
136 761
77 827
67 695
18 614
63 798
60 886
40 424
51 951
92 47
152 589
133 119
93 38
149 650
61 533
9 83
88 249
189 331
83 339
94 264
171 500
27 529
145 788
11 867
127 956
88 511
28 789
208 17
53 303
2 203
116 555
127 696
171 385
12 633
144 499
170 763
66 328
49 487
186 786
41 985
121 512
126 906
190 413
63 214
61 551
140 55
98 985
58 192
189 201
9 394
88 595
6 218
150 796
164 169
179 767
2 971
96 868
72 601
56 220
66 983
190 654
208 910
92 918
205 171
121 184
73 390
195 145
11 188
17 503
147 246
53 756
70 512
198 887
144 243
62 362
115 403
138 941
54 425
14 986
27 434
185 279
45 238
199 671
93 458
16 833
64 846
111 63
122 344
28 177
90 728
143 304
26 570
138 411
175 87
170 389
149 572
191 716
199 889
184 84
201 586
96 202
15 82
28 610
119 484
148 770
194 256
58 484
119 508
175 464
41 888
52 399
124 185
160 553
18 431
48 840
46 110
7 323
142 505
29 644
39 650
51 898
90 140
199 808
153 282
135 148
15 692
40 665
92 401
147 173
113 616
168 444
153 221
86 19
85 899
112 486
146 372
132 90
70 331
51 195
51 810
117 720
113 28
48 754
198 220
60 745
146 476
160 247
155 960
96 786
18 424
120 782
193 241
72 521
35 381
142 782
111 470
177 195
197 719
101 898
98 339
176 651
177 748
92 265
71 541
171 601
96 193
59 582
196 650
28 144
38 602
88 832
116 542
14 221
91 485
71 818
38 85
199 661
106 215
203 34
144 526
162 511
178 820
11 757
130 318
118 429
90 971
138 176
114 104
50 446
157 87
157 273
59 699
147 863
184 749
44 723
172 419
119 699
132 443
1 836
190 261
97 106
60 262
138 193
151 742
34 639
80 147
66 599
82 971
88 7
32 71
132 306
111 802
31 560
167 958
22 705
91 711
34 638
171 798
85 280
87 535
42 630
185 107
72 428
46 431
66 567
198 739
16 985
176 77
67 107
105 179
59 6
59 700
159 681
191 208
205 7
21 971
21 62
175 878
61 520
147 526
54 61
37 763
120 608
17 426
90 430
169 620
164 946
58 93
125 548
92 462
35 637
58 83
151 868
36 893
23 60
114 72
41 740
140 823
196 45
164 340
57 72
85 984
185 46
203 809
126 429
95 374
179 186
46 21
26 921
156 102
31 199
151 22
189 161
65 573
2 930
113 784
26 953
136 415
76 832
163 760
75 142
43 842
54 334
84 371
116 526
115 403
203 505
57 999
89 846
196 407
95 550
145 528
168 625
146 954
68 114
53 770
140 447
113 466
8 330
152 917
62 682
118 875
68 851
81 435
83 882
45 844
182 393
51 258
29 81
69 136
62 59
142 968
84 174
108 692
25 861
151 41
139 718
64 375
94 939
193 906
138 253
158 836
164 612
87 265
34 48
128 729
17 636
171 977
112 597
111 298
70 679
143 385
107 560
120 781
180 443
107 53
161 639
156 463
208 518
68 130
40 870
192 765
70 123
139 781
77 723
83 75
5 16
185 188
17 650
186 63
111 939
133 3
94 873
74 158
17 183
82 815
179 884
112 125
120 482
145 893
29 784
151 1000
90 25
46 578
58 75
136 109
177 505
162 436
26 754
40 816
169 991
192 766
102 960
188 543
42 120
107 807
100 549
114 431
53 681
11 996
31 988
195 77
173 479
131 920
92 114
194 917
50 895
118 410
127 996
48 621
5 174
153 589
202 241
81 722
17 584
8 112
59 43
180 825
84 116
181 200
107 337
208 622
4 6
97 936
46 152
57 263
7 946
156 335
74 276
30 888
58 407
94 392
146 626
71 496
78 208
57 730
84 472
15 226
99 708
97 18
95 858
204 619
32 478
52 995
54 486
159 882
184 788
113 292
203 960
208 690
156 748
46 512
181 982
40 80
56 393
54 822
159 4
131 155
66 153
179 843
88 351
156 990
23 1
127 354
115 685
108 423
123 766
152 810
95 907
178 859
204 773
83 823
75 621
176 910
16 11
195 102
209 872
118 46
171 453
150 452
2 2
16 712
208 912
113 790
85 663
21 680
5 641
71 554
84 413
146 764
94 357
170 756
26 128
15 737
134 697
55 857
3 102
122 516
75 786
70 654
150 163
183 25
190 348
6 417
69 852
204 862
111 678
4 197
136 295
103 687
147 516
148 801
198 681
206 355
50 786
35 457
63 774
179 533
169 543
78 90
102 403
8 331
25 294
148 498
77 894
132 753
23 965
4 917
147 107
39 909
87 618
124 24
105 184
164 772
165 936
111 680
142 457
70 739
203 773
50 538
196 340
113 958
141 303
197 531
78 357
126 691
156 337
16 345
87 281
15 663
59 217
124 400
6 702
51 598
165 732
115 573
16 729
179 646
37 583
119 789
201 790
196 268
96 127
152 478
34 890
83 964
141 609
98 772
23 499
84 732
119 914
47 948
98 13
62 657
112 175
145 179
140 6
74 624
128 981
36 246
80 226
3 837
8 880
110 226
53 726
82 454
100 343
31 837
53 705
7 24
153 318
65 563
38 37
101 407
36 185
52 689
87 57
132 441
16 759
100 389
96 281
107 987
58 35
135 146
147 883
2 890
160 852
177 31
164 604
200 242
43 597
74 272
63 591
53 521
99 117
59 610
89 660
83 188
113 287
199 546
135 173
54 871
86 393
8 846
203 153
40 736
173 169
158 306
179 205
91 852
29 530
48 299
183 397
132 671
38 218
143 134
151 191
136 943
67 846
150 96
2 623
3 833
136 267
124 839
141 618
162 914
185 990
138 831
168 182
86 70
177 916
1 252
155 951
25 123
161 626
78 894
78 475
6 678
157 669
89 975
206 302
145 795
108 234
5 486
81 478
38 560
197 341
49 462
190 831
21 594
191 85
115 710
188 302
14 117
176 598
180 443
143 338
182 839
94 500
23 136
57 965
184 941
40 406
10 148
127 358
15 764
177 752
34 2
156 169
189 320
26 302
44 969
11 300
78 191
183 110
64 38
149 19
9 398
96 830
46 612
29 324
15 353
87 873
145 866
37 435
60 310
209 109
179 972
182 726
4 866
202 88
79 663
130 953
169 538
66 205
175 232
131 714
67 674
87 50
93 76
91 405
106 440
70 172
21 217
10 167
68 768
58 736
105 635
9 206
183 345
170 235
73 423
116 134
126 182
93 202
199 578
32 677
105 508
70 586
133 753
56 312
9 114
194 192
150 2
164 274
17 675
188 889
74 609
135 955
189 293
147 898
164 307
47 709
91 52
63 951
13 181
115 655
56 390
66 95
204 349
117 158
34 280
70 30
200 86
205 190
132 991
88 904
15 999
70 692
87 583
28 164
209 676
47 326
72 150
199 989
203 923
165 480
147 769
81 426
106 727
76 8
152 605
144 86
125 383
49 411
26 718
80 152
191 727
165 676
72 786
171 859
5 732
83 738
15 557
109 997
118 651
187 738
103 870
124 163
33 145
203 744
159 471
207 67
110 44
141 738
104 168
113 296
138 80
115 772
198 285
187 192
44 130
183 307
92 18
21 792
28 839
20 269
195 884
80 869
155 701
66 86
155 834
116 188
125 40
136 940
64 647
85 810
33 997
190 683
4 25
22 468
111 737
93 25
64 501
50 918
76 73
81 970
175 135
28 255
36 475
46 852
121 525
164 659
85 386
136 499
173 964
183 231
18 477
84 180
167 760
168 391
43 752
105 789
185 711
132 386
156 697
149 379
95 38
200 491
95 91
146 298
105 641
71 353
167 349
119 479
162 791
133 383
57 83
60 864
171 827
126 308
32 306
94 449
171 442
85 123
35 399
180 24
151 251
153 194
65 312
15 873
122 705
52 326
87 769
181 1
71 513
23 925
65 535
178 830
97 306
12 562
6 535
99 773
191 559
165 587
51 726
31 434
88 590
39 21
30 170
22 706
22 307
141 669
168 751
137 931
139 580
17 384
83 882
52 537
73 190
142 803
38 808
19 986
68 358
21 491
61 614
176 754
157 232
204 188
40 90
188 967
150 931
207 949
53 80
168 757
96 769
67 786
31 221
27 138
172 10
137 280
77 790
95 418
118 665
9 67
184 552
134 298
173 124
14 130
60 257
61 728
101 143
79 888
152 197
189 25
66 913
44 756
198 761
179 656
2 925
26 201
116 682
149 829
21 24
189 422
87 357
26 379
75 97
79 870
116 240
102 495
62 291
51 279
175 351
140 966
63 844
28 639
103 319
181 934
134 880
149 489
138 125
26 852
154 837
181 203
186 822
54 100
149 536
113 194
190 304
114 884
178 494
29 867
129 399
68 591
54 595
85 75
206 832
74 981
149 701
1 31
63 560
75 233
136 457
156 692
149 492
160 240
3 451
199 503
141 74
40 736
103 185
19 685
41 246
9 389
38 320
31 483
86 389
110 564
140 765
62 493
21 948
209 300
203 132
122 74
54 97
64 159
39 835
165 854
151 239
69 276
43 719
19 397
130 173
75 552
110 652
136 854
165 495
68 302
53 632
156 484
193 611
154 142
97 976
152 46
179 28
46 651
170 872
158 511
37 769
65 306
166 102
50 478
17 966
4 465
203 703
28 998
175 544
59 156
148 704
92 421
84 884
149 136
103 181
194 800
173 216
112 155
72 868
40 700
47 391
107 314
154 978
62 743
161 360
91 273
27 83
194 140
105 551
127 757
32 61
55 257
172 650
205 468
81 509
141 523
93 508
192 195
90 23
56 39
57 460
169 413
129 730
57 994
127 526
8 178
132 201
123 256
167 15
164 828
11 201
132 568
137 556
13 115
24 552
85 982
4 811
103 681
104 995
121 911
86 167
3 213
175 871
120 527
162 375
135 780
42 257
171 365
95 95
93 114
208 693
179 565
93 765
167 716
27 648
114 835
25 268
83 872
107 225
87 614
7 315
14 890
97 355
161 137
194 190
45 280
109 684
42 946
76 770
62 942
94 49
150 255
125 957
207 194
1 414
158 155
1 562
156 264
110 41
52 940
125 160
17 438
36 375
101 343
131 259
199 856
158 668
59 450
68 416
171 283
167 366
96 120
195 100
94 205
85 90
185 903
196 85
17 27
43 629
17 500
131 351
25 848
83 163
108 564
18 887
60 324
170 898
10 260
30 154
202 866
5 151
14 768
189 365
24 63
2 230
35 359
81 934
71 48
72 941
193 429
134 609
23 868
69 41
59 743
36 955
54 157
97 574
22 777
86 441
84 210
40 499
54 690
11 688
104 680
98 826
136 262
33 910
113 187
159 459
101 393
111 855
121 552
196 577
164 410
66 392
156 429
67 354
101 188
104 638
111 262
56 363
117 5
104 838
105 601
61 880
115 939
181 974
196 954
21 575
14 593
101 818
70 247
193 413
108 453
195 839
90 300
38 879
105 149
6 210
28 94
137 761
18 52
136 232
56 955
42 345
133 472
6 903
202 264
31 859
81 966
126 355
59 673
127 782
119 867
179 921
188 91
28 517
52 116
6 294
10 884
191 237
79 310
186 848
167 296
113 997
127 398
22 794
23 445
68 320
129 417
176 731
158 351
170 268
92 115
87 207
101 636
1 965
119 371
42 339
123 488
99 810
129 909
110 725
31 872
90 422
160 997
31 80
98 530
151 438
179 762
83 83
142 707
31 89
8 120
192 386
46 359
79 338
202 275
35 27
30 755
46 462
161 114
116 937
80 373
39 148
72 312
73 27
52 593
146 551
149 67
170 909
5 365
146 845
198 569
192 476
157 741
200 114
30 509
73 237
70 327
12 517
52 781
14 374
60 839
121 193
167 398
125 530
29 410
24 939
71 77
95 680
54 574
55 546
4 536
114 212
74 144
63 937
40 490
164 340
7 796
178 174
94 273
113 235
71 943
6 621
163 122
42 48
168 631
171 484
38 969
150 887
170 712
200 960
31 21
181 5
103 872
44 886
47 426
6 775
85 51
148 218
147 517
193 203
45 590
150 986
59 203
26 924
54 336
200 555
82 528
114 225
122 643
49 73
27 699
120 311
185 774
125 122
174 263
169 257
4 237
21 387
78 259
1 685
113 230
188 393
103 826
59 977
29 294
181 176
36 643
130 137
70 936
57 254
100 913
156 50
184 940
176 695
56 866
57 634
47 28
120 746
125 780
69 516
46 663
38 306
63 210
84 911
85 762
108 132
119 266
111 95
203 833
35 663
136 177
114 41
172 826
5 790
190 636
115 730
122 513
65 423
184 633
176 592
54 11
6 318
177 571
143 143
190 430
157 250
203 663
169 932
174 574
149 606
170 924
201 828
116 361
16 775
13 22
43 236
121 555
136 644
91 618
95 490
73 186
151 264
140 589
42 882
136 10
154 792
71 468
145 377
207 256
129 443
14 323
139 388
25 514
103 244
19 665
7 392
118 429
96 561
159 913
104 219
19 925
131 623
192 274
33 929
77 487
202 178
38 479
107 335
107 585
182 592
138 751
78 34
63 591
49 350
37 85
67 967
189 135
190 40
9 712
195 188
170 213
197 748
178 979
100 517
17 191
91 599
30 332
196 855
140 73
95 189
15 16
123 871
193 441
76 12
80 413
30 322
75 107
61 817
104 30
23 550
23 260
104 417
162 137
152 495
85 34
200 304
109 779
129 42
133 129
190 20
80 489
45 492
55 647
118 602
31 256
145 707
178 817
87 366
8 165
54 618
72 930
186 119
76 316
142 704
33 345
144 647
39 60
190 625
56 795
197 542
153 49
170 354
88 516
27 55
104 616
8 817
129 90
47 80
83 517
77 354
30 929
108 118
36 559
174 81
82 62
144 21
199 89
154 702
2 543
20 563
10 858
57 603
182 80
116 605
101 685
70 438
167 271
101 407
11 657
117 485
112 329
194 616
160 761
93 588
99 177
97 610
20 499
75 744
173 582
44 509
108 821
131 590
154 885
188 388
91 178
111 940
126 418
120 125
79 32
61 469
133 459
118 581
146 724
14 344
192 428
50 128
93 947
68 569
116 682
69 172
172 250
92 702
208 843
90 86
135 982
90 466
122 147
208 163
102 652
108 676
206 696
66 71
111 289
52 624
68 158
159 872
33 938
104 771
47 291
76 290
136 148
187 122
121 843
180 4
126 684
157 227
179 652
92 905
194 694
120 978
209 674
85 526
170 985
152 387
172 570
178 290
142 969
146 142
39 778
197 520
90 2
172 813
1 447
13 390
87 19
98 838
95 869
152 472
47 783
23 975
104 129
141 348
155 573
20 780
187 801
112 71
94 328
111 866
162 425
98 750
136 350
101 791
7 487
43 5
172 565
29 486
77 143
45 418
155 8
3 342
159 486
49 250
187 37
155 35
186 370
182 393
145 417
112 474
176 728
26 118
167 537
84 16
56 420
80 827
125 770
67 987
176 307
82 480
122 209
10 799
137 571
103 264
72 363
144 761
183 856
79 513
65 589
9 94
154 176
209 112
150 332
198 179
177 599
57 897
72 221
39 22
28 195
181 954
170 933
65 323
83 784
43 960
109 376
177 327
178 892
28 24
13 197
33 871
145 939
73 654
208 336
22 120
47 842
22 816
175 981
36 792
61 215
55 698
107 147
5 643
206 255
38 354
150 253
169 302
77 669
110 245
49 650
148 382
115 649
119 88
130 477
11 16
116 510
183 359
77 708
205 594
194 241
25 897
135 541
201 248
5 679
108 24
111 339
125 543
42 54
5 172
79 492
161 564
84 259
111 520
81 509
10 477
109 994
56 738
159 388
179 317
109 937
20 535
88 52
172 99
206 523
136 731
142 491
95 931
136 712
150 980
99 878
134 10
129 291
207 591
93 138
50 550
165 905
77 848
204 883
56 18
190 304
63 781
183 480
101 189
37 380
110 267
63 733
202 299
139 570
87 567
119 319
180 738
68 545
148 981
7 946
1 581
168 363
47 947
177 133
44 227
200 703
29 957
132 108
150 208
204 426
116 234
73 803
188 297
77 983
83 37
114 713
31 571
153 910
89 772
95 73
97 11
30 562
157 307
93 682
125 351
165 760
31 416
134 279
132 923
45 974
208 360
205 70
21 748
152 352
135 80
124 581
115 991
174 267
159 684
62 735
27 786
206 997
12 18
20 418
157 808
115 891
85 190
96 675
114 408
108 153
10 47
120 991
200 262
93 372
120 104
149 483
97 704
111 250
79 239
29 772
135 281
52 472
188 688
179 231
52 696
164 105
75 657
189 281
116 49
1 773
176 991
208 359
121 665
111 286
72 535
77 566
6 333
131 116
91 677
156 786
3 403
162 689
34 839
105 722
134 215
140 564
176 450
197 858
143 86
159 410
182 442
191 398
35 437
94 911
187 173
45 989
50 353
207 944
22 752
57 675
191 720
147 155
17 176
64 44
93 397
3 924
53 137
103 374
135 807
147 713
103 873
20 703
49 906
21 622
194 540
174 930
39 188
14 793
162 425
169 677
84 864
38 590
6 683
92 390
4 253
69 419
150 680
108 456
176 63
158 684
9 428
16 241
11 339
42 54
3 605
189 894
46 407
144 247
61 456
84 676
158 46
94 196
152 698
50 352
9 367
161 1000
161 111
189 15
51 62
145 499
3 213
146 414
193 512
58 584
142 520
50 58
49 370
153 180
171 807
54 176
155 554
68 308
50 533
55 708
10 508
93 375
107 968
20 133
86 637
110 407
77 228
88 663
59 730
156 331
4 463
100 335
154 872
154 968
181 446
94 833
165 781
184 186
81 638
110 492
41 909
160 542
11 339
44 115
141 813
173 690
68 467
127 317
47 978
197 66
5 771
66 237
115 729
25 308
135 727
199 313
116 80
9 476
138 53
138 247
72 907
62 712
91 994
156 810
68 495
23 308
94 522
67 344
145 121
17 317
203 300
37 630
206 543
86 305
198 307
1 409
91 180
48 821
156 916
159 238
185 927
55 69
93 309
12 482
62 92
64 246
199 740
98 170
138 96
140 86
95 619
147 243
161 921
140 41
100 882
177 394
37 26
28 357
182 772
58 908
84 354
182 486
136 95
129 134
147 733
74 682
48 775
134 765
139 617
139 101
3 370
169 573
33 457
209 932
208 629
200 125
165 292
34 661
36 669
99 721
103 558
153 341
63 518
156 941
203 164
13 344
197 470
182 400
184 3
116 555
139 482
80 781
139 88
70 108
24 487
68 978
198 609
199 607
53 849
62 829
1 986
202 386
46 46
203 145
159 48
47 793
135 282
38 284
23 872
137 90
176 355
32 260
5 488
68 137
189 894
113 660
66 916
87 507
164 552
14 994
164 344
158 166
173 797
195 387
132 596
207 199
200 595
207 604
71 778
36 58
134 183
15 458
103 816
70 668
50 190
2 522
47 452
68 11
29 252
87 865
191 938
189 403
45 439
61 412
133 607
181 842
162 803
4 800
170 56
25 84
26 967
80 993
29 859
161 414
66 942
53 598
26 220
42 583
142 381
205 395
206 616
4 113
94 59
170 124
18 284
157 947
197 451
24 800
110 557
31 489
190 971
71 434
194 241
72 609
160 471
131 737
14 539
16 376
156 102
76 80
204 418
137 89
40 130
98 438
75 250
35 260
149 179
33 846
198 441
18 435
127 20
110 934
137 386
9 949
68 683
152 772
141 300
141 535
62 741
131 523
166 323
156 37
187 703
51 65
89 148
167 853
164 93
185 635
138 853
10 99
156 701
35 782
22 913
70 284
80 203
48 71
138 583
124 62
123 549
113 963
70 235
58 197
49 992
122 959
91 474
135 839
197 241
106 736
28 914
20 384
142 644
191 395
25 606
82 894
178 207
176 460
164 925
147 149
53 15
117 594
67 211
185 194
42 809
140 73
73 469
121 827
65 689
145 669
89 336
53 757
59 85
14 613
151 842
94 252
88 281
164 964
178 991
81 309
139 620
170 993
190 364
131 454
136 105
25 359
44 598
53 635
187 453
188 117
50 739
21 410
149 615
155 782
83 502
107 847
181 562
135 544
52 158
111 304
25 180
95 849
1 543
65 185
106 641
181 436
115 334
179 112
187 631
130 343
132 777
56 825
92 763
99 855
209 787
111 17
141 786
94 113
53 979
53 774
52 352
11 34
121 517
98 708
206 3
27 839
121 854
117 249
27 768
117 333
35 340
11 186
46 603
126 225
170 643
107 538
48 354
41 464
36 775
99 800
121 970
28 831
82 951
189 593
10 184
4 866
65 696
54 305
119 488
48 616
91 101
12 110
95 8
185 157
90 469
68 796
76 925
11 373
32 596
118 464
185 699
55 175
182 287
166 112
43 256
171 358
78 683
145 656
100 361
78 769
149 14
178 438
67 938
146 347
84 3
31 663
89 585
103 67
47 865
208 142
148 987
157 956
58 596
204 434
88 653
68 204
27 129
178 744
91 739
134 136
27 574
179 596
75 763
79 726
206 727
46 972
157 114
86 33
60 657
87 828
16 340
78 199
5 441
206 417
7 127
206 109
89 340
59 649
84 352
174 720
53 7
202 872
163 771
205 973
54 424
16 332
32 959
76 921
41 859
47 33
137 990
98 177
173 389
46 925
91 360
172 625
162 772
31 820
64 976
36 864
183 563
85 524
100 420
80 18
146 1
193 193
21 329
164 763
115 50
99 80
28 123
3 922
121 379
156 519
151 585
82 603
148 393
50 619
112 189
53 986
34 954
78 576
186 407
35 574
197 345
22 131
56 546
24 266
22 469
184 26
157 324
162 468
140 139
27 137
75 658
81 394
103 262
6 86
122 560
142 271
197 316
133 645
198 468
112 873
61 731
162 363
178 635
23 886
150 31
89 582
118 545
131 593
180 973
43 547
26 388
68 192
138 251
11 638
33 641
164 1000
112 708
126 380
112 837
4 558
113 447
25 955
69 340
60 111
152 736
23 447
41 572
73 640
130 684
131 190
25 786
153 686
209 25
34 772
66 378
1 245
150 562
47 311
78 450
194 892
156 302
13 331
194 375
163 383
68 705
163 46
100 205
42 435
55 664
77 748
58 714
46 908
177 577
3 810
12 523
101 33
62 591
158 14
11 317
16 93
62 353
204 501
38 876
166 719
88 195
13 114
99 774
90 274
180 874
34 517
28 672
174 541
92 828
24 544
168 734
194 843
5 284
63 51
203 926
169 466
175 945
90 608
23 917
11 552
74 215
78 710
201 992
90 96
192 699
7 66
167 883
5 376
193 475
198 192
96 52
90 357
207 346
54 693
137 207
146 188
202 783
201 607
118 259
197 946
40 262
60 259
150 779
85 732
98 876
62 93
3 196
37 135
98 911
102 962
34 333
192 576
103 947
29 680
194 953
6 972
154 796
56 147
134 14
77 296
38 489
153 280
183 72
49 144
184 647
100 534
96 262
18 171
27 801
99 775
189 34
197 469
11 686
142 178
70 884
128 930
86 482
132 492
128 799
188 145
86 122
75 208
127 66
179 677
41 427
52 382
138 295
182 293
175 779
126 377
64 646
106 740
134 581
126 990
49 378
33 664
22 976
165 347
172 665
31 607
199 208
168 468
168 711
173 892
168 643
194 910
47 155
62 733
121 644
190 191
161 8
42 295
180 762
112 444
164 987
44 392
176 753
51 489
80 131
144 395
67 358
119 435
6 235
30 166
195 478
188 720
177 552
76 414
64 839
30 197
107 353
175 400
96 508
30 981
65 553
140 409
92 52
11 960
38 134
178 37
127 675
62 456
9 245
86 715
19 575
121 301
142 498
184 719
135 579
146 961
111 195
98 630
126 102
177 227
116 13
117 572
134 644
56 304
131 12
6 368
100 170
157 44
6 678
161 613
147 5
192 156
38 448
198 522
188 539
36 318
207 422
70 234
32 536
105 254
9 191
80 412
62 904
156 602
196 502
176 747
196 675
62 22
182 40
124 46
129 635
71 592
55 308
109 752
110 735
131 660
33 661
35 351
126 650
208 656
206 640
139 800
168 691
53 648
3 236
92 96
108 686
115 441
64 884
175 349
131 1
191 433
206 550
42 402
53 423
104 269
12 598
154 141
191 39
191 464
4 691
15 331
63 197
197 882
159 767
72 57
174 518
15 918
1 946
4 371
78 768
80 73
