1000 1000
999 24
41 984
46 262
807 96
197 29
552 692
119 247
513 338
972 286
629 700
975 983
24 737
984 554
60 924
563 971
304 884
696 196
844 611
305 729
110 720
62 754
216 685
508 916
495 825
946 816
414 486
83 515
737 732
262 557
586 389
545 146
648 415
938 364
187 93
885 30
873 758
985 650
108 596
570 397
602 543
832 198
652 520
967 130
495 646
670 211
430 708
872 468
381 793
965 631
968 478
82 7
554 172
293 14
847 908
802 752
786 932
681 886
927 665
565 533
307 639
558 172
150 603
872 873
816 802
826 933
98 111
312 403
784 441
178 701
486 642
347 255
840 825
786 514
360 569
884 547
731 384
384 945
572 561
785 402
856 290
456 630
33 511
16 595
980 85
984 360
130 448
5 714
714 293
613 625
46 24
556 820
689 80
243 17
408 326
764 630
934 162
24 995
813 230
609 173
292 304
408 629
756 588
280 735
890 432
153 964
921 7
102 232
805 631
679 116
840 675
320 909
704 569
936 227
167 460
483 467
938 539
513 926
203 657
668 152
16 923
862 961
809 701
409 423
781 749
37 66
886 214
365 639
104 447
498 166
270 98
758 388
893 757
467 146
103 180
458 972
482 133
732 82
959 490
477 394
459 835
171 772
889 457
531 917
637 252
653 389
522 966
819 9
526 790
870 273
65 495
745 795
554 166
148 430
249 815
834 760
350 216
579 177
609 660
843 94
760 305
129 190
548 802
401 56
507 439
275 668
936 360
961 325
719 630
133 598
378 946
505 9
902 556
828 761
894 797
76 306
695 349
295 379
907 854
96 643
862 766
56 241
956 393
411 299
673 998
231 96
455 357
344 110
108 551
871 861
353 798
22 993
220 896
765 732
367 336
89 297
902 981
952 259
389 258
582 76
152 116
754 926
378 767
401 630
22 242
507 99
177 966
865 628
102 738
517 567
56 978
978 675
764 548
344 959
956 537
58 480
797 178
687 695
841 657
468 241
695 779
336 373
526 253
574 153
797 996
455 86
390 283
421 183
414 321
601 142
31 640
391 104
247 112
93 243
71 873
599 167
588 597
206 954
576 451
12 834
418 989
153 664
866 947
474 807
862 534
404 121
785 894
325 842
646 444
652 683
17 585
140 400
302 525
285 571
584 969
699 295
652 101
53 205
339 19
559 50
764 762
904 247
983 732
973 560
763 152
468 574
776 721
90 149
62 884
558 422
405 22
51 414
483 388
522 374
881 794
302 601
310 957
510 744
714 832
366 97
212 731
382 52
597 327
817 581
851 291
360 165
623 258
301 137
327 675
336 49
805 672
334 58
110 671
524 53
211 364
952 870
43 501
257 997
31 389
42 232
237 81
51 767
311 438
304 535
25 49
816 424
349 765
567 191
490 953
356 29
881 559
516 941
455 479
13 250
743 978
908 711
933 959
440 709
907 593
740 617
144 878
177 282
171 138
737 687
29 178
5 424
469 202
969 512
161 799
339 258
187 734
535 793
82 395
925 318
733 299
633 477
356 627
67 664
279 78
469 27
324 538
144 550
181 379
455 335
376 111
937 573
733 25
539 846
820 287
620 657
892 196
928 573
645 502
118 497
775 121
354 441
785 922
419 808
867 484
6 992
412 79
457 59
364 612
385 966
27 130
692 521
569 148
512 448
780 961
386 557
61 539
424 195
210 912
416 308
494 172
638 677
477 237
442 125
497 630
600 625
847 445
358 227
482 436
433 438
639 611
104 420
392 780
439 696
858 558
14 28
6 260
304 629
107 427
709 266
210 15
16 872
809 678
41 689
105 643
155 48
240 677
935 286
120 421
192 473
670 124
453 80
596 610
483 736
39 600
872 698
609 479
753 826
648 359
61 482
709 385
903 909
111 869
72 572
958 741
498 796
616 64
598 654
879 584
255 958
216 188
757 805
133 415
924 623
612 391
450 14
447 591
260 893
466 469
65 565
352 549
733 963
231 156
304 120
671 101
133 664
934 296
899 916
327 846
31 552
542 150
808 789
870 532
250 448
771 452
476 217
264 459
202 757
91 767
675 901
996 530
819 989
362 115
451 974
613 812
652 900
989 197
264 8
193 640
633 319
529 579
720 121
110 833
559 387
868 841
455 437
678 517
787 549
450 525
763 435
753 10
611 595
665 947
449 974
211 819
290 408
69 456
789 19
192 502
158 243
619 378
413 313
854 48
645 33
808 606
893 707
306 294
866 381
26 144
91 247
529 157
876 878
637 981
356 185
440 666
742 383
967 699
372 480
27 330
983 239
779 750
368 583
689 250
627 770
568 356
527 11
669 111
511 838
515 625
219 603
597 262
104 830
184 779
924 418
206 44
355 993
516 638
621 142
260 605
445 811
116 608
787 987
614 864
379 905
54 93
797 671
951 81
915 585
414 754
293 911
637 132
72 574
154 933
483 728
629 360
632 327
221 155
361 814
220 280
241 544
638 791
391 351
926 195
511 606
242 665
776 768
602 596
870 791
308 483
249 69
603 817
829 550
204 381
281 132
903 712
696 498
980 417
834 458
891 820
148 215
771 494
68 515
772 403
118 555
213 521
666 166
454 98
579 841
39 446
81 405
184 463
496 928
255 506
15 672
125 277
818 867
785 139
209 50
467 882
742 209
290 70
11 329
983 715
66 423
624 343
403 402
726 596
777 136
303 651
453 354
972 596
738 139
460 496
303 173
536 223
624 900
269 922
382 496
157 882
754 568
774 790
446 610
425 714
844 780
132 187
212 598
873 387
107 581
901 747
535 154
738 348
900 889
981 805
570 259
48 217
60 340
737 838
466 861
729 830
200 427
375 769
301 254
459 458
21 267
803 974
552 235
297 296
256 82
82 768
575 720
664 599
119 243
546 876
607 748
759 498
957 549
447 440
719 961
234 407
312 276
742 696
738 383
341 804
326 326
892 105
709 249
382 4
859 30
487 377
574 965
650 29
443 115
436 13
42 424
6 4
677 73
158 553
165 398
974 110
909 181
44 962
509 109
113 952
264 796
706 966
974 794
666 863
579 516
422 698
6 682
439 984
283 120
252 673
938 193
373 368
221 631
73 731
166 661
497 756
110 598
35 234
263 562
392 673
196 240
310 549
436 455
646 147
954 211
447 513
423 551
369 561
63 741
947 474
472 7
286 151
822 450
816 318
978 294
930 753
286 311
18 257
474 551
42 934
627 457
383 48
326 536
587 818
233 934
171 225
811 933
41 377
919 98
587 984
765 156
930 841
697 762
444 787
762 434
107 296
652 563
124 598
743 548
265 465
549 634
471 919
880 102
25 130
882 317
291 690
330 214
887 649
46 560
284 685
764 513
346 745
447 599
599 588
24 971
941 920
75 250
897 348
998 467
926 851
757 459
80 739
249 131
530 455
252 281
80 142
118 299
829 65
843 959
431 160
187 222
942 142
617 652
65 57
885 810
296 3
10 693
59 148
344 772
785 101
467 997
994 614
74 560
302 977
161 91
252 20
871 316
92 435
113 602
485 125
325 853
920 266
328 137
882 995
553 96
478 866
843 316
985 21
559 857
645 335
1000 553
654 816
261 854
968 784
66 75
479 544
503 755
453 529
919 705
231 842
179 766
777 878
669 215
830 916
469 404
64 774
607 139
782 282
347 306
185 500
676 440
630 34
298 661
655 526
112 701
226 248
526 889
536 354
816 997
567 514
237 75
25 251
289 991
971 924
443 858
343 767
432 568
378 651
182 89
334 755
930 131
425 125
594 406
813 548
628 719
750 671
486 758
119 423
331 48
909 885
564 669
602 609
92 115
891 92
971 609
659 39
613 837
430 730
80 863
815 590
401 891
362 379
8 915
482 179
863 811
484 997
87 563
578 619
626 169
146 636
370 316
45 235
49 466
208 758
199 563
382 320
664 923
507 87
155 956
379 534
524 754
721 252
10 213
944 204
354 650
14 67
842 898
420 893
967 914
839 361
919 250
530 368
360 598
674 130
55 784
248 929
194 627
747 163
335 402
707 684
530 271
95 122
451 948
576 287
797 606
548 507
865 268
12 640
561 492
670 948
669 375
219 858
609 49
762 849
901 138
36 267
4 47
198 632
470 249
762 417
918 172
238 965
892 282
547 439
11 126
351 301
460 26
228 923
586 409
758 750
892 93
513 562
599 778
377 797
745 497
753 289
671 142
445 902
280 27
959 541
375 899
397 910
756 871
257 835
572 629
848 987
949 267
564 568
723 560
762 737
678 412
677 33
577 100
153 302
965 935
584 211
316 419
609 158
646 544
756 882
575 963
327 990
295 133
116 829
377 242
80 476
620 179
486 240
949 140
386 445
35 942
127 935
634 358
98 405
633 252
884 297
356 734
555 737
930 786
761 305
583 679
508 143
356 221
117 334
82 456
345 452
75 833
195 835
881 357
856 659
677 36
769 383
25 923
484 292
182 363
612 453
503 615
445 809
796 458
921 3
73 823
973 185
188 935
388 806
346 815
899 201
450 759
955 740
672 652
859 749
740 390
412 736
729 115
651 947
