1000 1000
294 642
514 920
464 985
878 143
270 256
818 305
196 940
164 950
377 493
267 600
152 527
919 702
699 669
857 10
651 121
902 131
465 174
832 908
681 159
101 603
578 948
494 427
943 132
465 298
968 14
120 420
610 183
232 214
931 895
899 595
175 587
30 915
182 461
580 911
491 479
537 206
22 756
151 116
131 816
940 349
705 306
34 822
133 321
143 541
836 676
586 84
964 81
236 402
563 7
28 625
310 43
418 185
724 375
861 532
433 806
629 704
916 986
210 144
656 663
18 83
999 789
855 972
954 209
823 64
170 564
747 547
731 899
40 539
211 725
897 547
824 744
874 938
15 13
679 698
934 823
747 337
115 984
409 339
850 357
511 350
258 957
878 860
113 885
779 333
572 111
601 562
880 598
877 235
236 403
681 138
692 100
801 886
40 752
825 89
202 148
125 882
684 969
503 732
424 611
132 349
174 635
423 1000
433 22
357 20
114 629
664 378
772 707
885 242
406 114
533 767
748 150
807 638
775 840
900 420
160 476
522 717
865 763
314 421
932 162
171 971
153 473
468 929
413 702
885 118
198 927
951 564
360 963
295 514
714 106
415 346
130 8
21 892
557 486
619 794
696 905
437 354
314 761
822 919
71 995
971 696
238 960
998 256
420 500
180 4
960 456
784 216
332 816
502 283
674 525
632 486
693 884
733 184
660 429
149 541
914 117
606 98
521 972
282 771
794 728
831 550
126 40
501 381
496 970
68 432
993 990
491 633
891 761
370 70
711 795
393 282
327 49
823 524
796 779
620 286
105 55
919 607
838 781
408 50
382 536
47 725
905 659
68 571
803 146
196 378
307 781
939 590
637 569
228 484
824 110
995 424
633 874
331 575
903 516
576 390
596 186
407 521
738 651
153 844
892 86
868 118
928 874
41 441
476 548
959 436
166 652
263 537
699 967
814 311
905 878
830 368
460 62
661 788
597 271
988 813
670 301
489 897
943 122
661 436
53 2
271 627
85 773
576 321
901 704
237 422
484 460
256 163
933 470
735 607
64 22
52 69
441 248
611 924
279 157
79 709
846 859
573 657
790 425
911 241
481 732
714 988
145 733
96 796
624 993
55 729
541 327
993 452
54 862
42 909
313 388
925 494
177 168
711 774
423 457
962 352
319 172
884 561
871 274
29 277
731 623
661 170
580 341
683 771
596 711
807 854
819 646
681 671
205 240
399 779
130 827
611 990
381 463
387 909
510 569
576 365
256 809
575 506
491 389
915 153
91 907
705 478
463 779
386 910
571 643
516 463
358 777
946 995
237 748
119 113
134 580
631 708
174 453
55 178
716 65
376 374
275 915
568 950
828 540
992 749
937 313
391 194
932 211
429 208
166 766
841 172
72 546
852 146
45 341
20 577
758 760
746 226
885 509
652 164
458 488
44 251
193 475
694 485
778 111
158 396
904 338
672 782
715 580
294 448
702 929
630 999
865 98
249 589
848 932
670 554
130 655
220 705
203 88
123 606
762 103
940 215
460 426
84 464
695 488
910 717
928 647
262 372
957 295
150 864
76 221
996 903
362 33
818 573
621 976
365 767
155 154
319 801
344 629
398 257
764 248
386 897
291 969
274 745
579 920
352 786
97 465
992 460
204 534
333 945
273 243
229 208
117 904
128 667
742 219
836 289
891 27
700 924
975 822
28 476
370 180
751 715
240 17
386 272
16 735
174 124
70 330
833 775
305 482
486 332
854 204
768 848
195 994
611 311
837 630
940 695
578 939
52 84
416 148
296 730
708 331
940 798
20 956
171 462
318 351
521 92
470 233
946 871
244 163
488 297
515 346
128 626
780 309
365 43
313 123
356 909
458 970
703 320
19 337
530 700
388 159
945 19
552 913
688 388
966 584
633 330
467 304
194 851
534 811
460 498
955 308
173 510
329 613
591 817
852 849
591 585
427 634
287 786
67 532
324 257
130 152
624 739
341 130
473 364
162 964
704 745
839 89
76 159
713 498
84 25
62 365
184 13
452 665
849 832
447 851
701 262
919 291
852 146
743 768
37 764
752 896
106 382
316 265
919 446
291 787
807 928
209 476
799 345
662 154
617 205
765 364
67 561
637 570
189 465
627 400
647 188
950 407
360 603
266 60
992 694
342 616
327 142
774 534
947 580
641 671
463 97
283 865
622 308
949 108
60 879
96 628
134 642
886 58
244 367
241 499
358 596
450 479
284 460
867 427
277 718
197 736
505 45
363 521
711 886
325 649
664 133
86 483
666 456
559 64
853 10
410 581
241 474
783 738
743 713
906 804
915 40
443 699
265 479
229 309
101 759
359 393
417 954
790 517
107 941
721 313
804 477
980 170
370 591
214 16
671 782
842 112
703 8
74 58
958 234
103 244
768 584
618 477
391 101
575 251
145 409
156 334
928 806
839 42
456 643
461 729
612 753
884 671
113 160
98 580
552 67
75 246
777 760
927 812
451 121
489 668
357 517
241 989
72 279
795 334
571 854
166 189
846 844
630 625
447 808
723 409
928 580
328 971
302 551
804 990
308 643
924 776
830 376
847 112
151 96
641 533
259 993
481 621
813 102
802 535
947 574
902 714
461 115
694 747
945 845
747 643
514 197
17 543
748 58
382 518
754 111
904 231
809 731
420 672
322 79
184 320
195 580
57 126
287 131
710 599
209 218
851 548
861 982
271 953
992 515
599 728
715 118
312 828
692 988
553 550
508 440
494 996
362 209
727 693
950 1
670 838
111 895
117 64
742 86
206 935
857 644
777 204
305 332
73 844
348 548
615 880
195 712
934 443
533 261
477 287
947 375
856 152
610 611
39 327
908 229
54 696
471 516
36 316
780 761
180 200
617 204
390 389
312 655
967 422
270 728
516 269
860 267
476 501
370 662
179 617
303 740
936 844
938 219
424 751
28 406
392 711
676 123
839 669
313 685
209 972
203 931
213 981
395 583
912 382
903 873
936 191
791 626
106 68
650 417
765 102
754 673
909 354
115 129
321 720
824 115
676 173
479 557
695 633
256 179
270 794
617 731
359 424
373 343
878 487
968 879
68 464
597 404
259 295
808 406
900 14
901 799
121 417
647 806
91 345
265 845
877 185
329 908
431 668
920 764
804 621
251 932
148 356
221 438
523 960
635 379
408 600
94 75
159 329
693 903
703 315
712 183
277 852
286 612
191 531
960 615
330 246
643 792
13 45
442 800
220 60
330 815
493 901
677 263
806 716
584 206
477 873
764 728
943 497
600 795
818 478
237 930
458 234
113 859
376 32
325 105
558 11
743 242
836 61
289 73
438 618
96 645
356 434
429 617
721 362
408 122
893 131
224 92
187 874
68 438
723 367
285 513
713 486
929 684
156 489
34 491
488 595
69 468
365 182
12 264
533 783
820 552
738 861
112 30
861 341
212 383
504 209
314 976
350 700
73 62
453 695
161 644
651 480
696 185
814 750
448 447
139 6
670 558
400 937
573 574
33 371
401 208
270 46
237 822
60 405
221 951
312 633
692 396
47 56
328 806
193 305
585 917
785 841
989 538
151 313
95 446
830 381
355 945
206 398
412 396
995 737
943 655
244 927
477 116
413 563
909 154
453 159
679 811
353 727
906 110
167 427
175 869
428 586
843 608
487 162
817 657
195 353
430 374
953 727
675 867
683 297
159 389
754 472
875 335
402 832
180 129
105 929
876 828
723 2
912 423
801 705
771 461
877 404
618 965
375 411
519 65
571 483
695 919
369 748
939 147
940 148
874 603
260 195
782 26
756 269
251 309
524 195
227 953
160 66
316 163
103 810
416 30
236 944
628 977
721 604
289 214
135 636
399 309
352 215
837 191
894 331
890 3
800 224
127 860
852 955
371 64
463 316
310 739
575 264
30 818
914 855
773 833
484 735
536 437
533 399
890 59
305 501
351 63
422 561
817 854
25 664
471 917
441 953
113 767
819 379
725 530
700 574
757 122
586 981
263 429
964 658
139 870
269 682
121 115
365 757
73 591
816 575
768 240
325 90
681 602
544 546
658 370
1000 47
443 403
225 791
107 213
820 641
27 689
890 506
520 854
957 436
757 503
176 546
271 75
401 342
767 100
70 988
20 544
325 36
126 555
226 155
212 723
549 202
343 539
321 198
829 848
119 542
303 327
321 529
667 749
575 669
434 149
397 329
963 974
571 108
846 915
444 147
170 369
359 855
985 876
553 245
646 922
9 116
734 718
843 546
404 503
486 624
962 334
150 185
783 436
282 151
484 721
527 70
630 190
235 959
711 76
187 711
213 187
421 261
74 324
895 855
666 647
510 158
616 878
152 229
993 768
187 942
23 335
899 117
239 810
144 403
196 164
789 980
802 627
139 25
299 674
316 943
166 95
696 583
19 782
755 948
32 492
493 216
495 156
408 366
549 438
614 993
805 843
353 812
299 682
713 633
474 983
842 203
862 38
131 683
939 548
439 78
492 223
32 213
572 153
975 715
89 345
837 755
475 73
6 840
754 417
393 451
278 987
249 633
204 141
