1000 1000
727 10
536 538
309 163
5 481
364 933
943 972
231 84
33 139
118 552
319 879
140 559
182 519
98 393
887 630
554 435
696 674
716 645
690 135
708 188
172 834
946 288
646 311
872 623
727 860
984 873
888 219
748 177
287 644
324 98
917 200
516 824
72 519
626 795
602 675
300 48
960 339
641 799
307 561
139 182
451 28
963 516
591 895
93 167
614 224
175 975
425 426
639 472
542 531
186 396
455 343
334 463
545 683
409 873
494 131
775 800
971 844
128 371
330 354
143 752
305 316
804 502
866 491
843 708
809 503
403 321
577 978
160 785
831 42
74 70
333 259
116 829
417 587
901 965
275 829
498 140
826 335
818 177
200 619
361 675
138 201
974 960
385 412
236 47
907 465
949 527
114 91
258 397
572 377
132 642
841 750
271 323
553 721
529 104
763 395
80 365
767 667
873 403
29 197
809 664
588 198
872 83
852 82
529 809
532 511
812 131
797 359
37 741
740 978
538 705
220 985
960 882
682 788
822 490
351 734
96 268
794 19
381 418
419 489
90 152
817 716
46 127
605 632
836 923
501 771
827 414
426 663
401 995
610 181
660 747
343 493
640 907
781 320
484 772
80 622
244 122
404 816
944 910
27 391
628 804
571 178
214 877
781 725
964 22
639 852
747 40
435 268
17 334
654 563
787 738
802 163
391 856
556 451
756 384
606 798
805 448
262 113
467 905
478 601
984 294
330 899
444 184
885 11
27 812
332 518
332 474
873 631
204 616
833 22
857 166
503 684
576 352
119 840
192 263
91 533
861 456
946 442
109 891
836 408
406 509
351 728
350 374
693 835
450 524
564 135
888 63
452 177
292 363
941 405
367 929
566 464
315 245
855 623
848 849
280 901
131 697
647 1
474 862
671 941
153 115
27 992
199 955
855 429
170 457
120 794
215 750
62 330
747 830
241 540
789 787
281 705
33 929
909 785
118 688
517 935
841 150
224 609
680 146
863 33
872 618
360 686
8 846
36 940
812 274
57 807
42 1000
872 580
560 396
328 921
956 158
729 232
794 76
730 720
987 893
797 52
704 62
125 322
690 937
550 676
326 882
958 187
705 768
748 183
656 738
800 16
979 999
131 352
261 572
450 959
862 875
959 302
529 238
976 612
846 976
478 428
729 956
648 13
569 572
69 521
882 35
93 94
436 27
873 416
585 489
607 461
419 836
623 39
171 529
920 326
563 106
236 916
406 282
239 519
306 915
252 906
325 400
40 100
405 987
349 431
958 192
89 426
880 264
28 768
775 303
685 959
609 495
326 266
636 603
828 960
253 676
112 914
241 344
760 872
120 342
454 789
389 571
248 295
456 680
862 312
788 249
616 215
633 911
654 624
515 791
837 288
417 954
473 866
495 307
37 364
932 452
20 578
661 449
132 170
584 659
310 847
474 998
400 767
930 115
267 645
395 47
948 191
494 994
911 504
581 793
464 920
161 573
952 423
838 26
134 942
602 921
435 614
681 502
405 694
884 570
685 945
333 450
153 542
108 822
458 79
437 715
751 834
688 330
225 115
440 566
821 456
189 466
733 347
962 681
743 628
623 196
436 421
191 104
546 700
579 725
547 36
326 840
884 516
704 369
839 990
571 838
761 977
625 687
292 688
731 72
206 425
371 242
865 663
652 81
481 177
132 903
41 552
65 344
150 461
569 420
162 848
968 497
275 242
294 686
569 92
295 153
339 822
713 578
331 345
529 686
853 797
814 21
892 516
997 355
54 309
307 267
859 66
662 567
425 930
653 154
531 368
723 198
29 242
832 598
434 747
648 46
711 169
122 821
717 591
273 394
682 932
711 356
768 235
709 761
573 377
805 440
242 970
160 167
140 941
936 13
654 683
231 969
805 692
302 913
811 82
344 748
940 147
292 529
204 723
766 717
270 520
310 1
278 268
647 602
49 327
2 160
776 579
817 127
753 238
212 921
797 451
767 673
219 353
130 889
364 242
800 69
93 758
832 814
384 254
767 889
43 673
892 29
263 130
571 576
138 71
387 763
46 588
232 513
968 198
89 84
177 201
11 928
65 107
676 846
815 238
721 395
250 682
336 590
603 360
663 557
1000 112
515 497
203 356
154 453
337 107
682 883
188 471
647 943
953 535
289 786
835 550
867 80
966 58
69 610
533 189
75 565
412 376
413 882
782 139
853 676
144 14
300 749
300 884
124 73
240 2
351 128
596 381
951 177
496 721
300 66
483 482
450 241
805 439
280 982
862 154
825 566
140 577
47 674
457 320
195 406
563 293
334 378
59 395
276 236
302 912
620 188
439 574
905 647
315 829
84 861
99 408
255 971
542 436
675 82
956 916
611 414
740 519
423 335
543 944
2 603
658 557
661 530
256 361
338 905
718 467
361 440
806 37
326 580
60 733
753 886
124 847
996 329
746 225
745 952
424 957
554 678
492 162
263 348
167 348
627 78
567 176
167 838
13 721
606 64
448 830
847 396
993 49
911 200
437 521
420 43
158 257
755 747
426 95
562 256
130 454
767 110
277 116
655 975
50 276
496 911
985 670
856 590
555 802
171 650
925 945
560 298
682 108
933 820
558 890
775 752
827 247
451 466
856 983
376 276
493 351
370 9
616 461
409 804
155 355
448 487
227 424
366 140
523 950
672 352
527 477
645 267
457 263
705 425
8 658
866 947
596 361
870 151
747 419
499 316
23 971
542 255
590 814
861 818
265 184
541 95
685 463
84 793
189 182
103 555
790 820
174 366
625 635
363 728
532 881
775 368
130 290
613 923
518 628
341 370
244 937
530 242
897 321
341 898
342 565
120 792
368 741
83 541
955 227
162 132
946 142
564 87
689 880
542 50
820 592
783 494
917 321
969 511
161 649
134 735
427 67
465 65
384 749
833 894
978 875
281 939
990 866
611 593
757 806
688 772
382 804
737 349
515 305
434 760
447 273
729 263
623 24
436 53
318 13
632 491
38 890
298 110
742 710
242 271
639 275
915 954
798 688
749 487
606 887
827 725
779 192
942 114
591 933
375 828
696 20
489 723
488 944
693 156
4 984
443 816
726 687
856 370
844 178
834 725
350 669
502 4
523 190
371 608
493 233
757 390
968 570
26 894
583 6
536 581
895 74
773 404
707 730
830 158
206 28
665 38
204 698
522 663
817 788
338 514
584 516
43 260
389 112
93 5
43 915
5 73
440 812
57 179
396 589
189 102
374 173
464 682
703 999
288 749
236 345
682 807
536 86
395 732
952 596
522 454
165 551
955 705
341 460
941 13
219 743
701 464
539 101
921 513
543 106
190 566
404 693
651 175
493 535
827 432
903 576
183 627
236 218
74 756
984 148
411 515
983 488
878 718
941 965
203 516
172 253
718 331
874 584
709 218
976 824
758 64
948 347
998 555
88 813
266 746
616 59
90 908
856 760
169 503
340 372
103 210
367 768
79 586
373 371
433 329
864 296
105 250
502 574
230 247
249 862
124 211
118 689
570 473
319 176
661 859
753 986
739 523
774 313
833 813
701 933
958 115
253 279
278 736
517 775
87 326
615 95
23 32
665 206
812 504
115 943
634 890
579 383
809 959
588 306
69 516
186 630
476 448
767 334
123 177
146 88
722 792
787 856
971 912
824 115
767 907
204 653
561 733
858 611
345 479
502 634
778 557
780 470
380 817
991 115
691 654
868 448
878 109
668 159
441 939
470 855
587 281
82 802
961 131
743 287
169 858
390 457
600 474
580 662
4 764
340 40
323 653
411 88
283 149
426 894
303 194
432 186
872 978
629 383
890 804
560 202
963 728
314 55
47 562
169 317
14 539
214 621
469 944
79 518
321 449
422 452
895 395
520 573
583 23
222 563
892 985
911 84
229 137
4 389
664 5
315 523
378 205
246 200
695 350
537 644
464 264
798 601
192 752
596 806
519 935
36 822
775 448
99 758
98 558
52 538
129 372
843 624
558 387
866 707
556 143
328 241
625 298
244 950
755 816
847 31
360 122
152 208
740 683
301 215
679 438
944 350
804 669
952 461
452 443
148 445
201 316
660 854
411 976
760 962
326 332
790 416
722 688
552 74
50 881
628 447
214 601
106 329
801 754
186 40
411 935
515 894
792 828
597 353
918 296
696 189
723 554
19 263
46 537
502 147
513 259
920 534
750 383
641 388
542 195
593 363
211 726
776 263
87 759
716 404
979 76
510 95
410 468
580 686
779 710
945 563
754 784
713 501
751 401
598 158
765 590
813 918
660 57
49 462
329 93
159 31
881 588
897 793
945 433
996 788
545 926
33 322
524 487
47 738
145 645
287 71
893 397
31 775
119 174
552 445
883 31
48 304
840 118
889 306
850 954
848 385
560 794
231 353
175 883
971 215
149 806
638 472
286 15
486 672
803 511
316 180
62 579
391 689
312 140
623 618
956 965
562 461
529 472
450 6
779 449
156 692
298 289
2 391
457 228
466 16
152 476
262 225
115 52
514 368
218 653
9 17
223 404
97 689
170 570
866 396
936 715
370 735
