1000 1000
216 856
548 726
109 485
996 8
63 155
701 254
273 311
227 920
428 705
225 591
483 806
605 772
518 327
807 144
727 592
110 970
471 801
330 796
626 432
291 350
567 982
177 882
745 21
921 814
232 969
47 325
497 692
262 430
586 967
857 964
687 200
22 708
304 862
478 322
352 279
831 948
384 996
458 29
105 311
397 548
262 819
209 18
792 468
173 936
183 531
545 198
920 347
916 989
858 951
807 103
808 706
808 521
818 741
880 424
987 84
685 665
20 753
369 79
440 368
1 408
638 705
502 473
379 106
207 494
341 82
910 554
121 943
791 365
117 985
908 577
662 181
203 245
356 906
782 954
289 975
834 968
630 668
449 674
63 420
664 333
793 689
961 694
347 928
946 737
490 57
61 386
491 448
790 600
709 271
296 589
820 490
624 576
168 561
656 995
276 697
286 268
511 555
746 336
62 140
195 36
200 732
947 387
88 951
478 483
919 103
327 407
376 159
732 958
914 465
101 818
906 826
792 203
574 617
912 778
979 419
266 774
167 498
294 474
719 825
156 661
851 130
188 192
757 1000
925 196
558 421
567 386
665 165
985 952
806 377
276 19
552 742
421 951
488 27
479 97
279 118
327 38
400 912
550 689
756 484
443 385
195 380
62 536
458 212
478 237
447 981
68 907
431 716
646 936
401 48
349 399
777 431
711 622
118 745
493 457
163 788
134 861
530 150
75 989
804 598
257 849
82 804
402 370
856 333
348 368
28 104
368 764
347 11
436 270
293 30
242 40
252 46
855 264
769 892
117 738
279 252
129 460
54 655
685 409
521 489
55 967
736 331
272 225
263 274
799 885
437 510
372 230
294 108
677 659
82 581
236 590
740 237
518 591
731 84
149 551
532 56
672 325
918 433
822 372
956 852
431 579
367 985
451 596
794 541
808 165
460 649
832 50
529 609
728 105
682 525
891 220
376 571
181 419
237 955
161 79
803 570
700 872
170 184
623 560
87 234
656 854
767 144
305 132
16 304
632 258
705 33
374 808
693 33
888 112
853 200
257 465
666 347
478 773
383 249
16 556
429 289
230 79
740 299
808 782
329 186
133 754
642 377
614 436
540 34
193 44
862 328
695 499
107 159
254 481
828 478
463 464
180 268
457 766
826 784
572 671
818 656
351 625
244 219
139 455
788 943
310 439
296 220
809 700
853 614
314 428
563 615
747 994
844 970
65 701
633 49
678 816
901 921
655 264
440 57
862 833
981 655
953 858
292 514
313 972
785 464
332 198
419 658
68 396
430 180
302 804
249 598
252 631
921 197
291 998
60 882
606 651
911 370
201 875
137 372
942 467
821 510
588 992
836 297
579 925
97 48
273 113
539 141
200 686
566 132
485 324
378 910
147 611
627 16
686 652
839 161
681 169
107 791
680 457
567 691
70 85
733 288
601 166
174 72
617 156
261 111
389 328
849 766
341 883
744 145
553 157
767 418
80 935
50 740
954 897
730 160
935 885
274 19
198 602
514 670
295 74
668 93
641 540
186 505
85 394
398 990
224 260
559 133
525 556
579 203
617 176
648 473
654 364
385 402
592 85
999 431
475 366
405 126
715 247
315 959
234 377
333 190
813 627
473 772
104 840
996 646
822 551
94 596
81 146
337 459
856 183
326 732
820 986
272 907
530 49
934 248
724 943
421 313
112 657
845 830
919 268
7 636
135 845
77 883
778 551
370 936
53 817
766 124
10 853
771 610
238 147
651 29
675 659
807 816
487 7
609 700
36 415
435 701
710 362
894 717
368 676
605 384
151 826
911 119
725 344
472 357
567 667
808 965
328 392
962 770
892 219
255 252
14 609
497 634
138 726
816 563
891 791
496 340
694 90
209 637
357 145
934 924
766 147
511 648
410 131
191 503
734 975
342 688
197 730
911 154
99 970
243 92
628 315
309 914
883 746
29 239
403 762
85 421
986 387
951 390
825 366
556 999
141 650
934 912
529 90
431 389
106 741
600 848
625 797
547 764
989 896
226 355
246 42
254 162
995 505
816 120
629 272
3 602
226 156
487 530
675 466
408 547
822 575
174 223
412 878
251 465
772 550
312 35
967 330
7 234
162 471
266 421
455 345
331 449
164 918
154 984
986 689
675 53
231 17
405 473
413 127
268 170
568 804
223 431
804 920
946 277
13 748
974 557
70 729
692 467
699 87
22 617
454 351
886 898
365 497
789 7
842 39
742 317
434 72
168 117
799 798
871 603
918 328
235 768
346 777
607 984
527 967
331 621
71 565
195 402
937 129
535 160
309 511
905 28
521 108
401 415
831 515
444 117
676 428
705 263
923 72
411 113
488 334
786 644
822 402
481 677
10 264
529 652
581 901
997 318
29 607
580 36
92 984
299 450
216 95
160 353
986 622
200 957
815 381
337 279
634 790
577 156
368 743
861 188
570 171
363 972
934 25
281 988
655 299
755 170
889 257
713 190
678 412
662 548
643 259
306 421
67 617
41 181
595 988
731 462
612 496
466 444
429 322
38 168
159 14
364 142
879 730
219 166
831 272
542 78
12 16
365 526
65 299
11 314
916 209
737 364
700 188
482 88
969 811
373 903
28 264
207 556
842 890
646 682
365 260
654 491
731 484
72 58
517 989
862 859
369 493
801 358
241 352
123 807
162 147
997 689
814 34
762 830
906 786
498 400
225 911
569 76
439 632
909 554
246 702
323 502
300 145
746 370
227 715
182 922
89 770
855 494
214 218
639 339
152 849
744 283
753 242
284 696
632 939
787 453
908 230
920 125
277 723
332 666
931 301
66 727
412 233
353 470
426 218
350 476
979 903
231 888
232 531
872 839
526 693
18 19
960 350
871 671
418 157
8 469
136 678
631 224
269 238
813 354
204 969
333 471
379 773
903 112
363 332
686 642
969 62
442 260
728 116
223 917
677 910
709 299
586 943
166 140
219 867
218 49
396 192
510 702
561 882
160 404
372 957
261 472
666 655
516 145
38 730
361 277
317 127
819 156
953 198
701 692
895 856
505 820
64 277
968 713
323 798
35 147
969 476
174 481
512 942
159 705
809 248
771 129
243 294
442 641
965 829
46 326
807 19
600 353
186 770
531 894
107 689
351 862
525 619
207 917
876 157
539 316
658 132
447 192
637 933
258 665
703 428
528 92
885 574
313 442
697 902
824 887
448 92
444 803
229 97
722 860
780 588
761 123
240 616
260 842
293 531
940 220
734 873
180 53
352 872
883 614
885 217
453 387
987 229
187 684
274 542
614 471
162 97
424 380
274 267
67 16
778 1
727 859
42 462
649 186
1 25
342 13
367 804
676 282
443 262
650 936
53 514
515 309
765 302
712 705
171 117
274 545
164 502
555 93
692 906
638 337
150 881
963 120
198 934
509 628
992 823
507 176
125 894
994 174
253 522
889 617
608 511
203 261
44 601
609 98
250 717
918 396
729 473
409 590
626 815
214 138
914 198
93 202
171 577
10 275
611 294
723 5
147 31
589 580
153 341
552 258
262 560
862 114
201 344
928 559
171 143
505 299
537 485
993 944
461 259
979 171
925 696
823 707
843 527
65 871
259 727
416 829
192 210
200 692
631 998
552 427
898 871
765 215
518 155
549 769
477 132
893 158
565 322
748 189
72 191
893 596
506 377
665 116
150 299
907 744
377 716
98 642
349 182
394 655
760 848
187 526
474 5
857 916
563 915
794 898
282 917
603 198
247 106
268 894
722 259
583 688
305 248
493 525
398 188
369 297
511 277
106 877
301 21
341 557
653 811
98 203
378 363
530 738
57 82
167 59
187 619
916 403
998 68
889 411
581 385
984 463
259 192
715 56
644 372
252 34
501 955
442 654
119 136
419 33
640 737
740 564
721 529
395 706
857 640
686 589
48 94
225 744
565 971
356 630
465 643
283 810
218 130
564 45
169 68
628 540
308 560
115 527
597 831
651 131
720 994
85 433
929 938
460 21
284 94
351 55
723 176
115 37
740 984
735 776
40 432
479 266
326 998
26 958
693 669
300 584
45 756
637 473
399 669
479 645
512 23
379 84
147 61
349 804
580 573
900 933
581 322
99 892
228 859
795 257
747 65
407 760
503 69
86 980
442 407
196 96
138 336
289 996
519 169
800 686
656 234
522 582
71 900
225 248
616 255
221 718
55 69
626 28
447 797
40 418
179 449
418 110
168 8
288 247
105 365
61 915
722 230
73 954
862 53
975 448
898 603
232 903
247 384
7 146
275 772
652 396
425 706
337 791
908 943
903 437
856 927
610 483
570 393
201 761
547 990
663 523
192 102
709 235
301 26
349 252
917 515
384 537
492 106
634 612
926 774
617 215
613 385
225 479
310 195
10 771
108 62
776 281
412 448
203 970
240 788
197 33
140 321
414 913
300 969
555 628
860 548
979 20
238 163
457 533
304 493
253 505
155 661
507 571
165 681
410 644
344 973
541 178
529 950
510 540
546 136
878 671
536 809
743 516
21 243
874 775
687 942
673 762
951 827
654 680
260 482
