1000 1000
698 746
421 173
15 925
618 99
366 586
252 638
3 205
145 997
420 959
289 875
893 781
571 758
342 950
33 800
859 536
239 338
891 379
976 804
27 12
801 342
104 500
236 843
976 831
495 280
786 438
410 746
577 965
221 5
629 765
751 461
177 475
264 497
630 951
376 619
431 999
741 313
371 857
90 871
775 660
922 315
729 656
249 336
334 337
684 140
36 792
747 857
641 530
694 447
34 839
37 137
845 356
831 684
624 361
468 419
703 908
147 925
122 485
181 805
396 792
640 865
181 814
276 548
681 644
993 885
712 42
640 478
188 773
430 5
229 733
4 590
376 40
673 766
812 85
70 106
164 802
273 174
888 143
563 503
179 921
690 338
286 896
688 218
412 56
697 750
92 172
657 608
275 758
116 847
175 465
60 254
876 424
351 419
843 155
119 241
806 457
528 902
990 985
29 853
613 776
563 886
772 582
467 497
766 608
973 895
731 216
848 577
894 216
483 966
496 867
591 626
531 45
787 217
727 789
15 752
592 402
113 69
606 363
771 370
83 358
786 774
865 66
625 707
578 748
524 113
198 190
366 554
696 27
27 12
969 557
774 10
932 976
453 595
584 716
312 938
426 518
645 156
368 967
247 997
374 20
986 91
157 676
449 209
807 221
241 774
957 848
763 292
321 592
141 169
948 407
578 457
1 178
222 778
208 880
794 182
244 502
310 853
373 734
914 344
623 531
908 151
777 22
997 116
752 317
812 798
961 70
377 503
130 185
739 46
145 203
947 630
3 796
607 645
607 498
240 222
129 107
860 815
703 256
44 276
199 708
327 218
615 33
734 757
876 715
206 546
956 731
233 430
260 869
573 165
850 298
419 171
59 239
441 479
223 692
329 459
496 223
680 470
727 694
95 586
983 416
662 566
752 725
428 332
789 529
912 60
318 237
459 592
215 838
428 670
15 796
322 281
946 940
686 552
992 87
198 382
68 513
795 928
621 203
316 570
312 857
568 218
996 188
889 940
140 864
499 580
449 48
625 815
614 486
825 466
626 611
107 9
289 813
677 778
763 611
706 671
36 931
918 592
450 221
836 599
603 934
296 882
404 430
246 348
546 626
913 28
797 34
148 348
8 484
173 403
803 303
445 452
961 601
753 757
50 778
700 905
330 495
811 222
712 904
967 944
872 946
959 412
578 669
83 454
9 758
618 139
452 279
613 159
896 747
217 577
356 738
793 266
163 555
850 802
526 557
422 483
712 420
410 132
848 747
991 231
90 780
644 371
38 553
146 730
696 319
535 132
342 486
4 243
341 506
551 493
221 997
290 766
176 379
338 411
327 924
112 703
341 293
372 146
882 87
365 909
217 359
794 127
434 300
708 227
481 653
441 120
717 936
899 663
546 780
159 929
143 336
455 975
185 809
32 112
758 952
829 270
739 242
626 649
215 190
241 442
165 635
569 401
718 167
258 944
677 89
578 382
201 32
219 70
838 809
938 253
836 909
466 535
383 800
87 34
605 812
900 217
603 268
949 242
673 929
397 705
417 344
202 883
876 42
124 796
845 755
329 409
763 140
708 527
515 322
2 594
604 764
539 590
866 360
743 962
508 950
806 168
662 756
167 423
800 928
882 241
300 353
102 837
812 495
844 806
641 262
249 922
421 376
712 763
315 776
70 266
593 503
764 823
997 306
241 234
29 786
918 310
901 923
640 8
189 245
433 292
305 830
374 561
775 519
50 248
668 490
962 280
144 547
40 669
829 364
369 349
708 918
542 298
832 111
951 778
528 703
539 178
985 250
945 863
890 457
170 171
871 240
252 862
247 650
241 962
110 248
478 566
835 990
436 189
795 95
955 780
756 107
538 279
171 408
720 716
807 230
6 454
219 682
571 731
72 20
535 351
208 353
536 487
989 465
800 855
176 666
284 45
50 163
231 843
766 946
357 137
365 415
552 184
897 22
239 888
210 297
746 675
20 556
807 392
95 535
840 881
494 336
427 877
608 670
633 646
474 55
79 964
740 979
600 577
135 30
560 243
5 498
458 814
529 651
820 839
338 649
518 105
613 721
335 796
800 925
736 225
224 847
854 423
492 410
940 322
391 825
887 222
90 766
104 544
495 253
398 574
999 134
169 426
454 726
664 931
609 302
748 675
375 67
979 890
245 484
918 41
64 392
59 392
560 293
867 714
111 778
469 52
733 190
761 937
79 374
246 744
444 307
310 52
351 817
492 275
264 658
677 488
547 641
844 306
711 696
219 354
719 770
369 737
733 81
447 640
2 817
202 117
584 83
276 965
152 747
139 972
252 219
25 63
566 118
882 379
543 277
737 587
577 230
667 565
181 184
298 893
750 56
627 962
708 422
177 876
963 585
632 964
105 975
898 820
163 862
694 370
600 574
620 322
117 829
226 65
663 265
914 691
556 465
345 69
955 773
762 75
703 929
753 916
656 182
209 673
337 865
894 914
283 275
548 480
449 959
294 908
834 358
567 655
203 966
421 840
602 127
920 905
172 805
96 954
663 993
981 349
745 32
932 488
55 586
241 374
55 108
119 942
607 567
202 187
523 734
805 98
267 100
940 879
50 164
556 336
736 695
158 408
97 418
160 910
516 733
195 675
398 453
390 352
372 362
649 61
868 394
43 83
533 812
909 732
465 566
877 997
466 784
572 475
699 783
704 963
323 251
363 304
822 377
434 176
547 793
174 664
246 665
415 796
960 664
516 95
970 692
780 297
342 573
560 340
22 575
830 751
627 228
632 667
279 440
515 944
515 363
545 545
978 754
775 411
380 799
479 195
108 564
831 325
403 444
481 573
987 731
513 314
788 808
194 534
610 322
121 472
836 104
512 169
239 96
237 362
194 601
272 573
72 616
569 64
33 119
959 606
344 129
266 869
822 320
234 608
54 48
405 70
367 97
861 153
133 240
272 921
649 222
302 175
44 96
287 522
320 757
834 949
175 884
791 399
930 531
678 217
843 681
854 492
859 805
727 944
805 404
552 358
497 663
618 408
618 146
122 923
840 887
731 404
79 697
522 184
454 265
336 570
369 213
52 817
768 92
670 615
886 531
381 683
418 787
210 768
785 432
987 644
866 499
801 450
113 297
346 232
972 683
752 74
265 676
223 477
830 270
291 892
712 613
992 535
397 210
656 7
881 177
985 516
957 611
900 847
171 549
191 200
148 472
340 153
770 727
504 304
470 243
205 321
659 666
544 498
345 924
563 990
83 629
844 803
465 126
405 43
663 980
274 327
764 127
398 551
652 165
614 435
543 780
420 501
135 683
149 933
806 122
612 660
662 677
445 985
855 821
634 623
908 311
586 485
790 227
421 421
528 374
617 709
289 864
712 529
941 911
824 39
684 355
857 409
538 335
3 495
165 615
333 698
499 252
351 34
529 585
449 537
428 242
905 374
244 360
402 187
756 70
271 800
484 423
244 61
975 614
158 492
765 307
789 676
626 277
969 775
29 331
515 445
42 578
207 207
841 530
160 221
124 481
484 176
629 614
308 321
534 903
510 272
999 116
539 254
619 745
929 355
395 128
865 561
89 613
778 30
759 288
693 6
558 918
871 431
855 41
330 756
134 171
555 467
41 135
990 359
597 848
30 798
530 824
661 923
66 491
722 725
454 305
974 631
457 695
622 182
34 118
588 830
303 835
46 590
333 870
461 631
353 123
592 320
818 188
686 637
772 92
375 340
294 749
748 838
477 987
355 252
127 296
212 352
345 286
334 439
98 392
435 430
685 49
343 250
915 826
101 958
551 81
194 633
360 165
56 461
730 947
269 57
517 332
697 24
612 292
635 728
960 61
141 700
395 666
812 987
861 188
345 182
419 769
722 726
962 992
985 627
248 862
108 262
228 795
188 464
25 302
806 161
599 301
725 386
890 998
629 707
649 193
986 910
864 828
71 722
727 150
119 937
32 268
192 146
853 94
123 983
671 779
326 664
832 409
498 767
243 486
892 170
246 194
1000 269
927 2
90 189
980 303
243 357
961 709
522 949
326 524
112 470
439 275
971 447
690 968
580 139
228 289
505 745
165 494
675 619
79 876
65 407
955 787
468 137
67 289
537 551
401 750
914 140
719 86
653 573
421 378
275 871
215 287
986 607
516 229
628 240
816 313
846 49
554 515
274 132
855 385
797 105
261 490
729 808
153 28
140 843
178 335
920 938
179 400
953 492
685 815
962 877
690 377
88 882
483 246
653 215
868 540
287 121
19 578
478 165
300 270
785 567
775 632
522 340
641 357
333 184
383 132
733 480
982 660
456 322
750 876
350 224
50 314
445 921
233 973
840 752
624 395
643 371
790 772
585 805
743 748
959 860
186 949
182 604
443 803
108 338
297 534
427 73
337 947
105 249
945 260
151 979
806 203
283 526
583 115
525 613
95 551
197 823
503 153
284 494
257 405
990 488
926 323
663 457
889 72
906 647
314 237
275 293
109 207
151 480
16 645
247 61
720 78
137 769
652 448
695 143
801 386
861 526
956 667
975 625
371 600
553 333
