1000 1000
629 162
829 302
717 894
593 874
955 579
718 780
779 279
554 299
331 731
767 512
873 642
698 868
116 710
52 855
166 379
973 482
384 978
44 334
358 8
240 91
551 252
426 602
438 868
264 515
884 224
348 248
507 270
139 928
292 589
439 525
498 250
62 454
445 302
240 766
697 253
836 843
844 304
956 624
947 300
244 795
61 609
743 240
814 541
290 76
694 118
311 554
784 763
164 290
795 844
769 765
284 997
166 178
938 128
98 756
849 7
389 642
744 350
431 934
523 311
798 199
697 699
213 287
751 456
367 701
83 94
120 171
730 785
356 177
130 650
462 336
424 654
219 697
828 365
844 380
193 860
880 273
582 332
79 98
911 745
864 727
212 203
612 56
496 328
336 751
827 696
391 804
41 928
878 558
281 624
207 713
727 669
606 666
379 607
943 349
880 644
838 296
189 947
437 789
287 570
698 396
677 481
526 558
963 133
991 499
120 550
894 885
584 985
626 315
482 142
372 479
274 571
617 384
25 735
35 745
856 32
912 784
89 422
1 432
846 309
925 975
712 559
835 153
761 952
203 891
530 832
262 681
598 397
737 336
309 30
687 564
394 961
124 804
582 997
18 249
754 889
88 931
81 20
174 876
500 290
450 170
179 77
790 657
659 434
759 823
27 88
992 391
870 813
749 831
764 512
416 353
272 512
600 645
747 467
869 950
744 664
637 217
550 302
667 529
241 634
458 453
690 285
630 752
546 36
843 369
131 686
380 345
527 666
118 687
214 974
194 879
757 849
302 958
442 66
189 952
745 790
82 11
458 38
329 9
416 846
855 978
523 576
597 743
863 783
816 496
787 236
644 831
403 533
668 531
479 385
964 366
722 613
248 592
99 298
450 337
751 908
895 83
101 133
762 277
32 544
536 529
417 398
651 359
499 948
424 616
37 43
552 92
772 927
498 932
422 257
88 209
823 749
77 266
416 740
406 371
75 187
70 656
449 555
32 726
388 623
384 211
845 553
954 681
199 485
698 383
730 267
427 616
305 609
153 489
244 264
102 231
599 178
608 919
481 971
665 669
518 589
126 446
30 913
361 509
395 285
592 457
215 305
867 710
820 969
529 128
162 806
236 163
308 997
520 101
363 518
504 370
434 406
297 472
352 877
734 472
825 1
442 875
5 802
81 875
792 60
871 301
824 392
551 574
714 218
229 35
446 324
484 863
150 642
802 769
19 941
503 963
64 192
594 964
773 334
44 999
981 74
58 34
648 149
55 480
898 171
632 576
178 190
86 675
436 658
263 825
24 103
750 517
920 787
903 765
278 741
44 59
444 691
354 774
929 549
892 66
35 455
751 531
24 971
189 558
987 149
546 945
718 133
690 478
242 184
41 660
632 864
793 846
35 15
224 794
772 888
799 514
653 655
972 151
110 843
713 505
892 347
683 904
253 54
739 478
413 249
56 627
955 958
740 680
300 151
203 324
520 999
735 210
704 41
174 969
895 847
810 115
781 388
448 198
485 858
490 926
633 566
781 337
40 447
475 969
71 570
19 54
933 17
716 970
821 263
997 211
376 373
712 268
984 393
19 452
295 362
710 277
814 701
287 558
318 715
65 10
154 680
992 407
339 494
734 216
779 144
242 355
490 111
324 348
765 385
922 592
9 149
471 867
244 720
334 483
853 675
851 802
407 314
386 647
802 510
398 438
938 44
492 572
478 37
213 124
818 772
112 452
565 467
701 864
276 446
547 790
805 621
667 321
205 343
586 767
955 506
683 371
274 476
403 35
51 229
667 994
657 994
498 696
651 772
288 549
245 959
660 433
487 268
711 920
197 551
703 910
13 769
997 799
316 695
759 794
65 97
175 248
585 108
570 298
801 617
209 329
639 827
627 156
122 125
977 717
957 618
73 156
872 243
133 634
351 5
673 608
577 472
360 382
274 945
246 92
201 864
143 884
67 43
560 901
582 618
177 186
15 952
225 337
709 296
337 605
59 310
664 541
674 146
773 674
220 33
689 589
682 571
795 654
816 478
97 990
108 273
973 598
738 890
350 862
458 217
315 223
888 731
852 769
428 456
409 62
120 388
968 949
165 554
419 264
462 452
32 414
122 916
871 682
174 679
576 714
273 157
394 432
167 898
277 845
511 456
433 577
85 387
661 868
736 587
209 937
421 822
972 709
426 35
78 724
764 943
215 637
354 148
335 905
383 366
948 816
12 4
495 227
19 813
831 699
909 184
164 361
901 354
29 332
571 940
203 822
371 931
627 927
931 175
256 425
272 652
263 538
585 683
810 861
699 98
582 697
771 168
964 648
143 34
995 794
510 849
748 432
35 714
837 657
662 396
191 968
370 437
776 835
512 142
202 470
739 994
242 750
995 955
434 823
298 5
895 215
569 593
811 96
516 68
380 929
170 741
580 14
382 314
431 116
393 428
224 502
797 870
588 427
435 890
181 517
118 372
432 139
486 445
207 816
247 729
304 962
591 145
61 995
59 746
266 76
98 157
746 981
648 229
707 238
773 196
365 170
876 550
574 822
380 35
593 247
930 649
418 369
749 49
820 440
97 118
955 579
669 273
370 404
421 167
999 113
392 49
498 822
251 91
442 721
212 485
751 997
367 101
657 623
333 563
40 780
976 476
889 41
121 216
640 26
674 956
880 524
428 841
4 746
843 859
330 683
932 146
427 418
94 156
717 485
286 529
665 943
777 6
909 399
526 91
786 303
745 501
703 149
858 684
28 477
28 734
696 900
958 483
740 919
229 143
110 586
896 106
135 298
371 955
541 76
549 721
826 451
186 689
523 686
345 883
737 919
534 365
315 853
402 790
563 979
406 180
789 415
996 783
307 820
110 755
859 256
349 818
639 630
955 680
212 198
889 621
244 8
834 855
772 741
382 477
822 502
640 405
840 178
480 383
92 877
410 559
182 347
718 623
1 713
910 994
202 485
50 427
59 177
79 612
210 284
84 167
671 8
419 449
953 637
798 441
570 237
976 534
966 862
928 734
840 499
186 368
598 659
917 603
40 753
533 796
605 506
346 821
661 298
848 184
992 967
838 968
861 588
807 80
196 824
851 665
797 965
863 265
775 481
697 815
298 792
149 264
661 808
187 501
385 315
438 291
483 1
774 841
206 171
671 333
295 217
624 152
751 733
117 901
509 750
14 622
217 822
902 391
722 804
820 337
593 99
341 432
636 609
520 166
868 665
104 30
759 49
726 529
110 13
213 572
232 674
92 456
830 116
48 745
317 904
87 120
863 435
261 865
394 89
875 126
343 54
115 786
748 113
45 718
795 380
710 287
729 6
764 838
1000 201
27 519
157 628
203 50
186 257
759 182
517 224
751 593
471 195
815 905
727 568
118 742
397 802
224 133
655 616
693 943
303 269
23 703
898 126
904 864
282 407
226 365
342 990
12 743
45 215
972 699
647 790
872 857
68 552
651 222
962 322
199 179
195 640
741 891
852 368
910 425
432 564
198 488
867 892
299 689
592 634
314 169
924 676
203 735
488 653
280 922
922 916
346 330
396 715
964 307
100 105
198 837
755 9
491 494
246 505
299 574
544 76
642 937
54 568
151 209
353 281
838 218
872 892
679 756
523 5
180 773
857 481
39 508
163 244
314 463
279 549
884 846
142 589
355 981
166 604
749 758
8 68
829 789
403 252
452 530
511 334
358 107
163 857
41 303
712 543
793 60
220 712
423 297
360 830
485 173
882 271
731 670
404 311
134 251
155 659
556 443
481 6
353 532
947 599
380 21
531 426
546 707
455 851
803 776
784 342
264 207
300 714
251 850
661 456
183 204
840 457
92 64
583 238
29 336
319 918
49 278
955 419
789 838
927 573
256 282
877 245
29 701
804 867
133 985
292 681
210 913
883 14
997 183
235 141
898 119
241 251
839 458
952 324
328 773
532 86
734 383
96 612
555 574
448 876
23 307
583 554
639 217
547 307
760 394
668 947
112 986
785 991
454 122
26 716
829 14
447 310
925 775
399 505
346 18
58 596
107 248
784 17
548 572
368 271
500 600
274 832
40 888
485 443
750 861
418 531
563 531
479 214
934 179
948 382
178 802
585 372
224 992
791 920
947 866
706 970
250 449
110 741
601 425
103 862
968 595
927 481
114 467
260 260
136 994
919 771
644 389
958 842
598 788
994 710
635 396
338 165
96 198
655 241
139 437
318 856
843 788
161 23
179 278
454 395
275 60
406 646
447 827
895 136
742 27
747 403
796 17
871 958
968 981
581 780
839 405
90 834
111 257
160 636
445 173
741 16
240 154
355 673
155 764
302 693
399 821
521 496
462 641
665 711
849 921
296 310
179 144
291 787
132 665
413 792
608 38
250 556
29 50
381 907
152 33
714 706
729 827
836 900
634 284
504 319
524 663
65 688
641 246
2 611
627 772
279 131
612 787
588 160
916 654
924 276
671 417
491 973
396 979
325 447
703 587
773 311
375 960
6 824
313 376
966 882
731 954
606 886
218 76
643 347
684 541
184 853
143 340
338 528
