1000 1000
880 55
90 209
269 901
263 534
396 77
865 889
153 836
303 40
108 756
474 928
513 87
544 870
814 560
706 92
248 498
622 762
550 951
701 459
612 682
30 540
866 5
250 792
195 372
182 94
567 552
228 537
897 982
706 15
153 653
585 251
690 148
903 220
197 521
278 843
789 218
418 489
481 200
943 887
950 64
121 147
242 673
787 498
538 736
361 712
197 150
109 34
6 432
501 236
358 207
523 828
55 470
380 301
186 583
330 236
586 118
642 872
63 92
527 817
364 661
669 472
698 306
694 823
739 736
921 484
919 80
942 731
850 661
651 649
12 529
10 634
160 160
25 379
693 442
408 232
232 390
62 304
40 394
981 260
457 380
890 532
298 148
510 737
23 639
327 860
55 670
391 598
270 549
388 934
893 412
127 646
421 497
413 46
696 413
265 352
152 490
184 250
430 979
995 167
804 645
985 358
931 94
906 2
926 277
205 408
365 793
43 852
228 312
833 916
161 714
466 131
673 668
443 528
75 518
53 940
379 325
679 784
617 154
666 260
848 808
763 193
759 826
500 224
915 459
194 369
515 100
729 630
419 809
980 620
554 564
429 305
795 129
467 728
992 896
167 142
394 23
270 42
738 381
618 780
156 680
601 341
695 960
324 975
446 26
89 529
729 69
530 860
77 480
28 24
88 338
729 520
94 449
94 705
783 316
558 616
38 769
405 137
267 520
597 80
834 669
84 484
66 698
404 967
808 939
611 527
377 216
505 448
643 86
660 440
660 318
222 354
129 141
678 500
417 67
443 608
976 492
677 63
141 658
924 321
372 200
462 558
612 608
61 184
177 823
287 119
771 460
333 308
806 804
260 702
849 401
647 296
751 342
178 465
536 165
713 874
609 505
575 516
624 996
103 167
937 650
215 756
756 332
64 653
780 391
672 207
81 130
975 927
967 291
149 242
325 403
507 227
383 917
93 809
125 51
527 718
865 441
757 657
781 128
145 997
787 452
424 552
19 399
773 877
456 132
453 738
987 228
626 803
711 989
489 997
779 397
747 667
131 179
671 325
944 671
342 676
259 293
478 256
462 991
888 698
859 264
99 266
570 353
662 146
472 119
945 352
627 467
293 208
671 209
375 424
451 570
250 931
669 50
202 519
658 690
441 78
903 503
141 505
347 369
840 904
362 29
871 771
595 660
836 740
171 418
364 883
281 463
394 609
335 113
386 725
151 632
527 866
28 745
613 615
21 516
807 157
189 86
586 725
414 456
720 328
185 413
775 701
775 496
287 494
28 84
256 747
822 938
457 317
386 839
106 372
424 11
779 330
570 475
683 110
345 79
266 762
304 781
543 942
463 924
866 122
441 578
11 23
598 463
178 223
970 663
36 489
212 740
581 142
448 298
208 455
670 410
9 52
376 535
444 758
168 355
986 374
591 971
619 940
103 319
847 529
19 756
348 845
458 161
803 890
167 301
443 46
131 887
589 197
210 917
278 5
386 742
968 657
615 864
289 119
434 898
858 442
685 259
761 56
928 2
455 300
856 827
867 613
394 336
478 438
540 414
61 516
429 340
274 307
672 863
515 625
477 569
546 474
136 509
923 2
168 429
817 350
89 789
529 563
187 573
549 565
64 818
458 674
106 37
114 693
187 74
595 579
818 315
199 569
869 595
354 188
114 540
871 407
92 721
275 137
196 756
888 180
214 537
668 431
488 241
639 389
846 73
233 764
401 976
41 415
419 812
247 77
428 486
779 535
616 985
547 814
367 503
257 346
196 868
947 140
679 865
530 357
131 626
923 93
792 505
1 85
858 505
297 957
344 779
700 759
382 660
208 154
211 965
248 536
612 530
135 96
39 668
33 820
505 335
867 484
217 780
590 922
930 288
520 252
621 979
98 182
37 931
619 717
129 286
483 652
173 771
1 147
465 906
462 707
808 559
928 643
139 291
288 918
516 947
116 643
971 895
206 676
628 372
626 559
303 131
716 48
335 704
400 797
292 291
208 825
537 34
114 33
958 341
871 802
447 433
198 761
707 270
382 409
614 297
119 833
47 475
626 19
307 103
292 319
216 824
752 669
347 489
642 775
746 355
476 885
443 2
172 966
908 536
820 566
696 401
161 74
688 246
525 926
415 818
142 527
917 80
828 818
862 435
190 979
488 219
350 951
752 959
768 730
870 774
704 369
44 701
345 602
11 316
398 167
965 216
740 783
412 83
14 181
706 888
840 999
871 567
541 224
599 831
258 942
873 511
272 620
225 187
661 266
214 781
476 40
141 370
544 959
972 609
717 296
784 904
736 194
759 190
786 280
791 218
384 985
469 403
918 767
87 397
855 432
643 402
855 416
909 799
122 413
61 115
882 170
78 515
892 572
169 777
651 552
792 224
828 187
355 18
961 728
166 890
878 518
929 890
367 448
431 47
736 827
151 832
939 739
679 266
622 238
276 967
194 551
210 42
13 245
626 468
401 473
79 819
59 683
296 462
765 62
962 386
20 872
507 400
562 683
64 444
357 263
912 359
654 629
14 495
812 885
258 2
830 489
873 406
365 496
305 756
71 964
582 688
981 692
32 811
222 643
738 417
265 543
765 692
416 403
347 63
263 397
756 243
729 200
140 709
643 468
219 742
79 441
532 826
523 32
22 746
584 42
494 994
483 982
187 907
702 127
121 226
288 412
287 783
489 871
881 623
16 463
142 323
981 758
754 87
502 674
358 203
662 856
523 886
626 77
3 678
474 419
656 73
142 475
547 799
294 405
678 381
769 417
250 899
175 353
946 895
7 797
782 17
602 565
178 565
230 611
796 372
164 471
673 442
641 720
872 577
17 362
773 245
648 258
376 735
895 532
572 810
869 502
272 761
507 858
433 631
431 368
206 837
122 401
403 951
114 149
711 815
337 934
5 113
3 475
271 766
636 710
518 817
472 86
363 541
417 302
866 972
477 124
394 545
614 579
702 704
448 369
70 457
406 34
663 16
21 347
111 592
934 400
178 291
633 390
672 219
141 897
476 325
593 968
94 841
231 356
386 467
787 517
751 445
304 957
137 811
395 786
680 781
70 112
575 920
534 205
965 469
134 980
743 1
106 50
436 164
85 628
280 642
771 471
274 453
383 471
805 280
271 553
291 397
155 792
965 705
817 851
116 459
388 245
84 440
768 909
899 202
704 228
631 668
321 985
693 528
724 816
523 145
199 158
15 809
29 95
5 884
570 441
44 515
847 534
642 411
372 94
388 83
113 730
967 921
284 482
234 910
654 32
569 501
758 211
732 344
852 301
981 531
631 374
22 215
816 702
721 793
653 646
510 704
903 584
712 546
652 835
184 623
261 408
705 845
601 375
66 83
705 835
799 430
754 442
568 662
862 422
601 482
955 654
441 832
210 206
371 446
305 994
759 716
154 815
730 687
546 963
642 568
682 704
155 395
194 181
372 233
385 469
35 910
294 605
245 995
930 218
767 357
172 337
40 948
947 110
804 85
288 454
970 929
945 684
607 404
959 375
186 214
425 490
205 53
878 188
778 665
32 806
620 207
59 615
810 47
322 379
687 150
155 144
684 453
230 335
357 568
425 353
952 295
295 864
89 544
780 553
561 459
635 817
402 669
976 805
965 342
495 304
68 883
619 273
48 628
271 658
420 959
985 90
480 339
882 892
343 158
47 222
841 168
699 763
890 622
27 369
737 976
544 716
858 722
17 265
652 319
286 452
996 257
54 467
713 843
666 720
141 583
199 322
706 472
80 261
571 570
850 525
678 725
399 823
209 173
564 785
970 725
66 469
822 247
416 602
931 573
119 899
85 148
517 510
989 28
115 181
13 649
511 529
869 533
827 514
314 483
372 480
817 302
99 941
112 368
160 329
118 539
474 597
502 20
472 768
864 874
459 381
456 940
73 971
333 440
964 76
699 789
89 694
826 474
210 581
332 908
36 367
275 396
994 86
729 23
360 434
661 524
472 741
797 857
601 565
943 919
651 69
750 409
820 700
899 721
214 212
594 412
326 724
137 385
615 847
604 373
869 763
932 145
707 179
275 930
845 53
257 177
966 565
586 113
460 128
878 652
751 226
784 22
85 169
256 40
601 415
553 206
408 955
315 290
450 161
490 807
847 118
189 70
831 157
128 20
737 860
794 282
861 455
24 780
194 212
776 435
289 982
431 523
983 971
460 333
903 398
194 590
790 893
274 783
830 691
590 67
171 743
792 323
761 732
889 157
532 815
914 217
206 828
406 531
292 370
630 252
233 82
748 641
570 212
528 442
481 305
262 668
395 810
182 584
89 32
499 130
571 138
429 674
952 394
399 38
679 432
545 590
985 797
687 767
460 754
408 873
874 87
880 465
888 4
654 176
919 611
367 561
231 723
481 975
535 295
121 277
590 405
901 540
525 672
515 777
179 255
560 204
440 523
666 425
506 293
551 923
467 69
467 964
904 948
286 631
212 115
924 415
75 378
43 901
183 722
816 693
447 291
450 857
483 735
142 989
353 845
273 505
435 495
129 963
167 292
