1000 1000
429 122
118 255
816 644
365 990
674 744
247 291
431 973
760 119
974 522
603 322
811 179
542 828
373 483
273 336
521 620
35 51
429 192
5 401
70 628
972 65
458 320
59 636
807 472
199 498
242 678
737 556
49 317
824 3
482 527
812 992
745 529
356 186
462 554
777 635
740 655
809 355
36 938
853 980
840 734
259 492
112 621
188 150
280 90
415 201
432 839
132 527
563 673
882 152
640 79
939 428
84 438
66 909
798 392
316 387
202 560
12 509
335 559
108 871
657 779
667 334
575 419
738 798
566 556
334 621
172 191
433 909
310 1000
873 597
130 17
48 457
822 269
274 118
359 733
90 47
731 310
317 547
152 385
613 364
90 674
239 161
929 26
742 77
312 941
110 726
336 405
105 542
723 45
366 382
193 318
909 582
670 245
156 686
74 355
829 329
232 180
109 764
463 529
807 196
516 966
39 93
974 228
976 283
977 304
454 629
596 170
53 845
466 343
200 849
357 384
930 461
862 473
337 359
719 683
646 810
305 794
494 955
62 447
116 735
424 135
196 955
456 506
522 994
920 709
609 59
673 656
741 401
382 425
329 505
135 656
169 343
519 169
554 841
135 317
845 58
337 56
888 369
821 357
4 872
279 125
712 581
47 884
772 212
920 181
775 698
585 992
146 948
519 267
395 790
249 62
731 949
227 854
160 678
987 674
116 76
199 65
284 854
526 267
234 678
354 931
403 931
4 692
289 616
376 600
226 187
996 730
535 207
894 398
902 330
859 148
49 255
529 232
997 526
246 397
380 71
478 909
499 787
729 963
28 571
626 961
238 550
401 882
888 840
642 97
681 261
412 456
43 922
163 923
467 773
591 994
131 912
835 66
225 218
318 429
101 541
557 453
439 409
623 109
814 760
896 768
458 224
991 560
891 828
567 648
391 483
738 171
16 560
361 731
372 960
405 562
451 495
538 541
749 867
126 979
106 295
967 658
711 66
930 131
951 182
733 649
640 977
381 902
522 479
785 703
756 742
37 843
887 672
424 559
568 341
375 444
930 718
727 552
298 939
119 665
321 302
35 149
534 574
699 965
881 421
985 534
105 586
255 902
111 760
695 173
217 837
801 65
320 364
192 264
898 299
517 59
601 414
691 789
9 530
329 504
814 187
51 120
484 830
105 158
885 880
463 414
879 445
940 89
507 785
299 460
239 75
20 119
877 317
708 687
722 926
336 869
224 632
710 429
44 306
373 632
488 214
185 274
674 972
696 564
652 358
911 411
226 786
741 215
375 587
334 325
576 888
865 838
223 260
299 446
953 36
50 973
785 828
83 226
539 314
613 331
617 497
468 501
658 776
46 506
78 593
553 294
859 554
699 562
667 551
81 698
924 190
329 174
318 473
55 532
89 408
772 604
524 460
130 587
615 685
554 713
658 134
638 971
939 403
359 449
869 18
560 297
371 759
649 666
585 462
349 642
532 437
716 681
28 855
218 684
121 26
710 779
700 266
468 739
473 948
395 700
76 652
312 739
592 335
801 306
329 665
731 140
140 361
533 113
618 376
579 744
929 510
531 440
194 77
299 469
76 380
161 690
288 365
305 921
619 935
68 476
151 700
131 880
561 988
656 453
933 473
789 415
222 89
706 288
46 480
195 716
380 171
448 691
929 853
140 458
522 941
263 738
433 351
100 216
948 327
363 867
292 329
136 770
192 476
834 11
64 889
213 45
874 81
809 79
959 269
824 910
439 547
804 715
145 592
798 475
268 913
624 837
570 176
373 320
735 693
547 514
366 970
432 162
116 198
298 511
355 772
269 774
241 809
898 864
862 825
738 489
529 290
606 627
588 47
307 585
60 62
294 684
98 379
124 225
932 899
141 617
212 826
236 144
8 509
217 391
249 857
263 195
628 730
614 627
612 492
282 21
61 718
130 697
987 378
410 293
25 663
425 263
35 311
52 254
492 81
393 26
240 136
525 471
796 258
431 271
993 841
762 229
900 982
927 898
201 177
72 587
684 946
670 137
910 404
597 224
630 868
291 648
853 198
36 87
857 560
289 837
483 22
348 343
529 4
669 869
380 367
336 621
3 373
797 53
983 751
127 492
109 622
894 898
223 524
325 131
979 167
772 120
138 201
111 21
834 386
645 596
429 836
801 881
568 142
469 13
101 163
746 924
913 56
402 422
662 753
967 825
563 908
872 365
199 652
643 143
1 879
205 119
11 9
468 226
634 191
782 304
400 861
95 951
259 977
655 462
683 845
42 699
7 888
590 590
321 86
160 611
789 332
647 396
454 493
944 581
810 599
408 38
377 671
829 789
689 305
550 841
141 216
838 16
1 212
565 194
408 975
407 51
87 7
411 997
223 752
501 540
14 983
956 24
647 199
684 798
893 56
510 319
348 115
75 856
841 87
749 97
228 872
479 766
693 994
767 489
605 146
643 389
136 894
281 117
738 184
221 3
486 598
935 201
864 381
722 348
797 986
319 443
470 55
920 716
849 20
197 632
464 108
570 731
527 164
279 869
82 111
471 275
733 60
305 350
874 918
786 386
167 715
161 441
245 62
546 38
866 318
860 91
232 164
683 307
372 169
142 112
639 926
522 814
137 601
445 958
801 695
212 516
686 348
325 818
825 757
838 539
120 558
948 232
485 852
837 519
277 613
975 374
162 315
486 356
922 726
906 401
405 806
854 690
834 996
443 166
923 594
515 395
76 310
678 761
688 476
456 845
396 977
177 696
874 392
155 750
224 289
272 176
534 421
882 786
692 340
241 613
9 559
1 582
693 286
969 141
136 698
660 200
216 420
668 693
632 749
946 283
763 108
503 874
221 643
23 262
210 202
385 488
141 475
160 237
787 548
357 661
749 728
818 469
170 950
360 958
314 8
938 787
588 190
280 391
865 881
909 597
30 384
410 374
302 310
441 527
750 442
658 928
624 669
41 366
688 928
326 537
850 411
427 975
18 295
810 327
98 621
981 671
864 253
828 743
477 608
371 564
519 734
344 670
911 273
57 817
44 88
204 576
255 309
998 853
445 8
989 995
48 793
846 301
166 9
647 923
656 842
174 412
285 963
904 287
756 205
587 705
621 640
69 874
113 15
114 7
5 975
810 18
300 733
808 445
898 85
60 971
457 643
74 976
848 190
185 715
735 80
637 451
764 191
822 87
145 863
751 181
155 878
119 500
229 263
323 609
155 696
578 358
872 139
128 550
72 761
667 3
198 338
561 849
375 886
993 504
638 359
261 805
558 597
406 321
267 553
944 265
425 338
457 236
115 475
327 232
286 59
967 942
387 75
470 106
792 556
404 796
520 622
388 233
518 666
22 698
574 90
29 315
213 571
714 662
716 122
55 958
392 340
508 172
869 564
557 270
374 825
25 371
983 837
949 1000
652 903
200 118
255 434
637 825
741 748
891 962
466 160
320 470
520 860
970 790
324 692
277 365
394 125
448 261
707 914
391 530
950 955
210 21
645 129
525 642
387 604
198 474
549 829
123 26
766 308
497 10
753 955
469 904
610 824
711 522
661 399
66 855
790 398
134 359
240 784
614 942
815 747
379 461
229 937
814 729
408 483
834 482
474 265
336 382
976 299
344 955
460 323
719 520
148 1
123 765
312 878
17 870
287 969
968 140
43 629
932 828
728 329
219 934
97 206
491 159
67 125
146 95
441 479
45 508
678 395
554 229
118 251
221 336
357 487
199 589
614 664
634 953
413 782
134 228
293 11
32 19
172 502
718 878
922 801
356 163
958 76
177 626
593 271
51 246
776 763
335 458
406 858
50 826
768 923
507 262
823 951
966 67
514 63
250 217
753 939
500 478
131 236
698 105
809 299
113 688
376 304
800 43
507 580
970 94
863 71
416 171
990 43
69 766
452 286
816 599
381 196
477 683
301 883
676 548
926 470
121 564
86 355
90 6
918 341
965 181
500 146
583 67
858 941
461 548
629 621
639 368
734 333
768 748
100 986
288 753
89 912
586 684
225 141
166 829
766 981
712 800
710 860
767 807
907 775
751 13
970 683
895 92
829 820
916 344
73 296
357 450
816 210
164 71
657 695
347 183
771 572
261 214
725 646
256 885
25 232
898 58
77 321
433 276
185 459
369 872
363 93
154 295
470 258
744 325
478 664
505 692
229 738
18 527
98 799
787 343
933 224
910 738
116 30
796 278
346 33
8 211
658 706
698 542
904 42
909 623
984 977
513 212
837 768
274 859
388 631
679 884
142 720
140 741
562 922
496 708
392 991
216 784
751 374
778 513
240 81
171 563
752 224
874 128
154 557
890 835
219 310
524 813
644 583
634 283
468 837
485 550
307 707
545 746
368 833
236 703
108 664
722 763
901 551
212 831
380 305
324 541
927 837
762 393
472 917
818 861
612 783
716 434
988 487
787 590
31 211
135 489
663 405
579 575
239 677
263 929
788 933
78 116
977 715
433 512
257 674
419 930
169 833
412 418
106 90
46 206
572 685
355 637
126 346
684 637
519 379
819 70
400 848
827 341
464 432
