1000 1000
378 890
775 567
462 298
83 170
605 957
590 61
859 649
565 437
656 877
146 271
847 223
788 943
745 847
402 618
720 217
332 4
468 751
306 298
49 429
770 634
471 211
254 454
145 703
100 181
407 616
524 170
52 772
886 851
104 923
705 187
599 489
693 168
728 904
162 621
542 452
183 626
171 21
740 175
464 832
256 485
407 479
723 485
833 780
501 366
128 282
622 411
334 764
980 91
212 60
472 568
845 630
329 736
184 458
503 39
593 709
209 979
424 512
984 383
992 224
881 920
34 572
647 355
264 75
247 725
634 195
787 601
956 883
696 462
646 178
839 511
83 661
303 633
626 925
825 432
888 983
699 242
516 842
574 10
10 20
376 846
145 262
99 890
613 195
700 163
5 93
333 781
950 208
555 430
238 309
64 592
578 713
698 931
496 811
715 992
670 473
767 135
185 531
873 82
479 663
422 616
558 700
16 75
50 647
500 242
603 185
260 616
924 710
967 907
605 479
44 582
570 25
866 47
395 652
467 689
434 678
661 140
40 493
472 448
631 256
282 870
145 287
750 727
928 150
904 218
68 399
27 82
489 684
691 190
149 177
587 856
718 800
289 599
187 738
941 469
54 773
246 464
728 305
676 29
693 714
895 977
884 897
975 414
400 483
945 389
826 792
849 870
996 309
226 641
983 123
207 264
302 965
374 18
377 870
560 474
947 617
307 319
269 871
408 26
33 85
717 738
223 171
395 787
795 46
385 602
741 422
375 371
519 921
332 404
331 654
857 519
723 339
516 860
15 32
878 828
146 362
517 631
45 705
291 287
659 770
437 915
163 661
492 869
898 664
967 964
670 66
24 307
524 513
107 528
938 397
306 654
662 34
267 739
909 234
912 771
949 481
894 643
779 823
439 630
582 418
688 412
594 553
499 390
486 666
238 348
223 452
235 967
962 862
166 223
926 222
914 646
423 707
596 554
5 716
974 527
683 319
398 99
880 707
620 209
761 982
751 438
93 495
89 527
896 645
334 193
888 622
786 968
867 793
296 513
623 781
531 351
425 111
257 401
847 696
858 794
158 365
734 769
620 885
612 975
934 903
812 555
820 529
646 401
480 362
753 182
595 513
661 750
32 403
761 95
583 665
878 115
659 183
777 474
165 183
485 157
7 172
167 380
465 135
936 665
711 78
183 371
976 536
628 772
609 18
734 572
377 997
46 675
394 173
802 434
78 883
875 259
208 245
855 973
823 353
15 905
86 29
26 327
183 666
777 810
491 692
73 176
139 116
92 379
43 342
920 98
665 107
526 649
675 80
268 660
710 190
900 544
343 608
803 259
182 656
51 543
150 409
353 755
959 118
623 922
244 706
891 329
990 551
79 301
574 191
447 235
671 270
198 111
82 662
329 422
751 264
146 443
827 618
814 725
20 420
416 415
151 618
820 384
75 669
468 665
628 978
751 657
544 201
845 84
741 303
76 424
9 388
278 30
345 206
321 639
627 917
149 885
771 317
905 485
10 655
199 644
386 775
556 719
731 679
345 985
218 19
228 681
541 676
592 321
952 797
112 144
282 233
688 577
792 779
148 538
658 572
255 310
706 432
278 171
96 257
74 541
648 659
418 745
793 678
550 971
152 256
381 112
739 880
640 493
359 492
429 518
843 380
741 352
98 836
206 183
53 374
185 528
239 422
509 89
719 268
282 676
657 357
799 752
637 659
21 832
479 384
658 98
773 135
87 920
349 915
346 610
844 358
413 539
95 772
261 440
6 309
500 908
748 518
983 903
713 721
320 450
808 848
117 436
889 958
727 816
696 214
965 773
324 250
966 13
913 237
754 862
158 105
618 316
520 707
644 277
693 666
944 931
210 899
165 342
774 56
572 319
325 748
148 903
997 416
341 750
780 394
5 668
704 249
630 707
805 250
37 986
723 870
221 876
350 673
690 183
804 997
127 422
314 229
776 191
112 954
913 566
832 274
157 176
507 412
831 385
868 301
653 999
26 838
279 644
435 931
821 847
620 133
783 268
993 905
178 408
132 424
106 478
349 29
226 12
287 442
365 294
804 883
481 274
11 264
959 531
169 880
309 479
548 529
363 657
642 873
41 287
985 912
992 308
628 443
844 119
860 331
193 475
261 260
875 109
37 79
476 673
488 264
722 54
694 176
950 69
683 892
694 150
479 356
419 730
836 237
172 90
979 223
506 711
55 328
914 352
391 616
398 399
313 123
396 756
754 138
493 64
534 970
359 36
790 675
540 888
773 674
273 452
59 103
576 994
210 744
46 321
20 196
885 996
770 409
627 329
310 287
250 411
338 427
246 129
759 733
362 220
312 370
979 269
364 746
19 28
791 123
991 338
193 908
18 152
981 515
416 278
804 80
380 261
200 592
306 549
489 650
805 840
875 389
426 589
350 321
380 446
285 305
126 490
680 591
628 28
306 680
74 962
819 268
635 614
862 31
667 401
340 843
622 659
672 996
375 748
442 930
913 687
988 371
666 321
208 966
243 126
647 112
145 901
459 635
439 503
342 618
162 12
737 807
395 773
735 358
457 51
23 623
516 231
341 511
683 888
65 703
335 504
286 636
358 991
4 134
57 759
311 521
718 78
319 774
246 7
550 891
592 265
29 999
29 422
983 663
618 30
763 76
337 41
766 603
792 777
735 347
792 646
362 650
919 207
726 857
439 864
711 243
76 854
796 210
82 709
698 618
173 211
359 668
520 450
751 597
983 385
35 588
332 220
725 455
341 688
574 255
628 192
249 375
302 219
645 369
165 139
246 425
286 263
172 912
732 274
786 458
627 522
768 744
333 585
730 47
289 480
976 960
663 727
236 806
453 334
854 675
453 400
67 355
133 618
170 230
717 32
726 50
148 433
215 336
916 878
712 579
754 559
202 84
47 974
624 656
665 505
666 872
650 268
650 431
360 445
617 192
428 511
667 870
139 903
343 850
384 898
360 761
112 925
254 755
20 499
550 877
251 475
726 744
725 872
770 184
105 159
794 661
592 820
593 189
439 813
647 520
145 901
376 859
331 931
124 966
839 721
981 542
105 293
883 987
813 795
915 971
175 216
556 678
297 961
857 471
320 226
394 89
560 152
650 888
556 896
154 516
694 365
173 562
109 558
442 698
922 413
318 634
266 233
863 337
431 717
58 485
471 87
309 262
267 434
205 784
977 316
170 237
323 936
750 417
78 806
450 580
892 422
681 948
50 497
155 144
595 560
948 598
499 626
546 733
924 755
370 772
845 535
963 578
309 67
569 379
285 757
148 242
588 215
46 929
400 792
401 954
164 906
895 786
12 565
64 576
594 979
703 947
477 386
133 633
917 493
205 241
192 499
798 306
984 23
541 553
75 38
880 511
778 396
843 297
194 839
543 623
862 370
166 781
162 316
889 348
314 559
882 210
17 721
554 878
690 174
532 149
947 611
704 128
373 861
409 235
918 345
192 48
654 657
798 242
13 365
142 867
244 647
49 582
719 246
367 621
402 292
933 740
625 712
905 740
94 749
688 361
622 9
81 413
604 7
392 579
549 685
380 276
251 39
704 917
291 378
822 15
950 442
455 694
43 956
460 291
483 4
209 282
716 521
180 317
423 748
538 238
419 717
883 129
31 398
681 896
307 326
749 21
536 71
498 444
595 680
936 909
831 459
594 678
992 336
192 488
632 481
102 542
637 76
819 81
201 676
59 398
785 288
726 837
959 371
479 716
624 834
885 779
935 617
453 422
376 222
134 22
742 100
483 560
45 610
509 748
832 418
223 495
572 914
168 242
211 878
500 32
259 108
700 628
685 494
897 473
214 284
949 232
384 407
474 901
626 479
312 154
732 863
732 579
45 43
267 185
549 625
491 567
771 173
171 96
375 411
598 967
345 585
605 293
817 186
689 862
884 508
661 396
422 987
210 635
234 44
376 963
844 843
36 82
224 813
868 479
567 438
133 496
937 573
198 725
686 179
506 970
108 712
458 321
901 630
49 822
21 572
766 241
248 4
661 280
338 125
534 602
213 113
189 437
839 840
464 688
625 332
508 562
753 483
553 881
536 200
329 204
309 139
197 970
1 44
344 129
417 811
962 760
863 11
886 532
817 451
340 407
241 284
8 388
899 854
385 685
738 882
603 365
483 177
77 222
656 140
820 597
862 545
366 521
287 349
704 407
537 749
753 601
742 243
908 858
866 855
890 996
536 259
918 434
221 630
511 566
451 346
921 452
808 87
68 885
996 206
756 438
759 270
383 494
120 522
378 459
495 960
821 38
308 348
978 850
797 155
722 385
156 449
696 903
151 331
339 5
911 942
89 367
625 878
951 286
120 671
185 271
777 8
600 347
965 627
847 117
418 295
190 583
579 710
39 765
700 839
444 168
350 285
495 588
913 286
95 610
725 764
514 951
56 792
765 499
867 898
614 571
445 90
515 432
646 155
288 838
541 826
909 110
739 555
862 908
894 4
529 969
23 369
347 74
932 974
516 879
599 152
166 357
460 621
370 589
847 302
611 82
964 900
