1000 1000
520 815
669 401
510 823
264 635
765 739
646 4
918 184
238 108
435 974
103 277
79 282
673 990
322 308
741 698
30 578
56 446
773 108
525 838
328 702
848 656
513 89
339 343
66 553
60 73
476 536
733 330
490 642
755 591
387 239
352 92
963 437
218 39
794 75
697 330
883 295
196 836
871 553
893 817
536 318
953 14
398 542
641 486
509 93
435 527
117 278
657 134
521 411
153 295
113 735
491 461
496 108
791 32
550 341
964 82
254 486
170 185
873 270
313 73
626 868
375 951
977 583
607 742
784 853
364 478
216 189
458 784
733 757
934 627
430 812
625 787
918 505
264 180
998 42
927 523
104 406
353 470
165 196
754 111
529 217
910 356
674 927
967 218
572 216
762 158
543 511
138 346
191 935
92 630
252 114
730 925
184 931
721 652
796 532
674 142
690 281
988 242
284 275
672 891
908 631
516 415
962 580
705 673
770 345
989 88
251 476
378 213
513 843
5 921
443 823
944 724
309 285
32 471
808 835
759 516
349 489
747 24
838 901
941 576
717 653
372 544
267 538
207 853
242 799
967 749
507 150
522 362
866 683
561 539
957 751
163 971
808 390
855 904
643 169
71 493
50 381
623 264
37 739
162 173
590 614
949 849
221 864
754 559
191 357
679 503
723 389
125 258
884 775
273 288
466 953
797 266
864 209
480 687
983 775
554 371
930 776
570 756
728 61
832 996
782 114
570 786
778 951
379 248
73 362
360 822
81 731
297 918
656 847
422 910
539 574
223 497
80 525
3 222
965 117
498 999
422 930
883 76
371 316
911 614
823 273
732 644
106 441
91 945
224 465
297 300
689 593
858 798
359 742
762 200
882 473
690 626
63 565
681 333
573 589
608 690
111 76
469 161
253 163
641 411
474 534
42 544
535 711
586 754
7 810
413 456
681 679
247 796
234 252
308 462
104 960
6 302
95 249
475 733
856 303
85 357
525 646
576 333
95 64
671 694
96 585
679 808
89 833
289 766
717 430
117 901
660 679
346 338
682 410
535 505
773 975
710 694
66 762
251 240
424 949
649 57
531 563
653 607
395 895
441 270
498 979
530 188
490 41
347 708
637 342
832 92
883 890
820 142
63 921
107 651
370 173
752 67
647 505
241 294
365 463
102 934
689 908
293 851
657 831
841 742
561 301
934 102
658 360
831 758
246 83
489 612
806 775
813 540
108 602
594 868
881 619
928 389
696 591
174 8
649 71
220 543
679 384
810 383
570 409
624 965
190 136
340 14
91 174
959 829
859 998
208 449
358 786
879 940
865 846
499 253
314 187
517 303
174 493
395 824
796 622
294 283
784 361
636 342
329 119
206 965
242 277
435 341
420 308
132 513
363 352
574 977
429 114
259 110
791 14
513 824
487 814
713 328
954 925
897 766
240 300
155 540
123 552
36 112
940 746
477 918
726 990
950 772
769 220
950 717
664 659
276 471
83 417
897 28
598 148
708 725
640 844
348 98
461 102
786 19
925 747
796 370
555 86
875 271
934 586
174 635
955 314
652 533
673 503
535 408
51 158
987 339
330 935
35 615
745 191
829 957
119 367
73 230
800 986
21 881
836 715
668 72
783 565
514 571
376 153
850 283
666 876
321 152
493 438
584 588
141 900
125 998
98 654
58 136
607 818
517 394
244 615
655 620
788 323
669 343
263 886
922 325
217 492
899 773
377 999
425 168
939 627
323 199
255 265
737 218
720 140
458 194
533 158
615 416
995 68
718 19
689 382
607 871
250 312
954 441
943 276
216 148
235 134
510 718
365 30
109 595
793 170
468 689
567 65
868 19
667 905
387 351
731 497
970 416
444 472
527 980
158 37
188 374
875 764
406 237
244 623
198 476
100 451
388 128
147 687
415 165
780 264
742 729
519 592
130 352
584 234
41 150
934 752
77 48
829 46
131 667
324 548
445 187
896 831
320 270
943 776
695 863
518 67
798 371
316 826
367 143
788 968
73 984
471 495
620 665
160 666
222 1
678 867
201 682
949 422
514 203
517 44
388 887
778 434
355 628
426 839
514 477
10 969
685 121
586 713
559 609
812 490
286 406
673 974
114 1000
644 393
41 544
364 92
806 983
222 667
526 29
226 776
289 747
673 950
447 793
485 206
800 761
257 949
891 450
893 340
56 654
611 447
134 572
157 591
166 758
844 984
317 844
386 11
238 1000
58 125
254 128
506 166
103 72
944 164
693 373
290 189
124 954
668 336
896 895
550 789
107 861
60 808
330 627
700 266
136 964
707 280
786 639
921 986
762 854
992 173
813 639
137 130
308 6
839 861
951 201
753 742
517 794
716 835
189 393
239 540
1000 24
582 374
380 693
872 649
643 459
777 546
786 417
505 450
243 401
826 724
339 442
213 435
604 767
366 530
748 342
204 298
85 794
98 455
595 290
297 803
121 104
468 114
556 258
18 197
982 508
519 279
900 251
683 3
513 580
481 795
329 947
266 650
86 116
544 988
415 446
499 769
580 19
583 806
771 602
828 379
798 685
245 813
291 955
385 302
67 63
390 712
171 327
641 670
486 286
542 380
584 402
766 193
780 862
572 148
512 922
472 212
284 582
172 631
703 667
625 332
586 482
291 505
970 946
329 957
378 702
246 679
695 205
675 989
418 361
522 878
74 424
356 737
111 46
13 884
448 625
411 806
78 188
586 212
495 364
370 704
268 294
455 325
827 151
729 269
133 242
778 51
753 278
146 497
295 254
494 155
735 943
565 603
296 157
202 43
320 822
861 77
99 317
922 55
372 192
656 799
53 155
98 92
21 283
170 565
589 468
825 959
882 420
1 523
694 637
395 901
567 71
889 718
55 35
757 43
490 441
856 5
491 219
860 951
991 152
98 43
592 218
694 29
827 328
597 230
387 93
846 554
964 711
774 67
416 305
370 924
806 969
673 662
686 234
536 678
966 868
436 685
824 335
899 495
577 44
892 773
828 28
794 315
173 870
469 18
663 293
424 735
966 704
932 946
558 409
412 568
338 367
615 258
149 603
698 884
941 198
651 126
59 402
759 215
236 61
100 829
971 113
528 37
509 287
560 906
251 335
410 798
971 433
260 346
328 431
250 132
718 616
684 804
966 639
213 150
560 83
269 451
740 557
136 431
480 948
757 532
589 732
857 238
362 602
753 6
576 762
475 647
795 754
766 492
72 28
685 160
825 576
152 532
338 855
818 532
400 401
652 194
317 112
217 730
374 939
352 757
237 780
702 894
391 82
129 367
262 328
589 949
328 620
619 224
518 185
365 717
110 173
788 451
250 532
418 433
663 499
656 711
167 893
193 568
95 298
77 910
401 923
983 398
396 184
560 792
103 218
818 760
273 321
869 552
172 438
469 60
21 810
162 652
910 734
374 325
429 881
467 288
890 62
931 866
805 458
742 891
301 778
687 439
866 227
375 568
364 745
593 729
697 41
596 940
899 670
37 382
416 903
114 294
704 615
279 449
75 724
405 113
889 330
638 217
855 13
75 483
944 954
686 138
554 694
760 576
629 109
556 281
800 677
426 286
108 680
477 892
406 998
661 498
297 696
286 182
242 326
759 649
2 866
396 822
176 611
565 199
133 155
565 104
605 314
211 754
924 608
76 314
615 14
839 511
279 566
304 583
258 287
845 818
58 858
12 270
355 63
779 241
545 705
15 866
280 86
406 745
266 696
172 203
149 806
634 719
290 596
594 859
463 798
917 399
302 769
125 848
508 11
859 175
123 94
666 400
256 945
58 668
45 846
678 759
40 557
630 202
587 584
142 674
954 389
405 271
272 840
751 902
290 158
588 576
42 906
823 129
933 467
223 169
270 52
9 246
377 852
516 192
392 372
459 292
810 203
703 226
159 645
227 247
29 736
446 484
678 293
468 197
416 925
325 866
475 434
213 81
775 633
842 258
803 575
514 226
7 153
218 25
331 674
815 756
302 841
961 43
280 704
355 412
775 910
309 910
414 654
594 255
690 510
810 831
107 785
193 411
961 893
918 418
269 942
637 675
539 345
998 374
351 58
700 630
876 814
182 254
422 698
97 240
498 626
148 375
769 802
962 591
681 25
716 807
955 481
821 126
550 801
220 971
291 459
589 364
687 30
296 432
60 685
801 781
583 845
846 819
796 891
132 886
662 308
315 32
791 700
373 156
878 168
491 620
588 667
664 45
654 101
604 126
686 159
714 173
82 896
634 873
547 795
832 17
440 415
979 899
881 894
7 718
780 510
171 185
994 27
252 713
51 811
768 895
102 960
332 648
514 98
719 955
25 602
308 694
119 64
756 98
519 567
754 82
22 660
13 496
830 762
801 8
101 320
942 339
83 649
928 158
351 379
621 600
147 649
10 823
748 305
278 292
427 919
630 426
478 152
216 971
191 472
375 43
404 365
645 827
102 649
892 671
434 243
668 689
155 183
497 140
213 18
682 169
508 479
491 805
155 828
84 425
422 397
423 849
392 928
222 694
485 856
898 828
570 931
869 164
496 172
258 923
901 193
