1000 1000
202 202
979 979
911 911
583 583
41 41
237 237
81 81
975 975
887 887
772 772
480 480
478 478
670 670
820 820
699 699
332 332
689 689
341 341
789 789
749 749
739 739
136 136
497 497
672 672
417 417
867 867
248 248
765 765
560 560
844 844
492 492
508 508
487 487
221 221
977 977
737 737
387 387
627 627
174 174
561 561
564 564
863 863
110 110
102 102
987 987
879 879
172 172
619 619
361 361
992 992
164 164
254 254
895 895
981 981
53 53
65 65
531 531
896 896
728 728
840 840
297 297
2 2
655 655
756 756
620 620
159 159
990 990
843 843
268 268
195 195
721 721
158 158
891 891
752 752
188 188
187 187
262 262
755 755
648 648
645 645
827 827
20 20
995 995
431 431
532 532
67 67
866 866
101 101
475 475
682 682
617 617
589 589
704 704
23 23
57 57
286 286
11 11
273 273
841 841
94 94
463 463
77 77
943 943
379 379
418 418
200 200
396 396
338 338
206 206
747 747
997 997
405 405
422 422
72 72
775 775
95 95
249 249
802 802
155 155
442 442
176 176
818 818
641 641
421 421
383 383
134 134
523 523
711 711
198 198
163 163
876 876
45 45
31 31
386 386
873 873
861 861
146 146
825 825
930 930
751 751
90 90
875 875
168 168
538 538
954 954
126 126
240 240
213 213
637 637
571 571
228 228
994 994
124 124
871 871
716 716
253 253
584 584
899 899
366 366
339 339
320 320
980 980
723 723
644 644
903 903
317 317
448 448
220 220
56 56
14 14
371 371
520 520
934 934
416 416
621 621
255 255
893 893
82 82
951 951
998 998
344 344
438 438
946 946
847 847
499 499
230 230
201 201
91 91
907 907
733 733
611 611
477 477
120 120
800 800
58 58
292 292
10 10
665 665
207 207
921 921
385 385
117 117
294 294
191 191
602 602
303 303
393 393
52 52
591 591
654 654
391 391
578 578
162 162
604 604
380 380
676 676
732 732
231 231
86 86
968 968
661 661
358 358
451 451
330 330
742 742
318 318
667 667
147 147
639 639
576 576
503 503
92 92
351 351
874 874
365 365
690 690
725 725
482 482
424 424
526 526
753 753
878 878
883 883
59 59
960 960
239 239
397 397
558 558
680 680
894 894
311 311
83 83
679 679
236 236
378 378
185 185
692 692
304 304
809 809
196 196
46 46
472 472
599 599
356 356
242 242
278 278
545 545
643 643
900 900
343 343
509 509
542 542
922 922
151 151
839 839
107 107
323 323
336 336
795 795
691 691
367 367
640 640
39 39
712 712
403 403
501 501
470 470
615 615
179 179
12 12
432 432
347 347
108 108
326 326
224 224
270 270
865 865
609 609
209 209
141 141
762 762
932 932
167 167
324 324
457 457
165 165
271 271
289 289
539 539
349 349
629 629
131 131
423 423
566 566
296 296
173 173
79 79
412 412
500 500
551 551
434 434
920 920
577 577
703 703
152 152
575 575
890 890
291 291
73 73
568 568
543 543
232 232
353 353
905 905
519 519
938 938
540 540
774 774
958 958
354 354
925 925
764 764
948 948
502 502
559 559
626 626
415 415
138 138
430 430
149 149
453 453
293 293
842 842
850 850
75 75
128 128
853 853
702 702
115 115
194 194
846 846
982 982
726 726
375 375
675 675
791 791
247 247
16 16
758 758
942 942
85 85
197 197
660 660
746 746
553 553
806 806
178 178
831 831
744 744
868 868
137 137
114 114
64 64
572 572
939 939
308 308
622 622
388 388
132 132
301 301
835 835
471 471
5 5
211 211
649 649
849 849
821 821
272 272
498 498
763 763
118 118
400 400
111 111
588 588
377 377
113 113
216 216
469 469
687 687
579 579
792 792
50 50
154 154
730 730
476 476
357 357
999 999
658 658
80 80
13 13
256 256
812 812
913 913
950 950
533 533
54 54
192 192
550 550
446 446
541 541
897 897
309 309
828 828
547 547
638 638
864 864
650 650
698 698
662 662
860 860
697 697
259 259
612 612
686 686
68 68
967 967
628 628
814 814
940 940
281 281
607 607
988 988
872 872
773 773
631 631
511 511
963 963
258 258
300 300
348 348
29 29
328 328
219 219
969 969
169 169
516 516
590 590
310 310
854 854
212 212
767 767
537 537
450 450
945 945
623 623
335 335
429 429
125 125
684 684
557 557
949 949
823 823
635 635
123 123
524 524
226 226
653 653
555 555
593 593
295 295
674 674
8 8
55 55
121 121
275 275
705 705
204 204
156 156
148 148
250 250
285 285
717 717
715 715
852 852
741 741
727 727
260 260
694 694
585 585
404 404
546 546
190 190
529 529
325 325
610 610
996 996
298 298
518 518
26 26
265 265
337 337
924 924
527 527
912 912
439 439
642 642
724 724
436 436
989 989
84 84
69 69
98 98
215 215
972 972
180 180
456 456
307 307
334 334
315 315
605 605
384 384
633 633
671 671
959 959
342 342
798 798
408 408
32 32
127 127
515 515
181 181
306 306
829 829
34 34
743 743
374 374
38 38
745 745
364 364
133 133
837 837
923 923
193 193
401 401
70 70
87 87
170 170
600 600
409 409
363 363
6 6
909 909
413 413
858 858
243 243
9 9
793 793
761 761
817 817
465 465
425 425
856 856
381 381
910 910
71 71
37 37
681 681
552 552
832 832
440 440
488 488
881 881
892 892
96 96
153 153
340 340
790 790
495 495
757 757
60 60
299 299
738 738
459 459
458 458
944 944
414 414
677 677
130 130
474 474
596 596
486 486
235 235
608 608
227 227
389 389
331 331
781 781
106 106
813 813
241 241
229 229
766 766
919 919
203 203
801 801
731 731
17 17
287 287
632 632
27 27
888 888
208 208
395 395
966 966
479 479
33 33
36 36
352 352
257 257
838 838
870 870
740 740
955 955
914 914
886 886
796 796
848 848
435 435
274 274
830 830
625 625
314 314
614 614
460 460
953 953
467 467
993 993
574 574
288 288
322 322
484 484
7 7
652 652
171 171
62 62
586 586
319 319
105 105
898 898
606 606
97 97
985 985
427 427
965 965
43 43
222 222
826 826
528 528
618 618
554 554
473 473
788 788
877 877
734 734
145 145
771 771
491 491
521 521
646 646
760 760
368 368
595 595
885 885
794 794
233 233
785 785
420 420
536 536
688 688
466 466
786 786
283 283
673 673
452 452
845 845
444 444
214 214
496 496
327 327
234 234
603 603
961 961
693 693
780 780
782 782
748 748
797 797
768 768
360 360
3 3
668 668
305 305
183 183
44 44
346 346
129 129
186 186
1000 1000
119 119
720 720
284 284
443 443
548 548
931 931
18 18
929 929
573 573
592 592
464 464
350 350
449 449
410 410
651 651
370 370
970 970
811 811
859 859
267 267
109 109
933 933
598 598
616 616
769 769
983 983
901 901
647 647
302 302
182 182
906 906
78 78
534 534
567 567
916 916
493 493
177 177
630 630
833 833
143 143
701 701
708 708
855 855
510 510
729 729
399 399
580 580
587 587
535 535
624 624
481 481
42 42
947 947
926 926
30 30
722 722
666 666
104 104
659 659
952 952
217 217
345 345
251 251
22 22
710 710
889 889
570 570
135 135
807 807
971 971
246 246
359 359
199 199
803 803
678 678
706 706
713 713
63 63
719 719
836 836
312 312
657 657
750 750
973 973
47 47
917 917
362 362
696 696
407 407
290 290
824 824
569 569
238 238
974 974
563 563
355 355
984 984
264 264
28 28
455 455
494 494
51 51
390 390
779 779
685 685
321 321
784 784
787 787
122 122
978 978
902 902
819 819
918 918
927 927
862 862
266 266
15 15
957 957
313 313
594 594
597 597
428 428
150 150
66 66
962 962
252 252
205 205
700 700
93 93
735 735
783 783
210 210
936 936
184 184
986 986
991 991
261 261
514 514
35 35
822 822
709 709
512 512
175 175
447 447
517 517
582 582
718 718
776 776
244 244
454 454
437 437
225 225
166 166
483 483
461 461
279 279
25 25
49 49
329 329
804 804
140 140
61 61
882 882
382 382
489 489
656 656
664 664
805 805
88 88
441 441
406 406
189 189
754 754
935 935
506 506
636 636
736 736
504 504
695 695
280 280
277 277
581 581
857 857
513 513
544 544
116 116
333 333
490 490
613 613
4 4
834 834
976 976
810 810
522 522
815 815
525 525
245 245
373 373
276 276
74 74
777 777
402 402
89 89
112 112
411 411
445 445
505 505
139 139
928 928
218 218
851 851
880 880
565 565
714 714
904 904
462 462
816 816
663 663
157 157
808 808
372 372
426 426
964 964
19 19
394 394
759 759
99 99
884 884
419 419
40 40
562 562
941 941
263 263
770 770
530 530
160 160
778 778
799 799
100 100
601 601
556 556
21 21
485 485
908 908
683 683
161 161
142 142
24 24
915 915
223 223
392 392
1 1
369 369
398 398
549 549
269 269
103 103
76 76
956 956
144 144
376 376
433 433
48 48
282 282
634 634
869 869
707 707
937 937
507 507
316 316
669 669
468 468
