10000 1000
934 246
905 104
835 507
605 304
429 802
519 885
303 425
466 567
182 115
159 163
36 488
282 28
480 763
156 917
484 875
823 192
934 538
606 258
943 49
194 364
383 858
21 508
903 837
115 458
877 172
84 675
916 854
268 18
593 727
244 674
375 103
62 917
804 47
460 24
354 775
297 300
479 723
782 159
973 801
407 185
491 604
132 504
705 372
593 668
952 100
645 915
840 235
479 190
17 156
900 274
875 261
970 585
349 740
545 238
345 413
277 12
614 933
605 552
613 859
903 914
165 57
138 329
472 95
162 980
51 273
527 425
770 324
454 721
921 109
775 146
524 794
213 892
160 382
521 133
640 433
368 469
225 22
856 466
246 340
471 222
540 102
500 92
911 547
868 806
812 262
846 242
317 238
143 928
840 936
856 254
368 248
891 980
906 980
65 616
538 529
198 4
404 755
699 963
195 322
260 7
709 335
344 38
676 332
476 960
807 545
216 651
183 135
184 440
930 721
660 475
172 702
640 230
209 993
325 774
956 457
454 293
388 417
324 671
313 657
939 933
483 843
499 949
148 663
695 623
817 391
673 305
652 492
756 405
773 255
825 630
676 721
163 14
401 195
811 131
61 638
92 622
382 685
583 290
199 510
113 931
685 901
345 660
315 665
146 175
959 941
695 458
235 40
658 540
5 526
563 68
967 548
583 226
759 807
983 348
712 614
389 939
928 884
138 779
600 447
523 791
935 652
991 258
639 696
331 951
390 944
406 993
55 954
341 84
687 938
752 3
360 286
963 151
721 803
614 159
419 574
230 962
238 571
170 606
546 33
942 853
23 131
315 403
437 849
373 905
484 389
444 381
910 975
923 968
912 561
172 678
813 308
715 674
146 66
662 55
643 241
956 416
957 470
946 353
570 831
863 603
72 544
714 100
818 464
438 477
757 121
61 682
860 251
738 53
813 833
229 396
810 810
643 967
921 321
20 338
725 446
987 1
738 667
506 367
516 896
611 30
217 968
88 802
754 562
51 5
607 616
23 421
880 35
741 578
244 869
848 625
438 93
650 947
99 559
412 54
213 506
858 299
483 136
597 286
327 561
503 938
62 544
378 82
4 348
18 857
573 129
950 835
765 429
491 794
209 811
593 666
644 547
284 276
867 336
676 319
513 520
877 474
996 792
128 660
782 190
936 853
557 133
806 162
219 844
22 636
94 591
40 329
585 869
631 834
98 496
13 668
50 104
629 879
80 120
832 562
310 336
881 709
762 225
369 405
887 396
3 315
273 99
873 173
637 343
517 692
70 232
385 229
1 824
256 656
226 529
250 716
933 266
380 969
230 862
14 132
97 356
979 303
795 376
580 926
142 441
310 635
945 409
527 882
974 736
717 814
443 761
535 650
489 524
186 881
792 250
853 471
673 164
421 22
666 85
130 498
590 523
200 405
939 378
855 148
434 241
124 815
706 370
22 405
324 822
441 358
200 47
718 687
176 349
241 842
272 786
818 651
988 254
485 916
698 387
322 490
355 417
557 493
271 396
15 980
702 377
11 367
567 309
394 867
5 838
831 946
324 983
372 536
609 25
268 31
16 397
574 444
371 458
64 647
138 461
690 495
789 60
383 268
708 210
984 939
576 671
176 710
39 845
520 897
507 388
621 294
660 750
181 650
386 900
686 790
531 911
135 206
443 183
77 805
575 944
184 576
889 848
835 278
647 683
135 271
644 591
32 498
78 760
95 61
870 997
830 560
331 89
543 170
399 363
590 235
168 86
610 608
929 946
176 83
6 33
768 432
36 515
902 89
734 258
858 179
49 671
56 543
137 755
553 762
441 999
633 709
416 285
599 453
823 780
743 548
692 703
67 974
41 959
870 22
613 821
952 38
602 353
781 962
797 478
94 350
530 91
534 331
438 123
5 559
379 750
705 305
15 70
313 617
117 403
536 558
66 319
832 518
145 83
860 954
568 80
28 166
825 135
461 558
378 66
431 620
749 408
493 387
889 389
616 39
15 527
629 594
317 34
490 529
151 717
365 13
9 851
397 267
574 508
15 564
100 705
402 670
966 19
403 321
120 948
818 42
143 668
819 307
783 726
30 401
378 552
464 21
992 711
712 724
473 608
538 255
429 536
744 116
980 150
787 507
759 51
574 489
429 465
308 856
926 41
357 125
396 179
637 201
973 18
997 345
163 821
384 246
612 456
447 614
562 257
790 785
499 147
597 148
258 158
31 329
188 461
150 870
268 390
501 849
289 70
77 387
243 163
617 834
241 480
297 628
149 292
587 643
54 155
717 316
429 3
61 135
257 761
529 586
219 570
639 518
130 522
895 184
225 488
739 833
212 208
622 455
711 968
82 986
423 387
280 760
190 905
924 897
723 565
471 675
624 29
467 495
586 598
547 458
333 766
400 685
550 280
740 470
982 411
699 789
398 3
421 872
429 799
110 79
764 225
239 144
307 769
770 628
857 931
857 712
911 460
319 349
813 689
269 657
653 895
119 660
979 180
749 652
827 221
43 529
587 590
473 17
244 54
915 973
333 911
473 595
736 554
57 578
891 177
320 833
705 892
549 784
863 293
966 436
567 27
521 360
576 587
541 447
843 530
238 659
760 908
36 361
751 241
300 603
56 42
182 628
947 600
565 215
169 926
970 249
513 754
554 858
43 56
155 857
25 79
467 685
417 642
873 556
557 360
442 247
74 844
21 524
140 149
551 883
377 175
753 82
394 41
101 802
749 589
372 151
693 12
322 931
168 351
128 35
608 807
194 121
875 853
935 24
131 130
908 76
959 593
377 887
520 264
90 205
397 795
127 457
479 537
660 621
622 453
658 119
994 486
140 598
370 847
43 545
889 328
11 720
620 563
36 761
341 224
609 300
523 585
548 272
216 302
480 172
833 731
966 318
946 629
129 432
568 889
810 694
828 525
116 977
359 965
385 487
112 999
155 464
712 727
620 562
663 452
918 207
603 225
908 994
760 405
304 950
243 859
442 350
334 291
711 582
912 759
408 353
242 999
543 568
442 878
285 210
52 298
927 462
836 200
572 178
709 885
297 440
213 590
877 580
742 409
709 495
839 938
449 119
969 255
893 132
979 812
753 565
839 480
794 129
786 926
87 247
456 101
324 678
789 577
658 949
869 456
37 796
517 869
405 769
967 560
342 813
930 779
983 436
344 695
775 729
967 189
995 15
545 190
962 41
635 332
425 131
777 262
967 870
873 648
611 864
620 568
152 554
736 282
280 624
360 709
694 109
42 597
730 524
264 263
65 352
112 647
275 741
44 685
19 876
947 851
291 491
398 585
973 83
12 522
907 432
390 644
471 877
315 84
244 69
189 312
467 267
563 395
895 571
389 508
834 542
731 911
757 722
39 866
188 808
454 906
928 245
146 332
827 809
635 420
951 491
785 249
608 642
844 982
965 517
285 851
395 725
226 883
378 182
998 188
550 210
398 817
615 141
773 35
553 834
617 796
357 724
379 627
342 446
731 747
453 860
730 131
182 336
839 335
753 542
43 845
73 847
52 98
456 42
589 499
505 351
253 364
509 410
868 540
607 174
89 175
136 607
710 19
459 663
546 147
682 794
830 879
791 681
577 674
596 339
556 171
996 24
79 612
335 684
218 654
538 578
981 195
5 462
328 51
931 826
947 312
965 938
688 361
752 128
380 451
674 664
170 907
313 837
279 701
556 419
695 953
520 387
215 568
188 402
97 219
397 953
3 821
363 622
16 844
482 234
109 756
874 378
461 91
848 743
134 902
595 821
410 491
807 359
463 981
693 57
263 868
689 621
737 714
875 311
134 670
615 729
397 29
445 976
703 60
201 4
315 231
588 196
571 478
785 120
230 491
641 821
492 205
823 437
621 575
693 20
602 433
678 876
954 718
489 746
487 941
604 47
110 377
903 663
627 449
733 981
818 944
991 246
679 646
928 33
111 309
57 669
389 117
999 955
102 48
656 112
997 550
618 173
224 995
269 423
33 244
515 879
494 470
783 834
905 215
763 810
672 243
192 683
158 120
986 903
928 218
58 611
386 536
706 72
144 525
844 386
517 616
604 788
215 876
681 675
16 105
624 222
807 105
673 653
493 700
384 375
17 204
133 490
628 34
269 358
230 615
206 2
655 539
719 318
710 874
350 480
406 194
647 111
324 631
556 107
563 767
936 787
504 919
667 621
685 907
953 865
730 57
955 438
1000 168
788 716
876 729
693 993
34 253
545 421
55 542
962 453
102 988
194 147
765 905
747 140
709 678
144 313
980 396
65 551
910 220
67 511
936 720
830 942
133 511
429 670
561 493
929 924
32 904
159 560
768 748
749 768
162 248
777 228
709 807
762 43
179 288
469 198
635 543
129 312
285 177
827 364
249 548
987 334
176 397
373 720
17 903
689 423
726 443
492 20
68 58
565 156
903 341
616 696
451 582
23 782
972 364
155 198
799 835
335 85
719 202
886 309
113 171
184 739
832 182
554 16
866 38
554 169
504 298
638 872
418 878
262 896
729 655
486 652
724 835
166 489
515 455
721 687
119 670
881 340
704 297
345 649
829 754
762 667
640 575
487 387
295 949
112 31
852 315
67 151
662 339
438 696
846 340
783 132
243 674
732 40
390 437
219 133
495 318
996 200
910 357
553 243
226 301
749 121
30 446
722 285
207 931
297 772
415 322
742 574
461 591
874 849
723 424
360 326
631 10
456 162
978 35
366 607
412 326
891 712
270 426
427 304
78 787
870 844
775 192
280 692
582 211
866 694
870 636
998 803
661 774
6 208
173 17
301 63
260 854
660 963
868 534
703 743
356 492
470 520
93 886
717 990
213 512
428 944
431 912
95 725
658 187
886 403
822 399
407 19
210 631
679 283
360 163
269 539
159 909
503 921
176 868
755 837
938 117
824 805
247 237
898 370
20 88
993 105
533 830
322 700
478 936
261 527
171 367
733 667
97 342
139 917
755 515
588 920
358 618
22 799
677 474
615 124
157 821
934 820
442 900
416 393
497 673
740 934
100 404
127 663
73 623
882 542
915 122
343 919
744 935
79 517
137 127
807 642
293 635
997 851
182 843
144 258
922 147
750 883
619 609
52 911
304 89
842 748
330 841
460 890
87 605
978 39
91 348
488 365
466 1
223 103
567 843
482 927
713 517
562 659
600 614
731 259
924 283
645 373
463 184
499 10
14 411
743 598
691 993
588 843
174 479
835 598
375 82
103 273
910 311
73 96
604 180
492 212
295 317
370 779
730 944
445 525
778 873
391 25
514 711
899 158
656 205
273 818
358 874
518 847
834 753
345 593
414 202
287 489
648 663
929 341
491 784
57 725
165 967
56 32
711 173
483 821
344 59
57 971
602 202
87 337
28 484
644 486
190 56
485 522
536 778
394 827
995 800
567 34
310 462
684 51
930 659
294 32
23 642
964 359
429 362
506 847
36 279
841 519
340 582
381 912
285 797
870 862
161 64
56 562
101 373
715 139
612 674
987 632
628 97
376 40
902 155
264 306
426 394
800 157
841 573
303 473
417 624
628 140
813 257
474 303
634 348
371 655
364 848
338 516
159 440
591 436
349 307
167 913
807 253
866 935
780 980
195 15
427 819
572 655
839 114
287 392
926 404
510 303
66 63
676 844
624 976
361 294
355 405
593 836
329 344
30 285
773 995
682 658
892 903
558 255
192 123
294 917
712 219
803 939
54 678
567 192
791 824
260 907
415 614
798 628
458 300
508 992
988 986
763 40
378 43
331 98
359 677
968 215
704 827
90 899
744 454
85 601
893 192
810 413
881 239
460 791
698 632
60 894
714 802
582 211
247 839
634 794
836 726
100 773
879 107
91 840
65 478
430 694
841 48
186 130
961 993
677 311
607 229
615 737
726 322
27 282
122 131
219 494
464 160
353 551
731 276
199 809
952 654
704 95
259 728
460 429
40 99
776 707
171 1
436 721
512 130
659 349
772 672
334 190
305 482
346 933
254 517
861 159
893 254
629 148
940 233
753 627
469 317
94 420
85 966
291 900
784 794
365 837
219 564
588 443
769 917
4 888
728 685
221 32
817 438
476 30
83 242
1000 398
304 704
853 632
630 539
756 964
951 163
753 8
121 274
212 924
959 975
369 910
727 159
928 478
946 887
365 804
432 59
273 548
433 379
511 209
116 480
192 328
772 739
831 512
294 535
446 329
668 194
728 393
221 440
236 344
474 560
217 438
395 717
836 616
800 54
619 351
321 502
134 720
407 804
288 133
744 685
658 130
639 645
329 617
81 26
803 814
945 793
414 900
644 718
42 111
574 793
169 888
412 780
222 524
312 302
659 453
281 162
209 663
343 913
44 612
915 364
973 457
85 355
278 167
660 272
433 523
170 469
106 6
229 938
104 373
600 735
792 10
535 81
994 233
559 396
474 164
547 694
960 816
432 868
321 966
306 515
211 755
261 136
5 744
301 168
557 154
134 169
24 59
941 151
717 807
428 928
178 936
962 232
918 923
713 86
661 353
998 973
856 495
469 412
242 110
979 407
236 331
522 803
873 800
592 990
995 41
584 276
540 512
855 147
302 474
648 424
4 480
345 400
758 119
252 753
105 624
495 349
485 473
972 830
253 505
946 76
706 168
842 729
569 181
602 966
120 70
38 635
709 388
962 963
511 580
697 517
875 975
145 308
320 474
813 1000
331 159
42 524
668 203
986 917
839 158
564 497
861 958
945 94
48 236
873 582
946 365
60 474
182 514
890 740
166 216
884 611
772 569
96 419
432 466
480 394
304 459
939 829
587 786
635 281
222 984
358 778
815 954
846 679
21 945
929 411
421 418
89 806
294 543
612 59
271 117
365 848
587 900
817 304
380 546
388 348
701 320
698 749
655 147
878 268
861 4
486 787
264 785
228 626
803 954
567 506
175 692
280 133
313 34
14 188
951 223
986 543
95 93
107 697
817 209
924 602
23 788
681 251
988 580
62 565
738 649
752 3
754 640
409 227
361 995
216 696
373 135
519 339
188 477
795 30
821 595
624 239
860 264
155 556
418 210
621 249
852 796
95 283
391 200
64 728
882 889
561 141
645 805
74 687
730 603
74 226
571 641
266 221
891 368
282 556
523 822
468 205
47 27
508 404
135 132
462 319
527 660
432 817
615 254
595 891
763 92
646 831
107 411
947 44
53 332
544 333
478 421
736 985
141 614
184 308
249 285
386 37
669 258
429 158
75 155
66 960
382 770
553 340
862 770
210 434
832 693
925 414
444 889
715 134
917 294
34 357
44 642
212 436
622 637
952 708
145 925
760 68
267 267
986 753
339 365
264 225
598 634
799 167
931 809
803 355
568 994
554 287
435 611
877 219
561 108
162 729
562 347
924 993
691 42
977 999
955 580
275 168
422 707
656 17
189 421
619 776
892 282
280 128
811 680
811 674
54 143
346 255
381 222
854 231
852 260
927 740
940 879
621 31
176 617
807 915
369 309
448 21
147 951
413 890
590 937
816 57
597 783
16 61
202 668
215 68
496 98
770 578
40 15
213 87
957 394
421 253
688 410
459 907
868 839
704 620
515 607
163 833
391 451
325 3
90 663
94 442
479 901
268 465
998 779
747 351
860 880
960 983
752 979
69 57
640 724
577 79
186 545
525 361
347 827
223 801
867 310
163 280
983 44
5 663
22 931
752 319
565 162
90 978
147 392
541 847
421 838
952 921
131 343
4 273
897 567
120 1000
511 769
182 894
994 136
771 566
89 967
283 791
136 377
490 572
608 58
84 893
117 803
958 508
655 50
266 553
42 104
512 87
854 537
111 92
511 743
656 133
781 608
220 591
286 915
168 895
208 759
1000 412
567 157
754 287
957 329
439 658
444 924
45 750
726 829
927 19
30 595
659 172
260 909
147 672
573 250
917 571
929 849
859 90
820 955
932 3
141 540
457 699
217 325
617 221
569 725
541 66
600 427
316 92
206 54
857 217
192 230
544 494
573 112
788 402
282 901
340 126
887 331
490 972
24 707
115 349
878 497
177 529
323 1000
612 347
145 803
364 163
668 549
809 970
683 866
452 665
771 243
387 482
636 166
545 93
770 636
835 341
61 690
452 265
569 264
994 979
591 349
542 644
778 441
128 558
827 873
729 665
494 342
912 470
339 526
134 575
326 570
889 677
942 927
677 232
482 589
486 132
695 547
631 886
763 545
590 842
374 660
493 72
748 157
899 211
148 906
521 65
395 812
662 390
802 320
284 864
148 622
608 524
97 157
101 296
46 477
458 423
563 179
703 72
267 944
364 895
415 91
171 259
356 58
169 30
280 701
145 857
417 20
376 885
198 683
546 74
428 669
156 780
98 310
568 361
437 616
884 276
429 943
803 893
662 493
370 103
280 55
460 129
64 117
759 222
397 342
997 213
115 450
940 41
43 462
270 89
129 244
770 593
933 480
833 232
603 140
578 776
651 628
350 842
401 723
132 695
430 541
158 231
493 723
643 286
975 698
259 874
744 300
582 855
527 29
341 939
602 567
607 554
600 254
686 51
453 533
871 305
729 608
86 98
921 768
23 580
709 490
158 755
616 232
968 644
588 854
584 686
643 630
659 700
766 397
860 212
498 395
657 970
79 423
828 438
799 401
531 57
205 159
88 805
683 96
273 906
154 772
113 857
518 962
389 365
864 199
289 669
650 358
857 716
622 11
400 417
584 415
908 40
671 991
543 334
136 21
384 840
899 309
616 693
284 185
278 312
283 854
763 263
525 261
415 719
376 755
978 285
643 409
651 830
804 172
357 792
888 270
549 807
486 179
622 321
388 93
413 922
417 521
596 673
801 280
635 65
189 47
259 409
656 839
17 596
715 957
793 698
409 3
696 661
332 894
145 21
78 558
26 405
305 73
44 299
896 535
398 428
883 687
585 173
615 401
893 891
652 939
908 996
885 741
210 156
555 668
987 370
51 562
133 8
283 188
681 158
233 211
998 151
4 356
926 42
257 488
72 322
703 885
196 423
795 850
962 899
477 719
99 390
713 707
310 835
728 844
917 832
164 195
221 202
327 429
922 655
756 779
360 698
181 434
51 50
428 860
376 915
465 798
146 459
498 968
382 22
814 1000
967 427
554 839
227 541
828 466
43 300
243 730
847 257
644 93
16 613
878 283
93 314
192 417
318 240
5 209
844 954
407 912
359 455
785 471
374 969
980 771
603 753
603 46
220 73
239 491
852 520
435 941
887 738
280 273
441 566
587 879
520 6
426 141
38 706
195 716
824 149
486 153
25 142
725 405
48 129
835 326
957 516
570 380
160 802
523 612
363 115
987 97
643 354
616 502
314 374
144 13
656 137
858 603
717 884
634 89
649 721
825 957
709 784
180 631
967 451
920 196
554 73
124 295
419 471
784 539
613 410
830 10
22 430
960 537
328 66
929 761
33 866
706 512
787 956
391 854
213 251
688 401
904 919
465 65
458 355
946 412
31 750
799 451
99 667
208 619
17 169
35 726
751 619
565 615
983 320
173 361
592 132
914 153
60 494
63 320
247 856
486 954
366 658
850 489
677 200
107 242
592 207
662 286
939 4
779 347
498 357
813 545
618 85
573 902
222 380
128 906
307 653
84 268
540 103
351 243
174 845
128 589
301 462
292 227
806 541
818 59
667 26
248 205
482 175
116 71
318 67
19 137
69 67
581 554
520 748
399 481
294 754
232 388
769 301
124 732
591 455
76 255
530 351
84 117
217 816
164 68
989 794
904 829
837 840
376 140
298 121
264 531
763 664
33 111
418 180
110 634
950 120
272 696
599 356
523 2
509 474
247 910
610 242
535 580
883 110
861 90
402 343
4 554
367 398
813 703
3 236
779 540
683 778
23 756
971 706
492 627
800 836
668 107
85 274
713 776
471 997
445 741
113 228
147 525
897 156
467 99
569 411
290 265
687 917
927 293
757 351
408 968
193 167
331 493
430 825
13 808
418 835
542 20
422 474
675 500
545 195
67 699
77 931
675 524
465 423
554 147
533 966
109 521
489 401
900 988
278 250
147 236
331 58
338 680
297 729
366 199
472 138
830 863
320 44
446 874
817 306
519 228
43 636
461 422
590 644
880 358
828 874
276 157
66 945
577 575
291 423
483 399
861 809
562 24
409 540
836 357
487 645
183 394
560 434
551 152
346 959
910 821
48 331
342 498
151 408
713 859
419 542
906 986
248 720
906 341
745 893
283 836
180 800
776 124
187 553
772 318
404 691
294 520
891 372
603 59
547 175
244 315
769 469
772 659
889 631
827 134
758 382
382 543
718 860
516 346
732 736
994 896
685 382
536 591
155 557
298 144
917 903
1 7
69 900
519 751
280 583
126 227
882 999
810 678
791 696
978 948
563 984
955 951
267 282
453 843
258 166
780 42
413 935
960 816
327 979
525 848
494 119
820 397
820 337
552 330
31 508
842 675
953 407
246 137
944 294
332 771
439 720
888 967
228 791
361 101
448 859
166 20
42 687
116 587
404 403
9 10
308 280
781 262
661 879
252 872
268 331
405 351
875 178
334 497
873 687
933 334
159 683
512 102
372 456
550 917
643 893
500 702
312 621
954 605
343 447
587 580
397 935
344 151
844 476
94 816
339 856
843 875
516 963
765 595
389 17
155 996
616 479
266 854
474 346
673 217
679 360
429 251
269 780
198 643
468 134
832 834
941 433
739 389
696 828
252 260
380 266
954 742
187 161
505 619
539 127
498 984
246 504
913 367
554 297
438 972
978 169
597 313
620 210
278 779
202 949
941 402
401 955
291 933
44 68
755 52
529 724
918 460
755 857
152 535
943 967
728 609
647 692
940 172
762 684
227 117
665 445
713 980
36 724
606 720
955 623
247 993
326 785
540 68
414 642
192 451
225 204
149 202
234 879
189 667
182 149
714 651
784 743
582 883
150 446
412 512
969 499
421 563
41 983
28 937
319 555
899 948
906 178
787 760
179 978
752 719
400 607
587 534
20 264
118 853
797 920
427 795
773 670
806 272
322 973
662 730
935 5
800 40
568 256
828 834
578 974
238 583
920 17
238 380
359 610
449 628
411 698
485 931
744 570
809 154
842 724
251 702
341 431
688 729
942 967
911 856
423 938
790 203
767 340
988 984
32 948
133 127
776 709
634 415
992 430
374 616
744 266
274 128
481 713
265 598
961 485
109 226
755 926
504 915
892 223
564 791
895 270
884 431
642 432
408 152
111 650
117 347
92 593
587 517
363 587
117 736
731 476
108 728
117 266
469 783
151 913
542 578
261 153
973 162
899 691
913 188
268 615
847 841
38 96
118 199
844 110
747 486
867 107
406 579
765 751
739 56
33 133
571 714
800 211
688 930
906 438
236 941
271 715
235 796
599 975
996 773
867 385
92 480
201 34
138 162
435 828
844 317
688 168
49 510
378 542
102 398
775 641
537 82
889 488
697 811
86 623
923 639
720 924
510 174
197 194
129 541
896 889
391 399
238 228
218 151
875 633
221 631
131 197
577 708
785 638
305 975
187 911
446 749
19 119
547 832
640 522
41 781
939 366
237 428
915 296
901 699
969 133
695 299
404 953
203 169
63 659
19 431
318 911
658 648
701 603
266 263
57 986
556 825
676 372
245 222
453 228
227 644
222 433
916 236
644 101
159 499
387 545
672 506
160 703
865 327
485 799
364 202
192 450
290 337
651 322
711 636
366 848
507 873
697 765
194 801
259 458
941 217
278 607
87 467
679 416
689 306
179 787
159 409
53 899
153 437
809 528
627 510
381 669
13 874
626 57
459 947
263 350
181 948
150 829
385 103
390 528
92 210
423 31
77 141
361 716
427 317
445 191
705 317
786 234
449 248
242 181
350 784
202 283
888 122
669 508
644 72
850 330
82 461
842 988
917 357
915 461
150 794
439 685
682 408
797 479
935 74
791 322
203 802
51 321
157 253
43 259
18 965
636 595
729 37
2 152
360 320
507 294
309 491
944 996
173 591
735 173
808 176
355 207
651 856
850 102
669 444
134 770
746 598
637 876
219 706
354 661
716 433
553 544
373 656
86 515
450 130
791 954
131 794
189 228
132 794
80 44
830 760
528 793
956 531
236 622
463 738
655 339
923 109
934 922
584 530
451 739
441 249
853 344
576 849
790 706
712 801
940 530
250 823
616 832
521 45
178 656
86 911
403 880
908 486
985 540
781 912
790 754
547 845
738 110
792 468
197 159
295 308
774 160
808 219
374 560
880 947
389 11
350 808
828 670
816 291
586 486
492 818
184 34
767 789
876 421
881 539
890 941
775 963
22 879
472 587
819 600
65 149
919 157
537 541
421 188
893 724
113 169
813 864
184 906
37 370
133 803
781 62
461 355
474 982
732 205
963 72
558 393
876 443
575 8
910 478
939 387
205 826
967 132
665 859
309 795
350 914
645 282
396 710
558 194
975 854
49 60
992 680
463 65
658 142
526 475
158 500
56 289
359 99
755 471
695 97
82 211
152 815
922 730
404 105
206 681
710 930
332 276
951 405
334 426
522 245
914 862
247 686
178 888
732 233
893 314
119 764
868 484
213 664
886 385
703 9
908 200
704 754
29 11
952 702
340 635
956 208
277 834
683 924
3 231
994 468
573 470
577 716
301 77
284 581
272 665
532 302
360 191
59 358
877 227
723 244
743 756
808 559
414 958
209 951
907 566
899 346
252 122
646 279
908 103
934 175
600 289
827 774
395 406
833 23
539 99
913 797
49 910
670 419
565 842
281 805
856 326
86 877
665 190
565 879
753 633
482 493
414 305
652 843
204 230
154 676
559 275
153 203
330 631
791 139
331 718
20 840
500 406
580 108
724 562
334 371
124 378
880 423
595 409
112 852
979 782
268 589
681 284
995 917
584 393
282 711
991 139
665 655
174 222
235 15
565 847
849 795
806 997
152 221
982 922
54 938
688 62
313 650
313 556
616 484
813 612
344 184
873 407
464 155
951 766
749 286
861 500
119 440
438 999
490 119
23 611
406 595
187 871
800 396
960 693
127 398
80 622
663 228
449 12
953 75
285 639
305 826
627 193
39 880
948 858
119 222
551 484
713 753
549 959
129 274
349 247
728 525
985 425
601 557
112 906
349 270
74 816
816 754
207 454
345 445
224 405
198 193
452 117
494 651
685 864
445 572
881 904
219 232
89 844
285 690
637 215
131 879
789 369
592 206
145 548
814 943
803 528
807 185
520 71
685 705
867 801
178 842
794 634
369 256
135 775
307 940
848 469
587 563
199 738
763 511
658 250
988 484
340 867
970 724
891 873
374 380
328 267
82 629
354 460
352 931
27 315
852 321
569 315
469 172
334 948
24 772
601 504
165 134
523 247
640 788
107 283
833 283
714 997
405 460
552 14
562 723
621 479
63 299
953 809
482 225
844 294
648 421
510 894
32 876
833 547
472 568
234 134
239 694
27 183
553 287
964 937
199 999
590 843
644 562
430 368
81 306
240 608
377 850
50 29
54 950
564 231
210 872
759 424
287 13
691 105
336 814
31 939
213 920
644 455
355 372
330 71
226 959
787 362
469 331
379 268
77 741
286 995
119 565
50 811
689 185
952 579
217 394
815 734
702 445
122 379
453 315
805 462
605 953
483 485
851 297
715 955
479 471
134 944
901 798
323 606
870 217
964 966
548 185
630 506
545 973
413 392
345 334
517 197
939 159
850 671
276 371
409 682
27 934
885 557
582 83
755 762
52 229
326 257
186 582
380 365
70 763
662 581
183 157
964 93
979 193
303 451
366 633
854 10
642 362
809 378
801 436
473 14
253 173
862 4
305 86
447 321
646 516
982 539
471 736
689 573
669 184
715 830
483 28
144 642
26 73
764 615
495 425
229 250
425 585
909 912
523 26
529 173
200 10
284 264
801 632
77 877
57 130
364 313
994 386
225 922
109 13
534 813
159 907
576 198
46 258
361 387
800 427
529 377
236 43
673 126
806 652
366 253
912 297
700 693
636 469
240 34
267 957
717 763
57 433
632 434
830 183
636 151
798 432
303 854
330 594
243 532
989 28
478 261
216 869
90 257
671 749
214 979
50 665
819 929
197 204
519 903
136 401
278 492
919 546
644 114
587 996
164 794
551 376
780 102
99 676
799 374
365 312
161 292
292 978
303 679
779 162
540 820
556 982
965 296
746 103
335 231
773 403
51 681
498 49
792 223
313 864
969 866
525 768
179 597
688 606
97 702
644 333
96 809
66 976
971 269
983 777
408 692
482 965
272 943
584 46
523 57
80 656
306 167
88 180
355 574
14 359
121 141
175 644
626 246
811 22
7 218
791 95
631 842
10 837
60 302
896 783
308 978
34 492
697 940
340 636
810 608
726 509
920 556
556 887
194 188
390 400
353 71
376 250
332 688
67 576
614 294
522 172
75 820
646 332
998 266
403 672
806 106
361 870
245 675
355 551
64 42
179 951
618 372
524 328
656 638
879 320
790 981
783 62
1000 486
349 265
738 815
956 993
561 716
22 476
192 771
189 699
76 928
859 106
648 834
707 451
74 332
293 67
396 477
886 348
252 32
885 514
660 893
312 278
250 302
629 942
369 491
617 203
319 15
916 337
765 776
427 914
58 194
925 620
592 917
87 158
302 443
840 127
964 683
389 15
922 473
134 996
881 11
151 175
936 461
432 556
352 318
878 46
105 593
864 384
915 197
866 205
494 910
741 777
514 201
85 861
447 316
130 391
679 564
240 471
151 124
591 476
578 93
827 469
158 208
829 81
372 318
72 543
420 217
861 614
199 312
975 855
827 639
632 254
91 948
914 476
541 739
599 88
962 163
66 153
705 679
780 886
404 87
584 574
449 468
542 272
226 39
188 437
46 162
24 865
134 853
999 237
608 539
18 336
592 98
836 129
434 415
629 823
481 88
610 833
923 136
282 846
899 894
450 815
638 278
186 72
950 174
310 587
946 138
919 276
796 250
175 214
265 359
288 4
109 729
46 361
277 139
264 873
370 509
139 253
141 194
207 419
997 416
352 580
338 402
606 661
590 249
717 6
703 495
782 390
399 474
205 532
636 647
832 952
216 237
766 960
561 30
102 587
962 417
436 706
185 395
759 337
247 569
550 147
291 559
718 28
39 772
661 356
841 100
251 450
468 453
364 831
573 170
191 479
334 363
122 828
830 931
35 827
54 745
304 68
485 655
432 878
950 62
952 217
853 32
352 18
958 885
939 26
750 663
66 431
15 605
514 386
185 588
513 952
763 505
749 329
590 352
461 748
643 129
998 353
231 597
999 85
830 837
405 594
614 692
312 44
359 40
124 645
922 277
753 217
911 137
972 987
13 657
596 807
478 315
693 678
8 18
840 573
933 54
705 749
243 929
952 509
782 914
745 36
233 710
116 199
953 26
805 81
386 194
677 590
767 246
143 439
406 839
980 441
722 383
840 661
536 454
274 514
690 293
432 895
655 567
777 873
289 843
665 147
989 620
696 801
671 697
155 148
891 885
394 433
69 272
176 314
458 988
359 739
325 568
857 350
619 265
744 160
447 708
118 417
375 126
662 888
20 396
449 885
358 979
882 853
302 993
347 594
275 802
221 992
718 844
4 233
893 547
169 106
723 278
166 492
670 336
29 172
520 464
194 603
936 321
668 14
918 651
272 407
186 248
54 858
149 703
130 145
574 285
420 257
750 431
281 731
780 226
495 764
227 603
957 301
255 351
65 523
132 252
216 904
751 942
897 960
402 251
362 325
748 375
186 732
687 873
821 998
737 716
652 760
291 943
330 403
629 934
1000 68
624 966
361 621
170 733
815 690
262 832
276 166
33 962
578 83
510 668
532 765
387 95
778 16
306 244
577 85
65 493
529 522
202 577
541 695
428 764
686 625
872 892
873 906
516 533
212 271
140 398
701 641
236 386
723 949
799 600
227 524
187 252
796 99
443 323
827 732
356 363
200 580
136 713
71 507
958 880
801 175
567 545
800 689
699 517
190 526
530 837
799 671
340 859
722 337
506 446
628 158
450 970
940 499
30 653
376 848
534 412
895 979
249 92
630 613
640 233
371 883
220 986
709 222
891 578
826 452
655 121
126 804
902 138
931 838
595 147
380 161
891 391
88 91
370 991
661 149
404 37
643 52
572 663
965 393
624 842
228 394
914 261
995 519
137 186
396 605
550 952
489 231
216 739
124 104
888 466
767 306
53 809
573 514
234 165
728 137
315 498
208 485
612 952
866 750
986 786
46 17
535 526
537 681
154 31
377 417
61 142
980 267
845 141
785 652
318 99
428 61
645 635
255 348
836 852
628 225
929 978
684 289
439 956
251 119
131 196
873 238
120 938
106 696
316 969
87 90
745 817
203 237
301 563
855 663
474 344
847 944
982 35
643 790
924 498
783 369
986 201
715 663
873 598
139 497
488 694
8 980
257 927
757 754
699 868
843 662
942 813
237 715
866 604
349 438
896 240
669 551
607 958
7 805
417 747
278 695
907 555
930 683
32 173
248 114
207 301
992 498
609 545
533 419
668 221
481 819
850 663
86 370
706 347
869 518
254 391
411 297
436 480
447 486
398 860
614 831
586 230
95 354
210 526
408 103
996 102
535 948
955 238
185 777
612 384
262 428
122 996
131 631
115 94
199 325
905 27
862 744
410 48
625 534
49 707
748 39
234 912
311 609
897 141
342 772
876 638
721 255
725 866
700 209
897 780
856 624
27 994
992 510
553 394
605 999
606 856
115 220
151 129
162 467
494 940
805 332
970 284
14 109
101 639
640 48
669 18
396 136
771 282
29 735
31 228
308 723
242 214
500 556
954 324
47 24
74 708
367 768
607 898
566 160
204 837
183 418
143 232
946 388
169 258
764 413
338 742
116 388
491 412
528 313
91 774
782 690
579 76
355 968
553 584
367 599
665 539
631 122
7 174
130 516
622 634
197 71
484 529
135 585
92 818
813 363
98 857
167 793
547 636
481 556
850 175
907 443
484 697
642 453
301 661
813 120
809 322
648 150
836 371
52 867
602 40
485 184
624 619
91 531
969 548
330 533
378 510
954 842
437 47
599 772
586 700
130 505
754 939
502 561
907 87
44 393
527 767
415 754
228 679
609 770
309 989
20 945
599 957
258 862
733 846
846 400
773 531
817 774
33 539
502 695
103 922
805 794
857 438
428 848
694 666
601 285
199 318
217 35
75 157
653 502
195 685
1000 816
870 363
394 63
359 972
352 667
274 837
225 345
811 573
938 866
910 310
563 20
224 855
329 128
285 916
26 762
335 68
363 653
526 274
317 476
834 342
28 842
467 537
743 211
338 28
555 265
381 985
272 824
543 992
482 513
357 340
745 483
434 908
969 389
644 178
443 630
709 839
723 926
234 205
776 106
504 116
726 771
66 990
407 31
660 682
70 247
363 828
715 984
691 644
42 802
992 611
195 180
173 1
795 606
8 202
58 597
19 107
620 834
501 506
400 411
591 900
580 529
912 197
846 41
482 755
492 803
410 731
846 926
363 979
246 338
68 550
479 644
325 996
611 70
326 527
620 188
649 654
476 31
947 677
532 582
127 780
817 409
235 740
850 812
112 493
76 970
470 555
158 463
446 332
405 717
206 779
705 952
889 321
518 618
28 342
188 408
154 364
304 562
153 773
609 359
971 224
43 455
966 976
591 423
892 492
993 201
876 97
977 537
135 899
627 161
252 616
983 238
596 181
9 744
894 614
498 414
69 771
301 680
45 853
739 603
921 605
304 905
272 358
899 790
91 798
706 260
537 449
836 312
132 614
13 930
50 96
789 105
60 590
249 13
282 867
641 643
156 166
120 85
795 3
768 463
102 905
451 427
29 923
651 334
50 663
898 793
755 721
131 992
570 377
335 654
661 513
209 408
118 504
891 997
579 233
854 845
303 309
998 95
968 13
124 528
743 889
58 739
323 507
154 548
310 220
704 564
6 79
547 752
53 225
464 738
130 359
959 150
54 736
708 694
952 583
215 887
290 682
749 426
545 318
989 788
896 432
163 262
126 21
776 485
363 299
808 971
559 670
842 228
332 308
740 611
519 313
861 50
323 588
25 949
341 888
297 288
905 588
968 260
3 316
687 182
767 957
433 392
995 740
312 655
815 376
310 595
12 788
733 962
866 230
112 341
128 747
175 528
1000 288
607 991
744 66
536 364
650 504
853 378
740 707
759 773
417 941
811 799
455 415
95 757
703 561
873 864
792 286
952 981
781 717
569 741
242 489
627 70
642 858
771 728
260 674
969 216
129 513
401 192
608 170
140 29
787 84
780 376
223 97
235 374
608 674
597 496
2 289
489 428
737 637
468 378
866 210
477 231
808 62
90 581
384 829
642 401
421 399
266 716
741 941
80 427
249 639
75 887
369 384
969 438
470 656
342 968
783 401
468 842
261 915
70 654
262 81
251 521
29 202
17 748
272 832
176 468
305 540
891 3
190 232
699 876
514 331
667 922
913 529
221 722
175 673
659 580
714 149
559 558
36 989
227 537
946 628
42 546
783 562
886 282
914 648
607 87
915 223
154 841
258 449
727 790
481 6
107 294
901 585
972 519
216 889
552 250
258 545
406 468
260 855
690 462
563 920
646 966
627 51
380 52
753 226
285 454
112 508
813 316
477 782
948 628
659 13
910 647
432 861
28 834
318 533
969 726
3 465
558 265
873 823
703 155
735 530
532 642
982 803
57 422
972 706
46 317
605 161
887 584
517 746
413 13
359 588
147 331
785 482
770 617
982 115
317 415
938 75
398 514
474 505
751 781
778 367
674 275
876 598
402 302
320 999
223 547
926 346
422 156
229 395
951 908
872 880
341 166
556 948
138 231
844 536
584 303
597 420
120 629
802 18
351 600
761 284
708 614
587 657
900 8
56 828
510 956
809 341
504 226
556 782
848 336
84 310
955 246
351 106
921 115
758 879
311 390
504 738
260 485
663 864
652 66
161 694
8 552
504 978
108 675
755 151
904 509
859 990
968 354
607 600
468 493
152 324
344 392
69 911
229 761
953 599
38 303
384 40
556 825
374 727
531 127
191 57
851 175
320 261
215 737
221 158
721 204
665 18
772 959
761 925
729 816
513 839
731 921
557 50
435 765
977 189
868 152
954 835
512 509
131 85
209 501
361 412
457 710
63 872
907 514
27 844
551 996
135 887
90 767
425 100
203 398
403 915
584 765
195 358
599 591
476 373
205 517
212 778
843 686
980 822
259 449
299 682
263 404
932 855
427 193
915 558
782 276
867 81
485 142
419 168
152 381
844 949
723 737
981 793
902 169
128 956
134 660
442 529
378 993
334 831
254 191
539 409
995 909
353 855
733 67
745 379
76 991
554 893
396 306
316 272
189 944
393 426
347 420
951 344
975 369
599 695
372 602
929 108
435 267
446 886
751 733
20 526
346 958
686 678
934 231
466 599
181 548
105 161
954 696
138 559
230 550
719 304
468 593
590 744
148 501
377 732
28 403
591 114
538 425
113 311
27 536
261 142
280 252
671 208
516 544
651 358
887 919
844 425
574 284
329 763
16 827
338 171
738 333
423 365
588 624
233 736
883 261
247 478
789 553
291 279
647 860
946 374
354 509
488 306
426 355
186 527
238 589
89 947
387 188
774 65
753 540
936 369
44 631
711 990
372 841
669 199
605 61
744 942
800 166
930 388
609 47
433 475
119 764
679 970
726 15
474 733
624 356
845 595
896 28
198 678
334 662
166 462
822 50
108 94
8 612
474 814
137 127
207 879
409 935
531 450
116 998
710 938
33 888
985 581
454 446
755 367
745 663
469 990
408 971
911 247
923 166
361 920
132 803
2 44
614 814
637 930
83 921
583 6
453 960
275 223
750 61
998 351
303 572
770 30
909 440
279 56
471 957
38 362
98 755
60 529
765 842
29 827
965 208
311 587
10 956
482 497
840 631
223 256
799 814
86 919
172 994
590 361
542 855
577 877
225 160
741 806
446 281
892 707
993 204
373 744
922 757
641 156
149 686
198 313
682 524
40 168
773 415
499 618
935 294
594 647
483 49
747 547
954 93
65 108
288 108
553 982
332 354
261 351
564 769
860 259
831 606
160 97
505 138
966 619
330 609
730 882
663 574
720 881
784 637
652 989
504 936
699 507
241 859
272 578
861 872
120 628
46 828
446 306
646 896
632 397
592 801
855 118
550 216
763 254
272 634
221 807
867 121
380 17
671 881
105 477
161 364
546 734
175 847
922 419
854 771
479 655
336 916
835 289
166 437
261 164
106 187
21 864
872 949
947 719
728 339
232 449
806 460
467 49
954 62
445 269
825 337
509 337
338 28
382 253
449 535
324 755
199 384
595 418
976 310
32 46
835 721
301 925
422 832
865 507
960 249
518 503
541 620
18 20
414 712
566 473
214 653
18 785
902 817
527 60
17 724
299 700
681 467
81 49
816 88
102 46
560 224
733 657
764 196
484 231
988 785
541 461
781 1000
414 152
207 718
769 286
405 29
893 627
8 594
275 389
525 53
337 585
746 716
619 924
301 399
789 754
253 45
490 698
119 670
888 391
234 704
194 241
371 731
389 490
402 348
155 178
683 125
59 396
575 427
79 30
520 895
692 253
528 302
829 359
363 89
113 278
544 870
169 588
964 949
219 2
23 107
345 327
260 50
795 111
557 807
384 185
622 619
369 496
541 347
31 972
265 425
808 294
24 384
662 679
702 267
15 473
645 143
326 100
16 372
929 563
718 256
393 765
565 476
533 404
869 45
151 273
841 132
93 902
698 847
193 842
139 933
26 865
182 582
169 370
133 537
261 455
154 236
671 992
127 608
359 208
623 642
669 342
252 132
568 606
726 945
563 726
290 452
531 793
296 658
154 935
381 683
63 843
55 341
164 724
108 849
327 172
499 908
921 996
448 688
802 262
565 40
659 386
716 911
594 642
926 578
994 893
351 457
392 543
279 714
967 848
882 78
981 177
217 842
772 866
151 416
450 911
405 547
737 262
375 54
271 498
469 222
359 707
739 59
79 964
745 324
960 940
427 456
953 502
194 285
476 48
569 316
280 368
521 611
765 338
909 466
755 939
175 487
899 754
409 954
124 689
69 529
112 192
982 989
892 395
708 115
916 143
44 173
892 425
534 38
192 511
749 346
373 108
979 939
13 256
498 733
336 542
187 747
877 597
411 223
173 344
417 134
729 358
578 778
839 666
526 310
601 667
376 878
493 646
169 796
238 399
45 148
33 508
948 313
353 298
347 885
188 893
241 781
884 549
362 203
279 523
687 163
256 977
380 558
507 23
297 786
812 222
874 495
49 257
879 307
892 871
500 192
10 779
922 649
438 332
469 312
359 221
691 923
581 86
707 114
840 993
804 963
521 526
26 831
839 639
348 346
252 21
824 142
78 961
382 408
670 660
161 442
764 639
226 104
745 420
524 971
691 939
881 257
261 285
315 26
868 829
52 341
339 330
471 17
584 815
724 444
124 947
616 344
783 666
242 249
851 281
440 512
660 422
224 171
766 749
255 178
703 756
758 380
216 800
879 480
184 366
116 708
649 243
745 770
273 92
837 70
27 735
341 105
67 760
33 569
254 917
269 31
415 371
826 695
387 367
530 427
566 557
55 809
524 292
940 936
57 871
314 863
977 30
429 335
193 635
901 372
684 278
126 895
159 938
576 47
453 181
607 859
59 972
316 361
709 524
706 555
712 922
274 885
94 740
103 840
869 294
51 786
368 575
512 820
924 689
224 179
44 748
958 983
206 667
763 998
860 941
810 250
164 853
499 623
688 251
788 326
191 937
835 237
2 167
181 725
336 104
955 899
666 971
312 23
656 90
244 832
10 270
292 549
215 97
183 525
386 322
506 633
911 141
541 653
3 849
5 658
882 544
592 479
214 690
51 571
695 330
919 981
142 543
832 853
840 701
157 504
817 858
107 223
446 625
786 832
298 330
478 268
746 528
47 831
1 305
9 428
853 58
573 327
912 337
439 40
223 841
718 918
31 313
494 970
595 645
513 400
111 484
450 906
1000 608
561 452
82 305
770 65
201 570
941 36
72 411
775 624
117 501
488 969
138 969
52 89
94 409
322 948
386 790
48 636
677 384
156 181
713 825
428 650
19 683
456 47
670 365
938 220
97 58
605 992
141 473
571 340
1000 734
998 172
956 392
904 298
424 353
354 611
590 737
65 687
740 955
804 13
539 223
512 917
435 430
972 380
117 761
285 636
991 779
835 385
300 826
82 597
809 442
674 676
201 842
496 409
154 252
451 792
286 537
63 489
875 740
749 876
964 738
881 503
693 176
99 569
258 245
271 483
745 723
797 386
547 634
561 823
583 830
348 302
320 388
993 442
634 529
745 32
80 539
984 807
425 933
357 286
623 688
670 486
902 309
626 260
539 131
973 993
619 607
559 186
583 263
301 288
935 318
623 440
947 556
888 195
804 787
146 16
137 387
719 470
442 294
201 66
649 245
474 423
60 745
485 705
37 146
580 9
162 884
775 732
317 893
27 876
308 145
832 573
546 454
747 681
469 120
562 261
670 62
371 690
500 163
317 821
537 758
348 991
899 858
609 901
596 871
232 537
339 391
121 671
377 130
528 105
453 650
69 556
329 960
181 361
18 461
159 516
315 962
159 249
339 841
686 994
282 705
840 778
472 925
404 861
991 278
528 829
804 309
115 383
994 314
649 788
990 952
603 561
708 462
220 887
633 671
813 547
550 539
841 375
588 460
354 527
746 314
58 37
225 175
371 22
1 524
40 891
489 986
889 977
155 498
347 913
125 278
262 873
585 13
613 8
453 459
361 286
820 686
183 362
580 874
549 986
766 230
417 503
49 133
578 742
112 71
493 120
271 893
961 570
529 624
27 574
485 834
299 73
253 667
957 907
997 182
986 898
922 225
868 967
601 393
621 895
691 915
505 435
711 668
519 680
200 331
892 8
635 673
768 208
267 264
958 944
421 777
16 326
492 892
418 331
430 892
674 836
36 296
999 898
334 532
495 586
821 318
774 902
744 665
638 891
712 125
58 585
555 725
41 934
500 583
250 659
969 640
266 21
268 686
783 221
531 556
609 97
41 113
675 569
274 681
839 42
331 874
31 759
311 953
469 955
547 771
940 224
971 524
924 347
946 27
890 325
943 652
61 643
322 653
34 471
123 881
922 870
364 640
575 488
66 365
954 771
503 222
128 64
691 72
768 333
559 809
366 169
544 820
708 434
474 136
484 298
562 993
247 398
283 894
761 254
594 41
370 873
34 738
302 46
905 181
662 139
649 783
885 129
688 853
245 766
312 845
367 314
152 890
270 850
641 188
197 609
921 14
404 50
532 911
415 167
30 697
511 717
810 773
439 237
254 861
648 285
917 33
613 421
995 43
96 979
229 130
235 175
167 155
776 127
507 291
258 773
241 254
657 76
913 324
730 62
443 518
285 241
191 397
341 981
805 20
892 128
95 657
900 234
426 144
758 201
953 584
567 398
162 860
14 527
126 315
944 691
677 856
981 433
432 826
592 481
453 893
778 305
567 144
911 553
396 301
719 231
181 885
583 532
457 361
270 86
170 610
896 636
662 425
870 581
319 335
948 393
612 815
858 886
678 663
92 356
36 115
122 530
255 626
497 431
94 871
47 441
452 809
147 890
373 747
499 597
309 933
195 94
625 209
989 559
787 567
660 244
178 305
831 632
80 135
485 405
898 293
883 969
300 336
407 851
146 869
177 514
992 18
196 718
651 483
298 133
646 694
221 792
566 607
887 747
766 789
267 16
964 531
657 765
586 848
710 65
198 407
585 907
674 904
1000 51
893 101
193 471
408 414
137 768
249 382
129 146
579 659
91 983
196 90
777 829
319 776
695 603
712 170
660 632
418 566
893 733
332 584
138 357
335 518
519 452
586 836
669 5
751 201
382 811
603 184
492 873
977 64
226 594
352 989
265 778
521 109
285 362
642 27
286 272
917 231
784 485
897 635
411 685
680 64
347 234
336 223
825 874
994 89
632 908
902 848
993 495
581 371
167 116
917 6
20 863
993 487
34 289
455 338
483 217
304 959
386 198
475 879
672 703
922 858
232 651
115 643
82 89
616 130
364 50
736 425
684 610
996 208
535 866
954 946
862 169
30 925
628 878
276 382
401 800
543 323
786 646
934 551
318 351
249 953
522 988
112 525
198 361
164 913
351 480
652 386
67 733
362 821
584 971
548 462
853 725
739 364
134 502
31 59
988 658
304 784
875 178
223 961
363 44
131 299
512 697
789 546
602 246
285 660
790 187
841 702
586 183
413 174
381 442
806 583
685 665
30 528
302 229
540 581
138 708
256 412
28 223
907 90
20 155
253 772
478 120
717 214
698 301
5 751
949 953
196 523
47 868
26 360
388 796
751 593
907 312
884 606
74 585
992 626
895 956
924 356
936 905
384 367
637 775
996 177
633 430
335 543
828 243
172 376
203 591
864 550
983 40
470 808
946 943
443 419
365 337
73 260
357 911
760 71
113 477
329 620
158 550
857 132
35 934
452 520
477 631
728 155
132 813
805 371
228 106
884 836
902 667
861 709
564 864
439 488
800 560
796 54
285 931
722 505
124 558
323 657
161 947
94 224
612 854
916 782
465 257
563 765
104 752
783 821
789 798
964 658
481 119
925 857
263 340
232 527
824 162
768 522
168 27
50 325
574 347
312 944
184 700
721 798
813 210
327 542
353 120
487 51
116 218
877 492
555 33
517 388
286 154
147 395
352 471
732 643
363 484
835 260
969 763
45 296
52 761
213 199
599 894
929 165
730 537
466 671
314 306
752 610
398 215
276 84
227 959
85 897
305 650
316 743
773 511
975 826
733 971
433 329
215 881
256 415
898 909
686 139
226 856
594 120
952 583
932 438
488 500
820 255
202 179
387 75
114 950
944 260
672 770
868 275
217 752
734 953
836 885
737 39
173 322
945 734
525 212
98 336
440 677
865 365
997 473
88 143
546 522
54 879
446 237
253 989
325 603
715 651
40 745
137 331
130 400
207 437
476 221
878 882
329 314
828 372
763 860
972 739
348 971
59 617
958 125
780 479
12 890
157 862
350 833
232 591
641 42
627 780
389 171
544 612
589 676
502 331
131 554
790 407
977 535
166 620
296 128
618 161
701 422
382 337
303 654
149 707
923 769
821 211
432 484
81 351
131 617
318 242
172 189
670 220
616 112
592 231
149 576
174 308
664 830
677 948
962 127
80 696
943 812
110 954
38 194
544 1
956 283
468 513
121 100
612 905
936 933
728 923
779 780
208 551
998 394
290 840
848 444
738 861
557 579
53 578
206 477
133 492
630 698
592 969
839 359
41 806
44 558
182 374
260 348
288 82
262 698
742 324
183 757
922 586
13 31
594 377
432 547
32 544
131 228
891 953
568 447
156 779
993 580
194 410
632 401
366 838
104 383
440 856
769 603
360 608
184 710
53 657
108 982
754 795
930 691
148 993
259 754
997 889
521 646
740 919
397 610
859 905
716 368
800 420
421 157
812 870
108 658
551 770
315 229
42 295
996 94
755 529
480 42
61 87
755 948
997 139
853 975
70 837
546 829
262 16
747 955
567 468
524 978
503 346
836 896
40 139
215 581
72 658
391 335
490 213
639 86
316 808
743 152
423 937
331 286
74 885
756 125
800 418
117 983
437 811
407 711
284 72
245 632
20 707
281 279
918 403
797 244
489 189
387 14
455 558
494 332
789 514
830 12
719 345
816 311
313 916
228 443
383 972
725 432
998 412
597 380
560 898
446 703
29 530
122 647
300 899
531 262
246 751
971 871
756 359
6 348
396 109
700 59
184 769
744 68
270 237
779 749
177 369
601 742
630 391
506 318
184 456
331 172
189 45
507 78
487 158
54 437
220 111
789 719
879 982
876 412
316 735
683 490
784 432
86 290
142 765
749 248
203 205
949 614
619 267
828 505
153 942
281 395
732 209
490 360
244 795
155 249
457 897
974 332
52 167
758 145
476 155
218 958
83 490
273 557
879 201
736 929
33 277
637 5
889 915
952 796
896 73
644 290
52 451
635 553
496 831
327 629
377 537
482 113
650 64
783 792
617 639
262 77
48 957
332 386
428 989
8 349
866 663
32 47
877 981
466 803
401 327
531 717
660 191
692 880
975 766
655 335
369 693
334 509
132 333
325 821
590 56
219 234
698 29
461 592
692 672
683 986
561 127
953 305
173 934
560 844
410 812
762 186
376 836
593 993
415 909
856 371
46 907
592 612
216 459
5 405
450 275
47 300
511 543
778 882
324 5
982 803
356 243
727 802
396 715
158 218
640 238
166 70
429 998
424 530
829 914
415 303
830 582
77 963
323 1000
565 535
241 980
542 79
59 433
182 173
751 306
805 343
207 23
550 885
993 353
313 620
64 801
668 405
464 201
493 118
629 89
145 48
93 676
249 287
625 696
72 846
609 818
110 672
613 920
72 136
804 116
349 418
817 376
258 111
249 421
248 29
422 346
865 189
311 907
278 635
454 695
860 690
96 826
162 21
361 569
516 951
445 768
539 356
536 335
139 262
823 945
836 633
341 868
858 558
295 915
381 692
336 751
66 147
262 850
639 255
979 626
819 203
637 468
196 587
342 111
670 792
412 629
155 120
562 901
958 108
446 787
935 249
801 551
962 119
114 586
191 845
723 764
427 35
738 313
78 918
33 991
52 999
767 345
236 909
565 911
644 542
610 844
978 170
312 335
908 408
436 866
346 671
985 454
863 527
862 957
427 141
284 447
595 451
465 622
440 885
887 665
364 925
53 693
56 135
405 975
65 870
461 443
790 77
710 936
268 759
264 138
506 464
60 735
357 466
480 971
293 657
543 84
246 263
326 566
889 321
264 455
704 807
379 988
157 360
17 979
315 84
200 127
812 168
187 80
825 478
238 400
269 602
461 734
203 798
646 759
483 383
826 856
705 981
640 725
398 543
923 294
485 205
663 548
839 708
431 704
624 286
554 573
687 239
666 849
154 969
484 544
744 177
362 569
957 447
580 471
137 362
378 281
841 482
788 482
277 612
739 114
264 178
525 475
388 440
668 428
267 16
992 842
167 119
176 186
427 926
613 353
847 66
24 308
744 955
31 600
757 985
292 291
947 387
213 160
658 78
725 968
471 804
522 556
416 666
941 324
667 256
813 475
879 829
428 728
376 673
952 334
231 633
524 756
592 111
92 671
27 216
148 187
564 740
354 142
819 184
72 685
709 623
899 477
281 381
374 379
643 611
208 396
684 414
393 406
520 864
705 221
662 894
274 103
300 240
233 968
857 491
881 215
841 354
31 151
917 97
503 967
992 393
214 219
547 416
869 544
185 613
605 876
44 680
717 211
86 112
230 515
441 491
744 10
936 658
226 90
747 546
998 500
591 596
266 401
604 957
472 171
933 575
398 490
452 198
447 992
579 268
681 38
371 382
365 140
177 797
699 5
484 286
3 360
329 402
980 881
183 607
448 277
587 285
654 930
333 473
152 76
122 853
234 977
136 798
801 735
540 317
906 928
399 991
678 533
173 909
349 952
221 557
15 840
724 503
956 145
274 272
214 193
650 298
394 261
7 786
971 82
866 409
559 844
277 548
16 778
547 732
371 743
853 175
508 627
30 573
105 785
912 915
27 463
918 836
984 96
839 627
899 85
330 202
842 855
844 518
79 583
523 536
992 455
679 205
472 367
771 311
83 272
337 251
878 404
651 761
956 612
691 879
874 1000
284 78
340 395
662 867
365 989
302 711
268 991
531 648
33 474
922 110
196 689
964 559
135 578
27 395
407 680
120 232
647 836
648 551
212 880
546 117
802 595
642 451
197 568
82 719
417 142
804 473
659 513
801 823
310 975
637 457
216 485
144 509
874 648
894 204
162 140
456 691
148 697
122 484
237 40
939 602
175 114
135 952
321 346
856 107
364 758
161 395
942 81
954 998
507 484
639 469
807 401
1 806
941 447
827 968
979 449
246 426
484 214
813 948
501 74
250 899
624 228
671 162
180 326
398 940
826 225
634 899
130 110
283 228
28 541
926 321
432 210
795 397
694 699
293 43
806 988
6 792
530 19
632 333
31 828
941 310
776 205
767 453
131 235
729 159
913 332
796 334
498 347
307 13
271 816
616 775
103 277
668 809
114 802
891 172
905 193
765 780
620 66
231 915
586 337
376 926
5 339
332 63
979 765
732 217
934 13
636 816
461 479
244 966
137 353
888 287
713 711
16 694
774 24
969 861
847 982
617 98
703 938
55 884
930 775
561 410
980 970
59 596
378 736
831 32
814 752
736 382
575 653
445 125
887 765
877 484
891 660
957 937
439 674
723 830
471 49
343 151
39 96
116 149
404 18
332 462
193 464
473 586
427 963
677 24
997 523
411 431
101 315
435 229
253 370
42 220
363 379
96 864
161 950
440 482
710 413
491 208
219 184
749 650
62 857
439 639
802 521
251 606
54 41
987 261
538 290
587 334
781 190
474 453
9 716
69 731
629 679
828 558
706 800
179 415
311 824
987 874
254 775
30 505
300 672
518 178
948 210
670 876
613 368
743 526
704 242
597 497
699 418
816 864
320 848
164 999
726 767
97 74
463 349
283 705
753 791
475 866
957 19
844 927
427 707
703 44
780 729
79 234
759 853
518 79
372 241
383 644
172 214
65 605
879 116
986 341
532 470
610 207
797 971
684 614
216 567
328 462
231 912
780 16
833 273
942 754
735 26
971 837
727 197
892 277
101 107
988 229
237 918
99 128
186 684
134 385
635 298
868 548
1000 623
178 418
465 524
673 18
295 163
883 642
817 597
73 106
337 730
696 337
805 141
879 918
670 694
170 664
92 334
706 814
192 430
571 577
72 168
93 237
830 468
988 204
506 21
832 770
172 786
222 90
898 781
452 215
264 863
217 180
27 178
235 397
845 974
758 644
621 748
812 861
340 630
768 202
352 981
738 919
540 945
382 639
238 54
908 493
160 705
882 620
505 326
549 96
641 653
276 171
856 337
165 161
199 688
150 236
469 686
421 592
763 969
432 552
209 830
479 455
151 763
365 944
148 547
378 455
531 925
771 486
881 789
609 705
577 610
62 746
560 422
19 646
889 754
637 917
961 511
291 198
612 909
282 473
407 512
217 315
275 494
821 885
729 354
246 222
777 924
328 468
441 375
20 583
372 146
180 687
976 880
386 96
943 768
577 53
751 413
859 354
482 886
73 25
383 647
678 998
447 143
141 683
368 416
622 989
22 707
157 613
709 529
627 839
480 18
987 750
349 898
590 710
599 7
248 337
203 469
568 635
899 930
140 790
870 50
475 983
6 524
233 191
480 347
262 106
80 558
39 387
554 104
100 511
34 256
200 837
717 786
397 245
774 93
133 606
330 820
994 957
796 517
687 717
2 284
468 850
870 73
654 221
405 446
940 851
939 722
123 558
438 24
475 306
87 313
177 897
52 478
675 456
408 966
847 408
826 134
788 821
10 340
374 594
535 588
918 60
635 155
784 675
181 326
148 324
254 956
606 9
933 768
326 87
51 576
569 958
368 401
302 21
588 976
937 228
502 498
643 273
329 389
496 836
706 165
440 626
419 744
878 901
59 442
876 98
108 562
93 10
268 827
626 529
212 636
158 811
92 584
594 514
261 415
49 137
909 731
925 308
567 380
48 45
248 525
820 273
891 876
796 945
222 918
472 634
971 176
453 269
896 775
675 407
503 833
165 362
415 962
21 627
449 913
181 666
132 680
886 397
673 151
221 885
319 457
97 534
984 557
535 44
883 518
158 969
768 444
91 624
431 921
782 725
249 493
36 891
5 43
443 108
69 233
856 180
286 60
484 183
892 266
219 407
227 670
588 79
719 687
84 290
957 281
419 508
504 866
853 408
373 694
586 89
751 332
982 920
115 104
306 324
741 175
793 646
714 317
348 793
540 538
174 32
105 208
57 624
100 423
416 9
307 482
843 665
975 800
862 481
247 315
577 966
197 804
97 577
215 77
542 672
823 581
259 131
380 920
714 607
271 45
237 750
143 838
286 781
293 667
808 13
737 103
323 980
811 978
628 905
578 437
826 338
849 865
154 817
293 544
797 635
288 226
717 376
9 18
43 326
194 431
724 214
785 419
55 253
383 943
625 709
652 773
569 577
761 477
244 204
76 313
826 179
504 120
119 110
482 343
451 939
757 651
26 243
279 712
285 772
930 549
24 573
764 886
826 452
71 145
743 164
569 393
185 271
653 686
355 657
425 979
53 445
590 823
795 981
155 389
214 86
243 836
505 401
442 111
501 604
75 525
237 239
709 786
827 232
801 53
553 543
38 392
897 258
286 275
734 26
390 258
97 629
242 578
76 282
446 552
138 944
958 714
549 47
999 91
815 252
955 771
906 402
722 557
208 628
236 424
395 700
607 727
38 871
471 473
906 735
937 473
114 528
111 23
880 411
295 941
229 157
20 986
317 337
67 203
768 338
240 213
707 90
231 60
525 503
602 864
338 800
746 507
316 372
990 788
308 931
949 142
37 163
763 930
42 84
707 520
67 772
306 802
69 973
52 586
910 562
172 327
741 13
377 652
112 860
387 689
851 239
82 512
616 708
576 321
850 908
34 990
456 139
322 176
609 675
592 952
962 450
364 39
753 183
390 150
846 457
87 175
852 320
413 146
365 410
947 217
763 384
854 381
800 366
841 86
447 22
274 222
64 341
547 982
904 405
170 625
415 834
929 452
72 45
94 253
396 700
436 456
415 704
665 731
194 101
374 483
263 869
682 781
608 806
759 127
233 871
27 115
777 839
497 891
437 526
942 151
789 98
332 321
485 92
274 738
862 160
473 250
962 225
225 716
147 642
290 807
604 318
699 198
462 264
623 905
581 612
363 498
305 461
106 617
942 724
217 265
332 928
579 968
775 688
421 363
264 235
243 391
90 864
850 305
582 70
932 671
719 870
575 741
551 308
14 666
641 217
998 280
340 836
618 135
38 148
224 482
743 183
178 224
826 143
694 821
735 632
751 894
164 316
481 545
631 175
440 859
174 914
706 119
663 668
816 886
200 268
42 569
904 41
160 849
284 666
529 192
403 958
280 517
266 518
490 748
162 990
409 700
949 815
620 959
108 744
269 133
4 904
449 681
140 78
508 834
784 2
970 732
489 233
759 357
723 220
176 608
694 233
320 93
894 673
964 351
683 385
847 68
274 313
7 689
337 600
710 212
559 197
858 376
978 63
613 804
518 375
189 116
981 689
669 607
762 439
259 127
269 861
880 132
138 870
739 985
553 982
142 182
456 709
575 444
132 882
689 148
988 486
1000 513
926 301
976 529
704 777
671 15
640 894
799 924
668 575
157 714
828 552
221 176
507 801
747 561
441 842
355 404
859 257
186 93
218 37
98 43
816 119
962 456
62 444
516 540
249 724
302 123
608 270
129 818
640 578
845 78
528 453
43 341
93 49
49 642
511 914
458 549
858 122
811 369
791 717
864 37
744 46
460 396
143 353
76 564
903 919
405 707
82 557
338 605
305 340
783 967
543 51
912 656
967 208
723 570
593 227
953 398
177 820
570 309
448 904
894 87
369 935
732 96
405 481
470 486
816 588
619 237
433 1000
61 827
198 724
49 516
190 757
713 55
285 382
773 606
731 707
445 954
461 37
137 862
579 601
218 839
624 865
134 354
462 961
351 894
623 291
317 29
293 276
88 616
83 476
854 64
425 146
163 878
420 462
564 443
243 309
811 992
723 577
966 160
324 494
304 505
611 150
895 271
134 542
668 633
763 927
462 858
745 534
383 761
980 572
141 329
805 126
739 98
824 486
573 182
29 920
615 173
752 910
695 313
113 661
543 67
173 926
500 284
387 246
97 701
911 814
205 88
666 867
168 276
624 471
250 245
185 734
213 457
992 538
958 756
407 952
224 717
737 849
176 223
359 170
394 225
388 748
827 270
273 556
197 358
537 556
310 163
246 552
889 437
546 210
795 575
391 751
415 943
448 408
75 170
982 906
865 197
43 398
167 349
538 58
487 576
181 989
631 786
678 335
466 313
55 23
102 266
417 627
332 722
481 228
156 229
686 199
86 282
373 965
777 852
597 323
64 411
35 675
223 625
832 130
891 6
334 424
576 237
334 243
856 252
428 332
531 840
281 760
185 430
793 184
890 731
875 609
870 166
628 589
413 121
452 569
713 843
399 141
47 424
765 703
586 607
850 232
248 419
279 853
395 883
255 175
672 907
515 155
27 969
502 811
138 832
154 252
862 112
386 830
405 36
310 975
362 50
74 848
331 807
518 550
138 457
919 618
166 331
21 546
279 988
643 278
205 976
475 571
73 317
879 204
209 384
57 12
345 726
476 589
69 571
360 588
648 358
522 418
273 467
273 741
56 288
570 405
845 840
14 399
154 3
399 117
76 700
6 85
294 266
944 910
565 999
244 894
685 116
919 558
906 459
960 588
632 68
140 680
797 576
3 135
129 321
505 236
301 256
294 538
713 214
510 915
427 276
322 540
727 802
182 358
442 236
345 919
254 416
679 607
810 665
322 339
407 79
101 286
164 157
232 363
346 418
79 580
264 185
683 350
232 344
991 683
64 132
924 590
75 852
13 346
518 666
916 196
803 150
123 60
457 538
564 17
537 446
650 858
483 893
326 693
671 199
906 603
685 54
585 138
581 273
485 786
127 835
344 153
797 500
140 103
668 935
907 146
375 819
767 747
84 739
147 984
940 726
368 808
815 703
553 42
606 205
240 430
792 620
62 666
405 251
743 14
414 29
187 328
995 848
479 818
219 608
378 975
160 173
656 105
624 624
363 14
229 610
156 878
54 614
30 655
780 602
284 353
86 722
70 587
245 749
873 964
825 78
355 882
530 996
251 47
759 818
527 310
771 544
3 875
419 712
25 921
945 386
500 761
76 640
996 793
222 827
173 451
452 460
959 898
546 75
679 104
612 388
341 219
510 613
700 571
694 922
582 126
132 257
925 173
992 942
771 28
700 416
371 37
70 434
173 766
264 83
782 774
328 799
38 740
824 755
568 592
319 364
629 512
54 649
617 285
995 565
989 243
785 750
963 789
799 969
397 566
821 811
807 744
10 401
400 969
408 529
997 458
894 39
190 799
909 145
567 345
788 219
585 663
469 724
214 912
861 319
768 794
47 788
586 391
946 140
710 91
295 936
957 599
100 154
634 585
435 802
984 866
571 26
583 222
174 923
59 111
210 262
261 715
105 500
624 690
912 511
981 360
923 574
263 737
240 757
896 640
583 610
915 718
825 882
543 202
158 354
82 107
917 558
460 944
952 445
904 240
765 914
270 466
206 781
28 439
58 832
152 267
282 219
96 759
517 745
18 578
828 177
28 275
734 781
677 89
389 334
914 348
704 110
650 777
871 884
986 249
954 868
83 306
91 860
415 869
574 177
447 870
776 536
904 920
110 845
361 758
865 119
742 907
769 962
184 211
31 652
459 1000
73 160
911 750
905 742
24 838
311 777
190 519
379 511
310 432
243 933
710 848
371 665
13 999
416 150
537 298
900 307
894 986
710 908
806 637
63 512
772 572
685 609
744 852
451 711
326 797
975 533
38 430
524 282
630 159
30 906
899 957
848 139
124 441
401 432
671 961
370 201
722 6
938 585
563 357
10 983
600 574
314 174
569 280
330 476
217 723
746 55
864 276
202 555
859 332
178 989
595 178
332 508
538 164
285 530
801 90
968 231
861 948
194 510
917 974
887 335
870 579
412 579
887 327
187 747
773 508
794 66
512 614
452 726
804 839
446 507
882 860
323 680
748 141
129 559
908 137
922 33
310 280
516 32
929 911
865 988
313 360
800 87
984 31
298 913
129 654
61 524
980 321
885 680
909 139
230 73
197 320
763 332
655 257
19 958
724 971
246 357
816 384
68 780
666 820
278 68
880 457
971 949
753 924
437 385
665 733
657 642
888 539
867 583
11 590
47 939
10 475
289 382
712 676
510 90
375 549
937 647
393 824
911 959
408 394
307 899
343 324
459 172
734 322
465 34
762 631
322 569
882 176
490 15
707 540
623 272
854 691
882 50
925 924
97 321
537 916
960 948
103 222
787 438
446 22
797 102
498 29
868 455
876 248
602 105
449 633
590 518
326 868
209 654
130 59
186 739
533 707
42 326
913 21
729 304
344 302
543 266
333 799
99 533
233 789
672 859
512 538
435 324
26 914
846 18
754 879
328 366
82 726
835 760
69 32
85 91
996 738
887 102
26 237
969 332
48 438
548 557
674 735
6 339
327 629
650 30
165 112
493 424
362 182
98 82
444 231
15 13
371 858
774 210
617 655
821 243
153 172
38 247
501 521
216 490
439 627
124 770
585 844
681 627
860 121
216 428
197 787
232 40
35 967
603 470
459 870
880 10
716 6
855 10
924 886
184 385
393 782
36 263
576 453
426 182
97 937
108 823
424 523
743 188
534 32
855 379
807 121
352 145
986 460
870 412
332 912
678 376
269 45
675 564
961 786
586 378
24 349
446 962
6 887
156 207
628 685
848 32
757 480
167 17
754 670
867 928
999 919
18 264
675 352
855 625
580 355
136 646
1 989
886 149
694 615
472 323
275 638
272 262
981 908
740 105
308 532
438 315
891 961
573 840
996 888
274 134
313 369
476 610
348 978
76 97
592 996
530 167
893 444
934 51
880 883
447 553
368 655
832 126
931 64
958 48
671 11
707 620
609 563
126 798
633 387
577 940
676 453
594 795
409 78
146 505
693 727
617 673
223 126
200 314
340 779
125 568
996 427
275 242
99 49
503 194
497 496
860 416
538 394
744 184
847 692
477 719
348 959
529 529
360 577
406 790
944 634
330 689
995 632
904 800
415 187
62 543
403 201
885 837
43 27
933 228
968 110
614 229
429 420
999 770
875 240
826 875
549 926
198 842
957 776
92 966
549 330
819 572
919 455
141 1
30 649
431 441
435 237
205 772
521 956
395 651
160 796
597 719
790 301
152 243
393 293
175 445
406 524
159 881
494 385
539 30
819 323
968 599
16 1000
594 626
78 561
870 645
448 380
174 412
368 945
128 428
575 710
911 436
129 675
984 278
782 367
543 107
995 225
136 76
583 807
550 785
406 51
831 622
570 544
757 609
261 266
783 206
415 915
406 283
78 471
192 180
873 673
633 200
789 443
133 938
560 299
127 393
553 432
190 568
22 169
594 151
459 518
83 120
514 613
235 154
750 598
151 298
111 992
209 229
265 890
41 56
772 850
255 976
589 442
451 642
916 725
86 708
413 7
550 10
447 563
454 810
575 2
771 824
134 402
368 331
983 181
755 806
58 222
830 56
844 464
791 460
341 854
920 330
344 724
983 412
46 981
439 26
667 938
374 927
224 337
245 697
735 356
539 252
739 966
938 232
61 386
880 183
191 12
1000 304
366 469
79 887
192 891
815 58
314 894
647 117
964 749
624 447
754 927
442 227
133 43
549 888
568 624
697 530
229 669
862 774
845 706
692 402
923 349
637 467
770 119
582 668
346 708
42 494
679 503
542 322
842 99
238 801
70 299
567 949
540 355
467 885
488 372
496 629
145 364
609 323
781 556
427 451
258 744
849 900
150 779
337 921
313 184
901 450
126 594
355 872
453 405
926 812
348 706
802 40
409 815
195 236
898 37
415 91
37 32
463 899
216 275
579 865
146 633
859 667
736 13
582 44
433 107
359 435
219 900
299 876
532 838
236 773
721 962
449 650
42 997
196 747
708 799
162 521
166 519
199 564
332 548
303 207
583 669
982 114
931 419
969 96
712 562
491 543
114 36
281 978
785 477
582 10
642 720
592 305
483 112
313 421
555 56
591 75
472 284
612 82
623 462
486 396
263 546
792 568
606 129
480 179
603 586
559 178
434 893
596 985
147 598
537 591
68 104
36 296
818 207
984 234
828 301
953 256
848 966
276 698
292 843
692 259
398 59
414 426
12 430
814 449
406 872
96 137
975 612
968 868
815 638
130 650
924 976
339 109
876 150
245 492
916 706
511 4
932 840
539 370
841 963
783 26
186 151
300 116
220 4
370 649
742 498
242 178
973 23
450 266
873 242
109 407
62 996
713 701
893 762
943 330
648 909
702 499
529 33
775 110
228 433
706 414
24 873
97 995
498 931
800 735
593 435
347 257
11 323
696 814
151 624
976 91
897 810
99 524
322 976
657 105
749 290
841 492
851 389
454 780
624 435
892 916
675 960
784 996
754 766
214 175
220 306
424 36
693 973
910 254
565 883
496 780
481 927
286 753
217 557
753 117
441 687
391 986
232 881
242 263
67 773
674 897
715 936
791 685
875 763
87 200
827 723
342 863
328 81
361 31
641 50
866 790
235 256
239 424
759 647
427 843
831 145
308 115
740 283
499 311
475 581
967 850
715 14
10 467
584 926
682 733
116 307
410 960
305 900
830 806
503 497
539 463
44 313
524 709
888 498
662 256
493 332
421 20
469 502
476 550
171 912
242 907
16 120
295 17
816 725
755 68
731 15
680 714
260 845
107 623
917 381
343 866
553 143
241 486
241 442
397 562
320 502
776 826
783 817
436 684
266 235
375 99
312 449
108 455
791 757
344 706
541 420
638 157
368 447
348 465
200 323
836 303
591 377
316 713
560 710
910 422
133 604
929 522
16 103
718 131
251 130
475 805
815 336
203 527
337 794
53 532
200 639
849 571
729 55
38 312
267 872
63 712
740 194
672 801
58 970
126 408
850 554
549 696
204 719
303 906
260 586
316 239
987 760
692 240
869 706
847 23
761 878
237 179
84 396
983 160
766 401
412 757
75 599
940 244
419 451
577 917
274 294
129 563
697 205
678 29
987 258
622 447
273 272
963 942
751 962
403 496
716 500
681 618
230 153
458 199
580 900
17 520
618 903
340 839
496 783
757 618
371 317
947 286
699 854
662 66
259 796
310 984
925 716
676 95
563 286
998 515
207 776
600 179
956 931
78 675
834 684
4 760
358 773
662 782
695 769
56 581
371 779
742 832
936 400
669 269
347 968
905 271
956 121
261 847
728 612
646 263
470 438
816 6
299 841
79 191
134 376
511 897
156 78
942 448
741 480
708 195
405 878
786 908
268 254
88 243
982 649
389 595
460 164
186 700
170 897
191 735
39 275
645 245
176 109
395 329
852 660
714 609
481 376
329 793
774 728
993 647
759 483
521 264
165 695
699 266
947 629
893 40
394 819
458 546
557 233
23 674
662 685
638 567
823 159
630 342
642 541
72 84
226 144
636 629
288 845
50 528
367 454
802 369
319 590
924 14
478 41
33 339
770 345
640 54
168 858
81 315
977 895
694 977
495 370
245 418
493 784
520 823
660 171
308 218
319 878
421 675
856 901
465 588
256 778
369 869
315 689
667 768
817 197
146 701
463 920
476 480
588 599
651 334
572 308
981 596
145 307
676 704
581 909
871 614
376 88
263 596
48 84
91 102
28 119
100 659
433 19
250 782
173 875
821 614
839 841
948 278
981 739
562 229
995 761
116 416
651 641
644 731
208 780
313 924
930 526
221 680
997 97
613 124
609 34
933 45
867 643
170 888
747 664
93 763
533 10
87 690
320 751
311 43
121 487
710 986
809 865
580 110
363 140
479 410
207 254
395 701
34 897
661 682
692 873
159 193
56 407
392 940
391 121
81 379
461 775
8 568
123 256
257 692
659 835
848 496
24 622
352 653
347 699
999 117
526 246
7 287
646 744
479 647
905 999
8 627
220 748
65 167
887 675
828 498
158 318
790 175
42 283
291 301
886 305
407 407
252 535
166 893
949 398
5 985
908 250
894 163
492 588
152 150
5 827
949 16
299 734
227 774
279 787
236 438
60 684
437 747
291 293
994 676
896 135
305 277
914 768
962 140
95 521
182 589
69 6
869 527
194 698
174 85
342 984
107 502
908 483
378 598
701 655
117 419
308 741
979 176
290 179
397 949
140 34
370 949
984 367
211 582
972 490
287 213
655 753
40 879
38 310
653 793
856 565
846 314
915 312
851 596
981 147
286 62
899 959
884 268
829 19
679 477
640 534
791 300
291 615
964 273
42 686
958 45
894 400
806 257
507 686
794 815
769 206
92 791
380 729
436 956
916 571
610 477
382 495
701 972
776 936
862 98
465 385
957 921
679 30
795 617
351 393
943 548
496 150
874 137
888 455
650 924
766 544
18 621
150 668
561 789
97 502
607 900
410 161
859 662
777 305
143 801
732 448
946 352
289 738
669 411
126 913
951 277
858 169
697 37
880 789
11 213
515 433
845 838
405 501
503 762
758 880
769 465
756 859
443 917
597 274
95 453
734 431
770 293
863 463
423 741
253 98
891 798
487 799
978 328
218 950
769 31
837 820
658 881
701 443
379 873
714 511
295 744
201 18
131 694
616 984
978 541
980 708
202 47
678 754
733 459
674 162
121 364
15 180
248 266
250 694
825 423
986 959
525 738
981 296
387 552
394 254
700 574
669 66
967 504
183 736
766 726
267 915
512 809
418 688
293 866
432 86
933 652
845 420
609 733
356 611
344 473
671 520
948 63
681 516
922 50
898 396
830 577
271 208
572 191
704 872
496 859
281 122
807 946
697 622
84 568
301 515
748 243
638 94
282 984
791 210
924 443
440 115
356 676
630 274
199 997
712 340
618 437
267 443
16 311
8 515
549 604
969 686
470 37
471 841
519 426
287 413
772 861
568 183
64 751
814 520
785 443
915 509
225 478
449 888
615 814
600 53
500 119
726 606
743 807
339 424
545 459
385 948
538 800
274 582
810 347
169 201
224 665
983 234
199 336
960 809
812 636
428 859
17 915
134 466
310 985
816 611
58 29
277 959
78 762
974 331
267 359
214 656
926 296
30 163
619 498
954 22
407 883
137 933
149 359
929 970
754 268
32 826
634 39
580 30
520 181
949 579
849 724
622 258
290 582
207 528
926 645
77 87
553 601
145 180
279 652
437 87
366 311
154 406
871 58
653 202
937 920
45 520
302 544
991 713
493 189
490 850
414 647
292 941
545 216
59 279
599 304
900 112
215 98
751 638
619 637
592 354
56 787
808 640
586 453
299 820
685 269
424 584
877 394
964 471
679 80
135 526
270 669
813 869
87 629
30 834
125 696
886 782
445 391
126 278
67 234
361 851
332 700
896 962
394 237
607 165
619 119
453 169
154 82
384 190
117 609
783 538
965 771
278 998
17 754
485 951
563 647
73 598
681 260
602 601
949 152
907 72
134 591
150 912
797 808
365 828
17 677
274 391
659 574
464 395
963 374
303 661
129 869
636 318
228 708
638 179
199 52
435 246
7 63
849 212
14 445
445 949
331 593
703 383
56 74
684 579
363 875
419 199
117 394
609 50
942 868
557 18
535 808
548 945
870 776
70 308
30 931
527 371
892 558
127 324
811 774
114 561
985 375
337 381
904 392
600 794
390 485
142 502
925 252
184 617
508 424
5 448
116 394
179 270
163 450
345 14
852 826
187 898
526 540
730 999
713 311
489 6
300 86
825 669
905 224
661 724
159 969
855 225
471 904
226 644
872 167
821 3
724 463
902 79
224 905
349 718
200 829
957 583
952 423
382 745
588 693
430 644
129 42
683 806
146 375
306 383
596 453
812 709
426 627
643 417
233 798
130 329
717 940
522 212
467 536
390 465
253 530
384 808
145 492
681 247
610 877
181 342
717 82
972 219
142 368
819 551
425 124
121 792
41 531
250 357
884 754
616 109
276 127
397 928
864 21
89 756
577 53
146 865
829 376
895 542
504 437
133 706
870 881
10 979
394 874
501 819
147 844
20 325
441 372
163 325
620 791
212 757
382 628
2 449
484 326
309 4
768 395
465 72
338 431
182 803
826 490
977 644
968 110
330 642
581 162
605 181
815 921
641 827
401 668
995 885
248 204
124 407
447 249
15 275
692 206
236 687
1 298
40 210
996 112
467 851
623 408
720 26
424 124
600 269
258 892
223 333
619 946
806 782
916 727
503 402
756 244
741 767
277 962
721 420
133 258
62 816
383 966
590 251
880 54
570 419
562 316
390 921
44 729
890 209
271 829
874 62
747 99
863 243
904 786
765 451
230 301
251 58
29 644
573 817
909 649
685 294
352 252
318 482
163 680
264 833
769 667
567 37
583 538
628 676
217 778
914 637
580 928
386 423
826 475
96 155
433 828
811 437
572 29
537 782
80 727
48 21
185 474
654 777
914 353
507 529
64 819
362 892
168 908
44 169
789 41
884 385
315 56
99 56
334 86
382 519
956 438
515 493
615 169
448 249
636 945
636 706
214 596
532 527
451 967
231 495
438 233
867 91
348 107
630 207
559 535
413 21
838 534
296 177
563 856
404 246
267 480
64 311
914 854
160 271
148 979
13 810
781 288
939 201
82 791
562 730
614 104
774 254
102 70
223 594
677 216
114 350
745 320
798 673
484 271
15 347
916 263
550 17
731 727
351 676
783 427
457 802
987 138
338 84
341 894
73 423
54 239
770 979
21 721
990 391
796 89
48 170
881 371
144 740
495 143
68 867
890 880
250 910
327 412
744 542
817 15
573 960
477 799
780 148
631 713
792 193
795 459
563 911
797 88
749 579
481 863
268 142
276 956
598 550
872 878
192 972
340 967
395 621
506 912
569 434
128 74
324 223
519 29
8 519
247 253
916 934
857 520
365 118
59 529
643 403
552 200
707 687
774 320
243 367
118 168
928 683
31 435
115 666
3 632
184 980
680 330
438 70
344 144
474 290
345 686
667 188
550 507
695 558
421 145
397 460
111 577
89 337
948 804
332 105
692 442
217 221
774 727
945 394
477 481
720 257
45 188
470 473
387 326
270 385
531 667
970 6
631 962
485 307
895 933
39 460
339 901
685 698
611 965
487 330
432 34
593 990
584 457
650 834
189 489
423 400
399 205
153 701
334 627
515 273
536 791
877 867
65 193
148 867
14 762
503 862
729 172
363 878
889 319
953 943
958 844
867 99
425 254
474 495
858 804
747 12
664 665
421 447
13 364
268 121
255 160
658 31
121 45
17 891
47 909
186 465
278 112
96 67
985 393
486 886
589 110
781 635
614 307
351 95
208 240
911 179
703 367
910 212
247 15
384 468
997 972
461 463
435 524
464 663
40 611
899 73
374 512
410 142
754 566
875 99
312 972
764 625
165 93
653 837
651 393
658 881
472 450
26 594
543 528
163 656
429 358
747 769
165 994
344 141
861 305
202 59
927 344
340 99
201 108
542 675
917 91
453 35
962 577
434 752
265 989
823 412
552 401
590 484
307 877
689 753
990 140
34 192
196 29
989 330
171 963
601 588
22 670
476 272
569 336
476 211
505 865
222 533
202 204
2 628
190 951
853 465
165 455
933 369
727 762
401 741
604 315
583 618
205 185
164 570
816 952
80 98
671 926
823 474
705 543
209 328
760 330
674 173
98 194
755 590
377 247
871 740
515 658
831 973
482 228
551 945
380 335
870 909
116 651
594 819
479 651
378 992
489 838
482 621
686 662
490 887
849 76
983 600
40 426
313 883
389 383
987 507
767 455
447 525
39 385
847 433
476 175
85 341
71 601
428 90
975 138
804 317
239 993
698 559
219 930
77 582
823 547
987 770
752 623
82 888
144 342
527 747
38 835
98 846
188 821
136 147
87 190
856 15
195 167
375 571
797 674
884 533
926 823
332 285
279 112
751 648
599 460
289 129
223 199
386 363
431 697
23 496
590 555
886 741
437 597
982 771
380 235
621 408
797 195
696 996
340 720
694 509
157 18
317 987
78 44
412 908
64 621
799 649
690 776
463 239
958 331
991 272
762 60
528 751
617 271
245 951
280 681
352 997
969 449
236 681
747 793
248 514
375 585
498 927
109 565
778 542
965 130
11 744
671 941
997 11
700 12
150 751
594 674
340 674
435 751
372 100
398 918
495 563
381 918
784 705
622 578
375 817
563 617
560 773
977 910
181 859
892 121
328 507
114 764
578 987
980 6
967 107
408 252
703 770
393 947
487 319
69 999
422 768
982 328
264 158
346 296
191 55
259 294
877 739
880 741
642 384
650 685
324 871
472 209
130 564
283 664
785 521
51 125
592 251
192 591
27 20
89 449
627 848
233 515
723 200
741 327
869 818
759 461
388 558
822 567
272 26
500 158
677 920
278 467
107 611
592 615
687 997
439 563
841 540
748 121
173 113
248 177
682 639
402 580
109 626
915 350
215 21
491 539
123 995
248 865
441 855
70 726
310 939
474 30
442 789
854 966
888 462
681 20
425 633
548 636
553 130
925 412
481 380
240 873
156 618
17 952
282 207
251 38
423 662
940 744
45 106
382 988
406 47
56 62
619 176
355 5
704 230
694 835
157 312
763 520
78 109
519 247
268 523
294 783
947 972
916 275
970 92
197 499
725 132
486 113
286 786
569 989
32 287
917 602
107 79
404 678
243 557
332 846
649 756
855 863
56 455
706 326
937 586
377 33
968 774
434 204
836 769
182 822
963 644
395 889
371 419
252 573
755 472
991 53
952 193
854 752
296 102
143 809
707 580
844 320
372 468
564 288
28 420
736 486
272 781
535 760
814 939
218 372
148 881
528 348
241 578
260 241
802 417
786 853
470 682
317 615
651 654
124 211
335 467
961 224
399 122
273 40
267 767
182 3
24 949
672 540
5 159
39 842
574 360
747 689
837 420
101 527
595 877
227 911
147 911
664 777
504 971
841 216
754 848
809 26
254 285
278 924
859 265
833 964
677 284
538 573
69 635
490 798
735 799
712 827
722 430
533 963
772 441
479 584
148 509
777 18
478 634
810 444
123 383
234 166
918 260
776 289
487 286
598 230
660 230
267 295
779 906
944 181
938 459
36 120
48 406
360 874
89 259
220 597
821 873
992 672
9 64
828 582
252 93
408 734
508 602
332 668
991 515
434 119
986 938
951 257
38 971
494 538
349 241
852 998
745 127
365 986
326 320
262 570
643 320
777 766
485 113
260 761
885 31
42 841
261 916
648 298
862 661
937 675
524 682
611 583
408 402
688 972
878 181
438 720
125 496
311 887
570 869
322 638
956 8
80 612
33 899
688 131
824 171
195 131
574 264
336 856
617 161
809 703
519 486
533 661
360 924
612 32
976 893
958 747
855 877
36 895
928 862
645 253
85 277
859 684
713 842
115 1
309 540
89 466
12 387
529 170
670 956
343 73
657 305
152 129
99 390
271 634
705 397
73 158
812 843
665 222
55 761
5 835
786 107
447 221
770 124
725 512
822 1
393 690
980 689
473 127
778 596
760 157
269 121
707 960
93 526
838 39
239 371
493 733
674 967
403 793
906 202
886 846
929 185
272 68
257 590
136 773
323 190
975 937
563 41
860 434
681 956
800 809
993 994
315 911
404 367
197 509
845 84
373 85
381 838
598 126
320 775
805 363
86 764
101 509
266 277
723 957
502 151
97 499
542 661
383 466
144 491
262 97
426 122
555 763
820 520
674 432
882 156
968 242
811 854
40 529
701 341
672 608
174 15
313 893
724 349
282 364
31 468
892 325
378 917
391 602
821 5
333 114
262 94
314 65
299 20
650 613
889 105
827 90
713 626
982 551
109 704
42 423
927 560
905 602
939 115
914 761
352 735
725 229
884 916
890 696
837 247
682 570
960 986
908 934
645 826
818 906
681 352
345 971
18 105
501 710
799 158
410 656
78 397
20 504
460 910
632 271
881 390
49 47
961 79
940 105
628 758
516 853
654 84
991 174
520 94
886 3
309 405
593 848
478 303
409 251
47 820
445 951
551 489
973 148
484 225
98 133
317 879
828 816
342 701
618 450
623 768
662 297
877 593
126 56
24 213
853 182
572 694
735 759
168 305
816 737
945 950
214 185
384 19
259 148
48 305
260 350
353 5
196 630
304 944
626 408
612 472
806 746
251 221
488 279
491 461
353 863
993 208
169 469
381 716
663 472
76 682
484 386
373 791
584 12
669 644
107 272
467 215
54 133
148 352
279 511
616 37
17 349
971 286
689 881
573 449
746 875
83 935
826 103
579 589
819 986
780 749
331 937
940 674
316 634
136 239
181 160
759 649
319 755
391 536
584 846
991 778
219 816
555 792
943 435
28 16
852 200
189 521
833 673
143 330
912 854
46 867
152 641
681 497
379 346
134 967
941 835
115 800
195 300
678 510
393 352
447 630
539 679
169 618
605 458
84 637
995 314
30 698
386 450
549 230
141 936
646 290
161 224
290 2
521 689
172 664
922 654
884 225
256 910
126 335
752 148
620 205
436 871
88 830
314 307
819 479
93 175
537 353
611 861
282 272
853 854
803 462
106 715
131 696
564 733
599 472
585 405
566 489
723 132
197 567
569 61
620 932
316 510
206 476
874 979
581 698
863 755
221 664
975 913
653 868
989 380
793 205
864 95
698 98
512 250
332 595
877 511
678 574
81 718
78 363
569 625
291 881
31 696
641 719
899 511
800 379
374 907
485 743
53 633
584 863
556 239
589 380
88 441
699 132
716 165
384 47
37 983
10 788
318 774
871 178
901 557
14 599
860 99
108 109
169 83
97 872
414 749
872 697
65 483
10 574
845 709
651 599
248 230
180 131
923 828
680 177
557 972
31 663
792 643
701 543
483 438
156 589
38 755
310 498
809 726
676 884
141 653
50 588
209 524
200 238
166 738
922 724
252 954
137 236
59 483
577 965
515 745
345 494
100 706
326 784
390 417
727 30
499 838
522 916
408 43
918 317
920 921
967 252
873 825
806 36
84 252
22 432
681 556
992 428
377 608
16 33
162 428
709 453
343 158
757 889
197 379
327 41
248 984
855 720
876 105
933 777
475 237
230 391
22 519
914 798
300 183
956 207
964 983
757 136
129 775
666 482
273 626
233 425
974 735
520 688
141 328
198 234
649 142
456 458
352 251
477 572
885 382
115 713
909 899
104 15
818 360
193 311
531 266
510 902
498 422
420 740
484 992
738 424
181 335
772 9
377 63
660 422
740 181
228 1000
163 663
196 283
937 130
826 833
875 666
637 430
348 917
106 293
674 64
80 657
647 177
723 533
625 235
708 277
146 237
263 555
648 707
539 387
398 395
806 191
802 634
319 179
413 749
370 410
