10000 1000
806 624
688 215
743 410
500 373
326 375
686 328
102 261
356 730
187 351
212 359
82 109
420 593
198 154
699 892
636 957
893 115
912 217
898 393
142 852
183 265
938 403
731 103
992 237
388 101
285 108
824 167
147 63
516 343
897 515
193 777
465 189
657 360
265 801
742 24
611 63
212 970
260 208
458 427
952 477
662 572
357 697
366 188
739 706
47 401
147 268
73 211
525 702
920 858
672 18
917 242
478 841
676 342
725 661
212 402
471 246
10 256
410 110
845 620
857 77
59 912
450 517
563 633
598 494
674 792
333 260
382 281
15 28
877 183
427 315
479 422
116 271
984 104
935 123
680 225
710 975
890 3
152 646
672 563
574 559
901 154
168 669
162 316
262 415
474 132
520 400
269 367
135 592
49 692
761 57
604 547
953 939
667 75
732 800
975 649
829 488
139 784
217 567
287 36
652 370
280 790
419 630
645 979
880 121
372 765
186 135
155 120
153 374
783 814
670 130
376 52
481 50
75 91
449 41
855 287
592 254
136 507
156 692
8 148
856 547
713 585
280 181
964 154
889 386
253 870
910 508
36 11
620 52
989 817
983 171
833 119
115 570
339 157
292 162
156 889
710 165
400 18
838 243
943 392
214 262
540 714
885 183
721 926
941 678
546 909
124 302
869 507
243 190
336 963
162 257
291 466
426 495
570 224
865 314
36 314
738 226
127 522
290 481
33 13
996 496
88 492
326 312
916 212
858 138
288 622
126 720
84 591
4 777
430 625
291 617
180 481
380 478
723 863
477 620
404 585
178 26
649 712
303 987
100 416
231 390
961 757
264 607
176 833
229 476
420 639
875 408
950 675
684 139
890 967
87 823
752 864
357 925
429 551
6 830
216 545
690 27
389 647
649 918
725 871
844 670
148 729
777 967
450 74
146 192
683 861
174 3
71 549
71 104
466 443
491 130
853 766
692 232
883 407
760 342
957 593
169 721
375 103
37 847
480 974
543 989
814 358
724 343
856 333
424 835
290 820
191 518
108 936
596 845
243 122
525 741
439 984
340 245
220 138
656 183
689 5
226 562
883 443
985 402
923 217
870 135
820 552
688 394
774 965
258 179
246 730
840 526
315 626
430 464
91 1000
433 503
132 281
531 792
171 277
331 263
72 858
891 930
688 993
112 22
394 887
134 17
851 294
658 118
594 121
566 628
36 835
560 343
705 889
562 686
197 571
36 171
400 751
854 702
767 950
639 562
312 645
881 231
826 742
201 646
563 172
12 248
824 211
509 104
120 189
584 172
993 421
771 976
890 985
207 170
927 680
595 855
801 840
1 765
715 666
672 887
414 852
432 333
446 638
449 673
746 542
964 554
296 924
256 637
918 934
871 79
986 301
206 804
324 967
928 124
343 419
84 784
499 56
899 265
870 830
571 506
326 66
518 569
896 847
67 698
101 144
436 876
48 231
143 649
401 353
174 842
92 680
614 666
35 136
195 734
744 298
899 323
212 403
783 824
443 174
893 839
678 550
680 521
495 885
518 175
384 257
553 481
53 881
615 203
757 108
771 763
925 418
753 85
605 761
397 839
960 137
677 189
312 136
498 430
849 344
532 645
818 684
547 745
495 350
374 53
529 676
872 705
852 318
558 23
927 674
154 630
504 305
859 499
878 783
195 603
645 982
672 435
469 188
331 584
947 136
100 495
735 193
76 902
205 495
849 777
452 232
741 430
138 196
440 89
637 394
658 345
467 801
394 633
379 255
497 192
882 958
655 641
888 666
869 356
328 700
370 971
403 298
215 990
125 965
602 647
703 505
575 855
780 720
26 359
780 776
518 872
115 880
425 484
747 727
901 722
30 173
401 486
389 56
95 142
252 705
803 854
419 652
594 645
902 668
168 70
54 84
833 840
687 447
665 543
632 120
268 136
278 339
895 201
40 115
4 950
764 361
19 637
105 276
83 948
795 371
421 13
875 205
282 281
20 57
807 50
495 494
144 439
440 893
491 420
830 377
497 303
71 910
480 732
90 928
331 130
179 735
296 708
514 849
505 418
764 960
844 749
185 368
971 270
612 147
373 47
206 885
355 96
828 695
252 836
852 592
257 73
988 703
761 492
747 147
151 35
798 427
775 369
172 870
348 469
947 5
333 483
817 84
860 41
443 668
678 123
977 92
933 345
296 443
569 996
191 464
410 164
234 387
536 588
995 825
492 356
796 995
716 535
781 303
467 755
244 878
358 507
728 429
408 584
766 972
599 228
373 498
684 997
241 350
463 824
963 743
569 236
799 638
289 243
268 703
392 148
656 756
620 732
722 825
457 224
934 89
139 228
597 928
77 303
346 830
293 893
414 538
85 220
788 221
636 119
406 691
443 374
790 366
49 364
54 282
512 224
953 378
253 732
711 386
891 881
645 250
809 505
138 570
399 452
612 608
317 612
233 419
981 176
958 300
676 77
156 296
909 944
861 359
405 437
979 624
472 835
402 667
187 102
305 109
128 4
198 552
109 289
399 584
77 75
345 143
445 462
668 777
56 416
980 137
692 790
714 179
587 286
410 376
83 883
131 525
934 157
26 499
955 806
950 209
619 781
349 877
301 431
702 583
906 697
334 639
537 855
899 162
692 273
516 320
170 208
934 17
595 933
224 131
407 435
161 598
239 904
124 200
218 752
315 689
922 914
769 377
844 929
239 149
644 564
144 902
711 662
788 177
702 111
425 464
233 321
149 71
346 11
453 784
822 530
682 40
864 147
63 255
334 179
492 484
650 959
478 727
2 324
484 989
200 264
108 824
962 407
540 668
851 279
753 323
848 852
963 970
429 429
775 674
278 973
676 456
534 939
590 565
163 170
391 14
431 873
545 173
505 493
277 606
906 866
679 491
769 174
287 769
647 118
169 681
772 967
150 896
904 294
657 423
435 80
307 451
341 611
664 982
294 387
480 68
648 366
191 303
40 936
972 52
896 320
398 444
304 937
842 484
481 138
62 181
752 735
914 652
969 741
930 51
450 594
621 206
979 698
33 831
989 203
812 43
296 75
12 739
611 972
225 892
919 135
886 311
532 694
187 74
164 248
446 284
355 168
981 349
805 431
893 300
1000 814
663 407
661 61
85 407
283 663
802 161
596 355
191 950
847 525
311 723
772 458
180 458
779 304
319 592
445 28
988 669
841 665
715 287
561 168
129 999
938 362
181 474
680 952
603 1
935 300
244 249
283 741
396 868
105 535
667 535
476 664
741 810
681 141
378 611
459 203
934 283
208 182
906 991
345 461
489 712
734 859
76 651
80 272
7 314
382 935
537 234
152 790
728 971
911 64
947 547
507 606
622 403
587 138
489 456
993 922
177 355
155 675
854 114
428 84
980 749
944 214
786 377
387 483
5 841
219 788
830 352
818 153
968 920
917 333
867 742
263 648
284 443
47 51
274 357
253 999
451 412
393 871
957 277
781 33
485 482
582 776
203 881
310 581
476 41
101 658
599 528
267 982
81 167
416 476
233 436
925 395
220 615
616 359
578 437
404 655
471 104
262 629
587 438
985 361
451 910
571 94
477 718
838 916
776 671
352 12
842 455
347 407
784 470
22 392
825 641
194 645
515 979
853 386
405 895
819 957
579 879
600 563
958 720
31 698
121 20
302 525
597 774
408 659
478 297
849 928
579 626
382 643
314 633
370 830
145 244
578 962
982 333
354 240
553 647
726 120
69 828
842 966
674 706
314 184
174 401
403 562
263 575
816 290
786 156
406 748
976 750
472 830
644 46
475 85
694 578
803 63
699 497
493 383
738 178
795 925
272 933
707 139
741 544
288 489
341 427
216 873
457 332
20 987
683 237
107 987
733 809
727 694
827 458
742 489
484 342
186 306
837 413
866 397
366 45
599 8
402 910
56 943
660 311
526 193
77 679
184 592
311 252
529 517
725 80
517 211
528 502
487 871
844 466
798 350
184 78
284 391
506 742
742 765
993 613
126 582
993 6
548 110
938 60
17 837
433 9
82 829
574 731
187 517
565 842
641 361
301 292
671 463
588 98
882 819
728 432
709 148
175 360
990 373
512 240
319 797
24 727
798 159
103 60
677 163
976 959
498 259
244 334
256 255
488 546
309 33
578 687
186 242
704 855
254 275
217 48
859 293
209 705
424 530
882 289
437 481
390 849
338 294
782 909
800 343
766 998
182 160
22 218
125 920
250 891
285 930
179 476
622 21
21 624
120 428
87 315
147 151
390 838
191 800
129 159
950 87
38 431
357 111
460 330
495 806
391 554
506 321
408 549
351 318
882 34
950 127
662 216
312 78
128 968
867 692
919 230
682 680
993 595
219 254
437 918
575 877
783 566
45 992
631 2
47 526
922 361
219 19
640 522
251 917
228 502
333 295
951 257
133 961
110 916
726 502
127 942
701 428
760 254
590 552
336 395
644 631
420 293
453 214
564 889
196 588
419 920
942 146
842 976
93 794
589 250
976 797
324 850
33 571
764 563
709 167
692 840
696 129
360 740
311 50
226 227
139 771
164 455
501 694
878 124
732 483
310 979
232 421
667 451
27 459
642 723
115 967
450 834
794 338
103 672
230 814
626 642
241 203
671 737
937 10
861 219
297 93
754 785
991 29
173 232
748 42
754 464
879 216
850 256
674 548
824 64
267 402
637 613
301 586
484 800
405 951
895 639
901 967
464 899
180 718
121 153
811 754
165 121
481 496
244 954
945 734
427 436
287 943
745 364
159 154
524 771
14 339
34 408
918 721
224 721
607 598
543 806
928 459
217 703
394 241
448 544
670 952
128 28
793 100
840 119
623 923
318 811
198 560
312 628
430 195
635 348
552 7
31 1000
4 867
648 96
121 2
159 515
113 51
200 65
738 217
930 807
542 579
986 855
235 965
480 461
325 830
863 395
15 585
401 949
574 188
786 46
462 539
296 578
434 278
242 858
288 542
349 227
59 44
592 999
424 603
170 162
729 217
678 230
821 770
670 784
662 381
357 32
137 493
460 421
793 249
654 71
909 356
243 515
550 773
985 139
194 936
230 923
484 76
223 197
521 44
101 398
28 910
859 487
51 854
753 220
303 108
340 400
664 954
235 360
815 935
36 667
419 534
717 185
661 592
811 305
891 102
390 272
200 391
515 313
146 1000
537 16
67 63
484 630
281 856
358 992
791 152
489 928
706 988
894 274
620 659
569 544
259 712
970 687
507 721
717 160
832 347
435 328
198 571
351 120
689 206
122 597
565 42
232 825
351 843
41 424
185 895
737 284
794 186
295 122
876 219
74 531
469 317
343 932
294 15
140 678
983 444
169 846
553 364
394 310
714 353
102 131
645 811
915 261
175 837
231 42
291 901
840 466
567 704
142 532
813 187
428 192
979 267
170 204
643 375
726 320
292 544
118 721
95 944
399 9
890 504
474 229
33 512
953 942
1000 195
303 689
186 48
749 991
101 346
486 246
364 921
156 421
564 895
536 580
727 980
214 282
140 995
502 21
804 467
525 230
551 78
658 370
277 133
337 290
686 130
259 380
139 532
900 135
858 687
444 659
189 225
207 695
115 254
733 385
542 477
890 10
724 826
215 719
727 18
231 289
629 497
443 902
520 615
407 166
430 398
898 638
810 582
554 544
729 610
142 33
143 153
666 162
184 221
582 296
823 447
359 837
2 745
973 396
499 818
412 928
729 534
923 86
997 300
623 822
862 446
257 702
341 316
372 799
225 257
456 486
461 733
506 636
421 73
177 943
965 550
771 623
266 942
30 393
590 777
151 64
528 290
14 751
226 520
8 128
625 766
500 48
137 482
423 880
959 9
456 454
501 618
636 866
649 719
171 505
142 431
793 822
785 95
950 804
621 412
31 781
56 50
650 142
316 504
486 56
655 474
161 201
171 894
928 369
86 871
394 30
539 741
141 896
432 515
344 765
238 744
175 854
268 615
875 976
844 575
335 381
605 627
948 760
479 706
230 717
818 232
108 246
279 956
572 7
789 440
292 99
486 716
610 244
263 788
318 679
843 333
363 349
233 4
121 852
290 351
630 436
548 329
80 147
457 746
188 409
936 909
819 341
803 385
912 838
224 473
291 82
745 596
441 450
915 397
161 556
123 500
264 488
788 955
110 660
842 801
591 288
146 379
676 35
927 278
199 116
943 758
698 33
468 595
825 660
980 743
955 400
474 201
797 968
50 908
999 41
544 433
700 876
154 209
303 621
498 275
337 686
517 644
268 540
286 602
667 777
403 272
991 881
847 774
756 845
831 790
905 731
781 104
108 819
952 886
364 684
146 953
909 485
505 434
111 244
166 178
727 611
369 107
493 765
851 276
509 910
162 664
494 641
200 864
566 7
757 245
203 190
697 871
611 240
139 40
437 400
476 194
982 929
188 517
606 134
188 553
960 547
323 483
981 315
546 87
242 183
975 931
221 37
582 357
156 335
195 559
534 208
761 978
335 27
542 527
913 636
765 680
206 876
778 477
887 569
10 816
416 75
240 394
713 809
161 811
654 578
937 574
904 925
332 82
803 897
734 826
942 853
467 406
270 41
928 640
626 355
471 16
928 124
496 209
663 120
818 961
491 754
934 93
77 781
205 106
32 956
333 917
53 651
688 85
984 811
356 187
760 706
260 745
75 121
293 776
352 748
946 840
3 558
529 372
236 714
268 107
416 307
377 633
607 85
474 59
588 105
486 335
96 717
102 834
768 898
265 319
226 220
760 927
692 966
914 691
397 827
410 268
26 910
412 868
267 763
932 666
899 387
958 290
867 732
335 355
391 807
275 687
807 393
844 38
952 514
898 883
81 113
389 245
526 421
709 848
649 845
963 234
884 586
341 950
456 496
750 420
448 873
235 87
695 313
239 326
134 843
280 691
927 2
31 399
669 857
916 268
769 532
120 929
231 149
18 162
782 376
3 558
308 206
225 23
616 390
488 301
38 519
964 467
255 320
368 729
198 121
602 680
28 527
100 857
188 851
205 407
232 12
734 664
42 624
222 264
132 479
311 533
697 825
142 564
393 122
134 587
201 933
142 45
504 358
622 321
740 687
70 731
979 724
816 378
194 23
585 8
458 52
908 405
413 142
967 845
118 985
403 693
230 45
936 922
704 906
183 186
318 502
382 144
121 416
240 220
493 713
858 841
58 38
151 302
84 968
149 294
308 643
238 200
478 714
40 279
633 793
701 666
10 338
996 613
833 673
606 511
73 360
674 490
156 572
161 207
870 61
410 127
933 506
919 770
256 587
311 748
36 605
714 659
248 738
952 915
115 510
442 434
8 859
103 308
1 454
953 880
985 423
630 160
785 597
591 285
668 304
412 90
650 677
53 972
977 326
107 192
815 487
285 365
906 474
467 525
568 964
439 97
631 86
319 698
782 293
69 137
154 162
711 535
410 474
919 549
532 591
459 518
462 37
694 16
485 798
446 751
297 367
620 338
519 304
927 908
774 720
553 116
859 855
304 517
301 67
686 767
489 147
498 844
599 711
733 364
627 862
710 786
413 78
215 948
137 263
621 590
416 560
443 696
901 465
112 484
865 520
28 473
656 148
631 987
562 181
115 840
971 178
981 580
490 905
783 238
662 970
857 497
868 84
516 708
226 999
413 226
800 817
1000 219
874 354
139 521
23 511
510 244
173 842
746 607
690 696
687 32
748 618
428 844
739 629
35 760
738 282
897 73
881 454
83 325
190 579
52 384
223 197
896 968
297 687
437 922
541 611
660 331
13 165
964 799
276 801
504 325
555 264
972 288
237 752
435 720
740 377
588 807
833 40
56 349
744 87
462 733
393 211
560 869
945 781
739 202
607 930
355 401
111 707
132 7
802 486
442 91
148 563
274 239
61 911
503 282
321 780
750 416
896 791
978 256
246 849
25 245
508 39
116 511
709 426
651 351
970 48
695 790
559 585
103 550
955 738
948 383
860 246
516 868
697 8
50 291
934 602
548 953
907 713
652 132
781 838
176 31
988 558
43 561
284 283
321 734
980 858
550 613
289 211
560 144
740 980
169 23
256 302
566 141
749 854
914 145
272 950
764 743
816 297
420 197
299 146
74 806
111 286
656 818
977 661
611 68
130 973
349 235
404 343
518 121
393 480
167 615
845 673
61 983
239 256
348 873
724 573
961 391
932 622
951 712
579 435
923 728
105 314
664 63
971 956
444 486
944 726
849 493
500 722
853 88
448 179
218 85
392 604
695 383
67 162
989 222
79 101
418 917
107 555
466 995
483 550
529 435
536 401
858 835
989 662
899 745
595 155
991 129
30 744
922 816
133 323
817 957
830 340
8 698
255 529
793 895
438 611
228 680
275 455
377 186
545 71
175 538
1000 718
129 790
638 592
44 449
177 567
611 787
870 887
971 487
510 763
999 100
180 549
581 821
64 50
782 113
831 844
898 139
424 206
506 482
96 268
380 970
807 344
467 490
737 150
661 261
223 593
755 921
675 259
740 74
23 905
250 624
551 861
35 84
674 307
33 56
685 604
19 716
488 726
266 129
287 785
429 410
282 587
133 798
437 949
913 416
401 397
108 511
105 690
314 806
110 307
335 917
260 256
671 702
978 295
47 193
942 601
347 272
951 698
382 204
977 420
501 174
308 596
348 503
518 580
951 904
68 392
754 186
285 889
626 456
95 229
218 528
968 52
823 750
710 853
244 601
959 831
991 300
938 176
690 694
804 610
691 763
277 969
588 32
808 46
67 226
958 767
659 584
196 588
434 605
240 340
457 495
792 742
471 75
611 80
926 110
437 260
253 933
8 934
348 718
6 31
523 13
944 229
91 944
978 761
707 996
892 767
788 101
970 465
758 841
493 949
993 599
881 978
453 72
53 671
458 773
430 605
785 952
947 416
545 777
418 241
546 842
314 191
142 964
871 121
515 752
834 101
434 607
598 525
603 147
780 533
407 587
104 366
300 715
985 94
757 945
789 998
592 306
315 538
598 691
871 133
134 64
185 578
66 208
246 756
952 406
798 87
226 138
284 796
479 766
137 153
992 930
858 839
35 913
925 635
900 506
200 653
615 135
170 235
919 569
824 167
458 746
978 701
843 529
955 927
823 10
580 121
720 420
177 124
621 681
978 831
512 457
676 993
382 439
558 25
563 26
28 7
332 958
776 584
346 657
116 189
150 766
481 172
39 645
290 406
413 289
746 895
466 480
650 218
668 759
412 370
133 580
835 330
811 786
992 830
896 904
215 848
322 2
287 420
124 311
942 156
164 57
83 588
299 680
354 831
464 31
300 368
197 637
724 514
976 774
171 953
52 208
124 639
918 750
249 760
32 448
428 566
393 865
183 933
26 936
629 856
859 72
846 522
788 520
295 966
628 83
175 912
46 216
580 306
159 35
988 392
153 819
972 20
828 962
301 403
31 656
601 141
843 800
163 753
401 602
452 543
358 927
959 540
342 456
318 377
447 680
154 845
177 317
103 239
53 91
349 940
275 601
632 599
10 985
537 659
492 588
260 611
615 988
376 324
949 953
474 509
5 453
434 725
120 440
747 429
756 92
743 298
253 697
434 301
175 243
170 450
45 799
686 980
253 322
131 568
674 890
512 373
209 802
996 402
100 803
970 672
258 886
284 940
237 746
285 495
714 836
134 846
421 306
818 465
50 639
817 304
741 363
281 57
467 296
800 508
55 678
556 80
406 375
763 842
443 124
811 853
644 894
203 573
18 333
408 859
933 429
281 444
598 508
236 802
828 14
423 169
648 465
415 563
944 801
644 941
39 573
475 856
491 680
891 809
238 505
121 169
823 435
692 525
398 46
9 239
995 20
136 563
535 285
981 787
561 955
136 804
474 271
909 647
497 858
773 712
169 661
155 314
382 89
808 186
196 160
464 24
208 162
3 81
708 481
117 199
615 574
974 775
419 369
922 210
718 829
801 557
177 673
960 745
716 32
375 731
992 794
690 61
11 449
600 563
944 557
991 79
620 272
789 454
970 443
312 953
16 831
192 693
296 909
168 491
144 343
584 464
714 268
630 630
125 216
816 786
770 169
483 844
239 707
952 906
520 269
417 733
793 2
569 890
541 930
137 794
490 286
404 674
395 303
436 372
709 871
610 260
986 174
642 277
401 991
676 802
91 512
853 292
808 438
468 18
504 6
733 917
907 157
993 696
882 346
812 494
811 390
222 371
352 891
539 754
57 954
51 54
413 683
146 233
205 473
641 312
394 699
19 68
826 629
481 426
199 805
119 372
543 574
396 407
677 504
166 315
831 726
372 982
270 342
642 33
865 309
304 49
338 1
331 415
663 237
195 777
850 920
356 815
954 198
821 174
88 141
211 584
555 370
727 387
324 490
604 318
810 969
162 679
168 286
966 447
554 61
72 491
92 164
787 557
627 526
152 770
977 267
395 506
53 982
669 819
497 525
232 262
955 173
894 648
308 68
899 683
892 661
862 706
820 663
524 16
834 718
205 826
401 481
621 592
102 498
60 944
28 169
439 483
65 50
125 599
463 538
874 883
420 909
295 454
850 731
488 928
223 687
469 254
294 271
209 715
717 431
902 738
989 982
463 941
205 486
613 209
591 968
331 367
258 998
706 813
854 992
182 27
139 616
582 439
458 413
896 137
906 140
418 199
757 138
106 554
480 835
584 560
918 855
959 888
814 295
551 465
857 164
990 187
469 921
274 332
612 468
712 484
861 401
313 345
722 999
1000 708
873 561
245 563
596 613
901 341
969 209
455 865
850 713
64 319
237 514
240 573
701 995
555 787
927 526
642 919
670 348
327 482
672 54
164 274
847 597
285 342
329 314
657 677
265 798
373 927
635 708
713 954
875 818
305 398
135 220
37 826
497 969
897 805
742 284
742 893
833 772
327 172
256 916
693 997
950 620
612 20
744 486
859 611
896 658
240 822
765 386
586 944
73 846
501 3
706 114
945 661
897 3
52 69
118 990
11 706
458 737
645 380
147 208
56 89
724 657
330 770
690 792
169 899
552 348
995 702
596 416
336 689
303 363
74 499
689 968
492 643
716 263
152 33
716 626
23 819
685 625
638 594
789 215
971 866
205 130
804 637
436 175
344 177
380 67
571 437
507 891
223 976
548 245
710 178
51 829
681 721
925 785
148 254
565 109
663 965
896 848
262 417
266 181
130 741
703 435
695 780
915 206
76 546
162 499
582 184
929 288
508 644
523 946
284 182
93 756
101 397
530 159
963 96
183 324
55 582
840 756
708 14
178 945
699 911
583 650
480 178
381 491
82 195
831 226
207 803
386 867
910 449
417 341
939 532
778 75
726 371
543 453
740 605
254 452
461 169
833 689
692 200
167 518
563 542
441 987
532 300
910 867
792 521
71 380
308 540
595 467
591 892
53 358
502 624
913 648
225 215
339 400
659 850
759 706
157 613
554 28
899 658
272 579
789 973
459 340
640 929
75 531
771 753
377 591
346 736
970 675
799 442
290 247
524 368
558 334
626 904
81 206
669 643
712 306
869 694
926 651
582 577
641 259
537 667
267 696
361 347
689 624
471 825
128 647
295 947
979 978
728 784
638 567
976 889
630 115
390 11
599 571
310 294
213 83
89 929
803 754
178 187
383 948
34 676
419 927
36 954
54 438
10 796
665 209
630 651
811 363
306 796
462 739
945 583
87 203
179 179
737 500
381 760
915 408
926 899
62 623
556 189
160 99
197 732
787 803
142 113
638 4
880 921
707 563
37 564
656 548
768 257
358 63
130 512
605 645
734 70
926 191
510 989
751 208
915 729
891 142
657 324
527 285
480 842
462 995
860 646
510 717
502 660
657 449
82 253
901 794
207 558
996 888
490 600
413 917
171 522
393 368
949 419
151 582
530 648
496 300
22 812
755 102
943 83
403 204
140 534
556 296
755 346
249 1
736 144
561 850
93 327
726 347
724 38
748 599
383 466
488 517
985 558
887 424
259 38
650 239
472 947
121 829
840 906
292 554
65 533
332 728
153 264
824 646
910 677
512 585
622 633
694 606
999 420
888 122
944 413
16 338
798 572
148 547
960 278
238 27
324 101
924 830
296 437
641 154
721 560
331 931
351 115
459 200
95 351
176 972
200 529
372 934
711 722
309 993
835 463
509 157
673 778
491 796
265 351
920 806
655 64
739 605
979 770
318 209
921 126
598 110
522 417
910 745
785 780
685 583
127 188
923 606
584 923
192 42
4 733
158 705
159 892
506 32
969 901
887 979
854 729
778 176
638 69
599 605
806 34
234 830
950 757
647 353
82 192
300 793
969 799
97 622
761 389
991 362
649 188
326 998
876 448
749 707
685 645
230 210
142 508
279 733
103 907
882 755
566 26
565 784
209 382
779 282
549 769
74 389
795 968
491 192
413 876
909 830
150 746
211 422
623 635
97 556
923 260
186 909
444 935
581 599
267 121
851 695
380 938
627 688
423 512
751 843
665 684
676 305
9 331
622 371
915 222
513 179
648 850
985 744
380 745
3 662
311 120
82 972
637 199
387 668
38 492
97 974
318 280
554 397
342 616
727 80
665 901
48 723
568 341
534 891
775 960
168 270
693 411
223 473
128 640
441 583
15 364
865 617
198 472
405 201
485 585
743 853
794 712
381 738
2 75
898 999
668 322
346 198
14 675
386 694
942 974
685 99
458 313
128 12
24 549
727 205
119 207
765 539
972 952
185 690
223 534
75 234
483 961
115 982
217 902
931 892
621 752
296 296
272 490
996 776
188 166
959 697
787 209
290 225
849 140
826 603
85 397
587 758
756 268
978 782
542 326
394 898
631 894
336 52
151 567
215 20
139 459
461 93
394 479
972 839
144 660
818 587
846 1000
401 834
136 203
768 223
838 923
848 160
443 536
623 905
241 56
913 464
187 596
930 594
178 513
541 925
297 809
408 836
713 295
326 543
582 630
931 672
191 107
660 766
826 694
685 398
573 950
568 613
374 434
933 999
221 408
484 675
517 497
989 893
286 715
504 411
86 398
677 881
667 328
310 613
858 689
792 779
212 631
134 242
212 748
782 700
706 507
185 666
843 942
247 830
262 251
465 520
544 562
813 490
985 209
478 340
389 456
498 784
413 838
514 591
899 114
733 898
849 34
133 745
747 351
464 616
816 935
760 357
221 866
212 388
850 894
973 827
899 900
426 230
360 936
12 804
117 564
466 136
619 373
831 673
525 493
639 682
828 552
358 90
972 719
656 334
28 536
322 602
234 547
152 420
101 534
141 985
897 547
582 326
335 573
575 408
930 30
556 452
474 292
137 40
733 168
315 904
841 765
13 226
564 311
500 242
700 921
163 391
335 949
808 860
709 481
269 808
48 732
640 590
811 45
539 150
32 493
957 562
416 887
198 178
408 719
671 112
510 192
440 445
464 605
328 506
525 537
258 920
489 375
562 753
430 802
187 660
334 94
652 981
322 854
582 922
726 379
24 367
642 668
76 835
602 512
887 225
799 221
380 144
773 701
898 76
947 116
818 162
734 131
442 72
45 320
348 666
102 652
527 782
320 491
181 714
735 232
828 744
796 334
117 321
274 344
216 423
730 226
646 921
608 677
237 51
771 271
304 331
897 113
261 277
609 199
749 360
535 483
959 135
523 979
765 785
602 735
301 186
500 748
801 744
492 635
984 382
76 938
875 524
950 562
352 109
371 199
115 799
248 252
736 103
604 964
386 666
564 250
368 269
512 538
218 103
499 781
416 986
990 161
459 997
589 463
890 164
600 331
47 206
572 528
624 943
136 745
94 68
177 673
121 977
614 940
961 518
668 36
991 245
755 61
210 774
615 624
971 820
512 820
665 918
50 784
261 63
190 843
576 125
231 653
160 61
702 907
695 750
695 230
692 370
874 612
47 800
626 534
553 52
969 241
498 574
794 893
273 695
134 737
520 79
600 677
670 570
289 582
747 510
452 165
799 630
51 456
531 418
760 416
990 533
605 42
225 38
613 190
372 183
696 491
95 521
891 321
665 246
814 85
237 806
12 817
256 675
38 553
597 900
696 39
609 470
403 271
718 806
409 876
332 424
493 313
604 835
784 865
635 411
389 352
685 862
222 992
184 255
140 861
332 847
323 177
186 62
755 201
74 142
712 853
563 913
171 948
935 446
152 934
140 400
46 16
676 839
354 572
390 133
764 438
979 449
663 520
929 96
717 575
876 367
458 131
968 418
20 187
568 9
530 119
834 461
722 380
753 807
920 868
634 898
214 59
559 212
126 435
935 457
970 57
844 912
909 933
35 620
504 854
560 708
854 100
455 755
951 100
804 960
905 88
332 504
178 604
2 95
408 626
939 259
905 359
18 473
707 188
733 693
141 877
813 655
996 333
338 161
551 577
813 122
444 104
85 645
729 786
771 267
339 822
765 717
674 466
326 131
987 806
980 191
13 529
505 402
229 963
268 151
906 273
685 915
753 165
500 644
642 620
882 934
953 14
70 895
862 952
457 636
869 877
690 226
855 25
220 342
343 501
883 125
198 502
971 797
464 830
81 570
309 882
239 986
617 666
180 705
92 963
898 958
818 304
879 484
659 45
996 282
412 899
737 252
397 152
431 679
450 819
996 289
74 132
859 214
395 290
73 636
948 947
353 272
129 648
961 103
186 573
435 527
908 654
837 858
718 421
9 546
702 309
862 319
626 402
381 803
359 974
460 695
966 126
663 747
962 59
418 114
699 874
208 51
333 708
519 929
634 863
922 92
756 515
62 423
12 125
309 471
318 455
918 746
322 694
227 806
37 915
921 429
166 755
579 552
385 95
96 401
503 669
145 407
740 149
308 446
840 28
203 964
447 76
830 462
641 634
197 465
586 15
462 321
251 912
597 205
439 390
143 840
647 615
294 762
479 955
328 142
430 111
800 513
994 870
988 625
690 179
557 132
818 632
354 812
291 154
941 306
456 810
804 320
705 461
865 822
804 125
515 437
631 711
667 671
608 635
408 421
61 167
331 591
332 692
372 640
908 487
67 824
242 809
431 208
470 416
715 9
523 148
756 429
258 907
132 317
567 829
162 481
867 64
856 587
368 653
412 653
776 577
855 885
63 861
841 368
492 511
403 661
860 311
379 30
671 267
100 970
425 579
243 358
882 45
427 695
727 338
978 585
431 687
914 747
582 869
201 265
861 970
121 953
168 398
1000 238
207 679
209 753
557 981
458 778
716 494
700 715
912 651
526 606
815 722
530 170
919 682
719 786
672 266
325 869
158 210
84 111
864 935
773 895
28 116
839 599
913 340
812 280
291 401
993 491
242 984
258 720
643 603
323 763
469 525
288 90
422 729
326 456
860 844
527 894
292 295
563 629
391 150
113 764
640 523
314 752
87 363
231 399
281 319
966 500
389 805
361 951
728 133
238 906
554 957
632 373
399 446
964 938
808 988
341 281
807 73
609 110
206 354
386 94
833 281
158 214
655 401
512 452
21 534
396 747
291 106
614 772
117 233
68 752
779 134
632 22
129 515
295 563
552 310
668 557
283 990
342 296
619 82
253 137
300 970
49 709
245 628
147 347
452 920
234 950
56 349
712 924
149 626
795 993
980 597
628 693
912 592
451 354
569 55
673 583
901 251
372 799
106 802
79 355
190 396
583 364
647 416
63 930
539 661
885 488
274 377
99 605
94 926
326 996
314 744
707 357
192 200
901 386
393 716
880 147
978 396
594 50
593 591
68 216
452 908
885 422
538 753
287 557
543 296
888 870
173 901
323 19
502 425
996 908
19 842
216 315
704 848
899 41
229 234
927 14
351 783
355 117
660 286
338 805
555 350
720 401
522 238
849 609
886 487
786 343
951 964
294 3
168 153
154 152
763 17
161 588
620 271
768 332
33 758
987 453
936 889
343 620
817 420
6 736
400 416
46 506
156 635
754 12
931 142
695 663
892 245
880 275
611 331
571 443
912 483
834 846
648 720
939 16
435 670
841 438
380 238
680 582
61 854
428 293
672 999
235 542
62 389
302 474
740 307
133 547
41 620
584 127
610 115
846 3
239 180
858 862
731 520
913 225
959 453
765 646
7 404
733 942
475 122
507 81
880 991
620 562
85 74
172 937
495 874
999 367
621 462
153 485
812 991
655 181
52 369
820 783
857 510
237 614
507 74
901 713
142 456
890 450
107 243
710 90
101 286
294 675
261 877
663 900
871 490
756 841
779 337
33 337
700 923
476 854
956 679
518 888
990 909
294 915
731 233
398 900
174 6
532 199
712 752
810 28
516 65
855 990
12 757
804 363
18 166
648 727
816 240
717 288
617 342
824 787
485 907
204 550
177 490
536 676
301 343
997 548
156 52
441 402
647 581
142 997
946 892
555 207
358 413
146 57
166 723
289 276
922 922
849 872
182 19
690 265
268 243
45 829
166 851
696 951
29 953
982 999
285 902
308 552
366 279
309 705
429 965
783 301
904 916
132 835
406 351
962 638
941 666
996 741
346 143
278 212
317 674
532 26
338 797
876 41
464 301
743 322
798 283
412 110
545 347
838 373
760 128
801 147
857 686
488 150
144 887
498 530
447 775
537 613
928 440
690 259
613 23
359 171
993 61
544 943
997 166
29 944
468 293
542 113
358 607
276 215
569 219
797 807
435 705
915 336
698 703
325 581
972 941
269 828
71 355
249 881
802 222
483 4
106 415
513 566
247 259
925 897
260 508
29 733
802 686
836 635
901 411
568 430
149 408
970 157
239 902
841 595
50 857
799 807
547 740
770 293
889 756
588 618
169 976
236 227
731 424
419 863
107 195
288 697
329 743
5 351
641 68
415 869
476 553
921 243
93 614
658 275
285 313
306 612
520 433
345 818
158 54
33 19
387 463
255 947
159 338
638 289
302 520
667 1000
952 805
506 567
19 348
392 353
964 810
382 742
330 807
581 888
835 672
292 207
965 183
60 134
407 601
645 827
621 815
94 379
383 206
329 819
98 535
868 672
341 671
929 704
158 944
966 55
291 935
414 852
897 860
767 449
257 453
802 694
14 330
639 790
464 770
334 760
395 606
902 623
265 809
625 411
364 454
726 750
165 49
991 440
632 532
160 188
341 676
270 640
705 690
462 513
299 371
481 85
335 520
863 319
462 191
984 190
972 32
964 878
193 280
461 493
641 266
656 855
828 8
360 587
182 150
323 556
504 88
771 482
357 304
813 374
230 977
773 961
23 78
953 77
295 772
930 346
388 979
134 163
141 129
488 415
638 207
598 928
536 442
282 887
614 635
746 278
496 536
57 484
412 617
987 485
944 539
333 184
434 928
258 311
904 749
743 546
408 339
216 852
673 575
24 140
272 187
798 190
685 314
802 792
371 7
868 661
931 943
470 925
857 970
197 11
886 830
492 542
556 300
544 816
773 897
637 330
605 703
119 734
243 25
834 652
876 834
427 814
952 367
901 475
499 872
141 552
773 275
470 474
499 105
646 157
436 751
311 256
620 951
543 399
804 252
368 768
496 185
105 686
704 739
43 721
455 466
716 492
239 205
672 302
212 379
435 858
492 346
184 871
533 811
533 504
143 964
997 412
102 309
252 79
313 12
455 536
854 905
762 385
932 610
359 178
607 192
678 631
407 896
551 221
465 180
66 329
508 736
127 945
206 845
974 952
277 568
137 926
679 580
229 574
834 444
117 895
852 842
687 132
44 315
28 460
815 257
244 842
252 648
40 550
288 545
671 474
435 169
889 13
929 443
583 700
179 386
809 44
995 584
886 785
987 402
872 771
943 98
629 780
894 780
135 707
325 433
901 291
316 671
592 68
999 966
111 673
246 332
995 745
741 483
475 863
381 854
610 418
681 39
580 541
258 788
621 376
348 877
722 509
798 936
277 292
934 790
661 951
91 611
324 975
81 961
207 589
409 766
10 266
878 113
385 975
368 985
320 374
285 910
996 175
211 526
408 123
928 73
977 438
234 654
490 756
223 620
473 75
135 521
560 361
556 127
829 938
881 922
594 195
344 435
134 658
890 424
930 387
380 465
468 892
620 141
79 26
856 427
538 786
671 978
789 241
574 913
335 196
132 231
210 97
46 548
373 564
780 302
9 436
74 382
85 251
720 624
531 657
67 311
792 1
297 662
991 970
481 232
751 735
945 984
1 304
966 34
131 527
72 393
415 212
50 574
44 186
222 320
556 15
800 870
941 920
118 647
928 90
310 354
189 650
200 230
797 62
736 932
143 986
845 575
299 805
181 955
770 737
743 604
860 142
607 306
832 831
149 875
32 75
582 761
674 461
810 352
152 309
140 441
201 510
630 50
334 221
746 996
829 664
409 428
882 845
936 434
473 998
951 925
37 260
632 596
157 161
38 950
577 500
931 700
89 929
640 234
774 687
377 961
551 904
46 944
174 972
884 334
737 598
842 186
793 645
101 908
590 717
420 929
57 764
596 338
376 821
677 197
221 928
619 643
648 776
902 953
273 627
170 783
206 206
392 220
219 775
675 799
381 41
436 615
510 907
967 613
581 185
292 613
315 538
926 105
118 376
279 893
73 387
594 828
530 726
176 433
259 393
748 415
243 805
975 754
474 875
540 20
208 574
149 33
166 436
708 35
611 696
547 70
840 995
741 813
821 455
530 828
74 963
103 875
782 834
340 34
716 627
100 455
489 330
48 817
8 958
372 897
478 761
873 4
989 675
674 378
565 440
343 898
103 853
332 372
817 143
731 893
236 444
726 111
73 143
726 798
872 648
631 580
799 178
401 805
937 236
489 932
788 113
669 149
754 63
276 297
209 532
516 221
195 340
378 658
143 588
742 823
582 443
60 954
766 443
564 371
875 324
482 714
473 98
774 644
107 834
854 545
791 849
296 705
576 373
592 18
483 474
496 764
82 502
290 933
876 525
664 405
587 117
445 244
596 979
874 439
315 573
490 7
108 998
757 745
211 246
737 855
653 439
716 437
893 1
732 669
656 542
567 868
81 599
195 450
326 789
471 710
784 297
800 176
967 844
46 413
444 71
332 415
182 93
587 762
470 556
23 688
690 864
120 734
5 1000
163 445
733 375
23 250
885 660
129 286
617 890
280 198
804 761
681 132
805 443
892 988
421 576
229 840
323 378
596 29
184 354
333 108
332 793
593 338
63 136
915 440
680 505
676 187
90 443
8 397
18 753
911 858
818 84
589 292
233 725
378 600
337 244
282 719
176 396
525 966
855 748
385 710
262 79
923 476
262 917
634 314
557 432
492 60
366 56
679 588
574 992
834 519
88 326
617 118
458 654
436 438
814 352
48 656
330 214
252 218
384 103
230 483
663 223
220 499
152 4
451 825
298 802
52 483
190 776
322 722
779 177
605 531
691 421
41 519
676 573
352 555
417 98
276 281
511 518
718 694
560 545
602 642
835 318
168 203
658 587
109 970
194 181
256 956
199 401
989 778
149 964
773 641
608 21
268 339
21 245
162 365
991 206
371 759
907 433
359 39
836 870
618 230
15 200
253 105
336 246
595 313
572 532
437 827
285 400
175 649
369 685
569 472
131 91
478 824
33 981
424 623
516 265
250 318
195 140
957 794
328 396
940 372
809 100
375 602
936 419
452 796
676 45
921 103
390 544
252 294
269 153
707 444
602 773
180 411
917 816
406 200
478 681
630 700
652 404
668 141
410 175
355 523
645 829
700 939
431 214
107 623
303 253
953 268
527 537
744 92
621 340
266 98
682 463
635 480
614 44
434 19
530 314
436 990
340 909
433 963
295 892
861 13
936 305
736 722
546 948
111 921
11 177
793 584
789 37
314 992
294 645
243 895
480 135
552 317
577 406
577 423
124 938
433 520
911 702
618 443
803 393
352 346
967 893
793 882
894 299
987 892
500 5
254 862
876 939
446 584
221 703
578 152
968 753
8 358
628 75
631 112
683 781
891 872
306 162
92 617
365 242
7 445
952 806
860 890
55 831
918 192
983 304
806 709
370 783
697 841
488 936
805 58
704 298
160 561
179 672
321 252
154 473
173 826
715 672
371 522
24 428
816 252
543 985
828 38
483 694
755 304
513 270
606 456
372 807
263 680
170 637
832 835
189 208
61 259
468 137
37 598
711 545
517 108
973 307
405 635
634 541
385 963
401 75
633 51
143 692
873 74
408 27
330 966
511 487
719 889
147 603
153 374
844 607
84 537
418 621
39 612
510 845
208 811
887 617
334 409
895 930
973 40
780 689
934 830
375 934
500 130
752 597
767 363
368 900
941 441
509 103
108 890
810 436
186 687
692 319
597 436
950 151
275 603
126 583
780 842
966 142
610 472
316 592
184 772
362 434
936 182
254 129
252 436
515 212
406 823
223 390
815 907
3 253
732 938
638 142
116 714
90 54
228 746
285 674
659 449
586 976
470 240
774 492
61 450
435 372
420 771
96 244
731 798
582 331
735 958
533 620
294 438
749 14
591 769
933 709
72 187
1000 311
166 813
851 175
121 781
361 757
644 724
207 731
889 366
736 274
300 69
641 443
219 199
150 999
524 443
508 448
903 112
645 429
520 367
807 114
350 276
685 861
503 256
964 819
642 922
63 985
155 545
236 11
786 428
53 920
28 114
544 827
529 26
264 604
444 973
401 301
463 903
15 38
844 9
792 82
893 930
693 344
636 161
46 554
572 365
811 289
46 358
619 543
205 489
177 435
267 431
578 705
321 78
816 351
563 87
194 346
81 438
10 199
888 470
53 26
927 746
95 186
675 213
92 835
115 243
944 50
604 581
384 461
598 194
215 425
541 80
146 770
233 759
700 366
926 382
867 802
653 612
865 700
505 537
900 631
611 434
6 778
223 200
997 657
581 473
868 26
736 414
105 898
770 788
85 678
598 43
927 986
277 986
41 669
586 121
153 947
150 581
874 250
76 911
464 237
398 517
487 116
246 456
685 794
110 997
292 422
449 676
473 643
919 484
832 535
101 293
277 376
907 836
412 98
292 594
98 602
489 582
345 247
670 558
784 83
732 714
57 526
806 898
90 355
20 458
484 834
298 429
383 484
610 567
308 74
38 322
777 959
647 210
761 361
33 337
833 684
756 940
829 799
517 499
192 372
634 869
87 580
178 362
719 105
219 351
579 795
946 886
751 172
839 763
783 748
190 888
681 629
791 633
422 207
142 449
773 582
452 964
945 719
924 435
38 703
751 667
815 404
648 990
843 721
257 680
332 990
69 587
175 454
499 819
494 480
417 915
905 847
287 543
616 522
848 912
763 724
972 627
307 877
369 410
958 95
309 57
238 594
438 274
459 144
50 674
300 697
87 82
426 497
476 86
790 741
670 561
94 698
845 856
964 350
324 434
854 701
652 791
255 541
769 582
477 906
227 644
969 259
63 28
530 403
740 562
226 49
959 855
879 520
551 800
804 152
241 95
317 931
269 856
286 377
743 781
909 116
399 803
708 525
25 171
784 773
398 626
980 413
850 25
823 678
532 525
265 466
344 920
466 617
296 742
388 261
719 97
756 687
485 726
877 807
926 998
348 704
146 158
661 497
751 103
501 597
226 830
998 364
90 925
678 88
77 81
256 57
121 330
105 761
525 150
772 841
93 317
175 290
737 894
628 789
686 521
65 908
387 700
16 286
438 983
927 567
637 375
753 325
189 270
444 372
655 465
513 171
934 489
968 109
906 843
889 865
887 40
387 699
31 134
720 417
380 956
887 734
95 50
50 130
268 79
214 671
275 601
549 94
689 185
423 145
189 100
244 150
859 555
484 426
740 251
23 219
404 582
717 469
555 529
24 815
693 300
469 715
906 341
383 337
142 149
636 348
522 129
366 723
377 90
738 218
668 294
204 895
295 69
506 853
730 556
725 60
888 61
235 967
499 277
759 620
790 173
327 952
178 874
453 560
26 470
591 673
750 772
400 722
484 679
404 581
530 372
344 753
694 579
295 626
630 74
934 376
440 66
345 916
635 224
491 662
788 709
91 938
187 983
393 869
931 398
813 21
925 439
121 567
237 621
434 871
292 779
563 771
924 219
281 1000
767 106
224 52
705 233
916 778
417 678
457 337
964 489
893 773
346 263
640 397
519 603
971 75
99 848
54 975
971 472
911 300
382 720
74 274
712 433
516 138
26 385
511 53
544 680
882 246
42 348
718 563
371 125
937 40
253 681
391 147
884 609
564 353
790 946
883 896
313 134
362 739
469 904
900 506
574 396
558 23
371 556
858 825
762 580
855 5
186 895
870 832
167 567
791 302
545 865
898 127
93 670
711 540
355 932
390 686
862 387
799 328
679 233
964 592
907 358
114 42
504 113
164 997
132 217
8 763
982 764
711 781
659 139
481 998
970 548
623 747
312 263
416 177
517 938
140 663
526 909
228 551
649 727
176 706
571 663
151 465
365 843
787 524
307 837
802 383
100 880
742 296
69 655
350 411
838 679
963 822
227 793
500 973
684 393
218 879
637 9
357 31
511 502
349 164
685 2
345 185
408 953
708 854
764 564
347 429
640 609
352 509
994 640
50 819
641 840
363 404
345 160
384 485
355 734
53 3
954 84
438 987
838 805
479 763
413 933
422 751
261 222
363 677
204 172
870 697
656 842
257 122
767 315
402 275
121 482
171 451
521 577
754 821
191 262
953 873
704 810
759 473
629 792
317 885
768 116
265 704
2 969
318 776
976 810
619 945
665 986
216 875
370 124
188 960
306 156
593 327
422 147
974 644
486 607
52 965
654 352
530 766
150 717
682 310
907 165
401 904
811 238
330 891
813 650
908 67
239 725
888 93
902 664
116 199
514 49
698 790
918 217
33 813
852 588
787 509
792 933
486 415
304 407
860 924
706 725
714 230
870 611
60 204
344 362
488 210
72 128
374 718
65 326
951 724
765 344
155 59
207 393
785 390
183 236
179 901
290 276
967 825
520 133
375 835
380 456
418 837
560 795
313 887
502 239
98 804
272 720
417 194
888 297
434 526
521 301
376 654
540 263
234 845
52 195
928 2
915 834
410 145
586 50
617 160
901 636
324 963
341 885
837 882
428 405
650 734
180 611
956 495
609 254
619 688
986 917
312 265
780 529
297 373
191 214
112 778
367 566
381 195
52 373
720 33
826 118
935 814
418 876
678 456
79 938
50 124
178 996
29 193
615 531
686 729
494 54
686 83
826 387
579 84
549 842
560 657
378 938
547 766
226 18
191 506
760 682
264 289
909 615
793 9
460 826
9 653
615 34
777 581
528 653
296 500
625 403
87 449
637 708
430 806
340 92
717 644
739 70
275 437
58 6
955 849
324 654
234 874
290 386
443 535
232 996
179 509
463 496
109 585
314 441
878 871
729 91
490 686
688 910
710 330
265 418
492 73
598 949
274 735
400 982
323 290
387 358
828 494
415 538
376 625
993 922
805 504
152 149
645 345
440 955
822 999
978 89
682 442
42 33
552 396
928 295
369 180
288 773
611 303
730 904
762 914
322 944
914 393
425 4
950 372
274 292
44 500
150 989
919 379
600 449
612 705
114 924
517 239
911 80
841 848
494 498
114 699
629 298
733 643
68 647
894 911
614 969
809 386
108 181
50 332
849 701
422 471
686 37
680 258
272 87
997 778
181 256
56 948
875 241
543 509
529 423
444 58
820 739
4 800
236 698
875 149
884 670
767 749
669 627
313 94
939 451
871 28
623 43
396 526
843 755
591 255
233 850
968 694
309 896
958 462
198 955
547 479
681 570
478 187
134 381
912 969
761 659
464 766
362 137
687 655
925 538
437 977
995 642
802 353
568 698
53 948
331 87
809 480
464 155
803 377
673 19
421 533
889 287
326 96
176 477
168 57
938 29
25 891
415 494
658 189
877 448
571 43
145 745
549 674
530 185
446 376
22 165
121 754
987 607
571 179
688 556
95 244
209 357
195 918
254 471
753 802
76 747
927 706
978 894
951 533
982 690
520 615
62 379
867 662
815 492
495 198
850 359
429 510
714 696
204 9
319 907
6 158
957 769
962 129
646 600
352 111
876 312
512 334
184 598
395 155
830 932
392 65
254 119
905 897
989 168
43 916
50 580
82 163
249 532
770 248
995 462
751 546
276 386
510 261
268 877
370 71
759 497
408 413
333 251
763 324
378 156
872 120
655 945
331 840
991 707
313 615
939 400
148 485
663 176
418 85
763 704
726 885
786 171
110 920
318 100
579 87
346 997
76 748
911 939
923 773
272 167
190 783
701 238
639 801
68 962
893 580
147 688
609 130
696 952
74 220
905 624
569 458
988 137
862 816
160 80
609 275
18 663
593 559
546 537
841 556
755 713
966 901
854 988
322 696
271 818
708 336
655 945
126 630
496 370
190 564
380 66
597 1
591 290
403 88
672 80
377 496
900 292
789 349
739 820
322 790
185 480
645 213
70 654
113 954
623 727
884 576
907 368
680 231
870 499
83 448
425 787
207 980
8 539
218 262
939 216
103 484
477 618
204 458
144 175
514 246
200 225
536 677
259 763
569 557
447 951
769 953
324 643
491 688
710 799
726 462
916 416
203 682
92 185
129 302
301 605
98 987
619 254
43 282
742 25
744 323
747 664
589 338
618 998
950 69
334 791
1000 152
384 941
686 913
773 324
597 892
299 959
440 151
888 320
68 239
67 820
573 738
681 645
88 931
273 870
631 722
424 515
528 249
910 142
502 840
288 547
806 961
76 917
684 668
615 966
388 173
250 595
761 649
777 14
849 805
187 731
526 79
637 787
767 675
7 548
205 119
365 206
366 551
159 471
54 618
353 488
809 82
172 831
978 976
659 139
864 855
703 123
707 324
844 655
227 12
890 477
322 310
932 126
581 45
356 102
54 911
805 15
485 744
200 726
426 64
920 933
429 17
773 784
639 74
349 488
734 511
622 283
573 958
278 953
441 19
931 561
437 245
611 922
943 623
758 858
409 184
839 899
337 75
870 881
641 392
72 709
847 145
62 613
22 606
770 865
420 185
493 8
634 75
860 817
23 253
406 322
85 784
240 165
698 894
449 686
401 718
790 558
159 564
887 771
934 910
360 630
605 272
1 363
101 57
359 308
622 508
345 767
952 368
995 387
938 336
110 431
599 500
582 756
4 446
371 798
484 366
856 534
212 959
903 35
879 575
924 284
194 283
733 463
241 617
768 414
865 531
341 861
780 323
512 261
144 2
513 228
600 231
555 867
833 478
992 94
502 806
795 464
781 786
572 572
704 873
392 37
957 183
919 391
791 762
940 131
298 149
521 695
458 984
792 644
813 142
115 630
188 133
4 680
647 626
766 709
830 554
426 896
128 266
595 797
552 721
555 326
27 537
11 111
379 729
823 585
799 237
760 923
401 36
400 156
902 825
121 35
242 460
879 792
361 366
241 448
735 824
380 276
721 940
128 306
218 394
1 155
591 325
895 123
755 844
70 13
772 25
295 444
724 749
165 155
313 698
225 830
141 960
551 111
670 385
599 498
367 308
332 73
174 5
960 240
916 91
950 386
736 626
743 370
452 287
630 99
630 287
436 825
385 271
516 134
553 869
736 302
691 14
266 947
162 438
212 665
27 963
961 379
338 90
689 284
739 577
257 623
138 291
641 120
83 744
140 169
995 689
483 654
52 904
243 921
477 478
746 423
360 316
990 768
371 515
54 827
559 555
262 912
764 912
144 300
107 720
222 240
858 406
209 611
204 386
453 747
254 143
82 632
156 892
157 346
154 340
685 997
818 102
670 260
356 213
433 380
130 544
170 252
504 475
897 707
394 485
442 498
38 89
749 326
773 789
358 408
279 541
462 628
420 633
928 397
955 170
13 31
895 937
640 204
644 9
963 960
959 552
481 277
444 522
409 352
421 894
609 914
90 463
353 431
723 476
12 450
864 680
987 520
946 922
241 40
783 174
47 330
633 987
978 973
528 740
408 830
412 559
863 560
539 504
662 679
225 455
218 660
491 638
331 732
451 68
380 521
743 316
606 999
442 135
981 848
906 502
738 425
312 824
191 219
571 314
94 443
269 282
459 42
132 884
101 437
27 37
873 454
198 170
631 977
289 634
603 520
130 608
429 840
939 754
105 210
337 461
88 722
487 374
134 883
372 874
42 274
280 767
320 599
819 193
578 431
199 486
3 700
73 498
187 339
412 580
270 581
341 607
317 199
168 706
107 354
242 665
824 67
269 521
546 868
343 759
55 521
835 434
781 436
870 901
427 914
843 294
325 20
24 682
59 679
927 942
34 532
70 839
306 440
319 180
78 861
608 6
511 712
149 79
89 401
561 600
733 710
648 457
710 168
913 221
196 332
60 939
972 595
344 374
925 794
152 14
564 387
944 237
513 242
61 347
328 186
339 11
169 686
100 740
49 47
872 528
287 396
311 280
375 486
753 518
58 880
590 729
852 205
639 525
877 681
291 800
25 207
698 518
912 490
110 158
742 364
717 716
596 618
105 821
637 621
15 141
754 954
708 884
959 475
523 668
652 69
264 69
180 608
296 242
137 514
806 90
966 972
816 111
508 139
488 674
54 952
93 917
148 521
127 775
956 854
566 44
636 804
883 563
786 557
652 614
876 887
429 133
424 113
338 811
213 225
375 520
600 8
960 845
921 195
424 451
555 68
510 940
847 616
540 896
825 831
567 122
538 847
538 209
428 417
394 784
297 418
43 485
61 596
25 941
79 602
552 799
92 383
830 517
972 944
643 438
947 77
680 471
473 492
205 253
667 862
880 444
648 57
253 899
332 300
737 502
496 462
302 803
456 439
771 189
100 860
441 564
336 608
31 499
499 398
582 449
340 56
517 113
384 819
766 722
421 640
679 263
179 749
699 335
262 642
703 62
525 853
37 795
590 142
140 608
64 803
45 102
487 949
280 638
35 410
621 600
609 129
324 736
801 41
61 324
934 450
225 695
825 418
255 282
367 41
599 325
670 421
411 890
868 535
369 515
832 116
930 71
863 942
150 889
504 609
278 897
368 334
529 697
495 627
399 856
410 984
609 403
959 451
351 23
355 325
808 561
999 860
982 910
967 647
199 611
418 981
565 614
13 342
743 114
896 928
254 144
343 283
257 697
802 798
601 332
429 232
926 774
321 207
152 621
825 844
214 908
446 189
115 635
988 18
692 564
35 377
115 135
758 603
447 486
607 796
394 130
337 718
337 148
485 855
424 37
862 718
716 775
269 906
406 617
997 91
559 422
151 991
630 559
944 591
436 973
479 183
697 232
479 817
603 890
579 411
718 517
341 844
519 321
509 107
984 271
184 752
608 297
895 321
208 639
420 799
406 803
704 294
670 926
960 520
692 417
219 531
235 557
598 470
585 43
40 128
536 629
622 425
319 499
192 775
855 967
338 419
703 890
684 673
945 628
939 548
18 960
950 535
606 117
169 397
369 662
621 674
863 211
614 447
173 558
212 314
853 663
938 779
646 1
42 273
106 322
640 379
279 663
666 472
311 733
55 807
287 969
44 895
315 538
720 105
137 193
802 953
609 256
421 240
364 1000
99 613
866 265
63 615
338 630
721 429
414 678
534 166
556 997
334 49
126 408
204 111
283 733
242 988
684 873
658 705
208 103
94 973
960 976
624 623
651 37
139 166
531 351
392 417
87 16
746 311
639 607
739 617
155 88
692 131
941 578
689 607
873 975
611 233
252 383
724 524
779 781
270 579
215 416
589 177
712 76
696 242
399 727
780 735
698 564
273 734
43 483
299 104
130 839
2 890
135 583
858 364
544 421
300 477
353 178
547 420
975 416
824 305
132 174
199 922
167 288
448 238
417 5
958 702
600 623
419 870
479 206
178 585
348 933
212 971
546 516
356 828
37 12
483 507
600 806
988 737
490 853
105 170
828 207
364 264
493 280
183 952
206 846
717 554
527 270
246 573
640 598
903 665
41 777
736 243
450 774
460 28
347 785
116 498
454 817
421 646
568 944
597 45
892 686
874 935
791 943
771 859
485 736
956 449
891 566
183 774
411 455
806 148
675 910
2 615
166 227
823 313
721 265
37 590
39 39
465 105
942 520
714 702
112 707
724 366
763 795
824 470
441 335
18 399
673 435
978 480
204 822
204 560
824 10
536 444
697 880
306 295
787 249
795 533
329 549
894 335
978 416
972 594
462 224
336 903
693 769
612 573
408 689
939 163
854 572
700 526
857 601
381 577
262 618
782 768
393 736
114 428
246 702
794 258
201 385
609 652
879 94
248 6
915 732
92 602
10 21
387 909
487 354
483 247
904 476
307 7
399 868
456 789
49 507
722 366
75 442
260 492
912 788
31 787
148 63
15 533
652 735
909 287
636 747
331 826
944 966
251 195
875 815
873 147
691 473
452 263
10 940
737 529
183 162
528 805
499 379
293 893
837 306
312 470
94 909
669 553
230 800
781 795
53 923
108 821
618 936
441 460
32 614
928 938
908 729
459 99
296 599
957 153
99 860
830 585
223 551
818 620
946 803
642 999
917 127
393 147
64 518
343 589
788 872
698 863
951 191
825 773
476 163
87 234
704 263
254 968
911 561
617 747
100 814
544 631
860 779
712 789
220 645
793 899
566 10
334 257
81 566
208 676
862 935
603 694
204 218
792 372
724 372
466 455
5 849
129 804
745 680
674 220
271 484
300 148
335 301
436 630
841 365
82 55
470 564
258 839
837 133
820 844
208 974
413 767
396 876
964 221
821 741
157 311
743 651
153 762
662 904
28 744
855 565
702 918
509 937
563 820
893 848
995 584
2 681
770 803
961 831
881 714
166 402
819 414
550 979
833 677
171 619
439 886
555 4
685 33
241 462
150 429
563 524
612 224
586 532
138 243
221 235
681 251
718 767
260 969
115 963
67 923
46 862
620 457
246 244
477 769
684 484
788 139
271 872
783 573
856 504
60 880
135 479
698 9
748 404
110 673
366 75
1000 542
104 642
499 656
471 420
264 164
261 753
11 301
529 492
909 582
405 700
928 257
855 539
623 987
704 322
355 61
184 3
502 29
440 910
452 347
398 925
773 972
669 143
29 507
690 520
21 347
152 160
975 334
925 384
805 1
307 144
146 549
464 268
895 576
966 874
312 474
212 277
557 985
394 973
154 701
697 101
718 692
481 28
184 863
946 789
637 227
572 766
787 618
38 325
674 375
754 910
46 173
759 566
526 953
326 12
40 475
382 154
563 730
889 832
123 525
516 690
504 194
11 893
79 146
538 758
128 707
749 595
358 597
49 175
730 462
25 338
369 678
906 535
497 555
343 565
128 375
317 295
933 221
592 20
909 807
301 575
591 587
870 511
112 961
161 553
577 983
961 761
540 101
99 77
866 753
915 210
895 341
973 44
172 204
412 835
381 112
686 512
193 543
749 525
853 17
424 618
577 284
552 640
9 81
219 810
973 884
93 631
785 231
298 186
94 679
949 738
479 582
493 938
637 968
210 186
652 54
140 252
556 758
341 904
600 48
866 504
146 530
917 485
61 558
622 784
114 959
293 498
572 375
562 924
492 756
958 103
197 439
999 982
712 899
640 887
10 916
382 6
810 485
764 362
283 384
240 742
712 987
932 353
475 53
878 631
76 213
336 501
568 715
648 304
280 845
361 975
918 836
441 205
947 700
905 128
868 208
864 893
104 547
392 569
172 288
615 249
247 842
160 435
830 517
16 299
745 132
73 407
964 736
146 780
791 416
212 807
231 539
927 212
123 847
427 394
567 886
248 788
324 716
526 178
222 986
109 62
565 326
399 312
844 169
617 978
957 431
342 517
908 579
459 683
671 928
572 426
773 393
926 79
411 386
779 400
656 532
729 921
123 909
43 305
343 558
46 106
478 339
525 980
451 766
30 714
478 397
291 339
228 648
778 482
989 419
6 319
468 738
931 516
507 752
21 393
364 111
450 81
561 683
491 867
276 150
648 281
472 726
657 644
238 3
453 382
601 146
183 102
155 124
28 792
293 71
902 131
931 836
892 273
150 463
624 234
232 523
871 601
763 907
821 173
411 874
78 282
623 900
206 590
20 11
434 12
402 331
189 260
573 453
20 825
117 576
690 169
390 59
21 169
641 109
7 551
185 798
326 878
575 27
52 237
311 861
959 312
505 34
18 46
128 811
811 409
166 21
659 577
78 112
433 649
249 859
327 65
194 598
155 218
850 334
920 797
100 380
10 548
274 438
958 536
230 141
119 289
658 942
346 473
177 921
835 674
611 677
430 491
725 330
423 439
487 349
690 293
988 496
988 433
5 727
615 538
839 292
970 242
720 427
295 761
446 215
52 82
656 595
682 965
99 818
241 843
934 480
722 853
870 223
611 70
195 891
455 556
689 238
404 883
472 653
419 946
461 968
187 851
791 670
525 711
602 591
177 768
879 88
425 374
986 595
313 899
763 220
237 527
750 45
155 180
867 995
820 130
286 734
40 813
888 197
575 746
172 80
552 950
139 332
822 559
576 659
893 272
341 33
394 570
141 128
241 926
151 421
876 643
873 528
131 118
403 312
670 133
848 973
61 763
569 220
793 32
41 759
344 30
1 746
652 781
654 135
597 215
670 515
731 349
135 799
604 528
392 175
612 776
422 774
792 489
817 417
450 649
196 791
584 756
16 720
949 472
489 547
519 193
296 342
303 918
463 569
276 978
208 547
136 908
231 444
817 191
731 313
650 275
33 884
839 930
689 601
565 588
943 122
215 227
251 748
754 592
505 272
570 260
370 195
50 520
154 238
89 990
8 918
32 901
328 325
565 336
252 847
802 856
383 887
638 830
713 791
699 242
342 627
870 935
479 511
123 716
383 756
615 660
846 864
68 703
874 602
352 703
442 26
198 908
601 223
587 808
57 191
186 20
237 611
249 969
573 927
458 992
630 831
747 867
696 933
526 577
854 124
594 742
865 680
64 784
526 475
942 387
435 482
448 214
246 326
994 44
558 716
567 613
472 429
365 74
227 719
311 204
692 386
57 229
291 947
384 853
468 572
368 351
471 930
379 833
9 262
921 288
121 341
290 297
307 776
78 377
801 37
357 207
580 140
696 500
511 858
46 714
101 705
71 306
574 342
677 308
94 74
494 475
150 114
900 806
33 55
237 249
384 295
51 18
679 530
356 700
438 45
899 263
112 418
765 758
295 535
957 247
998 882
290 623
542 316
980 860
178 763
50 409
482 853
302 157
4 572
951 564
230 245
710 692
46 944
474 802
370 883
172 571
496 247
715 883
632 865
378 729
924 706
405 825
63 376
968 729
803 371
336 108
673 777
783 266
253 82
444 22
560 820
353 494
692 280
811 495
164 803
814 775
353 630
239 625
421 247
287 524
524 950
207 836
694 625
78 272
927 800
909 498
536 489
356 346
27 941
74 428
250 217
864 149
968 878
510 698
894 602
534 888
304 189
828 285
742 205
548 678
900 418
228 615
722 738
189 39
396 702
838 952
394 12
17 755
770 283
996 370
553 162
82 773
750 73
64 694
935 829
536 716
802 585
441 260
694 840
612 331
575 916
73 669
613 986
928 674
501 612
777 427
47 621
420 745
598 168
114 127
899 66
850 643
227 131
316 273
956 778
202 216
300 102
298 11
10 637
510 529
827 240
43 109
646 549
205 406
848 108
162 16
938 675
915 970
238 163
854 694
853 160
54 341
275 44
297 912
497 204
849 48
811 266
12 886
936 633
180 747
845 245
432 986
738 960
801 513
795 862
214 588
840 650
680 746
637 814
599 910
907 120
635 615
805 303
891 624
868 866
994 297
604 969
509 180
525 266
414 929
282 693
996 994
717 97
545 383
65 725
994 12
511 199
307 166
706 457
89 362
155 431
573 318
197 514
784 854
50 440
273 440
804 161
825 704
469 867
352 941
95 928
412 546
837 107
793 166
825 767
700 860
435 791
967 68
264 287
249 408
153 826
659 896
80 713
131 335
150 499
565 139
136 759
277 225
941 91
374 790
42 113
638 759
318 701
807 2
142 1000
456 611
170 840
770 712
358 189
44 173
746 254
176 57
787 442
763 791
536 816
25 62
141 847
918 434
667 6
910 657
790 621
166 190
542 522
152 785
767 286
923 212
32 181
353 608
968 922
544 774
916 624
810 335
755 362
900 77
786 852
922 151
232 695
466 905
604 873
45 257
689 907
745 11
497 705
129 886
399 70
587 982
99 637
737 208
98 873
745 864
916 734
13 414
788 341
380 292
324 364
999 362
766 716
709 299
108 585
647 237
576 782
28 749
709 78
790 577
268 516
716 676
992 44
990 213
371 71
780 744
718 507
696 507
909 353
623 211
713 398
851 117
716 570
940 173
720 788
946 338
553 643
253 983
726 238
430 724
476 902
355 980
867 575
671 229
567 771
615 66
288 886
38 516
378 99
178 549
734 501
852 764
567 711
52 932
758 285
291 156
111 9
584 528
426 7
260 758
978 144
117 539
425 387
574 892
914 864
846 357
638 363
429 837
512 535
666 272
993 680
183 36
596 456
699 436
883 851
975 688
472 498
354 819
861 204
629 828
813 257
720 869
664 21
835 327
483 331
862 932
974 695
673 188
364 35
204 561
94 467
609 554
1 865
981 428
323 345
467 108
850 766
696 190
781 764
568 522
729 540
168 761
765 387
978 972
230 34
28 630
204 343
633 837
107 947
118 741
395 171
358 732
809 976
911 783
588 982
667 564
640 504
336 942
838 890
328 213
674 398
578 483
460 600
127 143
144 442
318 326
30 609
704 565
954 69
828 368
893 109
132 975
90 25
183 588
338 558
685 894
848 710
102 440
662 125
835 522
927 517
171 759
922 675
840 350
621 376
599 658
240 256
132 570
14 542
523 665
8 223
840 303
305 754
208 678
970 486
862 686
824 36
247 825
721 249
398 559
43 830
825 932
734 424
242 925
708 80
999 879
696 779
642 32
148 35
185 92
537 764
543 705
19 32
665 259
27 868
555 713
275 641
529 30
685 651
6 353
517 397
96 821
130 788
745 554
705 327
680 650
858 614
350 373
81 152
890 549
574 835
29 323
390 839
719 400
559 467
16 852
832 783
247 787
415 537
39 827
448 472
581 576
621 508
588 144
857 12
705 968
956 230
342 340
34 74
547 866
620 263
729 65
533 485
637 930
798 866
755 574
18 374
832 543
955 302
983 453
611 692
822 386
556 437
262 535
465 970
589 77
322 488
23 725
636 248
697 329
271 887
918 240
54 119
314 62
818 117
705 473
960 233
465 429
134 793
803 217
802 901
406 320
51 972
924 593
598 631
684 872
922 641
110 178
28 885
658 365
964 695
545 150
134 665
410 880
106 272
887 860
789 365
557 875
502 837
128 166
121 569
964 191
736 719
5 69
996 223
104 740
520 390
144 667
823 526
594 500
897 612
985 175
739 721
595 447
131 682
73 747
183 705
883 47
615 313
338 800
255 13
853 940
495 682
140 896
930 112
136 127
138 869
665 650
250 634
70 547
147 404
25 368
192 412
392 38
561 104
461 92
988 112
399 596
471 777
567 789
784 845
796 467
981 17
103 334
532 510
848 111
517 145
807 206
514 468
867 862
606 898
879 711
147 294
536 180
114 397
800 35
71 895
510 376
251 770
988 385
689 951
520 915
217 203
715 36
415 440
773 983
908 529
575 539
460 881
647 412
79 133
664 305
457 493
735 76
523 999
207 909
703 132
142 543
479 345
958 690
246 504
29 527
445 220
957 711
344 168
101 141
383 737
270 759
990 479
222 481
797 585
512 969
528 734
19 452
23 260
111 448
704 460
499 736
584 884
729 580
102 756
888 702
784 682
313 733
980 462
323 966
57 782
896 958
707 371
269 601
714 282
966 367
595 525
583 169
182 648
324 600
150 612
802 255
628 6
172 836
629 489
887 331
439 144
38 283
528 925
422 158
719 637
307 733
345 98
626 810
5 423
701 909
952 816
898 992
883 591
900 427
768 560
225 864
592 582
802 368
920 571
46 172
318 132
463 180
465 507
579 956
551 676
260 394
453 528
913 914
363 341
843 994
549 683
304 918
931 904
100 477
201 278
611 450
704 880
552 380
987 384
418 958
547 972
849 471
684 972
621 28
814 358
328 809
740 595
975 228
48 695
916 418
469 324
519 728
580 407
800 243
752 602
855 832
410 25
709 565
749 317
888 614
539 372
747 601
534 670
371 538
168 106
763 440
508 295
353 670
58 3
639 155
327 608
451 978
274 922
927 771
200 42
521 384
370 574
292 801
106 750
710 968
625 769
136 246
868 222
169 276
626 972
603 803
128 578
933 629
525 767
447 217
366 947
417 875
603 732
804 833
192 491
487 423
37 252
131 948
975 121
376 355
749 144
406 803
715 104
837 552
906 592
61 327
246 713
726 686
375 503
274 841
377 939
654 854
972 956
829 443
684 553
149 274
561 361
927 36
129 11
859 195
817 646
946 558
728 418
610 473
941 645
566 242
523 264
347 445
740 264
157 441
939 141
312 225
624 653
726 924
848 10
392 446
339 240
77 853
676 352
676 772
477 208
744 323
216 105
743 853
575 296
163 208
269 253
185 457
682 87
996 566
282 925
194 289
423 198
758 68
755 67
853 752
927 184
841 420
247 22
217 484
468 764
895 535
8 169
976 385
573 52
640 231
879 333
243 173
325 857
941 347
892 513
987 148
68 491
288 286
913 584
153 628
643 108
633 111
726 482
54 49
3 790
626 8
157 520
635 265
957 871
323 907
679 772
424 912
59 611
157 911
101 430
168 188
924 745
42 455
199 415
546 809
403 419
978 818
574 968
432 950
392 738
655 211
516 755
371 372
980 639
945 737
282 48
4 517
704 826
281 183
217 608
700 313
301 734
201 292
17 788
316 10
637 962
521 323
500 310
965 417
111 423
394 411
195 678
415 838
214 648
998 999
886 837
253 490
922 452
662 670
991 205
710 679
500 453
521 475
974 830
300 821
853 764
570 518
781 33
937 454
294 489
946 279
461 79
516 123
57 263
529 121
566 513
671 148
133 821
152 988
378 849
338 811
981 525
344 416
962 135
96 560
497 23
99 744
446 517
561 628
362 45
2 964
656 154
909 849
1 417
173 548
336 273
751 984
151 226
373 283
177 234
414 809
581 817
395 969
50 551
740 246
853 65
849 999
84 128
738 695
23 177
320 805
865 374
721 542
547 123
760 542
530 354
602 931
580 919
98 898
15 565
133 383
659 736
655 714
794 169
589 357
663 757
841 287
764 998
538 387
962 968
344 738
341 565
228 509
358 986
798 564
887 952
869 993
98 652
627 958
491 327
430 731
529 974
553 56
705 139
512 90
795 658
472 13
715 101
388 527
313 121
257 677
234 447
323 500
44 332
182 993
806 665
382 209
926 499
103 866
33 828
670 120
694 8
253 41
603 561
403 841
383 172
954 31
870 930
543 438
345 64
950 541
683 367
708 88
277 172
891 484
338 937
465 471
692 922
993 149
621 681
408 436
647 579
33 465
669 985
666 281
975 824
893 546
466 457
824 582
454 922
405 567
238 898
427 461
75 585
947 90
666 790
355 687
889 271
751 764
998 53
539 612
688 365
618 982
476 416
450 685
729 971
566 161
644 872
795 797
693 884
587 910
728 231
341 346
502 15
202 503
489 317
98 559
979 894
501 403
631 675
547 509
271 145
813 36
469 538
345 188
921 275
33 19
369 84
436 438
236 307
596 810
335 969
167 355
384 803
655 264
366 50
2 556
838 651
922 487
639 856
77 124
736 790
990 481
236 293
362 737
693 43
941 53
302 889
755 918
208 476
831 125
806 357
151 252
329 186
805 659
212 475
16 315
672 325
673 86
834 179
591 357
856 472
187 112
176 374
892 138
882 602
805 515
752 997
914 764
613 397
415 894
259 514
961 892
755 465
314 556
778 788
681 625
494 912
232 164
21 278
28 759
782 524
937 712
597 913
444 933
827 251
758 922
165 213
104 212
376 617
705 441
819 402
698 710
718 342
19 112
971 92
291 467
988 298
715 246
828 249
699 213
12 983
381 310
864 764
421 309
128 493
119 784
16 85
489 250
968 103
644 68
868 637
327 816
324 788
460 717
142 629
697 758
295 478
929 714
406 711
505 797
170 302
307 854
142 619
910 103
228 500
107 969
463 43
98 613
567 179
731 443
977 478
286 903
365 114
460 935
926 567
243 990
445 787
621 861
127 942
609 541
914 70
945 613
844 788
99 874
828 510
257 978
63 979
856 480
780 842
772 364
825 307
99 400
796 196
150 356
666 61
299 786
163 844
725 106
60 531
226 32
468 757
108 457
839 476
513 610
846 582
172 889
637 387
489 497
228 785
788 691
919 920
27 304
926 951
991 760
885 253
496 973
197 320
190 944
25 562
160 836
866 910
945 30
580 760
790 771
983 994
9 754
310 8
41 294
99 333
440 997
665 59
363 995
937 240
422 616
478 467
70 230
73 531
52 548
509 528
849 629
220 704
948 674
928 788
566 468
443 896
927 571
24 6
429 674
783 220
812 304
157 217
697 840
353 980
886 674
417 53
346 880
971 234
134 354
404 364
792 162
684 279
140 33
128 885
382 592
847 524
113 392
806 603
539 107
524 617
94 240
438 223
81 746
476 616
157 850
370 952
793 865
680 74
783 239
971 937
372 535
858 48
284 56
241 250
347 77
273 843
509 926
590 724
255 269
560 467
523 442
59 937
609 512
567 314
152 493
400 728
593 694
366 825
541 848
319 340
345 544
209 712
385 749
248 262
35 136
46 514
544 203
317 421
630 623
383 430
976 476
431 924
76 69
605 526
860 817
486 747
430 44
970 954
700 555
101 284
765 772
566 445
202 708
570 558
130 454
850 46
694 211
73 268
893 797
439 519
554 642
785 111
505 431
694 137
669 395
475 438
765 399
824 484
155 509
409 108
636 6
967 562
578 722
220 337
253 828
546 876
165 164
389 206
546 427
292 571
149 154
236 948
348 899
461 151
354 854
227 765
92 214
742 763
989 170
226 713
435 436
840 918
279 309
643 674
361 455
156 378
106 818
127 343
609 431
972 879
279 616
119 923
274 406
399 576
366 249
811 558
175 773
624 868
936 103
740 346
535 787
911 885
606 505
469 54
12 900
117 115
466 778
588 541
407 647
195 865
893 225
853 367
233 549
506 430
830 353
887 622
147 920
644 108
504 881
532 993
965 248
384 404
348 508
821 747
274 719
281 998
970 298
698 701
137 430
855 580
971 267
709 934
221 125
99 831
585 226
942 649
109 285
958 72
508 574
279 86
59 472
345 664
357 242
865 214
320 919
870 879
510 230
396 811
917 218
4 15
135 354
82 781
235 714
534 177
114 97
868 325
971 801
44 781
191 907
802 524
157 104
335 598
567 168
782 340
556 439
952 627
484 875
529 701
887 104
320 206
30 988
427 840
536 363
289 863
495 804
878 382
456 682
754 801
807 235
882 993
512 165
222 315
143 172
409 737
889 805
909 887
969 687
532 871
132 845
311 446
5 101
483 700
122 691
96 456
797 863
272 586
444 722
822 168
241 222
812 1
658 27
755 997
346 994
287 179
766 638
17 488
674 254
195 479
762 365
655 596
761 618
241 296
389 305
616 968
952 191
873 102
257 721
668 494
521 918
565 426
959 745
388 607
140 752
518 270
536 208
233 436
883 54
140 426
748 7
317 973
494 905
313 591
622 208
431 68
375 138
629 262
966 587
114 402
741 386
18 265
372 298
958 440
812 226
289 624
674 573
916 526
322 483
562 956
241 926
85 79
402 78
111 983
459 206
834 578
989 780
593 312
287 325
4 728
370 30
56 370
766 964
693 396
797 709
622 518
803 469
756 605
244 459
836 419
214 985
388 349
778 279
858 12
711 240
13 589
343 123
530 569
505 859
976 38
981 920
724 691
635 932
902 312
60 967
610 540
855 964
537 293
886 193
149 948
350 347
296 398
707 648
837 76
433 59
134 347
684 939
69 381
249 260
906 407
739 716
899 337
255 727
367 441
848 44
203 328
500 294
229 323
540 789
676 443
400 898
965 246
417 606
399 476
958 859
657 762
863 649
678 122
277 387
24 353
440 72
394 664
311 306
53 172
356 18
692 767
517 26
272 220
37 769
52 62
920 427
297 834
18 399
828 88
97 855
931 742
639 99
436 317
17 54
231 562
210 375
318 422
665 810
260 967
942 173
387 949
721 35
548 821
212 916
700 914
884 731
25 727
603 327
785 838
1 802
963 796
222 173
363 290
842 442
170 406
190 169
189 840
776 988
929 821
75 458
317 152
412 48
921 196
702 435
623 699
655 167
161 794
353 683
570 418
482 411
59 465
652 365
880 751
574 628
793 290
169 216
562 842
331 956
315 853
768 711
560 652
676 100
345 620
778 106
308 319
832 180
246 424
808 809
478 82
993 429
235 210
197 903
376 753
696 201
511 147
335 811
699 586
286 641
956 67
113 352
183 471
724 757
844 76
555 278
102 74
819 462
134 287
647 357
705 771
668 718
557 509
573 240
96 228
119 566
569 334
334 591
197 956
663 934
603 332
428 891
633 822
323 40
781 272
287 700
308 442
838 876
918 779
961 781
16 946
423 691
185 53
986 998
837 61
224 240
133 376
531 560
189 750
306 841
125 957
350 531
153 438
150 929
865 213
99 202
929 132
948 497
418 808
891 725
991 603
127 121
17 473
392 669
124 243
550 899
512 119
451 275
712 589
548 975
702 891
971 32
149 923
888 7
998 936
724 613
564 989
100 219
808 741
372 571
397 852
665 965
261 300
254 747
802 937
232 862
326 718
762 717
20 126
986 733
516 684
546 4
283 322
632 710
360 854
902 176
249 305
834 456
300 718
871 434
582 601
483 860
255 109
567 683
700 525
458 140
988 964
630 116
404 413
138 648
179 612
918 743
278 386
226 578
925 517
991 243
484 797
564 643
571 681
18 906
327 448
385 179
423 832
585 205
839 699
602 539
432 909
380 29
46 287
935 197
241 335
61 243
85 270
771 426
202 392
92 608
172 192
86 970
795 433
642 349
645 646
880 766
520 787
945 283
800 753
675 432
23 254
929 100
135 275
888 553
906 260
636 343
99 59
17 841
811 630
218 342
444 69
197 961
841 213
292 170
845 783
693 196
295 265
796 253
388 556
228 496
797 364
210 390
821 564
762 568
812 159
343 543
863 528
351 93
229 75
341 513
619 793
470 487
881 560
748 782
619 369
518 448
570 416
750 581
760 784
953 96
967 628
795 752
667 815
648 441
435 573
924 785
580 920
260 19
718 308
963 527
357 755
758 288
417 833
424 988
678 177
471 392
181 638
765 154
785 595
520 565
955 4
826 760
727 298
737 663
421 548
944 257
969 944
773 576
770 790
985 172
343 981
779 512
5 236
21 268
978 779
53 73
942 791
982 304
517 713
821 196
126 424
116 883
783 986
858 560
54 511
72 332
913 15
941 633
367 830
68 398
829 247
417 422
267 110
152 536
860 653
86 816
153 752
237 197
759 297
748 217
36 356
789 980
846 108
390 554
868 557
913 984
235 535
955 331
10 274
104 265
710 172
110 653
855 660
501 351
89 19
982 706
252 846
465 853
181 637
749 187
491 439
820 554
858 92
620 176
883 529
991 65
802 936
547 410
223 949
987 634
630 578
909 971
63 812
347 590
462 931
386 508
172 542
421 509
76 461
138 669
7 629
228 690
697 800
776 216
449 762
256 477
645 317
603 533
828 942
194 614
146 69
629 765
503 145
68 592
904 890
679 874
925 149
111 627
785 340
858 77
934 83
307 728
158 340
183 134
571 340
753 760
935 652
463 527
477 841
42 580
222 284
778 40
877 610
928 556
44 357
971 899
988 985
772 579
785 128
801 16
348 63
909 401
895 646
270 713
180 236
654 39
231 753
867 14
479 867
312 854
49 433
697 17
621 259
283 71
959 168
209 970
935 365
200 547
426 909
100 99
230 796
977 995
890 899
931 637
476 655
966 840
321 834
615 424
768 833
720 715
831 932
304 277
653 281
609 589
374 176
281 14
635 712
641 191
599 753
113 947
795 825
810 570
10 511
154 158
566 411
772 615
689 228
77 544
925 880
312 55
925 216
99 649
489 417
760 723
950 596
173 706
52 766
132 236
814 825
204 237
789 969
62 859
150 544
928 450
631 75
174 42
758 331
644 652
298 845
717 272
784 690
687 713
7 384
301 287
980 895
36 500
479 76
814 280
764 577
218 950
604 147
505 388
713 603
27 967
493 430
232 228
260 645
48 528
341 966
732 114
589 105
170 363
371 563
708 789
973 358
729 865
538 463
3 215
983 215
472 682
418 731
986 337
826 660
799 360
12 200
9 381
119 991
846 331
626 550
193 202
696 464
943 157
787 528
292 18
822 272
332 622
10 181
954 679
634 288
796 848
687 502
836 256
548 185
537 883
418 862
828 823
998 445
964 129
358 28
98 102
600 956
93 626
492 698
976 884
892 808
679 64
851 489
638 844
291 360
138 171
661 690
85 421
54 79
854 973
276 397
815 962
765 909
293 6
952 356
916 18
385 195
433 264
498 376
438 864
357 515
673 411
587 762
668 427
856 365
791 57
956 946
58 974
827 810
780 699
790 858
903 96
504 556
224 769
642 323
724 52
608 594
630 756
722 654
490 729
620 383
750 150
966 91
971 66
892 948
312 727
78 949
983 806
154 224
271 41
581 659
816 248
110 310
202 933
180 198
222 776
458 862
483 91
394 265
155 38
175 529
851 220
233 443
22 541
229 185
827 267
363 670
451 789
990 286
876 78
327 499
8 182
827 681
734 592
464 491
584 915
124 179
700 242
790 398
756 28
563 30
381 196
994 630
67 641
265 769
604 831
142 604
953 685
334 184
904 38
425 105
892 640
932 145
27 463
414 85
759 643
451 631
814 669
428 571
331 126
573 114
98 41
934 921
743 236
883 883
120 899
404 587
758 525
13 35
537 293
887 793
921 234
589 364
213 135
912 771
256 220
92 822
103 899
969 779
556 476
690 674
926 849
201 890
727 123
145 810
669 531
587 248
465 505
586 102
339 185
919 352
444 609
981 71
42 413
614 89
495 635
364 462
107 895
953 565
470 376
1000 549
583 601
153 436
71 345
257 652
518 148
647 409
429 959
929 484
571 887
509 851
289 739
432 174
821 222
842 236
523 270
752 804
639 760
841 204
580 865
890 910
176 886
850 622
574 317
94 517
842 298
974 137
969 667
926 747
502 516
726 839
814 4
923 607
45 622
332 305
807 498
357 364
952 593
423 439
828 996
998 675
320 381
130 500
238 284
751 235
238 827
669 159
823 235
264 383
242 829
329 769
224 690
635 415
815 180
183 517
361 202
56 44
812 768
184 882
59 468
553 504
979 67
997 978
127 274
895 379
517 541
576 958
183 523
811 470
603 719
72 135
571 217
613 962
214 755
344 941
869 581
534 865
519 10
176 866
445 753
633 467
262 292
849 263
541 580
429 465
454 987
532 437
852 48
443 253
270 415
874 989
758 662
125 774
337 722
229 135
753 136
756 207
238 780
356 245
192 13
497 216
775 807
754 168
460 719
756 619
829 99
703 792
637 136
215 104
609 746
604 223
884 783
706 888
140 196
930 198
842 551
671 452
502 195
722 630
545 951
615 742
618 479
654 864
426 138
59 942
311 962
981 356
797 319
491 149
24 396
970 748
275 512
248 316
940 959
133 857
749 599
77 533
805 907
159 772
573 43
377 112
396 418
313 229
108 679
757 894
74 317
676 358
617 986
107 184
88 252
50 32
927 751
828 848
406 152
850 852
135 158
513 718
463 667
495 595
537 999
210 419
234 605
329 789
390 477
697 209
50 952
681 636
808 487
14 535
782 53
744 129
823 712
891 528
504 412
911 684
764 96
657 301
905 166
784 735
257 223
480 149
618 237
114 796
742 272
634 251
20 114
960 25
221 755
528 199
96 93
730 658
422 544
970 371
974 568
425 662
946 634
666 14
993 755
286 247
715 961
641 515
40 135
346 846
665 374
775 842
589 334
551 172
254 897
278 853
954 209
124 161
26 125
438 107
534 816
36 488
710 994
81 623
570 245
119 648
804 897
360 442
817 520
14 306
764 914
211 731
323 187
834 553
656 288
148 341
577 926
316 596
368 395
236 656
299 579
37 85
613 4
475 773
892 530
503 933
337 412
203 838
651 317
881 308
156 116
445 330
242 28
998 765
511 557
801 5
666 449
118 95
156 368
809 245
388 956
882 196
851 838
166 237
89 335
331 556
990 640
928 620
610 82
451 114
381 255
801 238
271 903
753 509
994 148
417 513
35 159
328 191
660 520
698 200
917 426
864 816
463 220
365 3
575 953
570 915
689 793
914 659
875 414
975 623
685 224
947 921
760 377
536 366
708 962
817 455
16 588
798 1
781 816
972 725
3 144
467 184
164 211
622 180
604 885
590 982
47 948
384 974
499 20
410 906
105 604
42 859
656 847
303 630
515 580
662 180
30 167
254 466
828 630
892 610
844 524
144 256
183 89
446 47
212 119
967 418
725 511
221 794
807 723
634 278
166 193
602 583
22 758
28 416
867 496
909 140
154 107
404 511
54 758
343 540
324 971
933 582
719 138
283 983
477 910
679 604
279 342
208 774
797 446
380 834
96 36
751 218
863 43
819 11
682 475
730 669
26 447
126 566
855 933
402 319
488 946
791 333
807 428
432 385
482 118
582 233
372 599
372 245
585 299
307 562
797 280
768 882
430 179
378 42
998 633
884 83
970 238
361 547
245 33
730 489
974 318
50 275
573 810
699 451
506 275
46 934
231 750
752 348
609 615
871 723
682 268
353 388
442 442
173 644
546 639
815 973
695 278
185 130
549 398
709 838
481 531
588 366
958 252
650 882
553 387
239 456
669 888
663 417
392 903
51 803
492 245
710 157
911 534
121 646
523 346
584 62
391 916
243 186
260 994
694 829
960 568
1 690
655 893
904 875
37 651
404 485
285 771
400 65
549 975
44 741
784 279
526 665
722 245
741 83
952 192
76 451
549 709
669 927
742 225
939 936
8 456
862 916
964 970
651 642
345 752
738 441
450 715
878 33
668 78
217 415
130 271
949 542
993 762
107 969
356 678
264 178
825 437
555 678
689 416
465 55
220 66
369 353
315 352
609 197
196 871
751 272
378 254
224 261
475 471
60 351
744 603
912 56
328 931
899 934
109 703
985 240
605 787
643 693
354 621
749 109
683 985
639 958
1 925
565 632
307 397
607 401
10 744
81 363
341 761
444 129
359 295
83 397
132 341
639 109
423 891
636 489
679 259
834 535
934 564
68 24
737 595
940 312
131 669
637 121
553 759
400 17
191 726
304 975
481 703
774 50
739 584
701 386
194 829
447 125
433 508
854 708
821 337
140 915
785 235
636 452
859 557
990 996
645 126
343 149
525 929
910 539
629 614
577 255
859 311
534 183
50 252
578 916
912 216
181 634
422 761
964 499
659 315
902 581
377 222
104 231
527 196
297 8
989 908
422 72
411 370
359 797
674 796
688 592
825 310
929 997
169 319
503 687
770 202
569 985
660 718
723 750
951 767
694 498
171 290
478 734
1000 965
347 264
520 357
329 552
904 653
376 149
243 630
812 558
871 209
6 626
901 103
721 544
477 514
30 255
464 665
136 264
892 168
633 367
484 549
835 709
198 84
728 425
99 812
451 714
882 880
453 399
949 712
313 207
282 133
991 865
635 744
861 974
863 755
121 362
527 342
944 262
561 284
251 673
569 947
341 986
3 152
174 912
18 489
675 978
708 1
811 247
812 527
331 928
631 687
107 833
895 863
279 980
435 307
392 125
221 99
216 431
402 64
553 901
6 858
983 978
694 396
41 682
627 686
644 462
902 819
384 84
478 169
161 469
667 859
863 726
495 250
598 127
96 528
103 543
952 195
766 669
685 792
953 569
441 286
335 761
250 247
839 860
931 754
197 667
98 228
448 266
216 882
839 876
956 88
687 653
936 229
110 981
594 605
476 547
477 862
789 792
542 811
768 416
719 244
875 349
535 484
76 588
231 962
577 909
870 552
225 631
23 711
265 466
110 569
673 643
759 918
540 251
615 808
803 640
112 950
483 643
714 125
146 761
100 330
150 10
983 513
910 685
220 722
639 866
168 6
256 774
735 526
46 291
895 525
449 189
120 513
165 318
203 398
602 18
24 602
637 540
214 282
917 976
119 516
582 487
137 43
617 254
14 207
458 390
908 554
249 14
231 531
114 573
418 175
717 656
282 307
958 170
819 587
542 951
632 887
536 872
727 408
925 114
467 992
937 662
241 359
907 947
907 414
993 984
152 456
834 386
514 412
402 364
622 813
177 738
344 34
604 317
292 598
875 266
742 689
873 491
339 813
640 452
654 905
170 711
596 378
89 73
400 173
119 146
392 559
71 153
197 493
26 798
551 52
331 518
863 458
28 211
556 659
470 265
991 669
477 42
470 460
610 867
980 583
407 45
983 649
662 861
321 761
347 372
313 34
965 247
615 988
457 304
251 297
519 331
438 624
331 18
423 86
765 178
103 136
706 748
229 195
536 157
156 348
406 422
544 992
938 940
605 925
473 281
368 719
234 841
963 228
3 822
685 792
51 613
800 362
886 239
610 797
741 153
596 192
939 380
22 639
705 477
105 343
578 358
883 134
528 331
999 577
869 479
530 363
555 588
855 349
37 494
364 992
515 697
59 749
778 686
602 22
386 699
419 290
950 232
765 349
279 842
257 277
34 675
213 334
109 488
853 7
662 954
557 83
404 334
560 601
100 525
372 157
957 908
100 76
284 477
429 732
1 349
825 738
320 932
423 201
314 928
912 234
113 378
804 534
463 23
587 382
784 552
989 836
315 738
99 527
117 999
931 203
517 436
327 782
761 353
911 245
312 516
242 549
959 718
313 186
460 404
485 227
326 647
820 59
483 61
272 994
871 573
847 691
140 527
964 996
237 218
572 760
105 284
147 912
566 822
757 870
44 909
157 552
766 226
369 915
949 523
651 846
380 344
82 443
37 478
831 873
578 56
825 876
733 473
849 795
280 795
518 58
470 547
779 150
833 914
108 339
57 910
29 153
779 119
643 419
551 970
944 423
122 642
987 232
842 186
726 527
37 748
894 966
306 885
255 916
613 646
310 724
8 453
797 757
93 586
994 19
381 466
728 901
796 624
340 197
82 895
65 467
219 377
