10000 1000
141 746
352 459
146 818
212 958
174 764
168 792
435 513
720 617
527 484
492 207
229 691
880 762
563 266
844 400
602 975
284 706
401 207
993 437
10 360
590 939
716 213
196 231
431 374
534 996
915 85
526 143
825 641
302 112
904 775
424 54
186 500
447 952
260 692
899 876
713 382
169 603
400 430
505 139
874 602
670 164
773 870
306 132
475 488
263 147
923 468
158 655
255 776
764 762
5 841
120 975
327 493
223 336
107 655
568 43
267 751
449 136
941 679
120 37
484 927
2 242
205 185
983 237
779 493
300 88
204 615
72 958
514 124
943 873
403 385
474 959
514 164
909 856
307 473
16 106
938 718
727 253
861 119
322 568
406 171
133 938
738 789
905 185
252 499
577 271
266 331
710 896
583 273
316 773
600 58
755 652
111 461
782 893
603 701
455 870
22 696
937 257
222 947
261 593
452 547
22 736
600 541
973 636
219 287
605 981
123 597
608 33
275 781
464 609
600 451
215 169
821 190
944 539
288 57
643 917
394 923
309 430
27 207
709 829
260 525
849 114
196 311
823 923
860 645
628 345
474 681
968 64
554 468
40 195
760 647
747 117
663 947
502 88
149 610
280 858
229 131
286 316
515 530
720 10
476 413
170 53
915 976
308 820
85 802
651 550
302 358
998 65
370 715
889 655
29 996
501 348
259 761
982 625
929 292
412 524
362 389
603 710
763 135
899 819
118 560
80 269
907 533
115 506
963 468
703 434
900 88
93 330
752 112
24 667
173 656
178 907
246 598
253 762
320 910
683 535
318 215
607 9
518 588
402 519
810 932
359 880
248 723
118 443
106 783
805 825
991 419
10 990
32 247
482 820
324 30
998 127
932 94
73 257
759 668
43 576
256 381
705 836
243 38
890 906
116 662
51 939
71 783
140 157
377 512
330 161
582 309
715 707
1000 405
948 550
311 51
270 261
907 599
389 243
28 314
312 100
835 293
484 50
878 858
649 721
688 537
403 994
286 613
322 348
579 205
850 206
813 963
716 615
342 96
452 911
667 550
737 995
289 557
839 548
363 735
440 184
949 403
623 328
972 653
900 1
380 445
387 827
729 660
284 989
958 890
820 719
481 379
451 46
916 404
389 643
934 43
977 860
336 965
981 626
881 598
967 186
731 148
749 116
875 12
295 879
708 644
655 99
957 111
576 405
518 285
532 431
791 240
445 525
434 663
549 576
612 222
605 135
784 645
738 722
588 125
491 757
521 670
397 715
359 644
295 56
823 253
622 310
15 4
2 33
746 514
191 187
981 215
29 105
715 445
601 211
970 854
538 248
308 561
292 88
823 105
848 360
429 133
186 74
981 754
898 882
80 388
564 490
845 345
304 839
701 118
866 377
415 295
883 295
374 108
334 617
574 446
236 860
682 342
769 186
617 407
516 247
996 31
139 229
266 714
837 305
141 975
46 499
523 481
686 914
597 167
578 566
163 20
538 188
205 855
713 462
516 180
273 264
103 986
348 932
558 916
852 127
595 960
67 802
836 42
132 409
939 618
440 727
190 314
946 297
391 449
92 318
676 626
847 766
1000 790
623 912
889 294
421 793
272 530
627 780
420 300
755 141
887 277
129 237
663 904
68 409
294 930
369 35
875 624
480 23
719 905
253 407
433 432
912 88
387 27
662 827
394 431
654 525
113 729
804 527
623 222
393 102
604 940
777 244
608 735
747 949
501 333
581 780
360 234
238 507
828 189
698 454
302 81
754 553
586 269
969 701
132 469
256 175
712 782
338 393
788 373
977 560
592 537
455 804
581 749
686 19
451 399
761 790
81 300
416 105
385 201
784 368
105 187
361 677
219 233
910 235
981 564
376 254
258 910
260 480
760 304
520 382
104 914
282 849
553 575
553 350
342 678
906 134
43 898
356 983
123 883
524 49
149 443
66 241
970 570
66 121
929 411
717 326
636 69
421 889
424 922
636 439
905 331
326 449
347 394
210 965
330 38
101 627
867 763
582 712
41 871
491 62
441 590
347 10
926 480
515 965
966 518
897 300
882 424
972 968
674 193
834 607
255 369
975 177
536 562
61 243
446 452
551 871
623 474
276 298
422 787
610 877
209 985
993 957
778 693
924 948
567 921
284 565
947 772
236 795
746 306
174 379
944 2
964 29
515 902
856 815
293 190
396 986
907 981
515 451
824 507
751 531
179 1
256 488
564 200
451 450
459 882
152 471
218 15
180 919
814 90
325 376
953 746
913 395
827 650
159 605
181 936
659 647
332 481
39 527
636 716
117 333
114 923
606 887
369 253
110 509
630 135
117 453
940 398
551 680
761 670
269 147
87 86
474 183
396 298
823 18
474 232
936 36
816 283
493 627
87 276
554 215
557 283
599 686
518 666
888 897
222 539
22 222
144 437
468 860
226 203
75 386
615 76
38 256
963 708
871 195
619 58
928 462
27 440
67 420
957 839
835 727
41 160
424 204
911 931
103 389
854 132
120 989
457 297
958 319
933 581
19 128
573 553
321 496
606 605
305 990
331 339
552 169
354 693
717 855
260 410
549 49
273 885
7 933
746 382
273 395
885 263
145 385
909 247
852 111
368 683
954 588
959 448
728 271
73 19
173 246
40 521
821 99
826 271
449 769
609 771
909 956
900 712
153 942
180 631
825 499
528 761
205 982
393 37
281 961
910 864
302 218
866 184
663 936
113 401
397 242
927 496
292 264
88 386
916 856
969 862
848 722
174 255
706 61
18 883
453 112
330 798
482 217
602 296
884 130
598 683
692 398
66 718
349 753
443 380
857 766
20 134
538 806
74 109
826 103
72 633
788 283
300 573
600 717
848 128
419 440
514 141
524 447
396 980
273 430
860 831
720 704
997 606
374 494
717 691
532 319
829 143
420 346
484 619
872 509
757 728
924 602
404 671
159 429
220 122
598 327
44 833
385 494
125 678
764 162
990 762
455 882
937 829
431 845
355 450
987 274
351 56
279 392
260 914
588 526
818 88
22 284
890 380
45 992
603 854
957 403
501 593
30 409
330 171
12 365
752 121
504 498
208 608
437 571
138 29
716 900
975 895
824 190
717 663
131 199
487 559
175 776
235 784
38 253
162 298
507 689
323 184
759 415
448 641
957 370
543 577
573 670
490 573
901 948
944 947
907 202
810 648
220 329
678 255
281 541
80 817
461 393
220 535
184 824
421 810
823 221
162 92
873 244
267 492
259 110
328 14
765 217
18 233
204 270
224 719
366 778
436 152
280 901
147 527
643 262
865 67
123 92
571 744
39 38
442 756
668 685
799 706
954 261
681 50
981 336
920 983
29 994
166 536
982 614
345 887
377 63
371 845
10 616
530 644
952 117
856 275
175 696
59 630
497 277
582 372
41 293
863 903
983 359
487 607
207 3
5 775
545 173
955 207
450 848
272 544
106 840
828 187
405 799
775 483
258 737
514 278
303 455
756 728
898 272
510 607
849 196
520 424
676 615
82 969
517 500
691 741
327 599
542 547
612 242
328 79
14 713
764 240
919 334
759 808
272 165
771 303
526 929
256 289
848 206
815 3
603 556
53 194
326 19
606 132
454 729
416 828
819 269
163 866
857 136
424 673
880 999
31 64
173 667
815 10
623 544
418 422
226 353
6 255
23 850
613 988
506 557
198 929
923 430
618 781
238 543
71 122
483 453
641 921
158 712
980 595
88 263
251 832
740 738
356 276
355 718
570 237
921 701
218 183
773 619
278 960
69 546
909 612
832 455
681 810
338 611
831 12
187 290
667 635
480 951
553 178
449 486
797 886
497 145
836 36
402 444
457 451
630 73
369 317
263 413
791 75
191 713
649 718
241 370
928 871
287 169
500 87
329 531
438 784
172 994
565 354
56 250
762 62
58 317
683 303
680 400
531 148
759 636
448 232
769 901
20 346
855 454
582 213
779 644
534 713
297 94
844 504
953 396
401 538
279 669
452 146
843 239
606 894
106 754
526 706
979 293
311 766
162 272
901 356
912 601
812 803
241 7
385 999
548 258
614 958
367 713
290 44
713 762
951 992
326 509
539 733
783 137
239 850
103 86
547 474
687 874
760 701
114 221
236 277
138 500
26 594
201 825
511 975
945 209
494 578
437 101
877 552
277 930
990 526
350 489
983 761
544 975
714 999
614 54
206 60
897 531
700 694
254 174
146 378
51 21
924 981
742 392
966 747
318 94
467 579
16 575
185 224
371 505
139 506
732 156
158 475
635 325
276 339
348 790
212 373
864 52
264 471
697 456
269 998
113 39
94 88
716 746
946 239
257 815
682 765
533 646
804 691
816 916
242 160
797 251
404 720
606 864
425 666
295 52
18 1
926 868
760 53
650 578
361 159
937 385
15 800
399 740
640 674
462 744
455 805
25 277
458 796
79 121
530 758
158 605
822 285
942 30
640 650
794 717
574 239
691 392
938 811
396 486
211 170
391 399
146 883
638 730
726 448
299 885
760 217
448 865
712 969
320 603
526 919
677 381
473 287
231 698
60 527
283 37
852 730
185 43
755 640
934 604
928 252
136 70
693 501
357 290
776 157
836 757
466 309
297 513
651 815
846 433
524 475
845 960
739 211
815 555
51 406
896 378
873 272
952 891
904 953
155 479
686 938
194 691
741 19
32 329
731 384
166 516
802 575
760 967
56 371
982 71
992 236
132 908
56 253
562 517
673 837
884 401
218 687
459 542
829 681
362 229
633 977
530 852
462 667
150 203
228 644
888 952
876 419
522 195
621 618
70 650
737 585
879 998
253 76
493 420
525 168
877 86
309 690
903 47
417 360
638 435
110 133
52 500
270 537
195 870
521 119
324 732
574 822
92 632
854 297
514 311
874 199
251 771
840 467
103 247
658 268
857 623
78 335
914 205
295 136
414 45
642 589
965 938
330 203
516 126
789 430
842 158
669 622
523 580
576 748
72 468
617 66
829 231
196 184
530 939
621 999
107 936
266 722
296 76
581 144
765 641
427 492
563 786
767 157
14 345
784 630
132 236
534 871
628 363
465 322
885 28
626 175
819 64
904 720
13 379
653 254
665 895
943 674
887 49
887 461
978 707
853 296
131 833
858 181
365 492
564 356
850 842
262 974
484 939
277 278
893 710
84 651
480 362
961 664
373 837
965 940
121 9
144 611
27 682
684 562
569 481
373 327
481 756
631 230
632 683
576 789
295 365
153 777
104 937
265 583
365 909
586 836
130 395
842 757
798 183
532 768
86 666
772 529
682 258
311 54
358 208
968 108
283 336
940 272
99 36
71 494
632 698
909 317
541 577
474 176
187 504
682 415
526 496
346 780
870 165
29 703
871 352
424 963
769 784
558 510
64 180
324 213
741 106
150 597
731 852
201 67
139 190
439 157
928 577
486 191
596 19
865 368
665 109
613 410
377 212
893 237
999 800
703 372
100 575
53 566
27 955
69 22
284 8
393 148
341 391
472 154
324 894
371 168
694 54
689 569
476 236
475 68
529 832
993 763
837 529
395 79
317 190
680 282
264 174
555 835
155 850
624 974
566 486
340 642
446 171
707 129
681 768
967 59
124 964
696 675
896 678
439 552
553 750
521 366
646 593
746 179
220 368
167 850
867 753
563 323
319 45
299 561
920 352
298 866
90 861
270 875
702 832
585 850
96 321
152 434
583 815
728 314
295 891
428 294
282 169
16 957
67 883
401 153
114 421
355 266
507 874
618 699
494 645
185 948
560 801
430 958
33 410
259 114
581 218
71 290
35 981
427 87
249 973
982 33
285 334
570 546
261 907
452 252
969 368
495 550
419 509
970 707
94 585
566 570
804 869
497 279
647 341
981 81
73 931
665 938
659 812
551 682
586 584
725 636
269 350
892 968
401 702
20 999
117 837
214 522
246 613
880 828
212 10
933 843
139 374
538 27
643 837
42 827
321 250
147 93
740 169
463 250
832 770
228 325
294 965
77 731
26 568
6 809
428 50
667 750
824 908
178 20
918 427
476 163
842 224
200 511
917 951
649 197
786 715
707 506
186 321
457 404
89 48
794 502
974 143
672 929
751 303
927 966
491 557
996 164
702 706
964 608
24 331
24 72
998 529
696 767
112 161
508 437
969 572
717 484
723 873
442 524
560 975
883 87
170 611
626 558
83 1000
589 986
430 482
430 459
445 882
979 373
800 821
694 870
44 421
453 242
961 558
971 215
796 210
398 473
627 478
103 439
604 611
701 340
910 86
674 503
693 176
140 627
402 942
589 120
865 458
964 24
106 200
970 395
49 826
814 915
990 901
386 641
334 810
187 902
320 197
868 147
960 498
84 338
39 195
715 178
713 339
705 774
173 206
768 367
969 270
685 278
380 840
675 35
938 693
751 1
940 122
93 687
693 160
538 416
358 156
991 156
818 704
541 197
955 496
779 395
291 558
50 80
436 719
370 645
241 700
602 83
682 386
284 899
300 658
478 487
975 154
842 862
774 137
414 92
170 863
637 207
96 67
149 787
574 563
695 871
306 944
218 430
267 447
225 536
558 873
40 454
50 827
554 281
580 351
518 443
916 82
374 980
150 348
350 495
131 931
355 186
885 616
938 978
126 280
940 172
794 540
496 469
168 329
569 652
309 785
276 994
305 937
60 1
511 905
750 242
441 127
901 29
611 988
567 437
491 573
285 553
664 867
711 949
720 419
278 503
743 487
921 106
735 580
209 550
587 914
316 614
794 55
597 760
723 620
482 257
947 798
797 743
864 590
988 141
466 90
930 570
12 738
283 410
656 803
428 723
456 328
504 682
6 860
572 92
917 521
972 317
93 852
643 300
779 206
576 261
966 532
179 646
715 72
140 330
435 439
741 873
320 529
347 894
219 68
952 503
577 33
892 561
145 566
640 98
895 970
537 285
13 851
27 913
77 155
747 442
352 703
156 239
58 535
171 858
899 890
947 307
511 551
482 94
215 900
538 416
454 234
345 590
854 431
569 622
920 891
625 803
7 347
418 221
694 42
762 935
837 59
981 648
432 296
535 90
592 910
563 646
424 358
71 982
609 294
694 906
470 686
276 20
297 204
62 363
676 904
872 52
137 112
596 100
123 22
306 479
570 109
866 653
131 879
628 719
694 962
776 726
814 854
70 549
21 241
120 466
53 755
659 713
199 106
738 161
96 879
19 981
663 720
63 396
337 188
822 409
182 410
305 363
289 842
766 198
131 154
960 841
848 114
877 894
752 600
846 86
192 85
770 370
807 775
771 59
745 693
271 410
847 862
768 984
141 610
525 904
939 455
215 728
501 429
445 596
979 443
144 915
778 800
663 752
96 146
221 538
732 467
966 316
788 398
286 294
676 87
450 546
734 192
588 712
517 869
419 586
424 625
465 104
414 582
931 854
172 418
861 441
792 212
347 366
58 635
553 651
309 279
484 588
459 126
183 503
918 737
135 536
640 468
759 550
996 169
317 700
850 510
171 129
295 170
303 152
482 212
883 361
201 148
718 574
938 200
449 79
898 137
666 239
354 779
324 252
772 936
645 187
914 422
768 561
464 284
41 499
661 889
99 551
366 390
693 465
555 726
592 727
48 309
235 757
574 950
856 586
135 396
956 953
709 258
162 41
611 203
129 398
178 227
290 22
366 483
379 916
903 345
478 600
817 238
410 988
908 286
377 553
292 779
529 824
986 531
691 770
817 789
951 225
794 656
270 164
432 469
926 991
485 168
506 288
899 978
832 707
476 954
369 440
411 471
156 672
953 672
819 355
81 212
868 876
875 962
825 747
821 563
817 138
837 827
869 841
576 171
923 363
231 842
367 150
909 471
549 151
346 561
160 228
603 23
415 600
79 616
170 410
691 173
913 862
127 538
477 154
112 833
605 635
724 678
827 358
297 180
117 87
550 62
492 181
487 295
368 476
709 979
241 169
20 307
704 370
676 757
636 460
857 778
774 627
747 431
382 381
479 836
138 799
915 272
742 519
902 875
527 416
126 994
351 705
231 238
301 606
451 213
249 165
837 840
220 451
317 668
718 901
175 529
230 95
107 38
774 720
918 626
357 884
496 29
995 257
845 997
808 706
972 9
757 759
19 314
881 163
248 837
725 821
745 746
705 952
350 344
757 970
498 327
160 64
341 132
949 729
44 856
985 895
160 897
55 137
811 976
820 436
950 242
122 837
982 552
817 208
610 790
282 141
423 63
394 205
308 343
493 889
414 912
961 636
405 46
198 84
13 787
205 597
111 988
326 174
989 401
992 17
753 513
141 199
510 852
227 722
885 55
852 514
226 60
175 609
109 631
397 351
578 290
532 662
1 601
256 86
382 343
989 51
818 632
270 442
576 525
833 864
465 491
929 707
633 748
483 270
719 900
921 273
529 405
298 575
870 139
336 151
770 601
992 284
437 907
246 405
444 666
974 397
735 443
852 708
433 760
701 324
812 693
364 925
386 524
654 905
333 258
846 912
368 463
250 630
515 26
923 616
211 243
417 251
743 280
941 725
564 128
958 866
722 243
933 944
582 248
784 883
198 444
906 122
656 594
561 496
491 638
879 916
435 849
435 529
113 312
749 351
641 829
45 632
891 372
828 780
459 431
257 701
193 763
629 356
442 593
903 578
269 278
50 856
942 123
410 343
974 581
555 969
721 630
850 326
174 2
753 656
883 347
159 688
871 126
902 606
214 76
292 828
289 442
962 180
387 849
256 942
621 974
359 27
178 723
965 573
564 549
813 236
637 396
980 610
455 614
453 280
941 723
670 847
87 482
273 72
562 867
532 597
806 44
217 373
390 133
879 572
20 451
935 80
274 752
775 853
689 649
3 922
622 247
607 562
160 311
830 724
444 810
342 316
929 597
506 472
292 570
487 291
629 14
223 53
809 769
225 800
902 609
687 757
113 607
734 381
843 856
337 441
648 293
127 515
575 139
681 618
909 772
845 90
50 533
621 402
9 390
761 652
36 917
601 904
103 203
195 649
425 901
827 934
518 508
22 659
479 726
14 413
663 619
897 570
56 432
634 623
589 247
263 327
757 13
65 107
735 227
863 493
16 622
107 283
230 224
899 26
401 964
897 753
860 749
596 434
537 336
317 228
322 373
203 691
105 858
263 111
617 560
473 985
58 52
129 633
929 47
478 10
957 599
907 644
795 644
29 962
236 611
470 722
746 255
613 280
286 851
956 330
861 9
441 13
470 662
749 423
413 555
264 643
700 366
307 720
173 879
60 970
369 459
182 936
900 221
246 348
886 720
983 350
387 694
855 297
228 4
104 733
877 827
200 755
941 449
617 532
416 670
105 211
976 72
27 718
928 735
381 769
40 657
16 290
700 231
395 790
493 630
353 491
470 48
398 940
968 864
165 833
734 361
277 172
810 744
631 164
966 101
274 62
164 455
432 127
911 245
134 291
519 661
40 426
673 176
226 845
29 60
952 549
366 425
559 749
430 637
561 491
367 944
374 307
707 40
85 900
924 151
151 448
604 480
205 944
943 389
157 630
173 372
513 90
753 277
287 270
284 630
954 986
714 199
559 904
203 807
969 921
884 157
790 830
924 647
432 951
87 998
229 864
198 568
928 47
317 397
221 160
748 155
665 153
255 843
103 966
886 217
908 574
750 343
700 236
661 962
594 623
298 748
173 538
275 433
669 588
500 322
458 354
31 21
461 880
367 202
277 940
387 207
668 347
66 790
360 826
161 882
770 846
174 686
266 148
265 981
145 354
717 523
421 60
612 546
489 592
272 46
986 442
603 778
611 505
832 601
226 48
247 470
697 110
93 451
957 54
177 414
259 856
673 416
286 518
347 164
642 848
884 798
493 200
149 729
960 943
784 120
570 486
519 574
837 62
878 390
359 457
700 227
875 934
270 81
581 265
28 515
42 968
338 98
302 359
161 581
299 157
195 59
257 357
674 170
120 910
417 388
375 532
193 461
777 748
382 118
835 828
560 645
600 304
787 371
69 286
535 756
373 236
656 99
989 300
215 755
913 495
719 247
14 823
705 35
294 43
840 504
511 63
790 828
764 641
342 152
474 301
511 896
260 978
591 542
192 3
86 992
120 840
831 342
954 42
570 677
905 506
509 406
217 818
958 991
326 610
506 969
742 861
330 376
506 313
625 855
778 795
439 793
382 177
665 777
365 141
334 395
130 145
635 496
818 166
833 222
31 3
450 822
456 428
855 20
271 848
613 539
297 163
739 486
186 162
493 384
718 153
140 501
97 752
820 903
744 458
29 218
406 869
723 975
72 860
742 21
657 808
51 324
823 339
416 328
692 443
892 124
342 141
53 236
823 720
143 417
85 526
956 337
875 382
751 509
647 588
136 706
370 616
691 272
891 627
1000 598
60 805
276 132
3 394
79 879
682 520
429 496
888 210
197 270
886 888
29 783
363 573
907 563
273 728
301 873
413 875
907 784
698 503
208 472
919 654
316 510
349 992
140 196
786 367
897 318
648 890
229 886
846 62
977 128
270 448
890 887
166 956
463 446
287 681
813 544
841 531
747 313
365 680
958 283
137 188
326 874
632 565
559 184
215 719
986 178
73 280
441 80
148 125
510 185
930 820
500 573
625 384
245 561
668 577
10 863
359 161
686 459
742 111
564 559
919 968
700 16
563 529
10 6
33 646
343 512
388 103
38 750
776 357
120 965
616 849
57 31
331 494
904 160
347 234
779 194
701 937
537 522
651 210
974 432
205 240
770 291
107 562
506 435
621 379
846 549
116 635
33 307
822 740
741 889
957 261
844 969
241 675
496 352
785 155
668 607
894 50
16 755
761 845
369 884
440 505
774 914
861 940
780 412
198 305
819 575
70 57
136 85
571 917
737 579
70 693
436 289
286 84
40 102
509 313
137 914
457 7
600 234
677 597
953 592
493 608
964 257
861 484
637 917
3 975
780 905
665 638
806 488
260 886
234 950
975 284
692 492
777 125
69 327
106 543
897 569
18 110
87 95
339 408
325 81
242 433
498 892
930 184
642 27
784 592
30 602
88 888
833 458
383 108
748 201
406 889
322 334
910 653
181 465
494 468
607 73
311 412
810 68
769 643
393 955
315 667
588 27
871 29
600 53
403 234
885 926
97 484
686 696
871 347
157 407
840 1
660 637
306 319
892 847
230 605
338 446
68 166
565 183
972 273
506 475
229 938
336 952
105 14
644 54
215 19
470 706
457 93
523 38
619 618
553 615
714 16
429 366
851 617
496 144
671 926
814 102
958 385
782 174
544 721
821 744
349 90
139 297
463 10
339 779
3 262
856 339
180 619
195 410
104 917
774 109
265 339
796 253
716 600
422 328
237 436
39 470
10 850
113 644
628 928
279 133
641 225
432 324
84 6
283 443
339 984
477 847
48 696
764 673
121 872
408 526
713 480
284 816
572 809
810 564
207 413
388 10
845 557
260 672
563 785
261 559
765 972
127 532
718 830
407 568
765 792
972 73
314 635
371 943
325 394
53 488
240 83
428 604
360 281
385 201
816 373
993 200
757 97
235 678
131 948
219 996
206 961
195 656
114 671
557 818
156 58
994 240
487 264
430 466
521 494
417 870
315 961
463 549
667 605
217 836
653 858
755 901
950 129
892 227
496 195
992 377
682 547
49 268
301 887
642 596
615 898
59 79
180 309
760 862
8 738
642 215
830 984
756 721
364 698
951 123
5 127
918 285
822 139
163 196
937 485
384 779
325 391
135 813
603 138
915 916
627 743
204 789
741 446
543 978
265 3
444 502
583 580
414 276
47 53
575 873
635 556
905 630
680 229
430 783
89 486
416 382
44 516
298 456
898 85
749 847
363 36
404 254
80 297
137 568
400 558
461 290
83 411
468 669
50 930
886 981
949 435
824 372
51 226
729 967
318 924
245 680
940 206
333 202
815 78
821 817
230 544
349 911
82 674
425 144
506 936
377 887
719 633
978 478
824 535
50 283
136 235
496 749
795 680
786 347
277 75
156 789
915 937
448 665
151 593
305 799
808 758
246 814
96 774
550 301
284 61
270 986
968 475
620 575
808 538
848 992
888 177
245 414
589 243
989 455
578 865
842 107
52 572
710 417
166 332
884 824
838 268
860 750
502 547
75 181
380 364
977 985
970 439
537 355
383 230
540 89
572 625
406 75
887 218
288 592
643 922
540 151
775 642
252 686
611 331
420 39
54 671
83 262
106 989
902 604
726 608
133 927
731 641
4 264
280 145
740 883
143 528
839 914
93 145
623 931
493 683
503 637
750 513
576 151
377 771
582 458
524 451
873 457
177 73
461 856
871 792
738 859
416 222
596 386
18 152
676 283
830 812
453 440
20 692
816 781
125 266
840 723
88 838
239 200
85 498
256 821
133 919
362 502
936 877
275 838
309 375
643 128
454 460
981 7
665 440
489 487
536 753
101 737
130 506
967 451
680 403
348 702
40 70
125 78
662 884
501 798
982 111
972 497
827 261
711 34
444 603
429 917
321 264
779 147
970 493
354 715
136 900
684 595
242 798
218 715
530 59
281 354
910 198
688 887
183 319
75 969
573 695
731 863
801 327
284 274
201 89
6 694
991 53
445 189
355 430
849 27
765 339
903 155
491 478
621 352
977 632
754 517
292 507
860 446
806 279
63 813
478 141
53 894
293 615
241 723
913 526
195 104
933 698
159 656
559 71
469 342
89 786
699 965
962 239
646 449
882 374
773 4
401 42
158 266
96 49
175 325
854 231
574 193
412 330
97 249
34 79
240 896
544 836
94 785
709 724
483 680
988 142
820 639
58 238
402 306
834 507
407 883
449 151
628 615
394 763
462 454
186 704
300 319
533 654
203 250
88 337
882 388
676 271
102 974
90 227
391 415
778 29
481 69
370 712
445 976
845 379
29 432
537 737
787 361
768 857
922 934
376 38
596 915
739 959
586 834
312 384
967 927
144 1000
470 316
329 345
999 998
855 940
966 46
254 194
236 944
1 235
660 287
246 483
967 679
720 888
145 930
388 990
209 196
188 923
629 871
495 979
164 336
399 669
730 424
905 572
751 843
697 871
88 212
939 681
333 904
891 737
153 142
814 939
710 14
143 382
478 383
795 797
427 110
997 6
984 358
11 621
285 115
503 658
695 590
110 239
469 428
244 155
364 263
303 49
924 491
776 770
498 466
405 767
996 1
321 359
744 801
851 167
461 422
299 373
591 819
88 509
143 805
652 668
561 644
414 127
389 189
263 917
15 810
878 1
863 128
12 369
338 967
89 410
319 974
285 33
658 733
47 651
212 426
618 806
281 413
707 582
977 411
420 401
799 606
444 867
573 603
981 547
686 323
581 428
59 138
85 405
383 212
661 57
99 603
582 216
58 402
446 388
966 373
304 365
921 390
361 926
901 122
76 493
581 938
351 799
449 835
100 417
726 990
329 144
364 640
208 578
750 891
856 547
894 716
618 810
542 115
541 609
479 694
442 960
118 94
704 858
730 647
561 246
872 269
628 831
615 946
377 61
140 753
280 58
951 446
514 446
141 668
502 356
556 893
102 818
65 917
207 309
661 136
829 75
980 648
812 791
37 256
168 280
421 619
534 194
764 501
609 155
62 761
134 183
651 946
288 693
223 449
580 257
971 981
686 776
610 391
691 574
477 226
437 203
439 641
482 553
82 297
837 696
801 930
924 899
372 178
992 689
303 962
696 220
362 647
974 677
858 506
536 486
871 489
784 158
844 852
717 921
339 320
704 878
182 895
400 367
791 502
198 116
729 646
426 536
612 749
580 683
485 698
507 206
19 459
66 106
683 74
142 97
54 908
345 43
598 521
706 971
932 319
435 336
365 287
810 668
712 270
16 464
386 638
341 606
762 394
18 70
773 365
933 266
483 84
969 625
248 487
499 160
420 700
750 916
819 596
248 665
166 797
123 758
849 190
365 63
363 637
352 986
56 877
938 970
826 232
502 511
820 746
682 468
510 198
551 680
164 862
28 462
111 671
300 501
610 370
315 400
406 413
148 254
654 408
862 947
964 441
738 870
994 40
711 873
538 259
399 980
375 483
319 667
690 78
579 163
253 363
967 409
371 617
167 963
438 776
688 892
688 149
596 212
627 91
931 182
33 469
213 249
100 621
312 1000
295 152
824 762
595 544
866 546
675 777
312 8
121 636
744 70
70 830
93 443
158 210
108 980
153 435
729 70
436 763
624 949
654 904
115 17
331 297
43 236
757 893
215 981
829 76
966 959
22 276
204 835
43 581
396 393
516 77
515 315
494 622
397 539
615 579
621 504
510 726
922 541
921 333
284 642
708 184
243 57
953 365
865 850
771 725
467 719
833 348
179 297
954 436
881 345
603 675
813 336
802 136
159 7
383 146
152 128
541 633
582 99
54 371
828 602
868 561
671 486
289 271
322 799
328 39
907 639
793 286
308 447
417 110
843 450
656 683
882 93
617 542
799 358
773 589
541 489
256 297
650 660
83 750
791 692
1000 318
603 198
9 775
432 824
146 240
380 788
674 760
834 308
502 119
503 528
406 787
325 610
550 141
467 683
607 929
298 483
643 106
186 357
924 155
699 528
213 351
620 679
391 257
320 146
350 541
988 211
962 782
51 162
815 181
826 546
413 433
788 761
968 793
638 124
449 12
140 280
555 265
915 154
367 927
389 560
936 471
128 830
736 765
511 91
322 394
775 457
317 997
467 784
711 301
105 811
480 648
115 665
451 400
503 886
152 409
624 943
677 493
794 610
160 688
657 844
767 659
851 984
800 365
673 791
177 333
747 898
673 250
697 490
45 59
570 697
676 311
337 590
675 31
403 645
587 863
698 669
870 424
389 952
877 865
942 814
333 641
250 866
213 543
53 267
17 211
939 885
994 970
952 214
868 909
89 457
871 530
385 630
959 778
53 336
620 458
408 77
443 90
208 298
58 881
847 781
248 694
747 985
235 104
966 365
855 936
486 605
310 914
990 440
819 120
644 336
822 446
425 237
459 495
284 578
322 815
199 71
857 958
392 789
485 307
354 405
813 399
649 490
111 38
473 530
873 858
856 272
73 895
56 629
109 672
494 403
629 913
126 729
612 362
284 842
602 27
636 253
508 154
115 358
83 478
491 444
761 664
523 657
711 173
69 373
978 525
23 108
897 415
122 227
929 387
910 639
865 446
452 918
934 642
474 179
16 955
795 646
835 147
460 922
592 918
537 46
505 303
685 277
752 458
29 573
504 936
910 4
683 982
779 734
938 309
200 496
352 732
937 249
632 753
924 35
994 692
906 559
698 701
443 726
369 137
391 160
66 800
181 273
934 50
143 63
873 173
300 366
850 305
382 100
47 701
738 93
423 198
834 264
382 687
62 887
428 844
462 747
694 70
242 231
20 314
795 344
673 386
119 19
87 938
328 575
344 820
678 646
374 133
521 393
748 117
567 961
226 283
716 575
701 391
949 428
340 126
772 361
868 402
391 97
901 551
953 74
388 639
936 496
399 799
389 18
372 528
615 131
666 759
304 122
669 501
318 226
534 903
836 467
601 575
726 63
222 305
240 358
889 671
616 842
602 318
80 148
110 631
53 517
116 255
618 582
208 175
302 881
771 452
761 933
697 744
219 814
162 863
166 322
201 443
887 549
216 745
833 982
242 522
113 96
848 363
475 290
493 141
564 247
434 349
430 583
922 101
271 28
519 385
906 598
651 171
220 208
448 656
696 216
441 945
12 83
255 803
866 302
492 503
576 662
987 955
376 801
614 558
808 507
775 408
923 770
392 992
463 555
626 132
325 651
402 421
325 86
543 608
295 899
262 190
674 341
390 804
545 764
876 692
424 538
385 35
356 263
839 425
569 230
7 884
929 301
677 501
596 465
82 617
706 919
978 409
923 652
348 130
559 543
197 638
646 818
437 826
98 84
928 702
832 217
718 240
787 376
403 433
313 764
760 70
540 196
552 80
265 868
132 60
628 746
231 468
155 865
547 357
463 345
587 223
558 749
935 704
635 355
507 417
604 704
999 471
443 162
512 867
463 628
494 451
984 805
612 959
70 361
92 676
122 830
720 69
386 993
554 845
698 615
437 6
110 572
17 645
257 511
443 779
18 508
762 150
337 361
683 318
478 57
279 8
75 420
264 134
493 13
463 478
463 803
569 175
238 96
437 343
454 173
848 591
531 228
777 981
881 397
245 585
398 457
476 520
714 194
770 613
310 801
15 883
578 695
735 524
244 829
971 117
632 619
183 407
507 509
434 256
327 361
736 328
59 10
571 588
888 240
566 87
669 918
201 956
731 163
792 285
657 402
676 511
665 889
968 604
809 469
485 807
20 469
942 387
79 547
245 909
196 879
980 797
826 523
573 818
202 103
643 91
124 382
647 22
848 536
931 228
470 999
50 459
646 154
638 235
136 676
657 50
886 109
813 816
821 704
316 227
928 148
624 84
53 820
340 137
573 895
969 273
784 872
634 483
735 462
185 615
457 5
111 419
926 116
48 895
903 958
484 809
372 49
952 843
628 505
339 520
297 46
529 922
833 649
484 151
630 411
613 503
679 999
55 720
141 843
61 338
351 35
639 404
846 726
402 469
514 543
772 811
907 933
932 544
176 507
80 615
180 225
612 716
564 713
218 386
122 859
85 18
981 17
197 602
47 28
590 276
101 853
88 491
43 212
88 89
389 429
454 940
223 886
445 76
615 907
847 647
45 594
646 534
465 359
876 733
917 105
76 822
471 811
534 511
153 796
567 151
233 472
695 805
641 212
353 369
736 165
878 401
319 914
42 598
420 878
358 476
210 111
756 886
280 418
878 567
710 748
1000 217
619 378
321 378
713 946
686 891
7 464
687 104
302 658
672 122
677 92
570 488
38 781
871 897
782 240
953 955
256 101
467 840
715 877
63 340
360 41
230 936
397 59
435 930
572 523
737 67
28 467
160 935
279 924
932 272
443 239
886 340
642 453
745 611
537 936
894 417
220 583
520 490
569 870
281 513
776 963
500 935
482 51
256 411
207 443
531 980
582 127
741 353
673 886
353 401
510 579
295 691
991 190
429 408
771 737
841 84
899 172
897 424
70 314
411 851
893 658
77 868
463 550
182 2
950 519
955 629
145 119
203 82
384 645
515 74
147 997
204 163
548 29
448 62
663 778
272 287
569 513
769 305
671 974
858 399
250 704
991 60
290 315
817 628
424 213
724 313
346 641
216 887
106 199
193 183
216 962
783 192
636 728
879 257
436 166
423 457
660 602
246 800
505 343
50 819
989 980
255 171
727 709
575 942
856 969
293 341
878 786
153 645
868 728
695 662
408 30
559 351
917 923
303 248
975 307
348 150
961 516
477 362
922 985
592 706
891 618
723 311
603 74
412 134
811 392
617 599
435 623
570 745
147 573
114 340
723 336
945 909
539 492
12 13
627 182
988 459
669 701
475 453
478 507
330 659
209 336
486 837
691 399
734 143
376 752
727 372
733 92
544 320
140 980
78 453
859 571
425 711
957 863
813 600
879 980
11 565
916 25
517 334
594 576
461 58
723 602
863 873
261 409
642 88
834 29
466 121
473 520
857 752
187 802
762 447
398 445
437 938
574 817
830 212
7 842
974 465
148 229
72 82
892 839
437 924
903 894
425 193
605 925
403 245
247 685
1 258
812 990
970 341
902 706
946 550
386 691
633 564
116 336
924 463
744 724
11 100
10 775
353 45
447 675
664 222
634 392
370 849
232 328
593 251
588 420
64 893
348 933
271 411
66 707
651 560
555 962
787 121
227 584
260 229
376 913
423 404
323 699
950 261
402 594
610 173
617 797
32 255
348 871
775 247
374 647
27 726
437 336
165 353
315 74
130 986
135 487
719 149
978 407
691 116
955 892
494 60
179 663
418 758
690 361
137 47
120 827
902 56
812 486
226 182
481 612
889 59
756 349
115 83
775 651
347 912
185 343
651 591
612 369
70 321
334 244
997 107
496 431
411 446
746 221
513 311
205 654
931 192
455 308
400 118
667 951
710 721
398 489
835 519
387 267
469 432
928 350
588 251
183 851
930 208
974 316
202 621
351 728
366 866
705 867
704 572
213 427
202 77
978 684
741 130
457 629
454 4
457 465
252 776
572 471
508 135
617 683
517 791
336 275
757 127
313 274
770 143
125 784
793 798
491 967
978 114
861 296
593 972
720 813
799 769
880 892
520 170
705 466
347 725
119 941
37 721
327 265
630 646
68 501
202 971
755 779
897 54
423 291
367 880
181 48
277 966
729 505
734 689
352 986
19 39
380 273
504 152
763 97
788 481
232 698
997 748
993 471
162 502
143 542
703 96
737 604
804 583
833 143
694 325
189 914
85 13
991 116
36 338
326 513
853 169
771 591
258 802
557 27
381 3
989 874
201 829
179 848
270 573
599 996
745 68
368 490
401 728
9 295
124 161
55 425
296 444
132 573
42 700
31 879
418 772
882 373
197 518
899 340
682 39
75 250
998 712
370 2
800 367
945 227
605 356
238 81
829 564
492 259
4 274
568 579
706 401
917 777
779 195
985 449
616 117
118 920
733 96
122 626
33 34
479 399
161 403
331 826
908 569
153 73
464 252
495 688
428 738
118 942
604 676
742 301
729 143
663 422
782 333
680 563
124 457
667 20
198 287
847 363
214 777
661 567
238 643
868 85
728 56
182 866
687 994
248 530
428 526
542 501
2 677
508 180
617 869
646 896
415 510
353 44
394 870
328 182
335 597
320 98
455 514
796 615
28 412
561 600
793 697
235 451
607 506
647 126
993 501
743 909
329 426
97 589
160 839
392 269
698 900
113 767
343 528
336 996
604 922
921 605
320 88
119 642
551 932
16 863
427 697
462 570
350 107
592 271
728 12
7 308
615 64
801 557
618 866
730 497
326 948
934 539
145 324
264 26
162 257
31 361
863 90
347 712
620 295
492 881
811 878
404 539
175 927
704 715
784 993
530 958
250 115
522 753
421 291
416 729
46 603
108 275
253 662
975 269
910 336
199 139
832 724
527 547
416 475
876 665
695 587
561 252
400 262
308 767
699 359
87 177
597 145
720 93
654 615
921 275
681 13
984 429
327 438
904 187
980 603
599 928
529 834
102 578
976 925
156 845
60 79
875 753
334 195
17 280
592 309
289 977
775 294
616 880
897 300
328 843
955 247
616 222
645 814
769 400
179 944
683 732
694 124
662 569
225 121
106 827
358 254
511 903
798 491
637 19
516 310
118 436
803 696
463 997
259 605
851 343
240 568
775 923
963 164
143 370
343 964
816 870
21 204
924 982
585 933
689 582
82 541
546 964
262 45
244 212
843 401
34 397
279 492
554 330
682 321
134 259
95 995
804 145
734 646
135 141
429 995
787 193
306 720
20 725
323 358
648 876
334 873
784 820
217 140
612 186
739 650
572 252
753 902
703 669
2 364
456 364
852 885
348 373
397 759
589 398
258 971
626 163
67 494
133 980
805 656
59 898
335 224
336 669
909 389
656 768
696 550
191 51
924 988
282 25
793 315
852 368
379 61
90 667
490 750
175 907
107 737
729 570
836 49
370 790
348 577
344 452
105 277
949 531
912 7
711 925
312 523
801 289
311 26
945 436
4 155
272 771
539 950
893 794
372 775
994 456
597 257
573 57
123 352
753 371
101 670
218 201
49 311
949 579
437 4
709 388
15 500
967 699
805 503
999 370
151 817
361 346
736 325
369 669
360 391
627 931
573 73
76 558
149 159
950 925
29 667
528 165
397 241
276 715
858 164
16 123
179 824
605 805
853 605
115 826
263 571
59 515
246 440
435 955
634 179
398 144
983 149
314 102
702 859
968 867
113 390
983 468
378 762
448 823
933 234
971 687
905 882
802 100
667 716
305 672
882 492
36 706
388 588
833 983
528 961
529 276
914 299
948 973
603 705
58 274
382 411
10 485
100 126
623 621
97 908
861 485
676 313
833 309
27 919
79 768
173 779
169 349
254 638
759 183
606 980
297 645
666 168
255 258
722 174
234 142
370 240
960 307
25 138
595 32
804 142
123 642
740 169
944 910
156 404
24 641
452 948
119 472
545 242
426 32
306 499
107 327
692 145
784 689
160 392
684 532
208 778
749 844
653 28
812 672
628 790
296 939
100 639
267 948
265 807
323 710
509 524
947 497
498 749
255 975
232 674
268 368
229 706
13 302
993 731
935 809
550 925
174 13
974 679
917 239
508 993
363 324
737 209
856 130
889 126
300 661
964 496
121 971
357 750
956 792
86 14
8 275
554 272
562 31
298 179
62 795
673 967
273 931
800 770
749 621
899 644
376 988
617 890
557 776
976 758
713 19
590 589
367 222
113 160
29 250
905 380
269 736
184 794
85 146
561 495
367 903
438 853
602 259
993 408
735 60
36 67
876 742
504 521
116 560
426 771
510 533
25 224
490 916
522 480
591 985
620 937
264 129
69 995
601 882
523 675
751 353
955 283
158 193
837 424
456 67
765 435
885 656
68 265
45 849
902 811
688 752
746 159
878 612
21 109
840 57
959 234
941 62
532 560
877 69
972 20
458 366
51 823
986 716
58 630
919 438
956 187
167 536
642 81
116 327
400 915
236 137
197 733
962 875
655 498
891 56
29 893
66 257
515 928
877 232
721 536
894 851
700 934
12 103
324 287
703 627
684 501
231 649
182 869
149 560
404 623
959 940
720 777
305 324
93 924
719 444
283 181
661 57
479 902
655 703
24 802
745 102
636 308
367 393
465 545
814 534
468 537
274 40
205 978
918 136
129 429
943 368
767 903
817 407
668 922
808 488
231 465
288 258
405 263
247 409
582 449
685 804
742 183
99 245
421 823
465 556
847 82
630 388
597 917
795 925
523 50
592 640
648 956
446 286
137 174
428 562
949 69
451 362
314 849
162 434
399 993
986 272
560 628
402 113
918 976
980 971
172 574
190 297
387 412
427 187
230 242
824 819
495 862
407 408
40 168
719 583
603 214
921 933
235 529
205 22
9 174
75 529
400 799
219 786
304 687
973 239
263 642
810 700
915 594
201 183
945 35
826 92
522 744
679 402
560 243
654 939
398 321
401 352
805 228
277 123
576 863
366 564
17 606
314 933
729 659
42 822
756 298
908 929
698 902
571 54
8 945
213 345
645 992
484 31
789 181
526 61
386 644
301 497
910 902
440 663
113 321
128 77
553 429
724 359
597 984
741 940
378 564
547 311
958 780
742 807
168 10
405 991
862 164
171 126
204 106
69 561
212 194
45 588
681 621
578 813
131 207
958 713
542 570
606 533
234 403
486 670
468 108
283 121
172 601
966 468
982 803
40 75
769 144
456 956
394 216
623 771
74 930
469 423
796 637
544 363
184 759
636 782
467 330
462 579
613 818
72 370
233 944
41 581
736 442
258 404
166 424
417 665
204 9
458 461
44 612
177 433
425 543
657 830
396 180
240 742
951 191
8 784
87 489
912 616
274 696
257 948
605 309
282 832
24 60
573 203
447 111
839 272
11 388
548 502
903 594
32 568
21 752
711 110
382 967
774 618
133 611
719 724
389 685
521 159
414 4
886 193
732 823
732 199
928 668
741 295
181 437
294 276
500 718
331 309
145 816
234 478
155 33
43 549
480 210
135 374
582 975
806 392
995 371
111 638
151 929
684 727
5 460
507 887
782 16
174 636
765 902
788 393
643 868
878 526
773 539
459 470
625 856
700 711
749 963
792 710
584 554
521 824
231 655
326 146
897 366
551 51
564 281
332 957
646 20
959 815
956 632
21 613
22 996
672 742
769 415
792 549
588 680
389 754
339 631
823 30
31 529
559 18
28 359
915 200
170 767
933 760
349 178
405 557
277 220
347 510
31 744
470 85
825 281
919 547
506 178
62 298
680 959
908 810
584 338
848 701
881 879
315 298
761 712
667 565
511 289
859 758
687 125
594 918
778 223
64 445
619 418
676 895
74 186
808 578
621 497
339 801
634 171
414 612
511 266
792 862
299 650
434 326
441 758
724 206
356 154
686 711
46 750
200 491
415 537
666 354
293 516
340 222
998 91
408 390
543 808
163 262
208 184
296 582
462 571
540 23
416 952
419 249
123 887
514 280
574 565
59 506
334 772
260 562
971 152
688 553
858 91
668 135
753 745
971 238
861 5
67 80
175 267
214 468
331 211
74 645
8 613
713 507
235 543
738 192
43 328
14 411
598 777
596 81
339 607
333 767
598 11
760 529
320 857
719 135
324 372
961 26
363 881
782 595
457 559
310 653
462 565
754 806
197 476
809 754
608 449
781 200
834 773
171 75
91 861
607 818
32 665
285 632
769 73
761 996
186 491
264 307
538 55
5 729
998 348
309 668
471 103
627 73
832 155
485 868
993 68
221 781
159 811
648 526
489 589
579 102
620 756
337 208
785 588
342 597
194 351
519 230
384 154
920 667
360 326
549 230
553 72
17 536
143 217
266 628
868 318
122 247
738 969
472 999
337 398
421 624
39 263
232 736
620 321
162 684
714 733
443 33
35 487
651 836
482 442
113 954
592 507
832 473
825 18
645 101
349 244
882 972
103 579
919 562
937 180
931 94
670 264
855 515
735 108
612 80
551 609
399 433
247 868
804 43
763 127
640 508
434 702
262 48
850 699
755 237
793 507
419 536
445 399
137 422
790 508
922 213
975 67
659 487
512 25
143 94
222 896
986 706
482 221
968 517
806 552
151 944
115 359
776 995
166 979
794 417
126 665
663 9
544 442
334 462
531 379
63 392
613 742
954 497
540 624
896 825
13 73
344 315
488 63
580 742
313 747
393 916
57 801
187 118
348 21
398 134
385 665
526 987
933 912
808 97
704 887
847 598
174 638
264 286
399 947
438 121
71 183
606 456
255 39
788 27
394 860
813 317
105 499
19 710
520 174
116 784
654 586
875 595
729 503
406 394
768 283
846 820
751 311
402 563
950 400
996 200
930 543
834 5
723 170
502 521
300 145
503 576
455 913
358 441
310 997
330 518
323 768
964 239
145 180
980 47
664 606
586 990
301 727
549 749
999 956
912 701
84 439
32 712
442 557
599 174
838 694
740 58
472 904
705 483
981 380
740 356
284 952
318 603
842 243
439 141
630 435
560 281
253 586
727 593
975 317
383 204
208 980
709 47
576 933
532 191
507 450
802 296
194 142
289 329
929 195
471 630
335 87
390 589
393 698
637 761
254 705
445 779
708 271
76 595
922 191
141 419
732 683
463 469
443 904
842 80
282 615
685 727
506 526
322 321
134 613
280 170
616 658
760 249
659 389
793 760
182 148
805 344
959 760
713 906
638 679
641 558
934 288
145 160
551 858
261 438
879 573
738 587
516 111
731 752
427 592
501 902
589 166
947 636
444 522
418 359
811 490
646 237
379 717
396 65
303 802
190 779
753 185
234 541
906 472
499 22
78 263
46 731
13 164
327 145
396 24
90 229
850 185
162 436
659 854
853 955
785 622
357 392
358 217
473 974
410 501
322 54
907 898
254 921
640 671
497 374
982 331
215 746
155 844
523 691
950 180
988 885
485 846
546 485
332 358
389 728
877 486
631 917
235 330
357 479
878 357
945 76
282 617
611 176
543 500
91 955
930 253
113 351
579 467
974 187
806 574
840 866
210 940
346 717
684 998
737 637
549 432
544 322
160 844
549 159
93 256
946 307
737 427
757 1
452 276
64 593
345 851
1 397
769 46
467 229
712 6
980 955
719 167
893 240
336 619
885 549
174 472
270 51
42 309
542 11
863 321
928 31
943 548
377 111
147 484
275 237
503 322
573 658
811 98
336 358
531 671
52 4
888 452
217 659
454 460
239 54
500 283
710 813
94 506
374 706
894 431
753 477
495 523
404 889
9 674
74 812
80 486
128 515
453 965
130 371
83 510
405 665
459 312
771 908
673 996
674 581
500 86
333 550
10 519
129 840
625 790
706 163
519 474
763 378
404 466
897 532
571 77
849 325
381 730
14 210
29 450
140 345
556 905
175 719
23 352
965 295
660 414
80 850
369 962
189 114
357 691
191 61
997 152
548 352
288 216
263 746
28 380
133 740
127 304
872 672
678 694
511 15
497 906
444 113
61 783
52 497
521 920
267 679
273 464
77 396
718 779
310 649
84 210
475 848
827 691
359 857
839 55
719 295
296 699
686 641
259 759
506 393
679 506
461 976
808 644
541 752
759 874
540 112
1000 549
728 636
530 67
180 3
587 437
782 839
810 424
535 560
643 300
558 578
159 440
357 786
817 867
250 84
785 437
672 800
69 636
883 433
579 319
456 301
761 231
866 168
974 481
718 664
309 349
48 402
977 282
340 260
580 224
70 49
870 132
394 624
813 887
13 421
263 767
897 175
985 101
301 48
868 846
835 601
474 811
577 435
325 848
736 150
577 640
568 390
925 647
570 985
670 807
308 522
452 444
689 537
684 824
823 913
60 192
799 385
105 28
160 540
612 67
804 689
289 317
409 923
87 415
105 673
779 643
538 591
36 757
671 964
464 999
278 658
750 421
160 234
602 778
557 221
869 594
109 155
194 942
671 880
130 531
630 738
505 474
598 245
951 490
948 319
967 82
364 428
347 559
896 211
918 84
608 62
824 965
412 374
718 811
940 838
848 707
801 539
682 623
905 778
507 627
406 194
392 841
136 718
234 246
295 836
500 346
297 120
414 524
962 546
597 220
743 419
744 287
938 413
308 359
858 664
458 232
15 189
444 620
354 127
931 456
963 781
20 365
953 514
254 408
390 605
349 594
848 857
203 728
994 606
906 28
616 518
371 778
7 481
929 836
834 178
591 631
86 967
774 972
543 108
424 104
873 785
888 428
336 48
951 149
672 632
841 421
694 933
742 344
44 325
217 808
793 604
732 978
183 305
907 663
243 639
588 316
57 741
773 402
702 862
422 590
836 898
331 202
409 219
451 579
616 953
324 641
830 287
468 954
430 787
825 694
886 602
427 132
176 41
61 956
338 597
503 180
134 172
934 628
323 162
379 609
546 54
760 637
889 138
63 397
36 166
930 74
231 733
427 889
277 62
182 507
276 756
90 173
439 495
485 497
522 737
941 276
490 842
223 846
915 253
683 253
407 864
406 530
246 408
894 562
704 747
370 670
149 812
168 787
694 610
661 883
497 393
377 851
536 231
888 579
994 40
554 977
913 803
659 670
755 795
788 359
602 96
872 61
612 619
528 622
787 565
416 346
117 32
39 502
189 276
331 460
496 76
547 889
18 647
843 470
687 999
547 920
602 885
544 313
553 107
474 988
366 928
660 476
264 464
536 454
624 42
288 370
13 440
614 70
808 938
853 595
920 827
325 598
432 586
107 584
956 883
630 287
200 668
412 155
561 576
987 913
1 503
776 916
959 108
35 623
637 502
913 164
416 159
641 136
324 256
784 828
934 547
965 574
727 368
701 502
968 689
560 377
864 341
194 890
632 352
379 900
216 674
528 97
343 228
303 318
838 486
983 860
821 924
646 81
542 572
649 941
845 377
343 798
126 3
334 148
239 613
397 77
969 254
584 194
851 705
976 64
767 132
848 473
507 685
145 464
698 88
534 760
897 242
585 574
906 450
93 202
964 42
953 211
600 162
907 216
990 94
691 431
334 843
244 849
320 598
998 924
829 733
463 848
123 899
109 323
364 448
445 677
335 151
560 516
670 671
337 570
775 587
480 194
972 58
849 174
738 575
806 436
141 282
705 588
19 117
883 932
893 495
824 380
297 885
256 739
362 708
296 384
838 72
471 649
111 297
937 919
123 241
832 336
4 615
974 252
697 606
91 721
803 366
837 32
777 346
187 37
348 1
338 746
340 654
641 476
953 1000
284 317
594 338
924 137
746 484
132 473
286 64
886 995
576 638
261 223
959 904
857 323
941 263
54 169
511 852
340 908
993 560
488 790
272 628
370 445
789 218
926 234
729 306
427 464
275 813
230 963
660 439
240 86
524 332
372 868
665 330
530 376
255 327
671 172
467 111
331 582
247 503
545 807
466 437
170 754
725 869
626 163
326 341
874 693
417 394
133 827
202 929
691 880
956 199
712 191
901 249
62 147
679 909
175 632
297 23
948 305
956 390
649 407
111 228
214 193
468 729
199 566
976 776
405 620
279 808
508 37
181 412
243 917
526 172
238 869
415 514
831 395
274 542
881 712
798 123
732 64
989 967
924 622
85 975
2 341
224 456
481 784
987 383
930 19
250 442
185 919
563 325
133 282
751 415
940 765
516 826
580 684
677 454
700 609
904 662
97 714
775 913
721 831
848 274
36 317
773 89
893 861
173 161
133 509
169 135
121 174
552 65
599 884
195 381
37 658
193 597
298 419
349 186
635 466
667 86
191 619
494 456
804 407
677 228
336 484
938 201
672 723
762 65
20 432
679 4
417 774
409 845
974 392
616 267
199 353
932 650
758 413
214 344
460 446
172 648
924 840
233 90
169 460
554 985
675 897
218 811
583 678
223 261
732 578
346 373
614 13
67 94
838 716
123 447
8 744
273 588
323 927
6 980
85 930
624 329
125 142
26 595
591 243
235 845
836 352
731 63
559 733
577 402
120 95
711 647
981 455
28 768
740 667
593 318
91 716
549 441
761 855
825 91
90 28
509 582
590 306
49 257
98 73
37 399
485 30
761 623
645 579
973 213
80 804
299 952
267 451
544 562
775 188
999 139
342 642
653 607
170 712
166 267
767 961
327 595
868 377
826 127
342 282
341 362
894 960
435 666
758 237
377 155
903 630
34 572
197 411
876 976
449 363
233 549
831 926
303 737
782 937
280 376
371 846
963 87
285 665
665 197
450 628
257 932
241 820
772 916
791 641
233 777
394 202
10 72
112 511
646 750
625 893
941 185
209 974
967 652
848 974
357 64
385 727
526 118
342 662
660 301
122 179
164 346
446 677
186 539
325 276
242 291
783 589
344 298
426 234
129 10
196 111
912 555
826 486
370 767
789 132
266 327
400 210
646 180
147 868
584 590
835 717
94 521
663 602
682 283
821 378
666 432
363 885
697 30
182 538
988 521
446 239
559 16
432 204
382 382
811 976
36 266
939 675
63 679
418 442
441 573
946 335
585 518
900 639
344 26
820 154
349 187
962 229
201 370
338 3
844 880
437 856
302 886
286 869
518 862
398 223
839 287
761 128
46 420
55 29
694 230
403 894
300 478
479 280
370 876
327 838
480 971
265 612
535 66
203 355
836 492
685 993
771 449
731 245
481 163
420 839
121 138
86 318
257 929
503 784
298 942
621 206
395 341
992 277
741 198
75 246
168 787
278 406
166 683
583 511
883 458
12 285
539 30
498 234
292 643
242 683
447 864
70 601
643 824
872 489
938 467
972 868
51 186
937 864
630 606
189 517
859 713
830 920
379 643
761 203
77 223
622 731
691 883
154 633
234 52
43 626
766 575
80 959
979 705
639 654
965 209
885 135
737 952
554 231
114 608
338 664
917 850
197 511
853 38
751 229
400 911
809 271
447 460
782 262
858 457
719 760
226 900
72 653
702 88
632 746
718 741
437 506
315 414
214 120
533 353
879 398
211 835
624 465
975 650
158 410
471 593
385 726
86 55
917 999
912 992
393 754
41 378
274 799
655 602
345 92
260 125
505 274
517 167
490 998
45 463
769 137
139 897
901 889
271 115
252 46
657 840
844 950
802 200
922 33
178 958
734 317
632 201
533 459
829 147
430 88
169 941
942 197
356 537
420 936
655 910
789 289
672 168
977 862
810 414
516 431
562 218
758 994
619 372
204 664
387 832
716 462
444 195
949 950
900 986
149 27
557 531
633 680
38 849
752 458
544 788
784 305
953 439
632 827
460 345
84 433
800 668
589 945
365 81
806 762
818 98
640 979
593 55
839 36
49 674
226 810
284 267
207 512
926 852
924 41
996 645
839 63
50 121
928 823
364 240
242 867
478 43
77 430
596 971
415 899
707 787
6 199
438 593
959 787
810 249
291 939
818 146
973 25
299 223
661 706
161 239
319 960
217 469
309 206
725 616
865 39
907 564
364 440
158 784
146 826
228 910
291 153
622 455
244 351
147 356
452 953
725 430
848 41
42 910
135 106
668 557
222 640
466 142
741 453
205 319
487 589
611 820
902 403
432 564
574 129
80 514
254 237
302 829
170 366
97 728
771 939
561 851
189 340
878 160
503 495
898 447
991 740
546 258
436 114
464 481
274 120
564 648
153 572
39 916
638 952
662 826
937 520
53 752
94 181
793 866
460 237
429 166
625 352
910 648
195 77
815 743
536 91
854 246
495 344
797 556
925 502
762 764
434 409
295 814
977 490
330 460
771 15
502 182
812 520
345 487
789 860
212 701
409 794
774 333
472 600
929 540
966 48
764 599
549 350
815 276
399 11
562 191
621 53
246 862
835 277
386 405
41 895
943 779
923 773
29 411
738 701
956 108
402 422
100 786
994 999
501 555
823 609
463 874
960 383
636 983
331 357
201 580
287 230
401 106
24 157
818 818
847 189
205 997
879 257
970 453
553 293
706 937
969 626
155 221
454 806
336 791
822 922
670 868
304 290
897 505
568 529
749 90
766 562
700 814
367 512
135 40
395 215
949 616
653 480
37 152
862 465
74 600
931 171
762 683
10 986
399 224
961 81
302 281
135 715
274 127
969 779
1 444
814 397
438 735
84 266
214 116
641 928
691 137
570 392
812 355
271 95
819 239
725 701
941 481
275 169
622 624
109 626
586 680
957 711
973 414
717 681
236 488
837 580
370 155
779 242
276 283
166 607
373 22
123 822
467 585
385 426
632 258
116 542
122 92
389 366
323 6
872 500
993 836
20 492
775 236
983 152
715 803
992 740
750 246
715 339
183 873
401 696
904 771
701 62
23 296
559 433
879 590
493 427
588 664
53 768
779 158
205 450
367 163
780 645
53 270
54 84
865 314
11 162
247 589
840 522
571 84
516 208
617 222
917 134
214 37
585 16
684 480
269 680
890 52
546 66
66 478
538 929
506 770
239 161
932 768
213 867
949 537
339 716
353 94
871 661
742 634
823 597
108 987
464 162
428 501
586 812
654 239
297 3
433 3
254 251
199 394
573 447
710 918
421 211
968 247
835 409
971 407
486 445
114 374
924 865
115 718
92 858
639 967
283 225
198 205
367 466
832 629
990 64
732 564
984 903
45 584
569 489
272 12
537 378
303 992
907 372
145 23
265 348
743 1000
190 195
233 342
891 573
207 240
547 29
105 689
486 336
392 601
594 149
354 210
909 196
634 228
444 932
757 425
688 170
198 833
828 353
98 640
120 277
349 915
969 575
4 503
142 428
465 514
317 398
179 600
660 593
394 823
240 463
279 491
169 893
354 987
284 740
194 498
840 632
393 407
1 804
197 261
497 157
153 964
810 466
993 62
477 435
218 267
222 767
719 637
445 724
133 469
894 322
880 420
370 192
92 523
44 110
525 851
797 722
599 222
137 995
687 508
656 825
295 759
461 547
246 640
898 143
190 199
819 566
85 543
134 36
964 623
193 796
955 354
796 955
675 96
179 609
338 795
477 187
739 795
944 235
19 282
322 958
613 65
305 909
783 569
557 429
115 635
137 159
415 417
93 160
365 202
279 98
940 610
285 850
605 911
692 336
942 693
341 674
403 619
938 713
520 412
741 169
752 647
746 118
601 672
401 690
158 861
901 736
540 961
311 844
117 788
283 424
800 360
377 537
614 934
622 384
575 855
761 178
971 924
486 848
202 15
702 784
77 431
893 690
986 296
339 195
27 353
660 374
815 812
1000 702
208 753
67 468
332 627
558 431
397 457
324 32
385 223
878 938
738 458
952 296
470 136
17 487
792 518
975 719
309 680
129 590
113 60
203 517
952 847
301 889
77 486
740 379
86 438
544 601
853 414
629 923
193 264
210 158
115 859
12 324
394 467
260 714
47 712
917 25
129 539
367 966
483 220
455 507
705 855
284 939
495 233
868 497
730 784
285 122
892 785
468 686
596 976
193 979
132 155
33 58
345 495
563 224
583 242
492 479
291 695
259 434
991 597
637 236
937 88
378 994
307 391
374 436
437 100
321 792
351 495
1000 143
96 459
417 86
562 616
563 599
770 463
412 877
685 217
561 76
782 41
809 110
681 29
66 238
540 409
219 402
408 859
296 161
636 696
354 65
234 302
508 875
257 224
359 925
625 966
951 991
802 994
59 567
861 651
601 509
281 638
71 591
568 344
395 238
215 221
917 352
937 597
568 36
861 217
516 25
892 610
15 471
556 555
15 51
415 258
57 680
492 627
774 953
653 5
89 424
424 594
906 314
407 27
205 761
463 51
332 49
348 703
617 75
756 916
733 164
832 1
908 159
710 96
95 535
681 930
64 550
919 904
25 778
770 362
566 82
712 380
310 61
132 252
982 795
602 598
46 58
38 360
889 242
334 550
353 153
99 759
98 1
117 814
515 573
836 714
88 303
311 54
138 173
569 682
253 567
591 592
1000 923
691 471
761 730
252 436
743 632
644 524
542 567
233 436
398 461
180 513
140 689
765 736
560 2
861 711
262 992
650 506
581 209
534 543
195 997
825 826
422 907
427 450
724 986
163 658
284 816
610 361
683 39
528 930
25 835
854 405
873 189
883 916
828 539
992 967
166 318
675 152
392 130
512 960
437 401
955 320
93 865
919 65
52 505
410 813
956 992
94 515
935 862
346 271
894 857
944 231
757 242
316 935
396 973
459 486
151 837
929 567
855 213
66 33
176 336
146 704
305 193
573 609
447 588
688 610
97 212
485 135
549 562
900 606
58 221
996 293
428 644
726 86
44 222
387 466
621 418
896 195
168 679
553 752
929 246
308 805
671 266
234 128
536 591
73 269
83 345
332 963
268 360
489 797
683 594
562 859
221 593
429 142
850 737
556 743
581 524
278 624
447 638
532 353
389 720
685 565
973 145
130 10
373 344
290 453
20 964
144 916
575 140
168 442
173 175
597 974
716 478
262 204
730 805
141 586
532 349
223 876
994 597
718 618
529 260
834 189
944 209
739 173
891 452
345 165
404 2
461 269
901 20
389 456
46 344
60 76
501 55
815 380
513 734
873 977
863 669
216 533
862 123
357 710
674 167
96 833
908 432
210 685
520 223
698 148
277 904
393 261
817 525
981 733
419 98
714 305
903 378
452 437
46 1
726 192
611 967
758 630
367 19
950 725
733 454
253 472
671 228
700 599
607 655
426 469
343 123
817 113
586 883
334 53
712 59
956 34
670 579
122 458
931 731
808 197
437 33
6 845
506 932
614 33
199 397
261 470
693 649
542 969
830 32
254 174
604 201
425 116
171 756
668 847
298 6
801 653
71 705
478 466
544 361
150 260
474 568
854 79
405 298
641 49
749 954
741 671
491 524
692 775
555 73
252 788
348 398
303 446
859 164
820 279
255 90
788 430
950 94
126 40
79 760
219 226
839 872
946 720
20 163
253 266
733 473
947 217
519 298
444 558
561 860
648 204
210 591
504 217
989 921
707 649
980 762
483 739
138 946
693 234
808 606
549 109
97 359
424 127
653 474
639 680
466 785
610 666
502 536
411 628
790 553
855 475
291 361
129 908
712 768
31 876
661 93
739 448
975 528
779 261
693 982
505 129
141 929
819 952
533 109
828 776
362 644
257 317
844 427
478 590
880 475
71 246
53 625
631 548
111 534
836 291
528 367
984 458
530 822
954 838
374 607
811 883
968 996
666 791
872 786
616 63
26 530
717 800
839 529
769 391
826 688
140 793
732 212
598 332
385 711
519 676
481 149
857 495
96 88
161 849
405 165
657 649
663 621
217 322
707 101
370 995
879 550
121 208
619 941
90 894
611 68
947 155
542 751
28 571
778 104
542 708
117 436
457 828
29 644
900 29
498 517
120 32
607 96
909 911
396 699
589 281
327 549
660 977
46 502
94 744
342 837
41 927
360 96
990 198
94 448
604 928
595 730
413 964
520 767
664 342
824 92
237 299
149 795
716 697
696 41
846 701
773 294
162 370
532 616
34 465
738 912
763 547
982 107
913 953
204 938
448 877
389 114
316 606
365 493
778 328
636 632
709 201
734 771
754 638
827 860
116 468
839 116
57 39
867 928
322 926
810 657
383 612
733 772
97 545
40 203
79 784
986 979
121 511
785 964
248 889
948 4
524 783
607 428
580 35
818 153
266 715
882 92
404 940
351 915
133 317
957 246
121 743
851 826
260 988
214 410
468 125
895 57
3 490
97 417
822 534
76 447
288 345
637 948
240 140
875 158
750 728
700 917
394 688
966 62
78 538
654 411
975 529
36 898
119 270
397 138
606 147
936 793
220 655
778 912
905 477
962 125
894 820
285 408
657 200
211 118
829 856
968 529
359 350
996 183
314 90
812 607
988 167
686 911
599 741
89 120
601 605
771 808
68 312
257 695
391 777
242 562
699 774
260 260
790 475
582 568
700 766
180 832
81 932
455 721
904 947
970 533
975 886
830 455
649 604
383 578
122 433
716 59
287 588
331 106
611 15
890 821
187 411
439 398
75 417
418 816
47 961
134 957
99 743
259 547
635 97
175 818
924 523
240 360
313 275
891 661
783 989
289 511
225 887
237 303
428 302
63 803
92 256
316 74
494 736
291 187
732 702
249 830
404 372
102 289
449 906
262 876
209 962
122 197
677 268
884 990
420 404
838 378
232 423
812 523
263 938
861 815
979 635
718 22
139 158
479 198
120 585
995 151
697 232
773 336
671 922
534 544
521 953
264 253
114 750
630 977
734 588
913 927
168 896
477 259
439 55
449 335
861 304
803 63
319 414
314 374
799 815
250 111
389 791
987 685
66 542
466 346
163 126
415 964
684 774
462 179
2 802
934 733
456 760
365 835
331 252
761 545
990 653
552 665
743 846
705 209
632 830
177 128
527 784
96 453
382 260
353 568
619 476
685 479
961 400
809 971
822 498
587 992
795 731
9 320
71 140
50 265
548 934
210 274
177 547
851 538
854 186
215 730
435 999
583 230
305 672
7 719
311 41
383 195
910 713
763 620
414 579
340 157
999 38
670 577
73 205
624 148
868 320
247 847
168 977
770 184
991 88
783 24
686 24
645 979
160 79
296 43
155 778
649 126
976 879
131 667
7 824
503 209
521 47
545 633
188 677
400 951
995 473
842 860
612 271
902 879
248 278
536 855
430 193
80 787
152 799
883 58
660 884
649 731
116 174
77 127
342 584
192 410
670 234
679 509
79 911
840 375
958 173
105 775
663 529
193 524
29 480
469 734
62 855
373 866
565 613
684 865
775 187
291 561
102 67
486 163
145 542
141 259
306 588
125 484
654 472
717 369
825 522
921 501
296 211
203 988
268 412
85 856
750 631
903 501
725 740
751 148
617 366
252 772
68 780
27 220
20 384
371 291
387 843
968 737
175 575
675 603
474 892
112 698
90 803
942 300
242 62
75 290
864 382
462 105
837 867
659 345
888 305
491 297
731 125
657 89
372 771
126 62
62 227
549 497
622 560
336 984
742 712
705 164
253 327
674 778
596 963
262 202
162 345
781 339
98 751
324 573
368 280
386 469
72 115
229 140
335 372
571 449
159 794
833 314
40 743
400 199
401 884
482 320
835 754
41 833
79 585
649 429
42 373
193 112
504 652
839 860
319 489
905 749
231 356
980 965
369 416
536 225
365 556
17 305
522 699
320 876
730 548
185 986
875 882
483 336
887 500
35 152
276 318
289 782
318 119
512 612
984 10
786 182
95 925
579 927
183 140
521 587
547 815
171 619
601 39
262 604
556 461
177 304
249 964
787 883
226 194
295 423
62 3
567 737
143 846
502 953
538 350
29 366
298 474
367 16
622 405
108 820
79 542
994 956
547 73
71 92
37 181
704 110
626 717
638 919
997 543
748 280
36 607
290 173
104 805
141 849
105 979
996 873
456 528
365 580
412 167
334 186
902 297
452 530
484 783
7 633
737 928
340 602
755 305
466 193
188 472
541 207
666 833
391 873
704 169
370 489
867 293
439 379
829 884
274 505
412 825
683 896
340 642
134 689
809 684
36 409
975 172
488 121
930 439
67 70
406 203
145 258
552 268
82 641
338 920
914 445
955 155
824 915
869 108
427 76
798 662
56 333
583 264
125 127
312 701
706 719
58 517
835 591
107 402
751 236
662 60
796 342
728 46
392 987
428 886
73 299
456 377
695 645
574 340
709 73
212 412
227 581
452 384
735 609
317 177
687 842
760 689
696 754
275 65
283 622
570 345
378 759
385 92
600 50
19 977
318 688
782 731
639 503
789 994
197 950
645 944
985 93
904 349
87 307
645 172
751 894
213 316
46 367
208 327
771 891
78 390
458 699
735 979
628 381
204 269
597 976
275 352
525 300
94 586
800 336
492 527
950 706
343 430
491 987
941 51
168 520
808 771
712 290
686 746
188 879
521 392
696 599
559 727
211 95
27 759
627 697
474 523
415 178
296 538
923 555
281 286
399 921
720 456
880 790
211 394
110 373
228 275
157 769
418 135
772 911
870 365
440 607
231 655
594 207
558 477
37 576
658 114
313 575
718 566
499 805
414 122
866 424
510 391
884 576
947 703
647 906
55 754
72 249
625 195
807 664
731 121
817 993
466 383
653 129
698 379
384 33
280 738
201 407
742 651
365 387
418 576
604 842
863 200
922 935
666 336
991 821
806 853
400 934
713 515
827 87
581 537
367 241
544 955
114 690
260 399
345 906
319 216
403 31
876 110
574 193
513 564
17 774
927 937
320 15
869 816
68 729
997 792
744 534
726 20
205 129
792 307
847 558
75 737
805 975
920 197
797 896
630 921
981 868
247 501
811 877
568 837
191 712
284 694
68 118
330 557
138 29
43 368
479 365
669 930
481 220
706 91
629 330
49 470
316 646
332 338
745 303
17 482
684 459
810 677
274 667
836 742
218 341
972 533
633 329
197 132
447 173
219 202
856 945
891 412
45 268
856 783
720 805
360 271
723 834
581 436
674 437
397 792
996 177
235 714
6 145
427 517
136 938
673 330
133 181
59 242
520 38
211 556
690 495
590 309
509 837
807 963
876 842
260 729
400 826
432 807
637 222
656 935
226 396
126 57
645 564
905 767
109 541
683 842
518 342
98 99
528 429
759 115
616 668
442 572
702 822
380 653
854 935
67 121
391 330
593 497
455 504
358 590
836 687
914 440
692 489
452 969
950 369
117 867
287 794
645 270
399 727
853 562
777 828
652 892
790 636
499 960
635 800
912 764
798 910
583 902
285 728
260 440
839 249
354 843
600 92
743 832
698 869
238 177
743 93
923 534
144 682
787 249
81 724
665 187
402 418
890 436
231 691
410 783
265 646
493 891
116 354
439 35
399 926
836 639
503 442
369 505
691 388
416 177
545 549
169 74
328 961
147 506
868 987
391 558
638 486
862 819
25 389
830 494
198 532
17 454
937 124
949 476
41 531
661 954
220 218
62 961
433 933
715 777
516 631
978 797
917 723
61 172
185 892
738 82
504 726
723 876
413 914
879 448
585 262
727 955
233 307
306 624
179 317
233 48
685 703
995 900
678 564
99 237
747 823
917 509
828 892
549 475
668 140
759 867
396 285
712 108
488 696
748 320
776 490
221 543
729 67
779 116
706 98
150 182
303 222
38 193
738 870
980 483
421 891
38 503
889 697
375 365
977 74
932 512
920 514
64 647
599 180
457 12
928 987
648 952
790 994
149 109
82 357
369 818
192 118
579 363
183 33
236 919
997 383
290 624
41 751
241 318
567 624
461 932
824 921
257 658
583 562
331 577
109 24
293 90
357 540
686 576
97 373
95 105
611 497
359 385
893 968
624 734
754 114
591 53
818 403
911 244
362 110
759 582
345 975
279 754
637 120
191 188
28 397
497 819
891 744
250 721
179 781
349 494
662 127
360 950
223 978
100 614
223 414
529 835
169 395
888 259
695 775
343 833
2 657
785 917
254 74
955 50
683 751
528 527
845 305
286 623
205 612
903 161
607 491
401 416
794 762
254 483
859 819
789 46
202 722
551 376
458 593
59 651
389 837
914 416
263 6
611 384
806 923
120 3
97 508
248 933
733 454
683 804
393 355
913 84
140 631
571 339
281 372
288 797
674 775
762 657
106 56
967 873
90 710
416 750
453 73
213 27
763 582
222 421
354 783
180 937
408 928
646 214
843 379
812 446
705 165
136 50
776 791
784 299
39 798
6 682
763 707
688 40
667 99
432 918
845 352
572 647
543 486
7 889
174 71
287 272
706 312
293 219
944 417
520 253
95 985
610 397
468 368
65 974
878 748
495 288
474 364
331 221
816 912
478 461
844 807
503 699
94 263
736 701
802 104
902 439
257 169
452 961
990 746
465 965
386 81
285 10
449 109
656 852
595 830
332 721
732 155
246 421
59 562
520 863
303 299
882 618
77 541
21 797
875 544
166 275
329 562
425 340
875 747
4 170
240 64
23 829
774 155
171 40
955 569
224 425
589 611
493 837
28 118
780 129
483 379
370 258
634 367
700 166
719 36
181 953
752 662
769 817
970 488
846 747
598 196
21 828
158 902
501 544
325 330
81 726
564 89
581 649
574 297
844 881
973 114
877 432
2 505
33 966
201 656
727 686
538 324
929 830
586 478
804 27
272 907
44 882
632 820
293 456
235 703
155 860
557 660
11 80
310 176
800 243
18 949
903 89
529 368
747 969
151 818
698 462
421 784
621 328
558 499
988 592
451 473
1000 223
688 578
944 663
76 603
437 872
725 783
653 173
402 241
467 748
263 891
29 194
756 938
189 517
214 239
113 880
413 583
628 794
197 804
802 415
861 59
367 814
82 548
625 337
701 173
330 168
849 887
207 662
310 999
19 754
409 223
133 968
329 322
141 630
988 75
203 623
72 903
97 235
962 246
988 533
427 566
678 524
685 992
783 274
10 865
80 592
758 762
686 256
344 745
477 394
813 966
330 672
709 15
392 201
732 84
356 793
722 683
537 664
148 877
509 647
225 503
642 382
45 867
174 569
481 988
211 638
841 277
264 208
212 323
966 791
184 454
307 142
628 596
987 428
756 855
18 92
265 602
203 92
158 495
452 578
140 100
776 354
47 881
251 137
742 620
730 270
279 381
1 99
432 82
810 280
175 636
205 505
804 136
770 651
394 920
96 171
97 223
850 791
343 161
853 290
866 216
124 548
855 664
76 288
223 284
216 397
757 150
6 542
217 67
431 618
576 525
827 268
337 759
987 739
169 493
77 715
984 809
300 355
466 839
30 542
840 378
388 714
916 116
621 203
24 914
187 833
760 86
220 333
539 380
82 121
22 877
780 181
193 447
619 10
872 386
470 979
955 876
54 87
86 150
482 985
986 182
565 768
922 363
603 671
895 252
56 222
589 553
744 503
195 344
880 338
519 802
228 89
152 435
703 13
138 69
422 231
845 317
485 440
735 205
888 945
101 353
339 427
766 426
651 849
200 950
755 953
473 53
640 399
783 622
13 794
432 760
928 93
227 9
979 159
381 875
644 268
118 458
125 593
649 223
964 131
271 752
692 849
61 645
667 918
441 373
362 840
569 695
872 276
332 217
847 55
174 453
262 638
257 743
709 55
951 624
76 918
497 830
484 145
467 562
684 813
261 600
669 902
299 514
639 130
110 86
450 160
250 579
78 633
886 280
795 414
247 438
162 513
892 345
602 874
995 26
627 771
3 408
967 453
304 834
356 721
979 822
843 816
135 990
412 204
93 190
688 132
881 359
253 124
802 719
774 538
622 455
801 387
764 451
191 612
456 30
927 17
850 403
459 329
31 669
401 551
447 136
691 859
669 717
424 623
818 874
129 675
523 80
44 610
470 284
397 43
537 838
88 880
115 572
448 434
801 480
923 499
155 62
628 378
924 312
760 131
541 18
273 829
170 325
166 314
851 392
505 314
181 26
95 712
751 674
276 571
413 664
69 303
329 865
675 858
877 654
871 455
674 381
104 862
115 383
486 906
771 568
395 977
187 139
885 608
845 555
718 957
388 795
804 499
305 7
185 665
600 569
779 507
760 29
645 240
391 957
893 426
292 813
740 961
115 112
105 200
957 825
942 374
677 411
497 823
684 282
101 401
605 168
743 295
994 601
17 41
125 983
866 314
696 478
187 281
854 689
460 825
999 675
101 161
328 735
757 420
272 145
255 89
61 947
952 220
605 73
786 188
933 997
493 355
46 460
168 561
226 46
764 713
428 938
602 803
797 1000
63 592
976 605
999 425
239 914
416 241
867 14
2 702
976 976
198 316
934 221
876 2
481 400
947 250
418 828
525 461
229 988
288 813
281 621
334 330
323 510
910 886
499 390
233 849
964 38
29 293
176 779
854 234
11 54
536 460
235 651
54 208
31 989
982 307
452 377
843 347
585 638
202 83
869 731
693 892
699 929
859 423
85 109
14 91
886 664
667 517
527 527
782 275
259 610
811 792
122 697
550 644
330 386
156 761
585 517
56 47
341 201
79 952
428 107
804 877
988 830
141 55
532 798
115 206
433 236
430 142
794 965
599 133
141 147
125 159
832 146
761 962
136 412
609 274
581 870
248 758
812 425
940 665
148 354
767 514
458 554
936 780
165 702
935 711
274 528
180 93
993 236
328 814
318 452
762 396
137 853
219 440
518 648
234 627
822 841
242 742
108 107
527 314
849 939
781 745
937 849
249 579
972 834
717 482
150 544
264 695
447 568
436 74
355 875
799 542
858 254
426 378
481 130
365 601
544 428
953 139
459 390
516 706
441 540
465 934
320 576
381 425
14 247
331 100
457 146
129 448
657 446
265 462
265 436
729 192
377 401
163 501
695 591
718 537
41 699
475 866
924 821
632 908
313 163
945 494
978 214
354 411
314 987
990 579
386 763
795 927
381 483
724 112
741 949
886 672
531 349
891 303
995 22
298 48
365 323
932 545
302 373
153 847
445 555
809 967
670 582
540 102
138 721
675 211
949 967
740 223
287 364
769 92
540 891
666 35
940 479
366 900
155 722
806 986
250 697
43 324
332 165
611 782
138 275
936 862
104 685
352 583
869 360
566 377
135 788
448 239
349 575
783 831
435 770
306 454
537 682
435 18
772 600
904 990
260 354
395 89
229 56
587 663
86 423
761 934
700 401
84 851
856 52
453 875
925 343
235 370
779 472
841 335
343 752
171 470
865 564
525 445
44 606
268 111
809 83
226 572
52 723
286 15
30 572
778 654
593 543
196 574
711 633
685 381
372 444
397 590
471 427
965 16
365 809
379 431
486 547
98 954
302 897
471 499
413 449
205 2
440 20
114 723
462 96
296 51
579 924
637 502
952 663
659 516
369 73
616 104
206 167
447 304
194 948
390 648
815 787
766 511
368 534
158 391
126 346
448 313
956 512
603 791
171 526
455 97
591 204
604 865
263 896
851 246
449 370
243 357
731 912
966 787
587 115
489 460
337 289
391 64
640 553
727 608
760 82
674 301
55 644
542 522
579 533
301 5
521 749
534 850
402 378
139 120
713 893
994 194
830 404
173 126
246 630
370 450
872 266
587 50
233 160
94 131
289 582
414 772
732 732
96 167
859 552
23 397
296 243
193 207
173 595
136 38
766 543
754 67
82 534
218 783
526 144
140 653
634 283
68 539
546 951
592 949
734 475
730 226
634 30
279 573
831 246
458 269
152 685
553 981
398 238
319 53
573 653
41 655
324 932
537 67
657 927
150 659
491 849
898 239
422 284
123 379
146 998
514 908
317 486
599 423
796 355
419 426
470 61
164 545
17 322
725 834
947 715
811 65
738 828
409 21
580 951
949 889
945 786
664 692
803 92
602 721
221 108
845 256
33 146
653 651
600 756
518 34
687 619
702 312
740 35
358 347
813 190
637 616
345 914
357 244
276 390
796 812
696 929
901 494
263 779
588 694
778 402
742 714
469 247
366 766
768 510
465 601
847 34
323 150
755 182
984 204
920 941
844 423
21 659
195 516
671 889
922 953
581 253
716 427
221 71
646 269
374 286
387 848
276 33
472 717
520 615
729 341
669 759
979 978
916 424
136 827
89 683
54 836
83 188
488 459
928 444
11 852
567 770
746 726
284 781
979 668
623 796
752 486
229 78
71 109
190 322
834 682
949 865
240 423
684 519
898 212
797 221
567 92
961 210
912 813
997 613
332 372
664 397
334 567
343 673
506 305
858 208
12 449
732 307
216 483
902 742
411 437
988 803
977 220
814 486
708 101
561 266
276 956
268 338
466 712
539 505
395 324
656 763
547 472
93 921
367 567
827 713
122 439
70 324
737 523
46 239
495 860
207 794
474 940
946 948
732 537
258 556
122 129
944 538
777 832
688 52
692 603
329 129
975 112
985 434
599 660
927 396
640 676
999 175
574 364
890 618
828 363
875 980
168 261
227 237
644 232
221 443
887 983
75 517
618 210
847 52
500 60
331 581
895 404
130 1000
312 12
412 284
802 5
166 345
28 361
927 828
351 192
125 78
905 228
222 205
604 956
79 106
767 381
193 282
556 356
246 21
81 469
841 418
487 184
27 505
998 366
759 791
263 240
991 534
600 49
916 98
508 183
738 69
400 342
81 987
607 236
597 655
119 134
415 213
266 306
579 862
54 803
104 455
933 193
843 753
814 462
284 587
314 793
14 740
776 639
27 641
73 237
687 517
260 95
256 852
244 533
589 455
845 385
244 299
642 114
753 97
546 763
374 240
807 484
197 287
933 296
960 971
145 590
754 703
712 81
196 367
675 968
881 76
314 902
393 867
973 819
290 174
213 25
586 729
81 391
47 758
985 634
671 658
335 415
920 981
801 571
697 158
593 795
119 901
821 68
673 879
151 164
517 70
493 399
873 726
978 827
978 721
692 852
864 892
332 249
632 520
569 733
553 242
693 39
88 827
350 722
44 920
982 742
938 283
604 165
602 280
185 327
592 489
820 774
948 171
607 434
82 7
87 423
811 554
767 418
586 229
686 72
336 109
668 903
49 756
801 123
453 182
983 978
264 21
515 249
786 230
608 540
959 962
299 185
383 302
104 78
695 699
59 311
303 598
568 698
899 601
429 66
890 192
162 455
218 894
176 667
466 477
239 79
37 961
486 764
678 742
631 907
599 749
40 934
696 244
483 340
855 419
710 265
482 719
140 115
638 474
939 462
300 681
404 201
886 653
662 615
351 899
852 359
104 108
74 293
276 733
243 326
133 904
118 392
804 642
916 600
213 195
324 553
496 137
104 916
530 997
365 410
434 212
455 484
764 263
706 948
561 467
474 57
637 738
892 599
544 113
235 189
526 320
732 269
47 845
770 559
823 25
251 614
295 913
144 889
834 958
857 900
153 118
23 124
600 505
137 287
870 44
320 690
593 577
386 712
512 13
90 698
63 177
486 746
454 898
632 470
339 825
798 403
251 180
43 472
5 915
515 967
503 52
235 935
815 719
462 196
403 930
865 901
977 454
296 198
632 240
438 996
277 225
922 691
352 631
324 115
700 658
652 39
114 991
820 861
830 641
449 9
841 891
549 601
21 223
264 562
668 466
259 546
386 509
379 300
654 134
172 615
253 797
763 335
63 263
451 315
936 999
1 293
976 200
824 541
140 844
470 686
835 776
181 728
113 445
803 404
71 497
50 83
57 156
241 536
415 476
601 809
996 281
464 714
90 513
266 161
220 597
435 371
635 474
638 726
874 898
337 997
170 768
63 304
695 79
324 665
80 316
365 791
795 159
430 247
374 223
401 598
799 467
854 24
822 49
845 404
342 914
470 510
471 740
33 460
903 863
78 650
452 969
7 790
507 674
521 884
629 664
199 635
861 253
279 757
651 356
202 635
100 367
400 487
535 796
986 409
505 163
998 387
66 954
687 997
710 617
443 897
582 103
907 944
988 923
870 83
514 851
798 778
484 80
617 305
961 656
449 14
398 763
141 517
43 423
54 652
588 13
467 743
409 425
197 997
958 741
763 257
52 182
56 890
854 590
496 763
909 169
799 211
573 944
353 367
477 121
307 835
883 676
209 941
870 287
790 226
562 780
263 503
744 222
696 217
227 471
53 685
683 517
706 817
102 841
708 593
714 806
198 931
693 128
389 747
413 898
212 512
208 254
41 421
502 626
918 345
433 285
305 511
484 862
180 727
345 774
614 499
905 368
855 99
225 456
520 401
95 193
753 390
801 94
801 195
838 42
419 401
154 320
219 298
559 299
660 677
999 527
45 622
123 591
247 931
463 604
337 272
619 405
61 180
643 817
312 690
872 750
405 81
950 374
683 765
60 925
267 811
487 236
115 953
86 201
317 795
303 677
744 583
617 324
278 379
1000 25
949 865
637 167
614 842
483 193
73 264
11 187
383 178
153 134
206 444
116 736
137 172
10 298
70 870
530 920
454 953
440 36
656 480
788 788
430 690
595 912
62 659
173 381
58 865
821 788
953 447
285 979
188 893
823 499
425 654
540 816
644 472
577 357
505 472
453 125
739 187
765 371
73 750
441 435
803 120
260 246
161 723
871 818
452 374
382 696
627 733
321 388
464 351
413 97
889 824
289 266
287 405
770 378
722 954
935 677
682 727
549 309
464 838
612 38
843 695
504 449
924 749
681 917
194 127
43 657
582 688
223 700
345 910
160 750
97 470
471 940
424 519
704 55
725 931
739 285
928 545
587 159
442 589
994 570
675 871
99 110
338 584
215 250
41 720
761 702
695 155
618 751
276 191
141 462
912 775
892 729
860 603
1 625
463 782
86 739
954 263
862 119
581 480
361 52
552 234
740 466
930 735
263 302
230 39
357 882
825 652
119 410
918 717
817 64
994 455
20 120
303 151
890 813
29 273
134 634
493 732
145 130
588 4
262 617
910 335
847 985
681 88
973 22
973 608
620 970
955 255
20 394
299 191
833 998
716 386
68 453
360 951
489 215
949 513
391 209
677 120
899 997
55 798
981 495
620 642
752 673
890 609
798 752
645 344
11 908
977 787
821 4
561 738
187 504
851 574
139 261
578 944
785 949
291 147
151 748
552 653
543 308
576 834
675 570
213 481
350 286
708 173
825 423
865 61
327 165
248 652
400 621
381 985
402 865
469 937
995 117
347 968
393 707
380 84
290 120
667 794
388 669
934 30
862 414
294 152
629 358
571 10
200 146
366 35
421 929
94 238
722 379
652 300
524 743
990 494
715 195
591 604
220 295
469 520
302 594
634 355
446 716
813 184
203 306
822 380
490 926
413 125
811 205
155 599
10 943
7 8
855 401
202 885
486 374
187 875
440 954
77 567
200 134
508 390
823 775
900 958
97 199
538 131
294 619
896 11
994 619
613 618
493 716
131 631
419 841
312 989
148 598
101 83
253 476
226 669
582 833
40 664
331 836
621 394
107 133
892 767
668 843
746 693
29 724
434 137
186 433
898 520
355 606
292 824
13 223
646 435
439 854
482 451
719 174
623 672
107 347
910 900
8 231
157 560
671 183
976 900
555 660
835 491
684 459
465 652
758 805
448 170
715 568
835 893
117 996
343 704
413 350
454 408
943 368
991 723
27 503
308 71
310 284
442 446
95 356
580 73
626 656
617 786
920 470
858 936
109 702
837 111
785 421
28 349
536 29
375 799
906 211
310 378
579 760
127 58
308 521
206 46
776 143
40 345
816 296
663 947
56 580
521 175
663 208
937 530
347 311
645 994
59 156
110 173
259 49
139 869
940 443
134 891
713 163
973 713
786 982
634 855
405 806
284 110
400 616
524 432
65 940
689 30
878 928
780 352
501 517
365 633
477 544
356 649
195 2
568 425
71 425
908 562
908 229
469 774
747 172
573 294
344 614
723 794
588 297
897 76
665 310
245 694
369 994
432 366
648 686
826 945
565 856
156 574
813 912
684 431
888 12
157 595
554 420
676 951
635 998
492 968
336 307
907 106
224 480
419 892
311 30
530 314
518 347
250 850
521 495
937 559
272 360
666 386
286 790
427 187
253 631
461 732
169 908
751 855
248 691
395 283
952 267
696 427
753 771
622 926
471 963
61 256
209 976
6 856
293 741
864 600
258 149
669 241
948 642
394 924
43 833
443 121
196 404
948 988
470 38
849 499
791 458
631 401
669 325
64 159
477 336
500 206
184 367
826 181
129 364
955 945
952 516
216 792
34 616
743 981
358 870
178 848
273 614
927 91
211 406
361 870
64 943
749 43
665 773
310 602
224 58
642 247
687 939
643 583
738 658
591 823
64 66
769 741
910 535
5 580
596 827
687 661
950 458
757 841
636 55
281 111
954 388
712 332
681 55
213 942
916 407
247 505
516 755
494 314
429 419
314 334
646 453
196 852
941 113
51 343
337 246
721 269
470 571
716 794
461 638
381 990
641 905
836 99
42 936
362 120
398 636
693 952
139 27
176 36
623 21
416 125
856 121
536 755
716 654
470 953
579 162
780 422
527 799
615 197
387 913
500 998
625 193
342 155
930 717
897 732
875 285
59 51
538 504
565 153
429 965
502 471
219 426
840 390
264 673
785 855
718 510
452 764
375 946
117 437
364 627
161 572
361 937
84 498
326 51
536 831
352 328
916 998
829 599
939 174
884 63
257 970
747 335
34 154
23 544
11 448
824 709
847 148
25 546
587 545
436 682
226 765
765 256
297 997
386 871
300 550
977 394
832 661
2 717
271 657
865 161
287 59
685 548
163 613
20 183
968 384
725 934
665 748
684 116
932 164
305 564
571 783
241 129
516 225
892 375
82 759
477 23
929 111
118 631
317 70
929 688
700 815
559 414
727 459
725 972
806 492
210 325
353 112
971 156
831 124
624 277
187 303
788 137
626 330
112 718
702 951
792 765
566 551
28 507
628 250
33 536
525 523
838 203
789 74
496 659
736 576
846 911
954 134
501 24
176 734
509 914
661 544
922 903
886 367
916 907
110 666
415 217
379 427
716 164
511 563
966 311
607 292
574 118
200 21
488 963
197 554
156 122
290 922
221 180
541 791
205 32
959 17
223 798
231 436
148 138
839 533
79 87
669 168
721 609
475 749
101 698
720 39
765 878
333 588
483 31
185 832
297 849
358 953
618 631
105 68
718 388
157 439
890 723
17 493
38 224
926 893
485 821
114 35
136 902
503 526
131 389
556 104
247 534
3 898
935 884
