10000 1000
642 165
779 995
114 425
287 84
779 842
45 644
886 686
135 412
521 992
262 986
863 536
390 271
741 993
943 896
526 522
950 582
760 342
433 373
693 548
87 728
595 863
278 939
701 662
99 96
79 917
286 507
917 651
571 630
341 634
97 958
128 923
335 276
693 479
82 700
815 846
417 505
930 396
954 383
281 975
249 816
595 931
584 720
58 326
497 273
659 532
478 648
656 692
794 958
241 992
950 839
742 281
397 230
511 50
735 368
877 856
730 980
766 488
92 346
476 809
523 712
414 590
237 622
350 325
984 604
802 114
843 143
596 205
739 176
282 343
992 580
734 738
525 117
246 974
259 559
901 476
518 212
129 391
878 465
347 718
376 367
18 412
627 546
656 568
188 477
291 446
330 741
517 419
202 33
229 740
980 937
908 936
468 852
953 58
482 808
638 584
2 29
200 670
813 354
122 68
910 871
291 428
974 18
843 709
337 778
546 971
623 647
250 540
140 280
688 180
96 3
727 234
279 185
884 729
241 862
827 360
20 877
801 306
37 603
911 143
667 768
278 233
844 169
909 632
366 120
205 351
784 162
318 236
782 808
591 756
568 959
770 972
459 664
813 441
566 280
810 785
887 25
431 984
716 784
647 501
706 109
384 26
514 934
243 447
15 979
696 63
393 379
935 985
860 471
951 184
426 442
122 236
301 591
303 247
670 570
344 569
441 525
889 93
134 861
103 361
586 67
775 346
572 92
162 470
280 833
392 944
943 656
545 391
61 481
197 255
202 153
878 118
322 91
169 424
597 889
233 92
567 231
828 221
609 985
292 27
742 281
590 23
927 338
342 746
848 623
346 46
128 621
939 827
453 956
79 268
326 26
609 568
831 376
255 313
113 83
611 888
167 292
243 511
953 849
554 941
965 218
228 686
937 756
814 913
171 721
619 248
241 30
440 931
809 316
505 253
842 136
649 893
49 316
991 415
710 531
771 465
612 112
925 406
468 168
383 982
890 499
614 228
407 487
253 655
733 405
889 929
622 66
254 235
150 104
792 495
980 58
667 885
677 843
36 983
513 1000
878 356
148 993
422 313
702 732
711 467
812 994
583 334
933 16
432 705
909 904
984 792
629 189
81 353
81 58
674 23
505 732
444 498
352 971
901 829
416 910
353 903
901 828
444 499
765 595
33 664
926 12
30 225
496 901
878 541
311 598
197 680
978 773
744 209
239 730
643 434
173 547
176 595
808 977
647 200
464 33
288 854
58 405
707 274
677 625
256 978
119 662
351 481
758 865
130 863
704 117
270 31
443 733
414 320
957 675
640 677
565 260
901 429
480 362
517 963
269 529
985 799
433 266
736 355
916 322
562 206
146 908
376 989
988 771
970 893
916 185
687 882
828 643
953 972
1000 651
726 445
727 85
64 596
238 194
86 428
85 456
889 285
72 343
128 154
967 877
532 290
158 196
692 688
750 727
91 747
122 600
301 286
131 805
86 865
717 990
643 838
775 889
902 37
847 487
518 624
916 132
605 392
146 634
544 830
98 983
499 907
343 826
530 640
753 218
769 631
926 151
925 504
540 231
545 748
65 354
218 951
483 783
11 37
96 237
386 748
8 26
377 610
645 40
406 531
898 523
155 836
913 372
39 267
531 537
515 412
237 522
421 13
381 342
592 811
353 388
875 307
368 195
166 306
447 58
448 925
229 352
203 538
815 189
502 389
725 623
954 509
851 967
230 884
97 305
700 698
228 136
257 498
914 927
184 435
170 537
1000 296
338 745
650 305
663 163
292 968
617 866
384 525
771 375
781 795
111 217
909 392
897 679
646 345
39 928
297 347
983 339
990 619
937 455
806 583
217 405
128 707
510 928
524 726
46 508
83 186
736 365
365 239
136 963
729 424
614 308
265 812
383 330
643 902
299 617
209 390
693 682
602 127
967 939
119 854
211 861
750 481
394 245
931 614
753 699
34 119
792 574
30 77
657 677
406 738
319 431
666 221
676 205
242 26
17 891
295 992
762 274
648 265
295 353
127 941
853 599
562 135
147 515
746 926
502 789
39 566
5 874
554 813
301 659
713 150
982 798
806 601
876 748
569 657
7 898
890 484
219 64
223 247
521 93
180 416
172 792
646 786
749 952
983 540
200 182
814 546
237 398
156 35
319 922
39 529
208 262
690 828
147 133
107 887
769 130
748 282
605 296
260 566
504 891
571 708
333 133
913 447
574 594
623 157
389 596
276 577
676 671
9 740
694 990
534 128
91 333
163 284
368 932
375 11
933 171
389 52
717 480
138 843
705 786
617 759
125 506
375 490
66 693
30 484
419 395
46 673
152 611
256 406
901 277
722 112
956 214
333 845
351 472
186 400
687 399
121 25
144 669
472 787
834 846
978 381
290 765
461 730
374 254
171 840
285 722
346 789
301 870
220 573
731 579
168 229
303 808
839 252
21 507
719 124
189 292
4 893
803 667
218 259
399 637
276 419
823 842
504 50
913 810
657 46
337 643
292 35
185 341
563 639
699 662
453 190
849 926
340 846
622 125
997 148
107 320
164 54
483 256
525 791
30 530
452 767
66 640
134 184
461 94
182 826
901 726
753 447
360 869
506 832
444 99
511 134
480 799
953 762
937 705
936 173
431 782
741 808
277 952
775 286
460 915
527 469
488 297
267 417
81 607
622 105
892 710
70 984
432 771
110 493
314 47
578 467
1 831
949 858
2 901
750 972
869 21
558 721
94 753
588 803
669 814
129 835
342 765
981 562
714 515
8 633
380 657
793 450
677 724
851 820
697 950
707 98
104 411
427 965
510 413
50 582
603 553
194 421
731 768
857 845
238 415
304 797
42 527
167 496
724 77
7 374
931 659
982 833
725 21
591 425
88 349
655 889
155 432
81 935
82 951
195 511
501 503
567 33
249 977
179 375
309 787
993 320
879 4
192 56
941 924
809 357
820 594
603 587
509 580
887 713
35 675
948 458
830 836
548 22
130 976
21 758
945 604
514 915
589 114
576 535
895 399
33 826
179 451
284 263
889 244
667 724
398 483
387 750
929 365
792 802
838 283
750 429
758 554
441 854
573 612
638 62
691 390
720 415
852 680
876 154
984 304
301 223
3 63
936 801
246 474
201 647
852 258
293 141
310 764
774 145
832 138
434 86
546 345
220 380
327 273
434 742
673 328
117 498
723 63
196 69
110 779
625 973
589 157
506 773
264 3
505 556
461 565
965 566
490 416
623 313
469 615
94 338
812 53
867 742
501 60
782 441
719 265
871 922
543 909
285 261
61 750
963 448
60 92
622 790
21 204
752 503
900 128
472 678
226 837
624 346
385 981
838 853
427 99
763 240
124 705
167 101
355 924
979 427
293 551
405 854
778 268
696 205
230 430
241 346
489 763
883 301
632 474
532 506
538 617
246 158
555 505
719 494
180 384
905 592
761 222
250 871
250 912
597 115
698 841
968 567
571 604
124 538
161 19
632 638
554 811
559 628
620 557
685 326
335 799
661 100
47 257
494 576
403 713
337 506
97 423
349 988
800 257
188 294
516 137
203 259
53 146
566 667
432 22
777 583
141 531
960 344
679 729
304 937
15 902
139 32
746 402
801 793
494 691
417 971
513 618
20 769
362 365
339 386
230 395
252 545
980 107
929 909
849 125
368 890
77 671
612 551
212 881
298 71
103 817
45 656
512 825
99 102
769 836
118 385
878 940
101 458
326 327
144 482
846 645
502 564
990 580
779 750
306 124
218 868
250 700
400 61
578 451
297 212
587 855
360 208
656 850
260 404
650 327
661 80
381 546
59 958
352 885
439 790
49 52
40 386
863 530
280 275
990 881
509 586
671 111
432 183
589 83
233 294
504 332
385 733
414 978
326 120
893 963
603 261
739 848
621 504
726 965
943 768
236 92
135 280
165 659
351 303
155 161
261 289
985 693
307 851
329 591
391 498
349 357
692 21
239 704
136 639
448 500
636 550
869 947
375 247
181 67
419 503
565 291
574 963
660 570
171 265
855 721
975 429
446 683
700 5
821 404
561 357
228 639
935 556
640 183
878 437
903 863
966 623
328 82
574 270
473 716
833 432
439 646
12 360
882 382
66 206
509 77
528 348
154 63
801 491
661 446
394 124
356 624
895 464
733 540
989 353
248 345
414 30
33 800
408 707
95 853
958 470
152 849
485 812
35 539
496 290
44 810
437 884
379 101
510 913
29 395
73 420
506 35
345 85
661 6
18 606
136 96
128 199
589 706
449 363
102 531
198 433
301 58
959 179
29 230
452 690
127 519
596 880
838 138
946 508
908 352
339 802
274 607
537 808
836 88
347 163
674 439
899 632
873 783
670 355
432 355
24 387
676 846
933 732
796 868
865 363
205 334
705 270
807 35
160 458
382 529
619 403
978 600
853 895
255 599
692 827
462 621
194 661
938 722
501 512
172 139
31 371
472 497
470 290
742 634
21 291
177 319
266 867
923 253
902 687
463 692
928 795
102 963
410 670
3 346
626 804
63 486
747 835
173 944
369 942
335 598
512 589
343 345
862 459
135 182
333 23
754 77
298 332
456 797
377 256
934 510
750 809
492 13
365 971
677 211
83 299
746 495
738 280
487 15
257 140
197 347
602 567
223 507
59 748
941 83
165 355
507 614
656 365
931 184
61 83
95 139
266 840
688 355
610 34
354 74
834 661
293 589
526 128
910 476
329 677
867 894
280 685
915 363
128 802
788 752
52 84
699 87
360 373
752 300
720 109
575 177
290 294
864 194
831 816
639 994
342 263
5 973
546 568
685 500
103 352
840 260
800 781
633 751
540 658
634 889
789 727
822 244
424 431
356 20
919 89
362 308
778 632
152 416
321 3
489 593
804 781
581 236
916 534
66 443
207 16
790 514
783 435
255 635
548 969
723 267
501 330
976 955
627 66
189 935
119 30
215 90
647 475
518 353
373 239
453 643
399 662
485 704
728 486
450 551
350 251
260 925
850 972
888 533
387 620
437 595
731 722
568 976
72 441
608 649
485 809
642 128
278 612
622 297
391 962
616 502
542 13
336 876
581 406
482 156
977 22
359 747
205 438
171 946
688 927
5 678
682 707
409 17
427 970
865 527
301 862
608 346
21 280
246 47
822 376
863 551
261 793
955 679
670 362
464 840
70 966
811 319
7 165
739 886
919 337
478 402
217 522
850 739
698 938
246 407
509 26
558 22
136 227
714 647
5 150
551 290
690 485
116 525
161 311
807 472
392 904
598 672
154 942
214 303
205 285
856 466
378 420
759 378
121 510
971 652
26 802
104 537
196 428
704 191
145 890
461 13
504 383
272 19
859 931
437 744
63 472
388 386
350 807
290 570
856 50
718 301
261 447
604 180
325 59
581 204
848 460
325 207
190 542
44 514
681 488
958 869
558 404
35 982
760 210
815 798
549 509
459 562
295 244
386 739
867 683
261 695
45 272
96 454
523 606
11 557
30 741
833 422
372 792
972 574
264 189
911 742
56 329
155 179
630 777
187 607
256 602
15 445
361 507
149 440
21 750
731 965
353 826
599 276
352 659
447 171
487 297
185 451
954 773
444 657
76 951
229 38
444 539
4 256
466 382
900 551
70 798
382 632
466 864
182 542
227 128
965 740
724 620
341 420
162 321
184 235
577 477
154 410
413 243
898 239
842 186
669 722
902 902
635 832
809 702
600 572
660 508
924 873
423 168
684 617
480 189
831 193
595 411
217 330
13 555
835 18
376 830
689 841
147 759
451 13
983 212
804 518
954 649
38 186
888 612
829 738
653 610
583 747
788 729
98 599
619 580
822 241
309 963
775 85
735 576
4 805
35 490
651 517
584 702
739 240
679 617
336 856
384 655
658 458
691 8
750 151
704 453
996 917
799 943
871 596
152 473
648 314
45 929
180 791
467 195
9 194
997 990
805 914
17 140
679 933
528 902
820 972
666 631
331 213
184 908
217 936
361 706
694 243
69 440
319 46
685 168
594 656
193 11
220 392
784 410
366 876
884 533
580 686
251 472
901 113
999 353
206 408
799 388
591 464
676 967
388 666
501 678
653 930
707 416
126 682
686 96
712 191
286 541
622 779
426 938
561 626
93 759
493 805
876 886
449 682
921 918
667 57
475 500
930 257
364 45
410 505
785 238
4 375
918 12
83 917
935 20
383 286
704 436
222 806
191 976
750 743
940 670
53 253
167 154
17 355
442 715
832 692
83 404
970 475
548 268
210 82
539 622
128 95
714 218
321 643
512 906
22 89
622 654
265 349
818 1
835 738
7 849
337 395
228 938
938 555
409 164
859 5
525 217
563 653
410 24
895 124
823 997
767 344
661 934
71 857
891 471
527 798
427 687
764 934
690 369
868 495
483 420
102 715
813 444
704 182
33 190
439 753
853 944
139 370
755 439
543 538
298 62
333 677
692 238
705 294
967 976
905 864
701 861
35 782
851 183
367 932
21 37
577 195
985 195
249 113
695 575
898 591
768 477
318 193
52 220
40 90
674 359
744 933
476 110
987 901
824 194
825 374
312 4
565 129
123 646
921 580
282 832
943 888
771 453
161 593
586 379
385 466
275 959
58 566
97 303
477 352
515 158
389 388
209 683
948 915
355 842
59 451
858 225
558 965
597 540
14 582
390 827
13 806
227 671
237 388
885 256
714 167
212 345
27 302
785 906
989 642
474 182
144 79
841 947
480 503
574 180
877 22
617 690
315 39
144 231
451 805
511 593
40 59
755 253
635 877
630 114
160 292
591 938
327 183
175 676
523 124
748 285
278 891
601 986
971 563
932 631
739 267
760 579
425 971
65 58
750 472
162 826
445 499
202 598
416 715
258 582
841 502
753 845
2 356
512 274
494 69
647 415
205 501
38 725
20 191
796 750
179 815
908 322
493 575
939 163
907 131
132 768
617 933
996 6
128 665
694 10
411 578
823 24
410 924
19 839
849 7
143 723
34 731
437 362
399 342
115 56
169 559
284 323
204 487
517 759
408 579
833 106
562 483
190 313
457 982
142 930
505 268
375 336
891 426
627 563
483 362
513 357
329 656
626 245
513 150
748 280
795 993
363 523
899 201
371 794
770 301
407 261
539 165
437 517
359 662
744 524
225 170
877 514
43 653
974 624
208 89
146 441
759 563
851 340
926 947
758 156
405 400
479 568
215 826
346 907
997 486
451 581
906 918
119 192
255 670
297 675
137 192
950 19
278 33
969 437
396 698
120 206
914 216
981 835
357 12
909 841
253 699
308 350
885 671
840 886
918 676
122 231
852 820
104 85
784 108
861 519
964 436
544 192
954 771
585 263
654 497
143 327
727 212
492 848
74 203
431 620
111 502
705 42
34 820
257 951
707 602
320 520
518 291
430 418
148 195
435 978
433 547
246 509
116 744
410 929
1 236
316 258
970 732
662 822
738 408
319 729
825 862
33 82
243 822
338 732
56 375
651 318
246 633
892 692
458 394
246 971
115 906
375 609
135 134
434 979
644 112
740 260
249 645
896 749
466 574
740 47
895 904
186 211
485 484
496 899
51 647
464 302
567 403
497 760
215 332
932 911
184 525
200 439
851 752
510 655
147 537
621 346
872 4
359 399
502 338
915 2
943 41
129 392
37 33
961 431
225 719
988 332
471 493
513 322
487 136
34 546
598 57
996 677
171 357
59 108
898 213
643 649
340 727
192 643
797 427
415 86
853 902
195 664
416 242
1 270
214 756
964 973
731 637
57 441
592 522
940 441
552 588
938 560
708 345
661 454
1000 577
259 494
996 809
71 302
219 76
559 521
751 685
420 152
939 814
405 381
64 156
300 302
721 720
95 376
398 375
904 490
85 859
710 509
716 641
418 147
273 849
339 109
682 801
138 787
845 682
599 121
625 985
298 572
491 744
946 208
627 66
354 189
164 2
79 310
799 189
819 449
568 171
893 729
568 786
583 295
569 619
903 997
493 403
270 738
688 859
316 777
849 185
418 257
957 749
214 582
620 429
987 239
178 929
806 342
127 231
426 435
544 800
485 737
796 681
201 968
927 708
716 737
50 428
424 341
673 676
35 423
924 457
80 757
174 11
349 115
217 512
211 79
561 954
241 558
332 404
34 342
176 40
674 810
301 868
956 489
903 136
87 511
901 353
692 843
389 114
34 87
782 638
443 500
916 583
420 195
655 466
857 732
732 977
110 11
779 623
695 734
87 800
641 921
569 398
479 490
582 261
454 157
868 568
729 616
489 825
117 392
668 125
854 515
642 206
689 436
714 399
304 235
625 924
169 810
559 7
655 697
833 764
703 698
709 710
765 581
488 127
813 606
747 740
554 154
2 151
178 670
252 60
839 712
790 412
304 996
768 469
590 672
670 47
423 176
728 784
7 99
426 201
642 243
349 504
619 865
92 68
81 184
568 108
380 629
101 760
28 597
227 238
939 335
637 247
662 942
733 407
903 88
310 312
918 273
113 103
795 905
73 574
198 10
886 369
776 547
886 225
735 840
359 140
150 975
735 506
874 268
92 250
246 102
660 35
872 1000
823 131
394 921
176 748
426 500
295 298
338 33
409 86
984 50
807 70
663 383
731 186
893 834
686 33
107 884
949 506
672 54
431 595
782 577
385 118
171 743
314 151
746 487
71 751
632 445
504 900
311 367
593 935
30 577
394 60
878 34
856 765
239 221
290 344
361 73
628 452
171 41
479 328
272 645
287 733
893 567
20 7
21 375
329 79
101 144
952 812
352 72
293 181
171 132
742 952
906 90
233 959
530 940
638 54
845 652
969 22
513 171
178 301
905 1000
260 140
794 999
545 471
887 183
588 145
422 771
861 989
969 266
993 342
526 16
800 640
208 67
381 564
475 574
410 264
387 977
217 285
966 671
228 959
749 566
541 753
184 275
519 670
647 227
611 737
777 755
180 934
65 170
268 687
324 458
60 760
972 362
584 682
64 198
481 884
554 861
601 877
311 482
274 468
83 661
184 425
282 807
786 481
776 841
893 493
842 861
177 379
459 851
298 516
376 478
856 340
532 781
327 758
941 546
96 885
589 326
958 740
994 675
122 263
254 177
112 272
879 282
544 483
720 789
677 378
415 950
809 657
709 324
151 731
889 171
680 163
29 104
943 4
847 80
341 226
466 64
509 999
394 870
753 471
380 991
299 500
771 599
973 466
556 356
274 636
819 643
426 765
964 578
490 576
987 276
458 937
356 185
77 458
188 682
404 207
565 489
804 674
102 39
67 608
897 789
351 473
356 52
39 52
360 708
879 153
229 929
201 581
372 929
263 249
307 767
58 212
5 643
374 900
207 104
179 953
205 77
806 723
451 573
326 718
643 239
975 821
37 110
234 141
763 137
307 261
305 308
842 780
995 734
683 795
767 786
454 343
886 366
519 633
520 478
735 613
541 418
689 710
444 963
886 864
184 714
785 437
245 314
284 289
248 849
122 102
677 547
538 465
278 231
274 851
331 328
218 848
20 653
157 627
177 585
508 809
755 723
562 289
16 487
544 139
554 52
171 350
921 213
281 679
437 864
624 617
772 841
559 496
586 280
355 413
620 463
340 933
140 349
157 754
328 445
7 288
523 128
326 545
179 383
971 162
977 545
112 516
4 83
999 948
214 3
420 971
485 213
262 502
956 702
434 615
615 979
288 986
898 267
180 857
251 681
830 265
356 243
42 667
106 502
81 595
736 535
47 700
957 371
491 219
873 688
425 1000
948 602
147 960
896 23
116 133
962 795
564 276
221 621
255 358
334 400
142 336
865 875
724 835
675 898
113 492
758 362
699 685
432 576
40 330
36 283
246 261
999 894
884 915
732 895
878 85
729 819
124 472
544 551
491 469
159 56
459 417
136 85
279 22
481 879
608 209
214 8
114 770
762 89
670 975
241 650
151 913
570 94
885 93
245 148
453 276
209 911
198 99
297 583
389 916
393 86
858 595
438 868
753 83
204 644
90 119
173 189
354 184
617 849
160 829
264 833
920 175
18 991
259 561
71 946
181 270
656 22
230 722
196 865
578 464
51 759
193 43
271 847
87 117
638 13
669 227
826 574
254 878
200 870
651 331
101 197
528 140
356 357
381 974
353 998
709 289
929 27
986 659
895 611
207 285
321 416
485 564
897 155
207 641
222 990
413 306
824 336
629 119
559 437
837 5
316 812
835 990
893 175
261 736
950 830
409 42
267 572
662 682
304 793
201 769
969 166
426 868
97 252
124 829
271 93
632 417
509 265
874 976
824 763
555 752
803 138
277 458
811 953
858 635
244 94
94 381
738 262
8 739
465 520
493 592
647 54
885 785
308 807
164 638
377 216
602 517
190 94
84 95
169 797
841 482
582 580
141 349
186 583
185 407
511 900
545 16
12 110
13 949
554 621
97 633
776 212
300 839
495 506
29 209
606 626
489 596
303 635
302 497
704 56
516 46
836 144
543 667
824 423
510 150
886 308
687 423
989 489
825 708
846 303
416 870
17 415
804 483
774 881
314 802
757 769
922 386
158 549
935 483
50 392
690 139
208 659
104 306
944 6
55 446
76 603
301 760
330 556
89 149
803 472
120 359
335 970
593 594
271 722
849 711
546 514
160 644
584 561
187 321
818 180
336 188
8 320
332 230
89 698
648 813
879 879
648 112
984 468
187 486
150 887
678 751
944 83
209 465
63 177
680 212
330 866
619 671
234 205
182 913
863 527
930 944
737 94
154 773
847 821
183 566
804 980
573 323
725 685
956 610
908 552
487 84
248 199
232 773
115 123
490 487
186 565
502 856
641 758
951 207
333 32
382 379
983 858
358 428
768 375
592 864
439 264
297 928
581 718
872 936
554 993
824 706
652 627
916 556
39 438
718 477
792 482
262 404
241 664
745 905
1 194
344 634
721 392
645 440
159 212
801 655
543 735
273 969
253 330
452 500
652 414
791 343
770 276
353 745
857 438
207 378
480 724
601 80
616 176
779 372
280 819
741 170
778 981
388 117
435 33
47 216
911 158
546 182
314 599
246 91
1000 556
887 944
86 463
621 915
702 376
171 372
223 42
907 410
355 555
265 660
624 104
731 665
928 198
640 472
352 842
981 360
908 323
89 130
42 682
795 514
818 985
198 561
365 297
708 998
459 722
504 808
499 127
682 246
863 703
23 975
309 318
247 794
847 817
405 448
996 590
307 421
709 578
675 378
417 816
783 838
41 433
401 232
668 14
948 903
468 984
329 746
1000 897
419 72
408 488
340 402
788 833
157 620
694 555
730 592
706 728
820 266
813 752
741 709
492 166
871 556
992 809
782 866
537 693
985 411
952 896
93 688
19 605
874 799
220 492
764 817
571 272
747 75
512 576
683 565
545 750
709 214
58 859
60 421
504 865
617 474
565 943
464 819
40 281
153 375
954 334
559 103
297 616
844 351
48 983
299 986
741 758
221 900
771 821
109 277
30 645
124 124
33 543
869 506
147 214
986 907
341 320
805 553
830 265
1000 897
375 879
774 659
40 559
207 718
281 783
584 786
874 58
793 468
67 231
669 917
604 810
77 747
223 418
38 959
985 169
630 246
509 71
707 840
288 272
604 556
70 529
309 874
260 23
584 615
804 464
295 813
924 423
475 128
719 964
352 122
810 122
590 567
512 408
890 146
127 969
27 7
289 548
149 319
36 364
161 31
586 688
547 800
82 956
115 561
61 103
669 513
529 435
833 365
154 473
635 416
772 722
348 94
138 278
647 16
51 801
261 283
527 889
417 960
502 874
677 286
145 562
212 628
783 949
749 175
962 90
102 946
295 243
631 521
314 209
219 749
503 911
3 315
442 706
290 861
416 919
241 983
668 893
525 883
715 542
388 614
864 35
172 640
257 973
260 440
200 893
481 654
82 12
971 255
748 851
21 997
769 509
40 484
413 64
488 894
325 848
166 288
333 164
444 563
433 63
884 364
868 56
570 444
276 866
197 704
435 437
482 258
640 139
809 974
356 724
870 238
646 787
825 255
503 774
46 154
759 449
158 772
350 908
269 838
875 969
98 69
449 967
505 891
229 378
652 420
65 536
438 530
460 229
287 962
696 64
171 613
491 276
299 576
46 680
970 260
593 151
960 654
205 329
787 896
72 896
714 798
669 892
864 523
665 872
551 473
608 114
266 204
645 71
769 568
765 364
713 478
405 702
674 284
495 291
47 10
106 983
793 901
847 912
676 927
797 171
825 485
765 581
411 848
158 778
394 309
490 9
979 541
728 93
605 213
872 902
125 391
762 374
675 936
567 877
347 192
614 150
461 181
649 479
318 888
405 277
621 494
670 166
102 320
384 924
754 747
95 801
661 785
344 38
47 967
814 338
892 517
790 585
836 865
139 754
307 164
90 216
738 547
231 355
988 575
575 116
994 374
492 748
248 943
956 381
558 818
226 647
255 438
444 797
421 521
51 581
43 876
478 620
322 556
583 272
701 18
636 628
764 732
415 743
645 826
183 813
342 514
661 413
517 444
64 25
936 686
433 833
861 41
128 296
483 98
741 909
335 266
607 668
473 847
577 171
916 521
536 429
241 349
22 506
308 870
922 301
62 335
310 157
841 618
40 748
688 380
753 851
636 910
57 156
727 86
57 559
693 236
79 686
470 933
870 72
54 220
603 81
766 300
937 217
192 679
990 529
334 130
572 841
403 694
89 149
296 417
679 483
329 699
453 774
238 914
67 878
667 694
722 790
407 741
530 973
785 584
483 46
510 324
925 263
508 771
647 358
123 16
283 991
111 222
704 839
567 202
855 245
633 636
751 539
956 995
466 985
180 158
781 547
777 299
524 118
816 219
651 263
961 444
222 52
999 798
610 912
707 231
58 883
322 119
419 64
538 372
512 974
193 272
254 848
94 574
353 5
158 624
942 752
464 812
503 912
377 938
322 330
906 720
202 962
157 790
492 198
19 618
196 339
584 542
982 893
917 45
757 716
206 49
799 665
826 816
438 406
430 754
457 155
794 413
697 497
682 730
92 635
390 909
942 376
530 24
995 643
191 72
390 947
904 39
902 843
382 625
339 155
765 407
789 533
517 247
438 865
449 201
963 953
371 259
830 750
654 839
951 689
483 368
678 867
581 344
627 365
661 709
511 560
694 608
184 159
889 780
193 544
571 285
111 471
683 790
477 995
612 977
985 439
545 572
309 906
908 806
415 640
509 878
281 414
745 300
169 793
273 206
258 768
607 645
642 678
300 581
602 281
397 345
809 734
793 996
145 642
725 801
872 978
552 395
865 732
711 166
657 276
490 693
458 328
221 569
643 725
376 713
205 688
512 956
16 165
596 520
844 27
296 23
673 365
853 29
935 883
751 531
406 759
190 591
664 609
525 546
162 883
286 736
903 342
989 364
748 428
552 817
949 739
494 322
159 528
148 203
948 609
145 669
738 434
796 334
684 770
104 367
343 883
87 516
246 69
340 207
7 347
655 390
452 772
621 217
691 811
774 956
839 280
821 723
164 701
508 337
966 562
365 744
779 498
474 676
516 604
581 439
617 698
393 727
738 13
231 460
886 471
122 227
40 567
244 885
165 281
526 184
559 604
268 453
165 314
983 728
721 899
545 804
168 122
164 316
366 910
804 363
87 803
712 93
375 167
533 36
43 877
291 684
918 269
518 470
205 650
998 913
91 474
687 460
726 18
818 838
792 896
722 335
575 399
704 420
637 526
568 422
584 113
514 595
659 191
81 156
28 74
903 646
924 162
703 305
234 570
682 812
816 338
595 415
204 99
451 167
513 142
885 413
467 189
267 39
719 257
687 694
160 698
563 407
667 298
482 890
60 323
532 374
127 308
62 955
32 320
432 550
483 838
373 105
693 578
974 856
256 123
824 389
347 51
601 620
720 314
543 56
549 915
985 868
691 70
100 459
282 148
735 473
75 814
495 88
620 359
644 588
696 37
2 551
309 260
833 478
420 331
670 497
540 140
528 943
182 328
155 352
618 801
1000 257
514 935
107 836
394 516
636 389
670 600
639 990
412 253
404 604
533 699
95 87
345 150
777 14
200 299
421 577
465 935
284 149
199 80
393 492
782 393
798 314
195 363
246 57
842 447
960 94
253 244
666 161
636 511
972 17
535 246
905 582
30 580
306 237
402 537
586 752
57 671
114 651
53 6
527 64
678 192
447 452
76 478
960 976
461 785
537 8
389 585
647 791
793 2
442 370
915 666
629 312
185 885
393 225
126 257
482 804
872 546
521 687
160 671
864 786
885 619
817 164
9 229
360 845
530 864
4 226
915 780
458 29
720 699
138 522
878 717
120 915
392 524
716 461
691 225
10 841
539 629
483 972
227 377
555 895
890 375
521 783
297 758
473 78
654 441
421 256
475 265
216 736
639 575
602 688
52 187
375 572
543 392
616 200
516 237
504 429
600 397
335 161
237 928
811 403
377 216
395 451
319 589
378 208
556 553
546 984
523 381
182 884
698 50
414 408
483 793
679 392
604 172
361 510
695 602
887 701
51 303
290 609
289 961
959 420
991 4
300 547
961 887
791 783
131 333
559 661
296 30
905 238
182 867
892 728
776 509
453 819
130 318
292 436
225 30
533 125
337 160
992 547
916 362
18 599
770 369
618 534
675 746
636 657
751 946
858 382
86 936
21 389
233 573
816 99
287 515
30 882
280 355
903 751
110 541
815 787
807 252
847 459
413 111
554 456
974 690
457 392
108 419
16 611
389 965
999 86
484 376
313 467
766 631
904 872
630 976
151 387
955 200
415 93
813 53
115 724
139 482
643 278
743 30
989 85
896 717
415 510
551 757
247 73
691 339
27 44
829 388
105 680
948 380
809 882
947 626
981 355
558 994
448 305
649 650
84 972
793 277
874 338
168 963
198 195
37 495
521 717
410 143
61 993
340 856
573 964
439 696
82 583
248 338
590 8
840 461
813 367
624 125
231 490
839 537
664 809
910 603
545 362
853 987
340 814
171 285
275 154
793 14
977 447
591 787
63 931
879 161
937 822
749 662
543 758
509 399
989 827
301 392
435 963
310 944
109 327
207 873
195 213
994 988
131 580
469 755
682 547
243 86
903 266
513 991
168 302
849 13
899 554
714 773
855 737
789 100
456 213
634 614
718 499
825 995
958 229
250 516
328 558
701 986
975 473
91 16
532 963
171 212
412 84
661 442
709 683
979 289
285 87
595 868
427 286
15 362
76 473
228 598
359 6
502 535
289 229
43 953
475 828
148 435
87 348
303 783
750 233
63 78
476 685
906 881
394 525
658 617
692 715
621 959
273 50
885 876
830 542
577 395
507 673
410 970
204 271
463 669
401 11
57 3
62 951
336 991
436 657
356 824
526 536
164 633
973 179
883 42
237 194
350 925
966 603
431 698
859 470
157 291
278 762
778 880
306 262
379 221
880 904
476 343
139 650
450 75
220 648
318 959
222 363
113 879
931 625
106 201
557 90
498 489
174 100
753 894
208 857
317 827
838 428
58 935
594 384
165 725
708 8
320 957
961 424
578 305
554 907
468 889
225 618
868 304
407 196
814 220
297 304
390 298
734 396
887 959
835 410
543 608
775 782
424 563
607 489
937 348
899 353
691 801
719 830
37 158
891 239
969 730
916 259
908 736
545 369
570 63
806 888
695 571
452 103
127 194
887 766
639 791
631 147
177 626
992 191
604 197
177 6
546 281
201 843
353 143
749 593
75 376
196 787
685 510
571 397
667 744
633 64
267 154
501 754
438 906
418 28
130 892
354 970
106 87
640 287
340 351
332 806
634 497
275 722
586 289
629 247
6 511
605 94
301 429
693 485
376 659
551 453
734 828
789 490
832 710
825 791
717 614
390 631
735 346
205 837
245 573
305 13
143 230
540 928
701 881
367 916
665 332
526 746
208 868
34 295
20 742
37 987
797 942
569 5
171 491
730 52
318 8
967 47
831 573
685 335
420 189
612 888
680 910
384 4
608 779
145 55
895 397
139 36
651 430
927 790
821 925
928 528
85 45
575 86
156 605
184 82
217 649
387 984
341 871
163 257
342 180
930 340
551 949
59 889
735 486
39 20
502 230
657 568
235 217
714 513
64 845
165 985
828 469
532 204
496 361
529 251
59 764
910 485
334 413
566 722
721 478
809 54
500 552
572 204
119 333
351 976
554 677
21 612
717 642
399 260
34 763
234 786
302 21
404 714
420 197
827 671
857 231
662 181
321 3
770 141
857 730
206 420
123 45
279 115
285 999
277 816
290 326
924 292
799 238
404 836
527 717
498 729
792 216
589 215
12 413
913 329
817 871
287 43
81 438
83 919
419 12
717 745
184 72
65 11
599 247
455 898
593 374
739 182
429 577
150 662
509 800
827 970
24 389
603 799
694 15
793 847
943 689
951 566
236 715
368 462
916 560
843 364
209 839
366 305
832 931
881 673
477 203
711 479
180 394
817 488
329 848
506 891
161 143
259 231
335 127
425 837
280 370
10 10
327 480
396 231
850 61
639 249
419 54
117 777
544 192
753 92
835 401
757 284
18 37
714 261
760 914
732 137
786 860
676 853
380 386
468 778
130 31
22 12
783 314
62 622
297 486
475 557
762 819
506 904
49 515
827 663
759 630
154 617
611 774
47 580
326 556
39 816
88 705
56 316
473 437
377 8
272 636
328 546
64 532
665 41
14 849
606 485
997 177
354 373
818 905
333 727
703 493
331 307
924 907
781 552
490 2
806 270
462 483
423 283
996 151
595 279
929 976
812 423
760 430
404 413
71 867
485 806
455 264
210 907
326 694
323 697
704 510
125 825
802 698
560 248
863 969
391 856
987 775
923 150
890 330
825 818
738 822
991 890
108 234
451 270
487 185
436 141
253 58
151 48
141 345
107 378
415 635
549 622
755 542
917 272
338 647
975 562
443 297
347 865
944 373
294 550
822 556
295 246
153 311
850 658
861 576
89 336
246 406
45 824
969 717
625 207
41 324
528 31
691 165
874 821
354 232
36 714
668 728
212 515
466 884
344 298
396 504
656 2
555 921
432 262
902 717
96 275
149 897
411 753
49 224
3 734
354 619
259 835
127 428
580 541
66 513
825 813
921 927
754 737
510 405
813 1
440 445
128 554
504 950
153 6
717 12
790 602
672 7
365 847
489 400
438 570
488 159
987 509
188 423
151 723
592 96
276 567
41 621
699 310
129 236
264 104
199 329
348 187
725 490
18 464
73 732
322 916
340 317
480 529
390 856
565 474
576 116
485 58
968 341
1000 790
601 866
898 814
592 29
148 768
952 182
712 981
167 312
352 954
271 795
407 433
950 640
222 605
254 504
801 929
766 22
464 994
327 640
135 720
23 650
294 282
25 178
369 815
388 533
104 53
440 193
17 317
4 585
721 93
138 901
143 453
713 327
457 779
50 574
869 791
564 911
42 303
489 903
612 564
294 554
515 987
375 752
276 318
776 850
71 353
725 297
767 461
963 112
77 215
613 693
222 586
40 764
152 409
279 276
633 446
655 943
744 574
660 374
586 595
611 515
398 192
598 326
177 721
75 113
788 840
741 124
649 169
10 713
777 455
963 353
25 476
639 781
207 421
144 781
194 988
772 445
136 829
813 251
838 233
338 307
36 934
236 499
998 700
185 367
988 577
629 22
298 607
44 651
105 553
177 957
404 113
723 591
452 237
626 256
445 701
118 245
679 535
801 538
141 636
584 189
105 784
277 307
942 749
640 353
197 896
177 188
705 243
88 145
235 394
366 350
806 966
153 791
52 21
580 730
983 903
884 51
649 259
876 1
909 8
402 735
771 52
816 780
344 313
228 403
123 579
416 84
113 771
618 97
315 775
741 738
907 983
751 633
34 66
657 407
437 831
410 205
875 533
308 524
473 99
358 94
678 160
488 682
935 100
18 188
860 981
685 970
369 788
144 648
94 709
452 373
152 354
937 996
350 761
615 708
732 873
246 257
683 65
998 40
599 386
247 791
64 464
571 682
946 708
455 711
477 213
78 636
565 58
542 763
402 298
616 341
194 372
772 428
786 319
691 583
737 867
371 58
710 358
735 147
428 737
284 734
493 889
110 98
524 878
201 146
73 78
87 37
313 883
433 591
116 513
38 622
133 313
157 165
270 49
601 820
393 986
848 798
888 1
636 81
942 102
466 882
475 464
933 295
771 742
795 514
880 751
127 893
500 652
918 49
344 993
250 77
544 927
690 677
629 781
640 88
329 546
457 410
414 373
81 464
856 102
532 222
750 466
918 724
597 394
380 813
101 60
705 599
594 985
42 661
44 509
858 24
639 987
679 970
748 231
715 761
846 57
540 378
814 272
572 100
936 397
961 769
324 84
382 360
238 751
553 405
445 810
563 544
848 504
587 746
716 772
171 891
959 65
801 559
73 947
848 452
773 116
748 293
741 824
570 138
955 953
565 110
33 299
586 488
810 121
53 890
406 887
858 77
546 133
989 235
94 595
322 828
933 791
862 354
512 472
843 636
692 359
336 431
39 81
799 480
319 54
54 747
3 309
775 879
168 102
519 616
829 902
666 724
271 575
469 86
94 709
851 975
894 42
482 399
495 674
307 528
422 696
909 516
674 320
994 266
759 930
768 981
662 142
889 645
571 370
299 468
678 22
529 465
203 968
569 249
354 72
804 457
903 238
34 309
147 926
643 733
185 475
446 962
826 354
430 749
913 266
824 561
728 611
502 940
346 123
983 874
454 898
780 986
843 112
493 703
406 786
290 496
437 25
659 448
64 474
817 462
826 183
786 47
660 276
729 271
275 579
971 452
541 96
955 299
504 206
222 8
868 929
336 235
403 986
550 198
312 318
786 976
45 231
859 668
891 537
513 955
470 638
285 678
871 987
231 605
368 537
630 978
411 237
220 711
764 736
887 796
2 383
642 745
978 588
241 163
932 131
193 278
284 494
333 496
634 682
826 286
715 472
68 941
173 949
367 778
887 610
399 826
399 332
424 387
714 61
615 265
359 633
502 666
860 874
308 82
384 965
451 840
231 195
88 175
290 353
207 54
204 384
541 569
262 685
932 349
763 170
426 832
509 11
42 494
822 170
705 573
960 12
210 226
94 410
59 250
488 521
438 795
91 90
537 127
911 955
230 160
487 531
276 246
212 314
924 563
83 543
532 72
282 480
568 661
439 374
652 165
1 438
571 759
349 585
715 270
682 324
839 650
621 657
788 366
438 549
572 983
33 400
118 971
111 368
587 752
186 94
947 848
612 303
998 308
448 604
924 222
376 114
286 429
622 803
410 181
74 68
394 4
58 37
293 831
317 100
605 843
712 874
472 252
497 308
352 489
775 747
971 141
391 924
835 808
344 801
910 525
25 39
855 930
197 862
843 466
766 916
582 422
71 122
180 111
361 949
392 566
823 342
392 157
690 515
590 780
85 180
25 380
137 694
922 119
379 28
384 22
465 665
284 497
817 735
621 227
683 219
22 484
249 766
3 829
670 710
80 791
36 707
794 229
268 618
307 117
619 133
530 570
783 929
673 581
510 223
781 656
423 973
690 993
598 370
53 678
836 972
231 611
430 886
609 597
33 954
946 754
868 179
91 111
503 303
228 385
76 357
412 876
549 171
924 935
637 874
420 654
749 312
758 399
937 501
814 294
225 454
208 897
713 302
786 115
385 760
165 653
821 782
464 81
717 869
565 910
95 302
2 887
392 807
202 875
431 440
578 374
443 807
196 983
327 836
695 592
389 533
156 946
296 468
867 582
120 964
268 852
978 783
479 288
814 691
5 536
279 592
780 927
254 92
206 158
952 415
442 542
339 903
650 686
573 285
36 699
493 111
586 587
688 780
537 809
717 707
77 629
826 924
444 417
909 237
519 733
379 838
588 19
964 813
870 603
869 628
867 881
701 390
5 458
216 333
58 731
135 63
597 730
542 324
74 882
157 234
989 804
104 369
924 937
23 928
96 849
70 998
225 430
630 401
247 337
122 531
673 989
27 207
338 815
157 33
927 380
136 475
554 515
823 537
866 223
4 926
273 342
570 300
692 148
258 697
439 297
855 596
47 151
986 532
453 741
582 825
410 366
37 625
293 835
769 445
879 525
652 649
576 676
105 431
686 739
152 781
109 561
518 50
850 345
130 453
127 891
746 222
403 225
708 19
543 11
261 773
713 123
893 64
253 538
417 86
543 785
392 213
834 113
799 876
164 108
21 698
903 489
999 672
970 147
613 385
726 483
251 945
690 954
193 187
944 680
780 130
221 584
891 409
373 745
682 995
364 462
498 772
294 887
407 453
696 206
713 164
28 139
68 202
994 273
80 171
969 654
433 41
546 823
759 322
862 297
808 269
450 393
226 489
258 278
473 319
228 681
39 355
913 220
86 390
399 432
280 111
225 661
264 725
893 758
326 799
997 122
655 980
143 213
379 363
157 876
214 197
678 429
943 494
643 453
723 407
787 735
827 143
879 748
778 509
150 190
696 824
107 187
514 656
650 584
839 762
894 700
812 495
358 968
745 669
428 934
290 949
61 527
808 779
139 947
445 410
742 29
27 85
142 37
150 271
931 908
61 252
214 131
749 309
941 620
30 352
387 359
380 966
237 167
15 964
902 371
603 722
980 213
305 591
808 806
348 947
610 680
509 859
979 99
392 832
306 728
597 336
184 257
704 980
715 631
584 753
159 34
468 343
944 334
609 997
161 8
573 819
576 876
416 166
535 730
726 471
213 733
22 316
811 59
269 614
784 1000
668 122
222 2
494 560
810 718
27 183
607 770
360 775
108 785
237 493
737 746
621 10
118 49
529 5
541 285
270 732
667 320
906 575
347 435
987 54
154 823
488 957
276 780
734 655
830 142
668 672
266 299
663 794
462 46
231 465
141 751
88 607
636 57
898 657
822 99
306 327
201 680
159 760
31 127
309 660
206 363
861 992
880 603
371 550
404 699
319 322
859 122
525 750
804 666
493 182
432 788
323 189
566 881
296 695
600 329
503 269
765 680
281 764
13 204
130 774
64 633
433 231
799 565
636 9
593 420
874 120
728 933
135 103
897 435
787 418
768 156
579 674
681 758
551 20
776 285
114 634
450 654
198 256
458 856
197 344
605 542
592 119
406 710
180 533
123 604
65 201
222 440
369 755
101 291
903 353
554 191
461 658
555 540
380 718
811 563
840 260
15 983
746 585
227 439
852 168
667 230
296 997
706 939
826 713
182 586
161 713
841 568
818 975
514 114
517 575
466 135
30 275
896 58
717 360
301 697
631 79
529 705
642 797
716 495
669 315
629 504
894 326
535 10
658 528
655 849
104 637
296 611
38 863
135 540
283 171
502 819
51 298
261 547
823 1
293 83
50 209
91 494
125 535
587 12
331 965
130 327
510 536
147 647
624 280
484 7
291 859
358 541
10 961
416 350
573 529
803 679
825 987
471 693
286 373
334 934
479 279
508 438
981 598
37 28
797 700
959 562
261 854
347 344
299 109
536 593
606 262
752 364
227 722
450 860
449 87
950 977
461 260
292 709
791 145
365 688
395 917
440 613
274 998
135 250
638 53
359 652
609 695
996 257
246 477
570 596
535 156
709 60
726 566
386 677
755 848
908 485
772 74
856 256
584 922
833 317
564 185
909 727
726 500
261 262
533 196
209 827
190 183
130 383
840 965
767 780
882 531
712 402
623 251
606 948
761 18
249 905
507 265
384 731
470 381
357 739
301 968
238 867
153 725
174 474
765 215
665 604
130 387
515 48
245 257
338 944
396 543
96 268
389 62
410 55
72 475
771 712
743 767
882 491
181 656
495 542
316 374
458 468
445 998
85 909
581 811
469 380
154 40
772 16
938 847
122 675
196 869
127 526
212 51
915 171
667 95
559 722
894 537
337 941
458 110
452 483
774 233
813 521
514 941
199 268
512 204
640 224
762 11
802 836
19 883
979 396
596 626
429 198
969 288
159 829
362 243
610 225
315 587
292 141
4 758
833 232
537 709
477 453
210 365
83 739
405 144
129 997
351 545
777 394
479 771
82 366
948 11
150 96
353 490
601 242
688 884
352 380
860 67
479 738
397 820
506 49
408 520
493 470
901 901
780 559
695 123
884 79
759 88
800 462
746 572
757 103
942 182
270 761
841 333
928 31
34 895
471 128
710 797
400 103
116 885
869 476
906 975
900 657
862 889
416 829
349 723
807 605
903 116
818 670
729 787
392 700
626 918
819 63
854 30
697 513
670 969
548 841
790 655
323 138
150 150
79 324
658 951
343 858
458 982
204 291
274 333
37 2
427 185
996 606
488 948
120 122
890 586
609 422
725 204
983 308
689 304
980 220
753 942
861 984
999 388
892 993
798 724
297 400
671 441
101 478
869 942
501 964
969 566
837 620
990 133
802 78
710 765
455 204
931 970
729 279
311 767
867 142
389 599
539 910
789 733
499 45
676 619
137 407
905 631
215 553
986 546
515 545
477 783
664 779
991 114
156 741
512 270
704 684
101 54
3 901
885 773
583 613
141 774
435 489
972 77
111 40
327 683
979 267
590 886
568 828
565 822
573 4
996 530
939 219
272 833
802 236
944 633
570 830
528 948
995 12
457 782
845 94
311 920
64 566
402 552
582 652
142 559
20 987
779 57
117 705
453 457
879 851
900 866
131 502
950 479
857 831
129 364
674 468
825 562
980 537
888 7
522 493
376 564
441 698
403 373
421 504
276 748
930 90
132 127
563 479
389 806
862 778
914 54
573 283
222 176
318 37
288 706
245 910
829 5
709 929
86 717
131 39
950 533
651 257
669 368
40 656
40 353
208 94
710 660
334 746
236 250
951 40
466 817
717 47
476 994
687 113
739 721
343 662
281 489
810 777
632 101
28 121
420 912
409 658
196 622
797 2
269 889
717 420
471 733
956 592
78 988
735 977
18 426
857 253
127 834
320 137
606 543
566 363
10 556
89 718
28 645
235 9
392 603
274 808
542 773
441 162
994 289
438 305
971 943
258 917
912 390
556 513
310 221
598 781
947 284
238 754
303 224
71 377
654 634
14 845
39 129
93 116
968 475
731 489
215 632
849 53
482 712
726 290
552 775
581 791
254 760
538 527
132 519
49 833
725 838
71 889
394 473
494 598
960 602
405 938
213 477
462 821
111 149
687 195
189 638
922 745
292 816
836 540
363 907
537 554
871 349
223 726
488 685
318 208
90 876
167 259
805 431
570 94
686 982
182 132
396 32
205 59
691 501
381 641
716 538
872 570
475 185
284 835
640 630
612 491
311 339
382 316
136 349
636 791
951 572
411 685
557 343
166 838
485 654
787 254
88 534
861 323
930 185
529 105
554 891
393 126
774 102
124 590
69 967
891 687
155 798
334 734
152 34
277 817
641 907
752 715
974 558
688 268
250 389
787 86
751 428
148 305
351 101
544 439
420 397
506 969
664 909
952 352
750 330
339 477
7 461
3 257
934 307
33 69
669 158
316 164
365 154
533 572
458 257
434 49
941 360
814 778
840 159
383 466
989 621
271 272
144 106
172 919
344 220
233 879
874 850
570 842
830 436
284 712
816 593
10 443
8 6
489 284
971 838
621 660
271 197
666 164
955 68
252 934
293 904
47 89
730 699
608 545
313 426
145 196
600 861
417 654
150 618
146 798
471 993
194 887
68 649
66 848
608 458
586 916
68 706
107 315
923 824
739 903
847 316
941 480
402 565
302 313
174 601
921 72
726 537
924 250
762 594
617 252
151 429
742 27
813 383
213 549
71 458
533 990
942 818
583 484
151 177
425 843
40 172
599 619
695 452
141 301
715 302
686 241
401 267
888 434
248 721
582 496
877 776
229 701
160 861
543 505
909 306
83 735
797 284
42 509
906 52
260 808
646 799
737 717
653 262
729 25
390 799
37 515
542 946
147 212
164 844
901 198
318 239
538 754
947 200
588 584
16 64
665 147
843 660
355 314
123 101
704 641
941 177
162 70
280 760
887 100
627 623
234 331
17 681
504 174
220 769
205 283
487 385
117 775
531 502
35 328
227 745
277 545
336 455
941 481
309 826
890 796
763 191
381 464
871 758
525 562
927 517
235 207
361 509
214 139
813 475
713 461
21 849
600 177
372 42
695 653
60 673
355 212
974 587
670 294
71 480
943 438
597 790
136 891
270 318
654 375
937 837
589 107
962 100
434 193
731 705
319 753
598 788
762 236
748 403
797 428
217 278
72 98
709 147
59 223
404 299
797 4
167 307
504 657
905 173
777 306
35 612
325 405
617 667
687 477
203 471
115 490
525 480
655 359
767 28
788 379
365 957
521 576
767 142
112 623
979 129
224 850
454 60
801 409
695 999
99 238
493 479
663 81
331 559
780 900
643 890
268 567
160 18
940 341
810 460
695 678
478 418
556 908
468 823
268 494
111 783
957 895
696 772
945 759
484 122
655 257
457 892
897 436
685 932
957 971
407 703
213 157
868 631
238 109
243 143
172 2
314 114
901 760
327 277
754 126
911 193
529 863
242 98
861 369
541 258
92 424
199 878
848 228
308 240
383 886
269 460
156 615
374 331
611 42
111 746
728 565
420 204
481 428
741 636
887 982
46 116
754 766
928 954
506 859
958 21
966 776
937 100
425 93
405 591
920 116
922 260
605 973
843 187
7 50
434 371
648 660
122 611
222 380
52 393
226 138
995 23
636 58
872 377
589 290
702 672
115 718
855 498
952 132
693 807
148 80
154 694
863 977
537 406
88 194
978 965
704 138
186 453
143 149
528 786
646 360
570 621
852 24
478 4
786 324
1 423
118 943
603 149
404 327
873 701
336 97
442 829
789 98
467 503
721 487
883 255
471 302
135 782
331 195
223 802
786 868
519 220
199 157
607 208
31 557
204 928
198 607
989 34
224 131
174 349
889 970
496 248
485 533
727 140
817 294
947 205
607 989
248 204
519 812
662 200
480 228
889 832
747 382
178 322
201 699
964 88
728 277
32 678
474 11
1 429
589 545
761 731
196 389
962 961
4 956
638 115
848 891
216 188
294 678
657 271
56 972
652 23
92 488
969 104
396 402
622 379
719 188
9 470
646 710
143 466
296 795
129 579
126 290
690 988
575 69
258 368
190 437
654 690
599 140
701 766
445 281
436 254
431 168
475 694
935 623
566 7
418 747
166 120
98 817
781 688
447 349
365 382
705 142
442 385
976 768
459 985
677 656
445 148
854 484
992 737
806 809
112 217
882 475
485 392
261 560
3 721
653 317
563 7
19 216
616 37
455 68
187 727
426 512
672 903
867 992
727 849
155 59
724 911
160 307
934 885
86 176
556 438
385 245
331 989
740 489
49 85
949 344
214 226
430 776
6 694
862 292
24 277
614 380
362 249
533 35
514 102
765 608
374 751
43 494
173 983
298 131
372 881
345 517
755 649
512 736
349 49
95 913
627 685
480 143
482 703
552 620
664 940
826 424
435 484
683 798
290 166
631 662
498 498
179 657
570 653
817 120
495 976
319 550
497 378
440 217
180 761
657 429
904 837
317 361
130 110
762 895
745 336
826 408
929 70
507 942
467 133
375 673
379 828
5 91
953 26
934 220
113 336
889 734
75 115
591 329
227 820
383 257
778 55
723 283
459 591
250 692
575 512
172 242
794 956
345 984
283 479
298 63
240 987
446 287
992 453
735 10
839 630
195 106
253 18
395 998
119 388
791 721
757 193
63 315
802 648
339 526
200 961
693 138
985 419
26 929
375 339
509 363
364 236
84 524
147 674
737 953
125 542
242 199
997 293
993 116
717 849
860 516
518 590
606 573
956 878
973 259
800 294
514 645
324 207
164 966
506 181
165 541
670 67
827 269
535 910
568 686
490 598
115 818
743 448
45 505
50 710
221 701
963 405
884 135
535 326
394 176
548 181
367 473
929 213
243 379
372 955
526 400
962 775
696 640
10 718
731 701
338 698
452 368
697 384
205 577
363 161
622 843
625 289
960 637
422 948
680 586
259 260
362 426
155 116
836 423
248 160
998 729
460 738
57 738
905 199
69 587
610 376
321 173
935 250
78 969
213 918
500 873
452 417
701 868
679 13
725 238
23 575
128 189
633 79
116 341
195 187
514 653
467 940
993 928
704 951
492 237
399 813
359 528
911 979
845 631
957 843
365 157
673 985
680 378
751 952
141 856
480 771
974 368
998 651
648 700
659 799
911 122
779 344
615 303
269 161
276 849
366 461
947 308
597 408
287 175
768 877
109 116
886 167
520 675
900 752
222 31
680 661
16 791
553 943
182 487
469 339
201 197
840 499
816 260
268 84
51 540
331 630
371 328
311 975
168 374
819 768
49 747
88 358
368 453
513 730
299 167
943 930
877 632
573 902
226 444
916 939
430 657
809 187
375 156
995 403
535 234
149 284
395 183
810 972
478 714
491 778
959 271
627 876
158 507
516 588
779 740
831 527
952 983
217 85
474 8
120 788
475 589
906 133
915 907
646 613
411 920
832 254
904 711
802 691
182 375
990 319
74 148
517 847
455 789
315 67
98 916
504 897
814 625
136 522
721 272
468 676
373 982
239 990
176 735
122 143
676 859
97 119
88 781
284 155
981 771
359 206
681 321
778 227
760 366
401 764
550 516
461 310
958 932
665 386
430 592
421 414
697 280
191 394
787 326
94 820
801 377
933 340
710 590
342 520
975 570
740 665
161 121
815 469
637 915
508 691
290 625
347 810
883 412
431 818
637 503
298 856
787 184
422 175
810 35
444 178
517 575
545 811
210 926
572 423
890 297
954 776
581 235
898 34
596 641
530 670
173 928
200 489
579 159
25 638
820 504
549 296
273 332
729 369
953 276
276 631
182 280
994 441
846 972
924 958
115 774
654 374
268 314
1000 791
370 646
830 497
708 638
528 18
995 721
978 276
366 506
253 474
336 120
148 406
5 542
168 326
976 740
165 426
352 692
299 96
39 877
133 737
946 804
757 961
292 46
446 554
930 560
305 586
656 255
345 688
250 520
871 571
692 457
942 235
883 734
24 854
490 421
263 397
278 298
613 204
186 868
165 541
404 678
719 789
678 927
8 678
654 538
559 996
878 591
434 136
100 416
135 480
83 237
299 541
705 273
286 83
663 946
605 508
188 444
239 998
74 943
425 584
192 861
922 105
422 165
359 449
508 779
840 134
947 981
81 961
762 343
426 182
402 864
328 680
347 419
98 314
533 919
276 207
904 544
271 923
252 347
255 367
929 238
68 753
161 294
66 217
497 366
113 454
748 783
877 39
72 34
567 491
278 936
58 793
606 51
71 376
369 650
177 881
717 433
874 200
293 366
204 862
671 621
865 778
692 37
604 195
203 721
542 608
286 25
634 936
467 262
552 938
724 457
326 839
424 492
2 955
680 799
737 543
906 637
628 234
730 420
526 499
996 641
887 697
859 242
540 147
525 418
316 696
221 912
396 513
832 136
756 578
1000 488
400 69
300 700
65 166
446 156
433 320
835 337
642 782
823 707
704 851
423 829
442 27
508 495
725 783
535 4
561 925
735 818
114 390
732 444
968 63
432 211
351 576
361 841
488 144
41 92
935 318
702 817
946 498
714 423
688 602
595 432
816 389
916 651
6 676
619 109
417 547
457 307
416 165
69 601
72 638
521 526
239 942
299 702
117 444
958 623
494 209
231 724
25 393
544 949
260 470
912 581
261 405
192 443
634 646
87 953
874 824
696 864
274 979
679 298
546 60
760 47
925 996
288 65
868 73
865 679
692 132
707 718
363 514
541 491
735 515
672 74
967 438
125 379
472 579
609 831
121 255
48 575
455 844
640 558
74 742
961 626
950 367
412 799
491 539
449 371
390 661
775 315
686 257
808 533
847 640
538 292
354 511
935 792
995 711
613 899
578 7
80 348
811 718
3 328
686 25
459 636
79 867
596 708
23 16
273 224
425 577
872 617
670 35
68 993
402 895
970 496
924 972
948 399
682 521
729 929
123 107
611 397
907 413
767 342
114 539
705 627
917 390
901 167
212 539
895 762
330 420
924 182
145 29
47 778
731 456
525 811
314 354
353 830
792 339
89 32
688 794
790 894
179 567
528 93
396 807
624 843
677 220
205 868
191 890
240 78
270 267
575 293
179 804
853 40
16 14
152 218
967 198
42 730
388 229
562 827
822 480
48 181
218 625
660 514
104 852
831 89
268 139
760 215
590 139
304 449
211 117
22 324
281 190
245 133
247 863
769 505
507 349
942 926
994 826
905 376
747 850
436 13
476 791
982 649
836 534
569 419
807 360
275 662
774 162
597 929
332 901
735 544
458 366
770 608
963 895
900 415
657 988
480 898
286 600
475 20
804 933
688 454
110 647
517 377
252 290
820 198
451 575
307 567
243 948
436 555
519 905
982 310
344 963
922 990
515 508
822 183
326 33
782 496
991 115
118 388
629 111
953 914
845 662
597 166
574 85
877 645
293 694
934 205
922 998
602 947
497 749
784 298
795 785
497 467
378 571
125 463
32 288
212 903
57 601
958 949
692 475
532 576
470 944
116 60
950 245
328 359
362 482
352 566
753 941
683 406
144 255
778 563
93 477
526 404
407 176
157 868
876 198
969 587
792 598
776 660
69 168
573 445
622 939
381 809
690 853
12 905
615 943
878 431
341 718
542 537
831 91
202 132
270 148
380 519
413 457
779 548
454 599
480 250
291 393
50 613
646 490
810 348
849 876
631 251
399 612
932 679
2 979
541 436
42 935
462 218
628 904
436 612
968 955
929 656
19 451
908 153
179 707
823 312
646 373
759 151
915 638
744 645
766 343
895 285
657 430
902 382
102 203
859 28
238 267
833 934
965 609
997 326
211 976
866 844
572 242
550 587
649 940
523 699
589 127
239 933
217 281
756 858
49 586
632 93
445 920
774 636
889 971
868 867
245 449
211 760
389 619
682 792
362 894
843 929
287 716
805 750
533 960
320 471
975 397
124 462
79 736
18 58
351 633
505 352
361 207
259 325
456 257
53 821
500 853
818 887
242 212
49 159
866 212
755 651
455 661
694 311
643 117
468 481
648 412
916 245
703 968
368 689
53 715
286 818
673 624
400 382
400 489
548 896
729 460
772 40
850 257
686 80
273 582
917 264
235 235
950 946
200 214
788 182
821 449
285 352
881 855
779 341
688 898
188 442
251 384
147 837
910 393
244 946
529 243
603 391
216 294
662 184
283 25
159 740
398 907
635 918
346 386
749 996
330 456
835 612
583 593
48 170
965 598
105 523
892 669
968 742
855 438
28 518
16 983
39 65
74 554
999 428
766 770
45 156
63 281
817 606
462 541
708 312
870 822
812 598
169 866
956 662
777 874
857 596
416 802
742 119
537 980
233 522
820 158
43 892
214 239
836 240
182 46
453 46
914 563
781 392
408 764
749 94
893 82
827 994
769 857
987 229
377 732
889 576
980 702
168 820
263 241
102 451
849 691
598 4
999 845
204 75
873 507
821 630
563 862
396 809
157 5
950 811
4 39
255 135
151 394
123 636
682 432
894 197
614 869
684 218
711 658
674 333
581 93
787 230
380 511
732 880
540 980
495 129
681 710
756 638
316 867
276 677
64 595
629 881
270 3
385 649
777 532
430 521
539 508
47 575
790 51
417 119
156 392
215 392
312 386
255 733
147 24
715 77
664 609
705 812
399 996
83 176
606 986
584 868
563 727
961 808
955 517
413 359
935 208
893 167
482 802
920 365
308 417
305 998
410 589
500 535
171 875
869 871
684 340
592 552
997 918
434 161
123 634
591 182
964 588
129 182
669 695
840 332
191 966
260 136
94 564
645 523
337 773
292 238
461 491
15 147
554 50
569 826
916 59
503 462
195 341
700 94
259 311
486 772
205 304
471 81
429 448
220 735
506 756
674 230
984 213
868 512
161 145
102 540
864 737
229 374
837 138
869 910
356 260
274 245
725 286
959 579
589 208
242 300
492 63
221 685
478 484
639 916
594 901
969 190
166 467
266 607
280 427
100 357
238 277
212 429
448 720
885 773
96 980
518 928
481 918
951 630
277 352
320 193
662 742
19 392
14 497
381 167
814 376
993 102
475 219
477 166
188 374
514 871
62 996
880 293
784 81
464 382
463 903
440 685
939 82
539 499
160 284
718 304
358 378
356 462
706 380
811 599
875 289
629 778
469 209
800 10
105 209
254 246
691 987
686 67
107 867
681 229
573 379
902 914
657 904
798 255
163 354
24 240
332 408
791 181
391 890
991 527
85 517
155 815
858 139
346 328
965 344
981 280
356 582
331 419
30 842
982 200
999 372
740 650
783 467
270 632
539 383
700 365
547 725
878 24
730 39
389 637
850 185
104 643
725 373
783 781
189 568
580 273
572 531
557 955
493 650
956 715
681 192
247 723
123 554
224 858
597 391
581 819
968 991
633 703
440 89
786 343
398 170
457 259
516 685
437 989
68 638
560 238
82 38
936 553
789 810
719 67
402 420
308 505
969 688
936 282
278 728
250 953
25 97
972 804
183 620
931 960
575 454
338 106
365 360
800 471
962 375
533 277
754 429
321 16
972 542
246 310
102 85
921 851
191 956
653 510
187 175
15 906
307 386
595 294
602 134
517 54
321 496
793 159
859 50
413 38
506 417
561 130
376 589
342 710
567 148
484 144
210 407
58 789
913 34
338 202
97 289
106 660
634 22
844 266
279 188
142 349
617 495
419 655
181 969
641 305
521 567
657 803
99 234
402 512
850 71
679 607
667 191
956 771
773 496
788 580
597 394
214 468
27 506
747 475
107 490
994 876
710 71
277 750
382 242
505 211
485 448
514 516
871 18
780 587
779 182
619 455
742 132
916 388
119 921
642 872
876 535
114 95
524 251
543 921
772 502
727 967
298 685
147 297
997 489
939 394
987 48
752 170
608 978
209 419
822 156
527 765
408 792
280 507
805 3
351 180
115 814
258 418
746 334
307 982
773 373
672 418
21 926
116 669
117 700
179 867
239 516
521 451
229 518
172 623
521 376
510 759
869 987
476 918
172 940
729 364
936 300
636 866
897 233
269 81
52 427
244 915
233 120
195 320
717 432
663 459
886 729
970 635
866 620
252 859
256 30
14 593
340 392
677 882
968 216
829 653
166 830
227 140
39 88
994 750
879 630
999 680
654 446
821 679
696 425
930 503
398 124
384 559
491 320
541 355
568 491
195 473
873 445
521 452
414 468
584 165
619 80
830 36
360 223
351 731
289 962
935 364
655 391
481 86
797 725
691 68
212 147
992 941
647 473
84 789
56 428
68 475
561 143
940 505
324 405
894 600
468 832
642 249
809 789
360 468
488 190
759 21
177 358
994 666
471 376
382 558
260 145
926 506
314 921
751 214
706 295
444 148
265 370
299 358
966 912
229 275
102 586
666 206
640 678
875 823
34 716
566 608
650 954
294 272
501 544
985 388
251 789
760 169
649 720
354 452
870 719
329 146
910 876
923 712
370 754
818 332
14 405
61 441
258 975
165 136
42 948
817 466
646 383
234 246
330 434
551 1
407 59
419 809
792 737
658 658
478 203
816 401
749 609
385 187
973 25
114 271
345 435
287 792
43 910
315 316
614 609
83 751
427 298
451 241
749 651
223 212
29 359
811 351
518 410
92 101
650 783
237 759
635 495
707 662
595 376
857 818
565 412
29 790
577 894
753 33
444 761
763 710
173 712
557 709
642 887
69 192
449 273
654 487
791 975
230 564
277 128
774 448
277 555
85 460
353 70
990 721
325 291
413 208
512 286
677 683
999 536
493 114
562 743
478 999
853 427
183 211
304 851
674 758
920 574
772 387
332 579
600 961
1000 617
885 547
293 735
11 993
207 373
219 5
414 721
452 855
974 484
230 186
927 914
403 20
757 294
233 618
505 843
481 865
406 92
19 86
381 101
144 536
81 743
174 728
156 648
408 144
568 729
420 457
199 590
571 11
452 2
756 745
512 192
457 770
446 435
440 954
118 103
779 718
350 845
441 220
676 891
731 761
661 482
575 80
130 438
377 562
894 306
317 464
545 17
702 739
464 382
435 589
578 5
388 77
668 359
337 215
78 394
563 258
869 167
657 376
327 795
893 209
193 22
348 928
348 87
266 36
604 85
652 33
656 615
307 693
525 886
96 19
939 454
506 243
254 585
865 16
318 723
807 833
551 711
218 304
322 216
156 478
699 81
787 589
145 190
377 748
216 713
196 303
314 750
927 709
914 118
136 472
216 328
568 968
688 916
942 632
906 478
908 736
851 905
369 697
307 649
85 572
382 784
776 324
267 730
979 607
592 760
533 657
91 825
527 512
378 909
553 185
389 288
3 122
406 677
12 950
512 480
919 260
709 483
777 648
415 906
13 745
224 431
472 25
529 782
172 424
623 946
129 410
537 679
296 900
4 549
846 379
303 580
487 605
415 402
905 973
716 102
628 387
810 17
857 74
489 208
592 105
750 308
808 579
72 641
11 399
627 186
647 632
856 883
254 805
803 294
367 834
956 591
779 902
871 816
856 619
460 294
90 826
807 609
997 388
153 528
276 201
493 299
109 237
852 999
635 950
834 118
11 808
598 780
719 625
510 563
822 61
281 400
178 347
939 324
912 37
796 267
780 236
481 640
402 819
778 663
822 735
954 218
357 805
3 301
594 260
431 738
466 622
552 774
432 628
704 18
946 887
506 587
305 224
408 770
21 488
186 836
263 273
549 955
110 43
17 267
587 743
675 286
756 280
313 209
564 413
328 5
353 665
442 934
557 883
816 943
47 726
716 805
671 330
186 367
981 161
106 901
274 467
488 718
733 979
404 376
511 615
659 11
975 451
724 198
992 999
459 433
118 941
513 818
85 412
986 168
954 720
733 323
55 391
440 794
179 725
378 715
744 729
967 678
660 718
312 178
792 419
776 279
988 851
416 819
177 534
867 926
261 542
419 661
315 611
218 994
176 56
514 610
47 115
574 30
958 257
78 683
151 751
991 74
936 466
881 304
563 864
687 815
183 189
962 268
189 839
111 759
171 835
972 438
37 534
551 145
191 836
439 943
964 876
593 208
546 161
452 946
308 587
645 965
167 756
180 182
885 684
349 151
453 614
425 573
577 560
146 521
174 759
82 656
7 881
549 875
203 712
562 104
547 318
374 639
397 388
193 709
459 953
846 996
181 713
359 921
130 651
16 517
651 634
855 645
969 478
11 835
322 56
306 618
448 257
760 357
249 403
407 113
224 726
50 246
627 925
416 42
139 31
703 102
479 494
207 271
825 315
931 38
631 424
684 545
187 380
5 223
852 299
160 656
379 364
471 27
599 345
260 70
849 770
225 122
201 82
161 708
207 552
270 190
234 520
176 947
61 488
324 142
309 715
794 860
932 65
503 861
177 781
785 247
462 782
966 771
937 502
773 526
259 830
114 938
820 248
511 810
533 988
710 969
868 748
264 452
812 623
961 267
914 729
737 196
889 98
180 144
191 659
803 540
86 860
385 90
316 145
663 245
843 168
217 960
321 212
519 328
649 709
141 61
657 886
35 430
370 438
493 162
555 648
4 607
478 754
427 518
434 986
523 853
535 452
239 764
133 733
361 905
13 100
643 372
318 795
591 971
562 650
24 351
942 149
910 101
446 897
886 7
558 147
200 88
146 201
279 684
175 246
445 437
111 394
100 895
690 160
229 109
495 975
5 17
655 866
707 752
163 192
388 924
953 980
664 104
835 829
186 672
167 632
227 70
848 817
791 254
707 438
182 35
355 300
229 295
166 479
675 903
814 511
244 341
665 989
489 93
42 587
326 248
749 281
683 948
270 976
148 641
915 475
185 797
750 361
670 250
900 429
788 859
288 166
831 610
177 679
453 949
871 136
101 372
234 379
614 517
83 880
324 793
169 897
478 556
254 607
266 224
248 915
816 706
912 598
355 836
862 1
348 42
179 574
750 405
453 613
227 955
335 95
461 68
350 239
478 703
541 164
729 731
242 641
390 246
38 533
386 474
113 612
692 187
645 651
954 178
270 888
90 29
488 887
593 948
505 334
632 974
34 586
769 754
130 744
638 718
563 397
563 956
99 590
991 552
189 169
967 187
45 554
339 147
888 439
151 481
233 477
380 273
949 673
124 149
16 703
497 867
382 166
398 282
139 249
348 185
363 840
855 761
643 293
687 238
814 344
16 841
785 324
466 817
247 703
753 445
709 214
486 619
399 350
316 957
426 796
132 319
80 574
785 858
719 784
933 612
522 41
122 382
462 875
874 213
838 830
472 385
896 357
701 808
294 647
796 796
686 799
845 593
714 197
534 336
937 259
661 399
732 97
607 191
74 490
885 429
20 637
186 233
898 124
646 962
932 800
502 303
329 83
553 23
68 956
836 179
209 911
687 863
285 515
783 124
652 682
114 105
264 276
925 309
929 308
225 807
720 625
530 455
234 551
887 874
747 172
461 665
904 595
284 402
52 276
448 110
548 978
681 809
459 315
211 70
895 308
751 745
154 499
297 450
97 763
256 280
1 659
216 916
877 871
843 450
681 462
884 372
266 682
803 598
348 491
84 795
627 748
807 846
922 989
793 866
759 159
146 499
196 947
134 683
24 187
788 6
444 160
826 270
431 778
710 983
763 83
710 828
245 469
82 361
72 687
636 510
819 124
503 530
231 723
669 558
546 280
776 886
918 410
634 348
194 27
100 397
168 811
435 265
646 357
790 759
509 825
826 343
341 832
422 614
975 299
639 598
985 37
421 411
286 652
172 375
539 340
692 870
755 44
762 699
164 598
245 210
136 547
337 947
789 774
439 966
774 300
187 865
23 906
533 875
540 823
961 493
667 157
471 932
893 100
859 377
793 864
142 640
306 334
707 108
372 267
387 306
138 621
714 161
227 135
127 448
97 786
616 424
480 871
820 502
173 165
343 699
269 9
393 108
705 369
839 122
625 112
305 570
909 310
178 261
78 165
484 42
635 237
585 712
724 136
571 884
51 887
812 1
654 715
927 483
895 436
142 59
732 174
73 278
231 207
981 118
814 139
410 655
412 624
229 499
815 890
860 911
600 8
541 884
94 925
999 439
691 256
974 497
885 924
203 559
678 993
922 763
677 57
867 929
411 652
538 747
431 660
351 646
123 266
607 867
420 463
433 374
541 900
681 323
293 371
640 836
244 539
810 516
898 751
966 719
713 816
882 439
182 239
813 889
972 260
635 350
664 66
181 259
214 64
990 745
291 505
695 397
168 213
899 897
326 558
636 337
596 716
604 143
467 689
21 384
163 46
562 869
147 412
115 747
869 388
365 243
959 944
24 739
939 15
239 634
487 461
411 688
582 96
585 172
486 4
175 100
96 240
307 297
883 887
460 208
226 273
343 610
129 375
635 788
59 714
453 856
535 308
205 227
543 437
503 821
743 136
204 116
876 651
518 217
539 27
671 905
989 149
795 749
857 846
561 874
226 285
438 410
181 387
170 586
621 738
136 554
807 939
634 672
718 718
404 821
352 70
596 438
950 386
161 492
344 950
233 732
855 584
520 256
234 731
704 293
498 751
788 163
677 951
267 888
14 257
620 901
323 754
564 191
870 640
977 143
869 126
963 435
771 971
661 531
108 731
481 556
341 692
841 665
65 275
807 669
557 781
198 770
661 398
958 861
12 677
580 903
1 678
863 173
412 351
100 937
141 379
708 104
846 298
721 866
676 183
692 749
793 8
234 890
765 154
658 975
121 667
944 219
706 462
150 908
980 962
878 500
980 307
977 784
293 336
915 40
860 443
988 587
460 284
816 792
979 31
952 621
851 73
343 43
50 655
47 416
354 527
265 212
130 324
296 804
771 54
143 523
75 944
374 724
246 457
41 281
264 515
105 143
948 103
313 703
400 335
914 399
511 659
135 927
245 525
2 357
607 268
981 129
625 645
466 449
29 621
380 63
659 440
667 774
987 126
644 664
797 264
583 859
721 303
271 735
7 614
214 178
169 995
566 612
812 194
344 931
187 226
33 592
740 758
744 137
184 885
258 693
231 522
215 779
770 108
386 955
831 367
988 11
321 138
945 139
70 295
945 585
415 527
201 798
11 339
424 360
388 476
298 582
336 963
712 911
321 809
238 611
750 969
172 520
928 145
462 214
222 701
644 972
849 804
659 177
32 601
497 339
838 91
821 916
183 269
805 855
791 495
557 992
859 971
575 913
77 473
830 246
220 411
177 314
394 233
527 887
148 7
437 947
486 442
969 477
724 655
315 84
178 388
598 1000
589 789
556 95
648 568
279 362
632 721
497 965
312 439
917 706
430 357
563 823
436 482
88 707
160 913
515 141
260 970
378 933
879 639
779 281
34 288
611 226
179 976
635 268
573 829
341 97
430 188
435 471
321 954
137 653
610 844
342 658
972 56
231 175
470 746
828 631
521 440
537 926
956 966
887 343
777 835
976 309
917 842
638 691
771 802
588 236
810 935
419 972
595 903
151 964
900 429
520 546
919 625
202 975
171 717
245 119
514 738
421 204
290 249
235 396
836 795
610 406
584 738
467 601
7 997
393 710
103 8
678 985
731 689
212 883
217 76
149 107
682 497
20 368
493 1
266 249
692 644
634 765
269 253
700 99
610 772
854 812
826 291
390 948
774 58
457 436
372 492
448 819
288 511
678 912
30 568
251 18
569 485
916 512
120 9
496 737
795 731
636 326
434 543
1000 891
654 139
729 690
318 604
981 415
308 375
594 573
574 576
959 983
269 318
32 456
505 965
246 748
394 82
445 436
265 555
69 838
517 925
50 483
495 540
820 696
111 462
248 493
307 64
908 833
119 336
815 4
432 921
119 443
912 858
344 583
934 495
4 678
554 286
478 225
845 860
814 261
727 542
944 306
79 448
532 623
503 721
975 523
662 245
65 94
332 610
774 166
993 795
821 554
454 440
4 531
258 348
153 174
798 470
234 483
538 929
511 953
414 59
355 784
809 585
518 813
326 474
261 345
210 736
177 786
888 250
212 537
957 213
631 283
275 750
191 825
362 745
723 431
51 918
776 576
331 286
485 928
838 618
119 945
170 725
382 391
375 549
30 140
454 934
952 925
615 343
94 314
393 466
754 282
214 672
431 197
92 867
310 808
29 99
667 957
400 522
446 8
686 120
315 523
709 847
970 258
873 319
55 192
438 180
555 849
471 803
89 390
282 433
18 68
354 772
274 397
836 831
848 533
250 474
514 454
363 832
647 60
25 880
363 18
393 661
318 780
711 62
517 203
855 262
144 572
541 869
82 697
966 733
381 766
445 206
27 565
519 426
582 931
967 193
217 496
443 839
404 83
988 265
796 420
82 756
888 969
806 662
757 985
303 675
819 508
230 129
519 705
609 452
791 877
291 155
81 811
506 537
348 607
616 469
20 226
740 722
618 849
598 336
450 398
102 961
508 909
669 29
836 456
378 470
490 604
838 445
235 82
8 363
998 399
923 201
103 348
107 936
311 134
764 18
370 263
539 863
823 67
738 81
644 452
432 641
424 159
23 879
279 637
253 893
594 155
371 517
428 650
217 751
622 911
720 172
91 532
302 358
189 742
694 397
638 141
941 755
112 31
830 993
334 172
255 808
824 147
818 9
363 300
413 214
623 285
498 774
351 622
216 805
981 740
552 1
3 225
1000 454
810 794
308 75
807 832
392 883
265 464
839 349
237 179
519 629
562 966
859 409
5 403
280 532
206 231
160 878
826 906
346 41
631 242
32 46
426 480
711 318
212 57
546 762
937 838
760 908
896 124
962 507
430 773
934 587
947 542
38 347
2 879
370 61
213 30
658 961
768 340
108 282
58 830
292 247
543 837
95 580
296 799
863 462
360 388
786 803
401 57
651 552
662 704
880 984
334 950
122 92
56 524
56 198
233 735
92 780
15 641
884 627
154 389
242 754
941 342
269 547
66 73
630 453
275 870
724 684
202 475
272 712
394 929
234 466
3 237
314 10
442 968
247 915
350 712
588 357
412 709
46 83
229 396
631 299
587 600
790 57
39 332
781 643
366 282
194 670
823 495
342 784
790 860
705 588
573 887
116 761
6 408
165 571
202 692
607 465
53 382
455 173
927 697
152 607
876 15
136 50
445 677
913 878
102 908
793 940
78 874
954 717
577 351
914 332
585 913
804 167
537 392
278 970
289 962
81 755
517 480
876 279
814 135
714 4
391 705
727 661
321 369
534 242
959 18
694 613
203 97
200 453
759 790
659 991
357 888
497 880
488 798
215 252
648 94
489 611
594 161
891 590
158 621
129 230
759 170
48 174
967 166
738 660
688 969
703 852
252 417
894 237
61 120
856 441
821 953
502 297
232 774
838 863
30 821
778 75
522 894
208 319
37 455
715 355
731 480
136 673
20 64
506 770
685 966
575 831
677 72
545 856
168 159
118 737
647 521
633 544
998 422
94 201
221 460
466 866
744 148
288 239
679 930
981 103
487 824
349 621
566 251
523 488
267 925
878 699
236 202
174 181
293 371
595 451
440 646
6 249
288 51
574 13
972 488
645 516
811 7
169 491
410 67
715 263
167 639
179 837
810 158
794 883
926 876
510 317
997 771
66 185
705 591
371 155
172 667
988 138
825 130
339 689
304 575
986 863
510 804
982 879
826 359
180 753
658 113
391 7
260 133
467 865
845 639
166 729
214 794
785 144
161 961
851 735
24 135
990 655
583 303
712 514
709 180
796 503
703 362
630 26
869 924
747 353
211 987
951 904
722 614
348 190
868 132
898 934
827 35
697 31
634 277
648 437
570 646
914 373
911 959
68 453
433 54
937 681
300 292
398 199
864 893
166 589
817 124
806 349
296 164
890 136
512 528
823 744
602 172
439 172
593 441
504 24
407 861
877 354
207 537
675 174
120 601
661 843
432 271
737 980
143 401
569 201
856 535
227 43
203 150
770 555
990 887
50 731
167 600
311 763
563 482
343 822
3 433
235 722
514 672
323 868
600 458
87 746
314 2
894 270
423 572
595 626
156 313
43 615
706 743
760 252
123 407
425 517
72 749
40 441
94 724
746 516
476 167
587 731
318 929
639 866
605 838
426 737
629 904
897 195
750 131
807 614
668 872
841 677
183 582
866 569
164 789
512 444
409 105
789 396
917 485
679 254
526 453
584 969
32 226
262 351
853 578
948 87
232 830
800 285
89 475
739 537
452 25
668 100
377 647
213 838
357 901
476 27
648 600
843 441
638 329
177 91
982 519
287 241
302 768
452 502
428 372
162 41
414 570
774 428
980 489
867 608
97 937
944 799
909 119
246 297
213 501
251 352
154 335
913 51
270 735
655 639
546 809
383 297
747 496
207 909
408 887
528 642
190 673
562 484
148 890
38 641
991 700
218 269
511 459
953 838
872 33
184 384
59 211
858 745
10 873
725 926
271 58
747 133
229 742
474 233
982 762
237 330
427 400
968 194
991 868
167 352
917 584
656 313
245 9
596 314
643 375
914 343
944 121
773 760
615 823
177 142
865 430
593 346
514 640
876 287
953 609
708 931
676 19
342 874
114 411
764 627
799 209
86 897
899 340
76 539
315 468
30 364
311 286
925 852
922 44
975 989
686 650
646 182
709 346
490 972
457 313
946 652
221 224
495 339
353 756
954 238
18 717
673 338
527 723
486 357
837 869
103 546
108 784
431 794
185 534
892 558
42 116
367 446
829 786
871 589
801 767
174 202
530 387
386 592
865 283
6 654
634 865
574 753
685 282
318 285
998 782
396 480
261 242
962 943
727 745
493 927
35 415
776 373
469 645
322 582
6 488
619 568
498 970
291 319
48 192
980 73
334 674
571 490
203 181
595 657
659 236
585 153
855 83
105 961
906 27
616 941
853 106
871 674
563 199
263 166
102 10
463 349
120 314
688 13
891 909
730 636
570 20
916 292
469 268
200 862
721 646
260 827
14 607
74 909
639 809
944 940
486 456
657 698
613 214
187 904
989 680
159 990
11 599
741 271
230 112
421 858
107 724
966 355
177 705
538 719
509 655
976 68
583 371
186 742
788 175
236 867
986 176
307 201
822 447
780 66
553 25
864 847
679 511
143 98
895 279
169 18
526 241
894 187
524 346
968 827
500 844
420 303
961 228
93 4
932 995
105 966
967 286
146 476
253 918
701 849
191 753
790 333
48 359
347 99
482 581
613 553
320 838
898 210
849 37
397 143
956 796
164 97
750 680
265 137
821 506
682 97
369 519
906 345
893 953
365 234
587 469
752 542
493 811
606 470
389 177
212 746
630 296
878 541
288 781
447 471
128 833
646 513
21 546
355 804
524 544
934 507
310 385
73 372
397 701
553 746
666 666
353 646
738 329
566 418
460 527
156 661
428 797
199 682
244 17
507 472
918 379
301 211
3 729
328 601
375 699
18 79
762 399
60 570
528 606
796 286
650 541
278 939
116 806
7 738
325 980
729 324
153 842
179 676
202 173
414 920
691 549
672 699
76 320
69 694
473 815
137 595
419 72
375 809
205 298
669 91
704 620
350 240
127 398
751 628
492 21
66 710
849 780
918 664
328 334
836 763
396 125
820 112
613 878
726 199
568 91
490 548
869 487
912 621
519 629
664 358
616 282
772 325
26 455
249 734
511 88
882 447
257 351
221 645
595 681
475 54
718 960
84 797
821 671
161 882
762 921
345 895
270 587
396 812
205 542
987 179
167 798
70 956
217 909
444 563
354 120
55 181
862 233
653 511
822 59
504 591
590 98
519 777
414 752
315 155
322 905
563 489
546 184
184 250
779 103
9 760
323 68
505 380
633 78
964 777
43 724
702 700
653 806
444 10
969 170
584 346
34 672
985 703
799 983
849 647
615 166
861 54
751 715
665 468
221 336
537 739
329 977
777 658
766 735
934 52
310 608
779 34
363 716
901 629
343 586
87 53
741 601
527 517
909 135
23 284
724 494
445 661
290 514
459 184
314 404
496 447
389 26
277 610
903 708
400 755
489 721
876 819
13 8
720 251
93 159
596 276
557 320
359 360
772 183
395 590
727 205
327 449
998 832
724 770
981 465
729 458
389 44
552 633
736 59
990 522
544 620
870 132
144 206
191 194
441 176
474 484
543 675
725 4
738 474
26 850
6 297
856 1
923 980
401 895
389 947
67 449
749 420
255 845
262 121
493 517
393 702
214 635
889 100
177 639
712 529
406 971
281 22
22 304
259 327
961 110
252 359
638 216
500 449
903 253
278 984
170 73
874 376
905 898
614 890
659 691
584 244
361 452
269 719
937 551
710 887
703 501
14 431
63 656
125 154
876 190
488 411
589 564
646 334
242 873
860 348
283 14
979 484
33 269
829 244
19 823
155 620
523 188
154 963
823 311
401 136
424 72
876 634
366 832
684 848
842 456
981 675
10 490
703 919
824 342
454 910
236 775
410 772
70 740
664 740
764 639
262 41
330 977
875 150
229 532
357 23
599 160
848 638
183 502
942 287
350 352
250 612
570 415
852 153
878 155
112 745
624 968
854 551
898 811
308 454
963 448
375 10
491 335
958 621
474 339
743 811
33 442
48 118
719 16
871 554
845 875
146 458
371 616
961 481
137 309
519 82
582 413
548 617
645 263
245 312
555 183
931 235
555 572
400 252
994 640
629 16
491 620
871 735
3 593
133 152
974 655
108 35
873 466
859 549
189 216
151 815
811 604
728 24
859 182
458 750
227 33
502 393
254 316
454 849
458 2
556 738
433 170
451 159
273 999
101 940
324 464
771 131
89 841
888 560
537 161
423 469
882 666
472 407
432 733
151 191
335 83
349 345
978 932
317 392
583 4
256 600
889 161
114 347
597 831
938 757
5 596
646 1000
880 4
381 977
368 934
507 489
330 429
992 556
194 328
729 157
340 410
718 625
548 762
490 503
23 436
359 159
656 287
663 136
212 366
44 335
6 679
361 679
892 510
102 948
552 755
232 687
407 896
502 437
157 204
269 760
936 538
949 428
929 507
947 539
286 168
445 506
554 992
601 18
540 56
886 183
724 182
592 324
513 214
624 550
893 765
698 549
695 688
262 694
864 318
944 259
415 754
688 937
309 850
267 32
538 603
736 55
142 322
363 558
528 892
885 579
667 551
330 942
332 575
282 812
141 458
848 807
293 436
102 652
510 100
455 516
390 301
140 571
630 854
688 181
934 322
60 172
383 17
131 571
287 37
23 862
81 118
314 759
922 95
54 491
557 838
422 955
144 280
826 540
133 898
479 399
738 313
645 649
305 475
199 556
49 420
647 925
555 443
823 324
758 698
992 695
915 353
871 855
329 859
819 856
874 647
481 630
413 272
208 971
810 494
957 650
369 219
544 151
379 95
966 437
703 237
453 678
375 355
146 246
856 574
438 481
630 52
621 553
125 936
78 881
265 953
518 756
415 219
181 670
34 108
191 738
255 864
444 75
889 670
920 602
349 322
884 190
895 617
707 136
972 351
934 891
414 100
264 394
139 122
723 738
110 81
306 27
989 324
981 67
393 834
808 619
513 661
235 280
743 646
99 875
945 743
880 426
337 743
293 461
910 66
716 281
801 383
535 336
361 504
112 975
911 405
594 679
955 921
45 358
573 660
110 51
884 639
756 884
107 699
876 339
511 506
927 509
786 412
903 706
787 532
389 144
620 833
854 208
843 573
377 999
305 305
603 167
246 407
531 403
123 87
254 78
502 379
404 205
354 26
489 640
668 913
613 373
791 437
964 429
313 386
975 526
292 847
226 151
758 720
444 798
97 699
225 974
187 307
491 601
375 280
709 139
563 685
839 351
288 945
85 47
653 607
696 768
245 902
179 819
364 281
695 982
301 823
23 913
367 892
877 946
43 599
843 201
280 194
595 652
8 549
368 580
792 260
835 7
532 852
582 348
920 674
636 130
288 228
671 553
897 677
265 822
709 37
964 52
20 271
218 790
110 410
845 414
921 377
728 401
617 499
636 913
499 139
620 754
153 457
610 357
185 999
775 471
174 140
7 203
685 821
250 4
866 311
221 956
713 246
607 57
92 882
180 986
28 981
830 734
312 606
694 53
951 904
223 437
973 836
364 238
709 338
709 846
92 284
855 215
606 716
800 532
150 273
527 863
835 774
418 910
645 587
309 209
948 26
834 958
906 139
300 934
692 544
114 485
132 138
739 477
690 970
476 28
878 865
603 337
768 320
344 419
921 521
470 554
655 188
239 452
189 203
165 58
152 999
738 608
323 192
65 480
340 992
378 943
789 320
986 607
228 739
881 92
555 246
794 495
496 119
398 486
638 186
601 570
283 405
476 319
456 733
881 231
684 575
938 840
657 897
915 737
725 733
587 129
323 285
599 480
40 561
839 868
950 851
319 990
396 556
208 914
579 108
268 571
507 454
965 52
788 969
774 256
997 248
584 98
809 315
463 86
541 396
659 191
324 811
592 582
531 763
998 618
797 722
601 138
575 77
162 365
37 961
260 170
524 803
168 712
446 41
185 728
377 799
313 878
464 484
899 939
120 978
446 830
820 857
112 438
682 524
785 577
476 346
924 97
624 943
641 2
225 336
534 254
699 971
241 153
162 453
56 916
836 713
737 518
562 64
898 798
724 323
466 787
194 659
158 628
283 306
973 560
138 775
524 168
676 246
108 88
403 934
775 769
166 217
670 330
183 127
582 306
91 555
958 336
662 356
290 636
156 662
467 3
105 935
141 342
938 826
304 555
482 215
16 955
134 217
741 171
49 382
252 451
129 419
891 866
480 486
73 335
564 226
596 121
919 54
824 793
295 22
31 755
855 985
156 209
789 929
23 559
578 6
108 336
509 819
67 160
768 736
490 991
201 390
702 700
131 670
470 536
170 403
232 959
154 611
738 283
881 433
690 288
241 958
382 409
295 36
350 562
567 338
965 635
493 867
787 860
261 350
981 19
196 479
340 615
876 293
394 993
188 362
792 182
982 390
931 598
384 237
458 232
291 932
858 860
711 864
66 463
933 703
799 539
219 68
49 772
172 727
492 484
189 603
585 799
482 207
586 872
126 526
369 611
70 246
737 145
727 485
204 127
420 631
291 510
513 489
345 965
130 194
201 858
485 740
427 917
451 216
931 742
700 111
730 306
488 865
195 785
814 234
119 827
720 672
850 30
45 663
883 650
679 197
984 62
955 510
824 183
379 633
991 184
119 952
917 213
127 52
663 455
619 8
357 803
804 441
546 811
744 476
896 443
497 240
137 693
927 111
191 830
994 890
125 582
8 50
979 28
45 536
6 112
670 829
789 415
781 498
637 875
328 730
14 808
730 779
141 184
761 681
752 672
86 299
709 289
880 516
891 480
513 195
966 478
111 59
375 152
413 52
98 48
183 856
199 482
9 831
402 232
681 363
803 783
1 581
255 136
886 166
501 56
443 839
641 408
783 722
236 373
450 174
698 441
172 599
675 160
207 739
794 884
536 638
897 234
658 959
155 843
506 97
641 236
588 891
726 334
853 760
603 878
79 440
219 190
64 925
872 898
219 191
644 108
645 441
921 633
209 657
962 354
165 236
376 860
923 311
565 960
305 519
284 372
321 138
759 815
289 476
384 537
404 299
601 89
296 852
11 301
278 308
139 230
390 799
88 881
792 572
575 999
979 302
895 797
210 893
333 437
121 115
810 564
269 960
320 458
714 151
504 573
602 446
430 622
541 658
227 802
435 616
91 250
828 829
269 547
240 552
374 455
31 475
726 811
659 917
225 823
913 946
335 9
292 905
364 194
210 469
937 711
21 85
81 129
114 901
245 341
837 907
72 717
412 674
108 974
744 650
764 728
199 22
280 145
636 284
44 690
989 777
824 496
700 299
817 108
192 29
711 924
617 262
485 776
727 530
125 477
387 271
737 998
931 570
907 686
803 680
406 463
735 77
370 398
434 464
468 364
763 469
539 799
890 42
308 791
583 362
416 801
340 405
593 847
742 486
344 255
400 188
898 112
583 185
166 160
623 590
601 992
436 325
722 398
610 782
150 978
455 642
365 761
859 923
299 726
727 26
704 996
43 984
352 957
605 598
508 654
769 572
104 968
812 622
299 905
8 138
201 689
636 283
588 309
953 521
495 664
862 959
682 525
844 572
209 334
866 355
421 632
650 722
665 861
770 654
366 336
5 262
783 20
648 956
478 854
997 472
205 430
947 708
630 571
19 280
244 220
