10000 1000
941 311
856 279
193 209
172 421
535 184
699 684
175 91
991 692
921 861
930 771
895 950
950 465
598 873
933 956
849 261
777 949
774 749
261 2
502 984
586 530
313 409
139 804
544 39
234 848
178 150
552 396
687 773
321 344
504 503
749 210
349 186
521 332
261 66
972 369
834 591
810 83
474 754
389 160
751 980
974 808
424 64
40 89
766 220
494 523
688 484
208 917
751 711
827 982
515 80
109 716
220 286
525 417
897 180
169 576
13 130
709 85
405 586
915 339
987 948
614 811
238 26
558 299
816 389
591 637
126 326
385 652
900 245
393 90
558 670
159 989
888 455
286 637
800 284
160 440
286 803
31 63
858 736
685 918
806 618
469 775
928 484
519 824
130 261
264 472
106 161
376 278
330 229
138 346
889 878
335 938
40 611
923 631
725 455
375 269
27 72
733 487
393 467
847 216
111 589
97 866
660 371
618 299
314 475
959 756
840 505
824 57
959 59
521 659
854 341
771 161
727 894
912 722
399 961
762 844
185 94
156 905
412 934
744 885
449 226
479 41
174 588
420 811
317 308
634 252
29 500
281 176
712 621
797 417
460 448
383 93
843 638
658 76
346 521
167 362
157 40
961 155
362 311
418 298
793 340
133 264
67 116
161 844
224 812
964 661
199 720
334 674
378 527
506 746
607 492
432 668
248 95
614 113
308 978
522 109
548 501
458 41
503 699
52 532
950 67
206 525
912 479
967 715
215 760
796 430
218 680
524 651
897 78
820 971
956 598
669 604
765 342
721 847
104 203
489 304
570 482
410 170
528 351
475 432
955 713
944 581
19 740
866 685
521 6
781 434
403 898
817 88
491 848
506 152
265 275
816 57
37 601
528 114
581 567
800 242
293 819
87 785
266 912
35 460
422 37
800 500
616 294
184 119
769 282
462 374
975 795
842 494
637 961
432 999
177 919
992 16
486 212
656 561
952 708
813 55
522 429
702 955
675 730
409 595
748 347
380 808
452 315
405 663
284 473
610 408
172 360
939 946
972 478
491 629
932 321
986 526
452 821
141 806
268 191
221 284
958 166
740 78
135 52
547 868
146 481
479 654
276 984
567 424
489 129
888 765
342 421
409 593
101 973
263 334
204 788
210 624
542 48
350 249
648 221
884 990
933 562
454 599
827 217
278 387
172 11
704 402
278 122
19 433
531 390
483 970
298 969
170 881
796 3
19 544
31 838
990 251
303 218
127 77
312 643
447 98
197 902
769 179
613 248
166 933
224 311
722 826
566 494
116 670
152 662
842 595
629 807
715 750
447 955
995 711
435 180
426 965
949 641
621 944
457 661
268 53
907 904
162 766
384 500
177 271
987 369
379 66
697 905
962 284
61 213
353 734
517 846
312 956
483 788
228 433
980 219
796 282
572 769
477 414
193 506
464 61
636 524
703 318
939 379
707 94
994 774
433 304
653 56
856 328
983 352
340 295
470 897
310 970
844 115
787 363
832 624
744 78
347 408
476 229
316 781
935 557
468 200
787 39
483 282
330 944
449 804
455 521
973 527
323 463
858 805
826 44
293 950
676 572
240 388
284 337
402 64
540 600
45 738
439 186
775 885
750 796
985 144
68 711
627 798
138 72
934 751
956 857
184 269
81 839
836 832
287 58
263 706
84 592
468 476
62 465
529 583
589 852
792 540
931 937
703 677
651 334
864 953
303 947
346 532
929 725
558 924
739 774
595 813
838 843
506 518
671 981
330 194
309 977
573 184
21 616
418 380
966 24
145 740
358 840
82 675
675 896
894 897
722 543
452 936
427 699
550 825
34 901
833 46
664 978
553 381
601 987
482 3
796 118
424 742
94 146
496 74
463 527
973 590
363 892
692 668
394 543
360 532
800 393
998 505
70 15
394 514
287 890
241 283
332 232
973 658
753 337
684 154
917 162
249 883
22 421
786 704
187 983
168 999
776 241
970 933
229 376
90 224
671 878
702 763
350 398
240 925
837 299
47 818
782 402
332 120
523 531
662 244
926 188
606 195
858 662
284 881
87 654
192 701
378 517
249 579
570 1
498 920
877 882
72 58
49 613
645 270
3 957
320 376
667 93
107 798
566 23
916 837
339 728
548 19
463 809
635 211
977 400
730 460
630 685
655 50
630 517
821 468
21 171
105 388
243 138
830 202
476 964
322 186
425 54
135 593
670 273
19 691
442 171
16 392
18 468
812 531
413 914
426 18
529 133
360 73
517 995
119 55
909 141
111 766
666 768
304 759
191 326
833 844
757 322
500 5
199 168
440 52
223 562
494 696
639 892
413 142
841 353
231 107
480 275
689 395
269 895
999 38
443 710
453 13
402 78
199 577
88 175
586 933
907 119
873 303
776 758
361 267
560 923
869 240
685 877
570 193
42 770
20 532
296 499
240 423
818 54
648 254
330 995
570 62
201 528
473 934
979 245
506 128
320 241
73 485
757 443
290 838
689 521
560 211
64 493
697 928
916 850
335 155
191 484
777 952
337 773
128 645
856 817
546 814
211 419
307 58
615 613
599 444
586 477
889 635
315 290
944 690
88 219
972 161
629 128
853 578
868 783
925 284
208 48
161 124
361 138
843 215
971 132
739 186
110 748
985 522
359 420
901 852
630 79
456 974
351 873
160 916
817 413
672 116
473 268
357 722
112 612
570 453
457 255
149 768
820 1000
576 298
110 434
145 294
143 152
946 28
58 542
873 398
752 207
657 740
605 924
176 41
226 651
287 507
361 846
365 486
205 200
260 946
959 28
34 137
817 246
730 322
920 591
617 337
794 501
553 772
4 696
401 63
886 663
778 257
244 465
980 589
519 701
863 370
730 386
483 700
71 287
328 768
687 892
814 300
845 39
631 701
828 217
632 558
972 686
244 552
33 657
232 396
996 589
856 923
264 733
697 887
222 685
677 671
122 934
898 607
323 782
939 485
447 302
325 933
284 514
931 214
544 757
467 723
723 410
903 12
320 428
261 514
575 303
664 926
750 276
340 834
347 977
645 542
36 975
321 925
519 274
433 917
770 5
213 115
764 107
925 445
714 567
792 102
187 629
601 493
821 982
861 470
758 8
358 23
803 636
115 52
652 847
318 973
230 465
996 587
176 577
457 134
422 526
657 953
969 519
576 556
453 29
419 474
810 588
141 49
748 78
379 548
787 655
440 100
804 42
186 451
405 394
131 783
277 354
433 269
658 326
478 516
345 848
744 574
457 308
274 930
296 931
170 269
941 844
193 732
868 607
974 931
757 648
179 609
278 490
22 370
76 849
146 708
102 863
675 890
402 952
598 836
278 613
766 717
224 141
944 684
726 320
648 131
712 162
890 99
745 558
850 726
521 576
68 972
46 538
661 351
6 944
567 294
638 116
345 46
590 138
181 540
611 365
993 876
148 761
982 110
526 958
108 859
248 884
540 684
735 561
844 804
627 460
23 481
904 126
699 631
999 828
673 556
602 479
776 805
43 243
425 904
374 123
252 40
786 211
91 293
556 141
2 585
163 597
573 611
749 525
514 880
745 658
378 765
259 244
773 494
836 290
83 75
959 956
179 262
621 663
96 110
490 357
806 630
805 490
258 934
596 184
176 417
510 500
338 118
839 799
272 104
351 901
338 214
587 273
96 659
635 783
43 79
507 105
953 420
490 323
540 185
933 39
276 531
309 834
841 559
853 469
601 978
29 293
456 937
594 707
723 449
627 124
700 824
861 674
953 354
289 553
661 357
561 275
870 533
654 181
893 121
701 759
625 740
389 56
700 949
578 328
172 919
310 397
964 762
603 574
256 56
553 539
549 857
406 299
246 671
618 260
696 714
135 830
799 318
735 456
774 416
685 242
564 381
818 338
321 531
970 735
805 278
117 361
434 396
518 791
125 553
535 431
481 700
771 937
35 512
851 380
359 884
962 832
322 980
17 243
478 702
852 813
721 613
2 91
302 721
641 231
674 524
351 134
32 455
474 153
142 571
354 709
350 369
297 243
390 123
922 288
768 984
159 302
683 36
186 257
584 573
909 404
853 391
369 970
285 537
227 364
463 286
346 457
827 637
443 889
656 722
365 2
841 618
14 820
618 627
156 732
128 738
436 964
511 514
590 985
889 620
774 724
38 233
5 498
902 986
351 132
913 761
179 120
615 165
566 374
961 618
264 91
534 471
53 697
926 422
189 13
147 767
836 720
491 333
923 271
488 231
325 476
968 505
891 562
901 392
369 268
205 850
950 70
35 396
56 955
116 553
790 6
947 914
620 873
638 609
482 497
383 436
661 927
397 24
989 176
888 428
205 942
376 714
959 614
926 145
125 1000
584 717
705 194
650 837
750 957
856 525
916 374
182 666
408 551
440 352
129 779
194 743
525 805
168 42
378 874
895 583
645 402
179 569
878 331
559 569
850 734
16 681
896 736
514 168
157 347
225 305
776 786
849 891
750 560
600 674
543 298
222 757
559 304
716 942
350 368
954 357
16 931
711 397
518 934
124 390
492 395
849 89
249 957
71 55
402 175
685 323
510 518
956 123
19 666
275 467
640 122
411 49
65 437
699 290
719 297
597 452
901 639
111 698
804 101
732 812
87 627
313 4
528 567
184 225
817 777
72 624
316 751
114 198
340 514
654 151
810 351
268 978
137 112
132 571
881 576
86 520
248 851
259 109
20 371
490 440
482 740
3 373
467 129
328 499
113 756
119 12
327 682
66 497
966 293
806 484
961 536
583 261
682 63
195 38
106 356
659 79
141 771
453 10
35 223
196 151
649 130
790 770
590 985
933 800
630 990
311 6
707 445
542 954
31 87
641 880
106 450
657 14
802 86
133 536
462 761
390 829
515 13
644 400
471 69
703 736
601 859
86 792
471 837
12 463
413 955
414 578
469 131
134 653
610 598
107 438
980 176
535 506
887 771
975 638
51 556
295 191
589 285
84 850
573 274
799 573
527 52
753 748
778 513
337 549
27 713
760 108
851 771
814 672
725 814
561 100
897 232
957 127
300 811
335 596
70 795
153 507
410 873
538 622
993 627
979 157
31 689
922 834
637 530
651 510
717 301
354 778
698 112
962 823
749 533
809 575
648 352
521 393
600 554
953 985
987 929
74 365
734 414
251 569
545 485
326 964
232 664
72 81
500 733
229 79
832 795
961 665
414 753
792 111
815 192
327 275
350 588
640 349
342 558
538 360
367 709
71 66
461 304
805 368
41 165
694 576
798 542
223 941
469 815
820 686
466 897
435 199
44 914
540 174
913 627
992 951
183 64
119 921
780 68
512 943
184 378
133 856
886 21
796 232
783 537
703 557
14 199
37 354
884 653
583 287
654 108
732 487
514 57
861 760
94 284
313 751
793 155
602 529
624 816
519 755
2 319
344 948
693 914
317 470
743 965
496 200
357 1
726 78
519 61
681 807
370 584
489 342
493 921
350 555
828 344
976 87
72 298
632 819
637 440
412 657
763 696
254 217
758 443
214 694
678 845
12 495
168 105
111 366
130 74
920 276
347 163
351 667
345 8
261 979
785 323
89 742
106 672
260 427
578 929
892 38
344 898
844 895
808 758
563 927
259 304
289 934
316 11
549 128
83 675
329 787
86 922
372 738
171 748
575 741
336 323
521 95
372 995
443 391
786 727
949 295
757 19
831 792
79 263
425 628
432 986
651 451
422 181
341 615
23 428
161 111
488 225
124 399
921 145
377 655
855 676
677 56
657 433
292 642
708 640
955 641
327 294
172 891
143 661
13 859
612 905
673 306
43 836
29 448
930 146
788 527
102 358
100 329
40 892
127 997
276 604
3 750
449 110
826 68
196 176
395 977
836 889
311 988
567 378
501 298
764 576
918 416
687 964
681 778
857 66
528 832
765 205
554 371
812 922
47 500
66 456
415 190
655 494
723 47
270 981
250 27
481 266
294 969
51 670
124 732
740 190
968 611
681 130
910 313
882 818
906 677
963 428
209 908
219 648
182 314
239 965
614 789
680 480
76 242
633 564
430 253
946 781
310 486
480 204
393 215
370 758
652 63
941 269
130 569
546 629
815 470
251 520
392 935
321 131
425 740
985 655
774 55
698 225
706 585
960 410
507 493
357 639
539 384
899 474
969 840
794 383
638 569
680 784
209 401
165 770
227 405
99 382
668 642
308 328
756 61
267 811
634 331
305 964
217 242
658 803
886 846
958 269
771 133
312 868
208 179
298 405
572 623
535 361
424 756
440 605
29 889
456 514
896 962
216 245
765 268
932 328
561 421
339 487
607 209
699 940
796 950
418 812
692 761
174 280
634 751
527 133
115 942
16 676
4 1000
921 490
672 503
631 433
379 915
187 358
321 118
983 569
552 841
692 832
897 404
639 628
107 898
855 10
248 378
857 307
831 863
924 764
640 849
598 911
91 290
549 361
873 554
542 26
153 100
577 976
181 991
906 28
650 757
906 242
844 463
469 286
839 215
538 594
231 260
358 969
457 226
745 312
344 975
455 735
209 919
496 436
607 162
816 696
775 945
416 160
181 60
595 165
102 774
746 268
612 631
985 839
197 969
767 467
724 116
682 992
39 675
809 108
903 125
96 392
51 612
719 801
637 737
243 520
859 110
36 859
535 194
557 698
432 897
920 58
583 234
663 766
155 263
884 305
381 720
386 557
429 776
657 95
971 959
942 912
22 750
200 525
153 702
693 152
1 105
355 526
976 839
439 391
29 835
409 665
570 76
126 413
125 789
237 33
175 836
451 652
664 998
895 236
25 770
422 675
192 866
848 846
256 269
1 773
894 64
441 966
405 248
140 715
499 689
195 527
354 930
218 340
960 959
672 136
615 798
50 267
246 178
415 258
718 28
741 384
309 684
667 872
606 828
933 364
368 574
436 809
371 289
427 896
542 152
275 439
227 66
263 326
457 155
321 683
609 906
612 990
610 193
143 197
678 705
768 273
938 603
71 744
994 879
575 921
386 497
864 915
550 583
184 62
787 820
757 896
492 513
460 289
686 303
726 415
900 69
205 603
19 320
668 27
319 902
212 190
541 706
8 867
655 980
970 458
611 982
75 153
372 511
879 712
23 748
550 877
456 818
325 617
643 62
619 34
747 157
412 143
318 388
586 943
390 793
263 34
50 543
731 398
987 559
876 387
519 834
425 456
154 655
175 196
936 939
964 157
436 100
647 669
797 270
126 655
923 670
133 71
894 689
198 343
928 566
156 603
22 920
839 934
914 285
731 442
812 553
328 621
460 652
843 918
986 240
756 180
175 548
655 175
689 163
595 277
363 790
397 639
810 70
422 273
57 667
841 541
910 152
238 433
531 620
690 36
630 946
909 877
929 778
10 516
274 726
698 431
580 662
513 39
989 676
728 176
710 185
505 300
686 902
327 377
519 708
819 926
47 444
680 978
513 680
840 717
738 720
324 341
508 110
920 715
814 299
476 883
265 983
532 480
821 877
289 941
402 468
95 829
1000 383
821 60
863 206
63 403
175 43
351 248
402 318
960 996
37 842
450 995
963 613
329 583
793 468
406 318
451 52
604 591
854 498
956 321
908 637
794 597
227 814
197 687
766 839
595 728
442 489
762 39
835 876
32 723
612 195
781 59
458 997
124 806
546 54
278 899
775 723
302 699
453 226
349 2
304 384
656 697
222 200
93 303
689 115
34 267
14 379
102 4
616 326
110 657
613 953
961 537
832 563
309 397
974 781
416 537
497 593
247 911
8 64
938 379
789 810
750 864
277 18
546 449
580 776
26 385
870 437
983 532
799 386
61 771
804 913
836 356
440 466
496 824
304 712
153 740
879 874
932 432
203 82
880 147
334 809
441 277
94 489
992 515
437 137
985 14
265 373
483 948
533 876
820 606
391 768
787 33
520 353
652 925
287 571
192 297
350 67
34 748
723 157
882 998
65 465
502 925
852 434
844 912
881 270
74 560
739 713
159 714
887 265
774 294
337 123
570 451
125 13
333 57
503 378
799 333
947 545
182 1000
302 526
616 248
426 512
362 414
766 745
261 759
412 282
603 860
450 452
190 953
321 591
194 617
33 383
990 488
739 962
679 688
469 867
685 453
354 474
741 673
544 122
557 593
160 946
194 85
201 709
413 916
293 626
730 438
858 596
736 968
850 890
396 524
27 256
989 774
256 365
921 296
279 603
839 334
209 195
851 75
254 926
358 315
638 204
603 895
456 9
667 68
687 131
314 747
135 582
560 59
701 624
152 867
725 245
4 168
881 428
567 653
577 671
321 998
325 951
487 572
437 15
617 860
410 636
595 456
82 979
36 28
727 75
433 514
977 79
643 735
1000 789
413 459
994 857
903 301
907 859
182 773
104 196
937 592
115 614
173 296
747 809
499 233
984 774
997 605
259 664
964 145
724 550
917 286
354 475
799 569
863 70
358 491
953 490
948 681
643 383
811 957
377 231
524 75
992 842
346 109
131 739
432 80
775 984
671 997
752 813
753 793
738 218
297 37
753 961
840 830
809 833
114 310
159 918
239 905
933 294
458 193
970 189
141 875
904 602
516 16
100 944
501 893
834 446
310 683
111 791
879 863
541 35
324 283
586 916
252 732
393 186
557 498
927 320
605 915
39 452
618 607
127 947
908 261
881 938
214 253
195 846
824 397
295 253
831 805
796 299
348 522
443 191
65 774
394 291
408 974
317 103
283 899
72 270
508 130
942 663
199 460
381 125
779 62
632 392
710 258
355 586
974 285
307 259
496 623
372 422
780 814
496 873
759 243
287 521
111 891
777 452
155 919
782 485
201 852
471 859
662 452
842 498
890 436
953 752
937 780
91 873
563 746
986 36
164 751
652 860
213 448
459 817
1 822
749 572
809 455
724 686
201 147
694 697
264 311
646 461
852 613
793 357
324 506
675 568
308 23
608 24
652 353
819 150
841 18
794 996
891 853
487 521
533 581
553 153
145 183
913 219
393 563
614 673
807 911
209 51
478 356
361 316
942 167
193 491
348 641
77 564
767 232
145 101
949 716
658 721
548 714
394 744
809 973
120 437
588 976
662 327
602 365
497 632
258 545
253 705
905 941
247 532
198 935
120 785
86 935
817 378
593 962
985 670
979 475
745 185
932 309
9 243
937 706
232 117
416 447
551 807
304 629
606 757
367 770
199 293
906 222
78 266
944 239
79 292
199 85
872 678
190 710
90 447
881 595
132 258
217 441
616 413
913 906
772 54
402 873
219 401
519 241
930 35
18 191
43 723
614 723
229 683
922 364
473 475
820 209
967 471
84 760
975 4
181 330
465 7
887 933
910 998
680 553
428 684
534 92
917 761
174 190
1000 784
729 413
543 504
698 259
576 740
617 283
269 499
42 471
163 208
375 293
366 955
778 909
764 414
92 101
854 992
537 733
682 54
857 732
123 109
801 721
343 1
712 642
856 338
722 912
332 866
761 873
365 112
159 445
34 423
988 466
436 991
118 393
746 107
948 718
637 346
787 771
941 551
610 85
354 633
453 182
403 907
53 274
683 189
837 466
927 377
407 660
297 23
678 424
336 681
602 100
926 336
23 362
120 125
149 77
458 209
105 87
201 893
275 678
870 691
175 411
970 531
516 641
964 838
903 876
837 80
73 223
925 445
925 717
242 691
459 249
16 192
536 53
324 288
844 591
24 808
202 240
91 958
315 227
446 430
755 404
711 638
811 78
474 387
998 836
611 106
972 713
765 776
113 704
598 778
863 188
680 238
144 649
850 576
429 866
525 63
146 232
496 501
271 522
293 778
920 783
937 209
174 357
608 209
469 422
838 789
436 38
175 629
135 670
528 27
72 28
971 159
978 121
623 428
309 193
606 656
709 967
326 936
739 438
529 881
890 473
532 496
91 932
675 83
690 568
748 478
774 899
224 632
69 398
757 467
581 773
262 399
629 450
177 295
658 43
872 978
738 656
121 395
181 318
574 858
502 798
822 778
126 806
42 968
818 223
449 970
632 349
164 822
6 691
386 198
123 844
438 187
76 651
180 87
976 196
271 673
653 824
550 805
65 789
883 322
993 20
411 914
77 697
80 701
474 295
442 694
575 697
921 116
120 794
621 787
495 830
247 281
709 231
501 241
701 345
90 107
274 773
107 474
340 434
747 444
296 807
336 470
565 43
11 470
351 38
460 311
183 29
588 480
465 321
786 429
356 976
391 861
150 787
273 122
190 47
35 196
480 300
300 318
157 873
108 608
392 942
218 211
361 104
384 112
686 544
21 433
85 572
874 383
684 757
246 410
218 248
370 676
875 285
630 559
431 771
114 754
579 562
470 328
870 359
906 528
862 860
422 142
305 725
628 761
276 404
793 739
200 133
800 588
815 379
646 320
907 329
591 316
296 306
392 740
597 114
475 56
567 899
998 379
775 409
908 435
191 638
34 76
880 431
851 957
342 212
501 369
642 732
426 158
968 415
40 90
887 34
489 289
956 719
756 552
750 514
50 902
707 965
34 909
130 781
709 261
80 514
770 434
891 731
987 537
985 24
7 183
498 710
830 626
618 663
808 901
713 455
590 401
778 936
679 783
727 335
141 230
107 860
21 427
143 494
971 460
14 669
971 972
456 550
633 875
171 515
898 435
29 104
209 92
683 39
619 584
838 5
867 704
9 43
159 869
716 597
25 967
988 62
351 794
416 715
875 172
438 963
627 689
932 734
610 887
631 971
797 194
119 720
600 633
289 53
127 783
300 137
805 299
644 20
8 488
363 811
346 958
803 808
186 215
893 136
905 67
301 723
942 564
323 566
938 131
955 148
805 305
470 393
271 487
415 566
407 319
815 416
48 80
978 945
695 245
200 422
303 159
76 903
941 143
992 337
3 13
584 295
369 452
226 965
288 123
660 348
117 125
790 546
52 570
132 30
786 372
149 544
242 923
103 23
778 482
208 777
259 15
86 87
468 406
761 182
686 119
436 967
625 692
351 559
391 404
360 960
116 739
685 158
604 775
427 123
373 460
91 148
320 457
591 642
780 17
65 322
707 644
389 349
740 635
658 441
167 591
46 590
68 242
135 281
164 524
274 116
654 888
271 236
100 108
283 202
339 549
364 27
791 200
329 16
380 378
392 847
158 698
470 952
250 849
891 760
987 617
635 985
62 187
278 560
446 623
408 598
601 72
746 512
872 349
231 415
339 418
392 145
827 997
161 222
431 641
729 963
999 854
110 555
956 191
975 521
302 658
72 167
364 348
417 522
680 987
511 667
800 570
642 359
719 936
910 592
649 777
202 555
122 395
931 944
96 219
522 917
965 726
226 51
718 232
467 943
118 656
298 994
100 50
326 394
752 132
213 391
858 849
917 471
531 793
867 490
763 359
255 558
545 410
758 572
990 964
871 793
794 574
79 646
925 274
269 553
592 703
782 594
481 89
714 903
11 271
877 352
883 683
543 75
756 125
77 657
748 521
189 527
45 876
486 999
69 923
902 140
70 108
882 201
263 322
849 675
305 789
489 482
666 680
121 300
773 882
165 82
729 269
918 770
62 802
95 379
467 523
441 580
458 392
184 325
2 387
227 611
941 604
504 993
615 813
333 274
589 958
944 552
547 586
337 8
613 201
787 124
695 740
894 575
301 28
632 260
548 812
271 56
15 338
184 852
531 226
548 860
35 835
926 362
388 896
726 643
914 424
976 337
602 206
686 639
942 209
194 552
300 533
453 369
231 929
171 907
597 431
204 210
551 656
229 360
180 813
917 362
758 543
545 482
675 647
144 747
869 6
895 545
35 535
670 830
822 440
64 862
76 541
287 252
177 125
79 50
137 827
223 542
103 870
203 351
290 809
828 396
186 524
86 949
831 129
472 48
955 640
912 613
915 291
189 683
289 282
451 713
749 417
738 293
216 669
943 809
815 283
218 465
358 921
247 782
106 131
925 358
622 383
466 977
663 313
124 102
320 688
137 324
119 575
752 209
862 613
614 479
771 797
651 418
896 95
18 331
75 685
780 656
767 943
365 9
386 368
302 101
749 326
66 979
175 846
529 145
130 301
687 89
141 736
558 663
360 765
728 908
883 208
758 910
983 111
916 62
491 510
138 656
280 324
948 814
654 836
907 470
341 965
483 455
37 107
115 56
182 628
552 346
272 291
633 720
805 720
348 446
986 861
648 543
770 947
521 494
291 299
912 622
134 46
192 186
995 446
434 790
635 154
466 955
844 598
287 327
681 896
999 19
7 701
225 507
962 754
225 810
318 675
863 811
53 335
56 665
560 665
628 832
518 313
182 929
494 809
407 42
603 561
676 372
987 596
187 403
752 297
226 66
439 330
392 548
859 720
426 764
130 661
359 526
631 288
381 227
583 445
458 193
172 402
251 697
405 12
680 336
412 88
870 294
950 178
188 138
239 81
998 243
555 217
710 192
270 815
38 322
949 321
926 93
27 844
28 131
269 172
287 424
174 127
372 527
276 722
10 411
409 363
645 591
35 389
198 535
484 607
601 445
954 597
485 5
312 85
168 521
980 572
393 317
295 511
684 572
752 258
466 769
193 628
950 831
816 257
888 186
64 119
62 268
181 809
830 169
748 583
182 651
952 860
349 598
398 319
855 501
282 955
940 707
696 982
41 787
260 725
917 553
970 263
566 135
591 606
330 857
725 25
118 801
603 13
251 443
323 359
747 986
683 395
496 370
517 985
454 516
374 834
84 621
18 839
512 158
255 627
1000 270
413 356
257 635
493 246
475 389
55 416
290 780
218 948
87 516
200 827
310 640
711 255
630 548
961 232
780 498
236 784
711 718
539 127
373 978
436 543
541 843
272 552
820 818
151 222
712 883
465 566
127 65
333 5
545 184
686 737
186 850
185 477
714 467
656 513
604 45
666 248
434 677
40 305
607 812
450 687
332 950
888 769
764 198
346 178
711 993
81 818
267 510
883 755
886 669
931 685
701 213
886 2
729 611
415 922
45 538
707 201
121 934
310 228
578 344
29 280
295 645
610 867
374 271
684 569
213 778
275 512
785 680
272 220
938 758
395 908
5 957
155 155
25 473
290 488
906 637
854 958
994 126
930 597
11 731
306 263
766 212
483 436
479 56
568 30
886 325
350 942
407 435
865 381
459 249
565 156
285 935
758 668
94 995
984 567
690 484
904 205
97 234
760 912
766 916
31 393
163 464
463 32
716 655
902 16
407 141
309 800
770 541
300 803
197 76
252 145
108 242
835 12
486 228
228 876
241 820
748 275
435 575
950 506
26 686
72 578
350 814
428 844
122 752
832 770
462 841
782 419
736 555
701 555
526 467
750 720
749 913
175 286
854 915
100 644
635 818
145 77
990 866
241 872
355 871
154 313
122 443
463 998
598 969
893 474
536 45
294 877
52 617
857 825
418 466
959 335
623 953
216 848
242 539
372 53
207 857
435 800
823 593
302 312
350 307
347 289
556 148
380 922
621 359
968 469
505 191
345 546
484 861
413 996
847 312
30 770
597 17
570 392
791 955
211 171
41 185
143 497
826 1000
321 711
704 512
382 873
522 559
42 501
924 22
17 560
238 650
406 671
461 524
79 127
393 674
102 439
542 340
146 641
547 519
708 972
909 269
763 988
261 115
888 65
318 642
962 884
248 471
380 765
880 612
570 400
245 900
536 906
949 66
611 65
414 147
493 370
933 879
693 857
818 996
333 12
586 203
650 960
268 737
240 531
37 216
692 192
76 91
600 542
446 637
578 545
763 979
612 440
407 925
542 605
202 25
744 72
649 560
97 868
194 975
667 433
620 352
195 616
445 710
670 618
2 685
383 698
50 287
466 190
499 207
293 938
564 91
825 212
961 794
389 457
339 626
211 431
397 908
162 9
840 94
370 799
960 616
843 843
492 736
358 724
658 990
762 927
680 408
905 729
604 71
296 782
694 881
114 814
793 621
134 402
613 194
541 611
952 824
805 548
960 372
424 587
578 41
949 252
63 490
534 510
538 849
57 683
739 691
936 916
926 554
576 196
61 138
989 800
994 116
861 861
566 37
633 82
933 520
127 81
456 136
178 787
625 567
840 785
858 91
707 507
895 819
153 829
535 886
189 429
831 340
275 871
743 443
559 425
778 355
871 343
394 82
412 800
459 346
606 759
348 654
165 803
81 936
360 735
875 518
306 99
542 536
320 137
169 556
620 328
882 907
293 517
664 73
821 821
623 688
682 517
7 198
789 122
341 850
310 689
953 35
494 216
903 649
611 411
454 162
439 128
804 966
26 923
399 196
572 387
797 555
92 579
221 945
107 874
668 256
857 931
298 628
7 710
202 966
324 853
53 644
609 80
455 287
732 729
25 419
441 345
390 290
412 73
278 794
832 162
589 114
723 270
141 361
287 612
832 63
11 160
231 194
57 416
118 27
309 280
77 950
548 975
600 846
194 480
584 390
723 602
65 841
939 785
898 162
902 970
320 197
961 747
258 437
854 88
878 451
325 167
259 94
941 438
653 309
815 583
277 663
452 75
230 27
761 884
417 840
706 513
2 999
885 222
560 283
283 577
449 1000
890 918
380 666
493 668
533 713
826 422
668 843
899 204
166 218
174 679
843 370
125 408
446 37
815 537
496 383
253 602
198 513
702 598
942 2
995 483
246 129
947 766
61 773
33 365
552 669
489 475
534 232
742 639
669 727
511 589
883 894
182 763
965 214
120 261
507 406
519 99
746 173
691 950
817 322
388 902
36 285
954 918
629 627
750 198
390 149
950 937
391 561
245 885
686 856
712 485
634 15
674 218
152 990
593 118
119 900
774 303
499 680
1 26
21 241
195 222
129 952
467 941
614 65
410 342
706 150
142 486
316 235
323 202
456 419
205 334
911 410
743 329
476 32
471 959
840 108
967 470
662 167
806 313
528 613
293 240
760 48
283 518
672 420
986 370
603 92
223 366
673 684
325 883
391 276
963 627
788 684
497 446
126 682
287 358
19 965
391 786
768 126
798 327
110 138
359 138
983 441
191 911
29 594
890 165
516 933
245 816
603 887
98 662
712 802
127 843
73 442
711 197
643 857
303 760
966 139
650 874
990 531
558 872
716 877
845 1000
780 2
389 29
13 951
696 247
860 805
237 168
80 571
461 495
391 615
567 121
440 361
188 907
312 817
483 913
565 60
374 227
38 194
764 674
416 339
261 983
178 605
313 509
859 664
513 802
894 178
172 946
285 339
316 276
979 347
950 275
641 543
550 502
426 424
857 344
78 507
560 497
755 562
987 147
679 865
812 269
455 602
32 628
972 858
882 349
817 257
416 829
934 566
836 345
48 569
44 758
894 791
114 290
438 530
844 449
398 518
77 561
587 581
602 702
149 756
735 583
969 588
16 79
694 842
168 317
8 679
269 92
121 528
353 923
787 7
339 439
399 256
612 852
993 661
155 824
345 139
521 504
259 27
902 601
232 506
282 416
875 465
77 274
749 53
207 493
778 608
176 437
58 62
986 432
321 753
858 394
966 126
778 738
400 486
322 195
924 438
139 452
80 271
402 73
564 710
883 831
652 885
532 300
183 312
421 916
859 505
439 253
94 565
706 197
614 973
173 686
283 158
33 785
800 977
670 440
709 204
110 658
368 142
821 378
991 47
39 681
599 246
594 600
377 601
319 807
663 545
869 473
444 179
750 397
721 104
249 183
577 101
926 364
374 116
381 602
89 266
927 478
574 911
379 939
317 753
635 10
299 921
916 532
975 316
498 226
285 235
89 78
830 19
997 951
6 142
971 529
869 985
454 482
943 764
787 511
196 893
629 349
600 277
890 920
564 633
187 119
787 402
248 421
934 13
386 650
33 748
760 961
755 676
26 856
178 725
9 610
709 733
117 24
248 413
645 60
339 802
747 4
67 861
525 157
936 428
534 46
286 223
458 528
772 227
685 61
559 683
533 958
72 922
196 555
386 426
863 871
213 784
33 210
158 933
481 381
828 55
263 105
397 638
315 249
991 775
567 187
327 780
352 298
333 667
760 927
382 459
823 884
361 194
613 352
43 873
418 846
291 198
711 261
406 457
90 409
788 423
662 657
793 226
632 7
709 840
691 371
821 80
501 408
631 728
824 846
362 417
50 278
732 737
957 601
290 216
432 242
683 483
36 767
325 765
559 508
519 553
53 391
741 489
826 773
528 210
881 36
579 126
608 143
47 680
674 981
240 787
235 834
909 380
352 845
756 219
668 40
51 494
996 828
440 207
124 186
107 873
472 202
863 398
84 440
284 12
652 2
416 987
861 492
617 33
202 940
396 358
440 886
858 552
306 176
574 344
989 31
824 996
13 921
309 403
15 609
236 820
197 135
370 327
197 701
815 786
402 859
791 45
954 523
91 830
766 341
117 759
317 229
687 291
905 376
53 484
176 619
358 904
836 180
247 247
596 423
808 991
569 962
884 144
178 297
334 617
296 403
439 457
722 130
289 894
995 959
191 994
511 197
178 560
937 209
470 924
32 376
578 40
790 281
4 664
904 463
51 871
376 656
651 904
758 592
460 350
731 887
763 147
676 175
888 485
477 583
303 828
891 867
271 894
609 865
246 188
556 85
538 690
87 838
465 882
808 663
266 786
881 679
986 625
264 57
457 110
919 661
474 529
948 237
670 424
762 129
522 644
687 371
100 513
540 356
242 545
456 349
611 682
789 951
363 787
106 732
52 963
231 963
472 891
316 576
984 535
522 849
952 136
256 442
296 68
663 114
220 637
895 196
981 526
568 287
871 890
698 670
41 125
269 121
336 768
481 434
555 81
792 385
736 857
623 681
718 516
601 600
937 964
220 619
914 63
793 232
324 892
992 321
768 26
922 96
802 546
421 246
673 224
468 522
699 701
269 824
311 408
337 599
721 400
215 186
497 628
601 824
796 979
197 149
434 356
493 287
54 232
239 465
985 211
903 219
840 14
872 176
145 72
655 502
786 400
600 706
154 901
158 937
766 247
151 328
198 35
86 54
493 626
456 444
132 90
231 420
471 924
730 447
302 308
827 637
622 141
935 793
198 114
130 491
738 78
121 588
636 645
765 837
542 705
631 872
264 502
262 341
888 797
698 583
213 109
269 717
236 197
949 313
508 260
364 372
889 946
48 776
340 836
899 517
185 547
51 124
607 189
459 231
788 611
305 527
695 586
134 652
996 634
1 722
892 634
708 798
722 490
581 580
991 567
447 156
934 122
415 105
521 433
471 641
346 173
558 736
819 499
421 908
887 27
499 442
830 908
707 424
253 126
209 473
347 302
929 724
270 365
800 749
908 778
800 99
242 987
489 800
289 792
722 901
563 617
700 331
882 194
856 514
922 686
539 614
2 449
49 189
792 101
80 66
626 22
960 13
109 918
266 145
313 922
214 101
298 226
435 164
81 501
251 717
10 587
516 523
660 185
512 597
396 89
613 431
874 951
967 352
337 773
9 971
899 775
912 670
300 344
688 621
810 852
180 872
932 420
18 328
335 677
165 310
386 281
434 709
940 236
291 891
208 112
343 188
144 130
240 391
775 474
707 583
798 839
235 995
416 825
15 654
981 413
152 415
619 485
836 602
608 573
182 262
177 959
131 454
311 872
710 192
461 305
365 744
187 54
657 142
886 202
586 100
109 458
65 377
806 245
133 408
79 899
351 730
181 219
949 640
200 914
554 961
973 651
364 618
891 762
893 809
830 208
451 42
728 498
609 810
571 330
412 918
144 380
590 909
459 562
117 202
324 105
765 315
967 418
658 733
677 874
656 749
649 394
147 608
668 879
151 332
66 899
9 317
43 946
955 601
179 550
436 12
329 892
670 821
804 645
279 751
673 390
504 553
446 568
593 310
547 728
195 710
788 824
844 779
568 909
975 333
349 599
769 447
481 4
309 551
618 92
777 282
312 814
599 901
910 578
381 317
732 182
909 289
456 290
750 658
688 803
449 722
681 923
724 146
156 279
555 314
315 888
482 333
401 843
228 770
311 665
463 476
480 168
590 331
262 887
198 57
2 38
617 558
440 580
598 469
336 23
902 453
183 240
233 32
924 628
575 583
395 516
168 220
333 166
69 534
302 777
956 577
830 157
359 651
57 265
789 136
935 851
248 551
908 252
614 556
921 937
817 212
217 731
295 179
221 128
50 849
881 920
824 832
988 464
140 304
460 658
715 268
216 955
281 547
92 60
602 631
856 538
457 817
921 823
444 547
183 110
909 372
110 346
11 928
629 840
367 462
409 136
968 808
491 424
119 414
902 801
883 555
58 440
543 391
708 598
711 979
843 633
327 352
701 385
700 168
112 195
544 923
969 130
962 860
912 881
324 162
26 530
275 504
638 498
467 340
761 338
777 91
282 680
871 468
198 124
131 545
237 59
248 609
419 872
659 153
184 198
295 886
569 95
610 788
484 184
566 194
56 210
697 68
547 195
773 32
762 483
480 793
988 776
685 783
959 458
66 109
898 351
48 986
953 632
886 641
285 34
782 1
57 23
367 669
806 2
225 4
456 879
644 394
814 232
81 414
990 273
815 306
830 181
544 110
508 702
865 926
144 81
701 415
885 151
819 262
635 894
860 145
736 902
678 283
242 621
579 164
134 779
82 47
813 975
717 667
474 296
186 555
109 764
955 462
611 676
341 247
515 702
901 78
106 514
446 661
96 798
756 507
897 658
644 365
870 821
881 32
937 958
809 48
236 131
502 645
35 958
950 113
221 122
804 403
607 898
628 590
233 923
874 875
334 94
740 795
441 151
956 933
643 912
863 238
782 630
856 252
693 283
341 378
241 19
761 280
918 807
473 952
643 445
967 218
238 245
586 896
398 686
764 195
119 439
771 436
25 294
904 644
593 741
499 637
95 807
165 22
183 504
348 562
840 291
18 794
792 577
287 975
469 64
691 137
157 10
525 90
191 986
438 396
504 907
854 927
712 240
790 19
378 93
421 101
887 13
804 969
788 729
753 749
135 151
872 23
518 625
149 113
16 234
51 124
873 629
464 561
971 318
223 682
568 38
380 103
449 139
748 482
498 213
842 52
795 179
819 901
88 52
875 816
362 95
78 780
829 27
152 292
992 591
229 736
632 715
298 290
964 253
753 298
810 558
682 723
241 434
724 667
429 204
416 639
583 319
263 660
410 670
103 399
727 789
498 167
178 429
710 13
858 564
878 787
5 531
839 850
514 854
540 778
525 920
979 950
118 644
726 141
954 253
43 187
433 527
444 781
814 51
200 1
666 607
384 260
50 564
851 425
84 230
378 385
462 992
708 757
319 693
492 478
52 656
942 726
365 661
662 844
325 749
64 300
381 14
953 5
529 985
981 561
937 75
294 936
602 804
60 621
851 67
639 839
376 575
655 714
539 639
509 44
46 116
711 320
914 666
480 718
354 11
365 361
393 395
9 136
744 741
402 909
401 228
17 193
495 835
654 430
651 606
666 499
337 831
604 940
824 434
269 352
926 32
267 977
962 168
650 255
680 97
590 789
217 778
810 131
672 339
500 874
502 129
958 267
406 605
991 449
554 70
576 74
220 970
680 74
886 513
17 7
3 107
360 342
691 508
672 597
811 767
792 719
658 600
216 795
910 369
608 733
621 590
130 940
316 401
675 602
292 854
86 23
175 856
433 671
936 195
613 711
792 383
10 972
434 460
409 92
544 904
280 722
267 930
626 958
655 299
876 939
836 488
217 240
374 18
975 656
958 693
616 234
816 612
34 377
107 91
839 324
572 980
814 599
387 67
304 553
275 50
844 988
310 606
811 673
624 855
556 457
487 124
985 932
818 293
817 758
230 255
620 45
690 796
410 85
149 752
228 812
490 829
961 470
579 680
251 850
507 329
112 514
147 415
825 959
318 154
438 228
28 623
463 414
107 104
661 330
337 641
559 599
812 556
517 279
914 846
937 195
785 984
121 52
912 167
655 339
868 788
857 809
428 348
249 15
934 9
157 24
8 391
896 642
583 552
40 713
731 729
366 636
841 138
369 158
168 602
211 646
645 865
586 999
207 237
144 473
411 5
612 470
769 945
7 806
797 504
296 940
255 704
705 870
443 297
695 552
202 226
429 50
663 451
50 22
899 746
486 883
210 534
193 997
692 903
573 218
917 628
895 998
460 147
25 544
312 316
995 227
934 718
110 782
308 745
431 36
202 787
626 453
644 428
661 891
689 529
176 782
407 4
932 921
292 770
249 138
598 820
734 510
213 215
645 762
492 60
523 459
83 248
117 159
624 925
462 626
353 439
818 586
667 945
63 132
383 485
110 605
671 295
86 1
918 763
586 951
149 834
934 922
855 890
989 562
758 323
702 161
379 146
906 279
994 321
480 823
59 525
322 335
987 655
789 460
937 868
685 339
441 893
582 529
260 560
524 301
342 861
756 441
631 425
17 244
523 550
336 546
482 729
668 378
616 115
763 807
774 697
798 273
471 484
621 185
372 722
681 488
185 523
857 1000
813 428
862 985
118 496
838 374
571 338
972 973
544 356
390 75
797 227
422 398
615 80
818 273
30 24
205 419
758 509
523 136
302 996
144 95
203 885
98 730
478 14
499 41
898 64
88 127
311 880
540 419
610 864
846 449
194 947
286 623
21 820
852 784
137 552
34 988
179 871
349 14
588 799
839 293
326 785
248 787
315 282
545 481
343 363
231 705
833 914
46 827
150 511
91 705
750 520
945 290
109 893
453 986
555 476
562 817
381 470
262 872
138 984
899 551
950 356
687 938
546 261
964 175
746 438
417 817
485 188
375 520
905 7
28 311
101 549
788 973
477 976
179 117
874 507
140 277
383 704
373 115
373 509
153 923
208 354
636 354
23 405
795 895
32 574
402 340
129 27
131 337
776 813
214 130
477 1
883 4
203 777
257 700
314 80
483 592
608 290
590 35
851 537
109 285
48 713
357 849
1000 197
545 734
270 943
847 967
274 452
632 595
481 254
972 325
338 40
404 60
386 918
166 556
409 242
437 756
795 432
559 295
361 339
365 299
613 389
390 444
745 483
588 266
233 399
797 302
932 669
491 914
87 790
509 470
114 408
300 987
673 955
543 836
396 821
343 128
479 103
811 778
963 799
614 697
99 460
156 152
368 109
457 815
150 906
361 928
956 625
465 355
704 691
605 498
857 12
712 942
147 910
759 216
102 462
238 17
408 182
65 34
558 794
220 324
599 763
796 674
9 87
364 506
378 286
41 448
816 823
198 859
657 9
585 38
396 258
500 928
102 828
901 125
31 803
678 178
746 240
453 284
640 745
221 890
534 358
252 127
250 518
323 529
978 304
433 333
693 362
728 456
63 966
455 23
442 296
110 464
32 985
197 591
250 927
589 82
764 59
965 662
486 137
926 311
868 147
472 987
607 503
691 441
275 28
967 178
687 521
412 879
592 695
683 842
685 554
907 563
972 651
292 740
596 921
488 998
393 387
21 666
340 823
660 921
104 255
549 141
726 775
161 765
306 200
710 229
411 488
359 195
351 576
274 108
853 740
688 261
769 887
16 250
483 780
388 690
960 22
162 800
360 1
476 732
398 414
961 368
243 843
746 348
292 937
405 571
607 901
526 164
314 231
129 633
596 237
721 395
234 161
164 60
52 23
53 539
629 321
161 956
702 859
946 318
59 774
535 515
260 1
66 203
606 283
544 1
1000 947
461 692
542 241
566 568
338 826
772 139
958 671
824 448
99 806
505 631
420 432
551 795
788 177
108 770
172 724
718 969
198 556
495 62
893 892
917 52
234 456
562 658
913 882
932 644
625 638
326 177
40 270
86 395
637 758
981 906
804 697
938 97
886 874
903 799
862 492
714 720
765 771
70 578
6 409
32 96
675 138
594 114
606 360
379 371
209 519
276 954
607 970
21 122
856 12
550 458
689 320
646 421
585 130
104 418
774 852
1 45
806 234
27 981
390 270
766 660
823 693
553 866
779 839
21 882
261 91
467 300
782 913
616 929
641 990
920 226
296 459
1 554
324 151
355 95
41 129
823 373
495 782
749 147
162 833
988 579
811 445
838 214
126 749
977 206
298 22
191 987
700 39
815 887
340 207
514 418
277 615
550 822
745 916
47 779
812 367
689 749
660 84
879 137
16 14
791 188
237 690
916 236
690 983
155 348
382 996
158 301
108 82
580 104
670 14
511 4
295 217
364 278
328 736
279 836
36 699
932 249
131 970
791 917
803 723
701 618
554 158
649 184
118 962
560 593
525 404
13 262
93 15
574 24
925 543
668 335
186 893
559 55
851 958
160 118
566 436
446 208
369 323
594 995
433 829
34 603
494 799
817 735
661 562
501 274
517 395
880 747
27 179
961 333
430 839
648 704
859 201
965 782
522 893
673 335
327 429
707 101
170 414
156 553
655 745
355 916
15 658
515 311
981 580
840 179
138 732
78 618
930 394
738 428
157 267
302 843
759 913
441 704
688 865
69 795
492 868
440 375
11 631
707 123
122 827
782 714
505 269
242 332
436 263
965 587
362 789
882 231
729 841
142 386
359 608
332 229
722 403
162 513
674 255
986 319
282 925
738 185
18 154
452 438
768 728
935 2
594 860
796 659
429 414
297 605
146 276
730 47
947 311
811 876
563 628
111 876
763 716
204 928
750 700
21 289
70 958
647 25
940 790
244 576
212 311
427 625
70 188
157 274
663 702
970 120
358 524
210 56
527 759
261 631
27 938
268 92
694 504
421 936
680 277
250 805
797 292
595 452
301 136
239 373
468 899
943 371
851 890
516 637
261 814
844 927
891 308
793 703
89 782
401 264
214 337
31 914
672 885
937 200
238 584
424 536
844 315
667 71
514 315
588 91
925 265
977 631
261 987
700 306
606 625
524 320
359 664
842 655
957 74
973 596
57 213
950 844
254 24
836 355
92 961
682 296
336 281
684 687
650 877
718 630
197 215
493 696
530 684
715 69
469 532
351 320
599 925
339 711
354 520
701 887
280 90
758 166
965 573
774 439
824 980
806 241
6 498
572 152
967 828
843 363
247 130
32 76
326 442
494 835
425 973
403 308
383 41
57 700
100 669
494 535
489 400
380 917
258 450
529 241
415 336
880 641
939 637
855 745
128 108
975 408
673 175
39 728
583 331
49 946
293 97
276 328
492 655
200 402
912 653
381 266
656 201
356 247
266 395
732 78
820 489
631 364
972 276
194 821
954 138
624 825
241 82
840 73
961 499
147 902
912 109
775 67
652 366
126 566
98 142
447 211
3 251
436 913
618 902
379 187
743 765
534 343
607 711
139 555
121 355
508 299
994 857
791 396
650 7
471 749
69 949
865 536
236 105
872 278
361 676
258 728
262 620
937 951
847 984
227 308
99 647
491 136
775 849
61 462
219 212
549 316
635 704
713 222
535 820
291 91
75 559
536 342
248 279
531 806
289 582
450 726
343 327
624 30
934 518
738 1000
77 333
890 684
722 760
583 268
556 642
563 200
631 997
212 20
323 415
195 893
478 111
176 648
877 332
36 3
495 502
341 866
346 635
350 99
12 636
852 594
11 341
314 526
549 472
654 362
986 451
217 365
636 629
483 890
278 685
254 313
506 651
326 964
273 853
703 67
88 964
7 561
757 972
95 844
710 951
150 257
410 491
438 541
477 815
333 965
929 690
254 663
104 404
733 583
435 219
527 531
430 192
543 495
769 903
154 298
32 787
100 943
604 55
97 541
545 526
973 880
998 668
652 309
248 658
291 834
54 886
413 164
214 944
847 454
87 703
276 961
965 954
545 830
457 672
874 270
46 456
852 59
813 825
729 532
586 692
487 429
940 797
161 612
697 517
756 325
824 419
939 471
317 158
540 605
936 325
753 311
14 543
944 614
143 35
707 275
590 970
841 960
101 512
603 213
118 798
512 813
786 11
449 870
470 854
789 221
17 894
319 432
680 346
731 538
955 249
285 762
581 540
585 708
295 967
644 590
125 644
546 789
119 303
565 70
770 379
69 845
77 507
179 937
524 426
132 253
929 212
724 817
646 770
664 360
108 482
643 272
23 821
602 460
959 360
696 837
208 43
771 685
19 189
645 66
739 165
227 218
73 267
362 105
161 301
253 412
66 434
32 433
42 347
176 253
960 541
145 997
56 312
383 309
3 347
221 516
276 405
793 62
644 998
341 993
286 412
736 504
732 974
803 547
616 157
773 813
988 606
600 333
891 713
345 325
605 933
875 206
943 602
749 722
888 253
840 265
70 271
354 149
895 414
181 301
560 627
168 438
282 371
509 293
231 406
890 6
338 499
240 857
420 98
87 15
880 88
200 945
944 231
321 794
813 987
13 376
859 86
497 679
210 556
984 181
310 632
280 959
888 854
331 595
476 407
375 740
473 520
790 714
764 178
663 831
133 252
931 18
807 261
17 576
892 330
394 518
728 14
893 200
369 405
349 454
726 864
766 922
453 204
83 619
650 170
147 612
447 345
608 189
414 176
686 201
65 60
778 887
995 384
345 178
181 776
684 145
474 621
523 623
202 772
238 444
491 271
182 162
843 274
698 160
512 415
410 683
200 755
976 904
921 710
290 164
258 63
178 556
640 878
190 749
274 208
776 813
374 431
422 808
218 575
291 404
363 794
69 693
913 141
525 642
529 897
10 350
954 3
934 600
441 316
263 723
301 593
487 503
963 324
61 406
571 257
154 688
369 970
597 567
397 932
128 755
619 640
496 192
204 931
680 19
971 102
815 49
649 214
765 528
562 245
34 84
374 463
720 275
497 542
988 202
411 511
985 157
944 475
828 954
376 663
409 743
344 420
308 96
408 431
777 123
292 706
542 219
339 713
971 464
899 127
809 820
467 798
832 584
254 602
695 309
263 855
744 548
128 678
185 447
881 949
476 485
304 844
223 42
635 960
461 572
159 27
716 199
45 994
421 786
135 86
655 408
392 932
717 16
369 797
307 942
981 654
524 967
782 641
791 377
573 451
477 793
678 148
213 578
841 554
889 21
755 302
486 635
459 669
152 869
877 368
731 341
962 828
611 42
654 51
189 864
849 386
412 958
143 281
541 54
464 390
507 352
784 610
36 959
200 978
529 122
579 415
370 517
986 207
184 701
89 706
90 936
367 741
761 19
178 986
267 545
281 526
891 547
184 58
231 123
911 763
217 479
660 162
687 212
988 997
588 33
398 92
924 672
64 381
260 360
904 464
239 85
868 603
202 118
386 359
513 431
393 9
423 509
54 82
3 756
513 32
589 156
669 275
221 952
627 624
989 358
463 458
690 546
466 740
22 18
406 720
385 491
341 451
772 675
379 990
764 661
415 255
605 784
510 478
156 152
144 16
324 332
865 184
818 366
425 665
289 14
597 597
767 343
908 585
558 9
146 566
580 5
840 866
971 124
26 597
298 17
504 437
570 426
461 546
737 363
699 474
499 266
509 606
500 324
972 323
135 367
19 579
34 646
611 593
688 305
864 48
661 338
833 309
822 128
772 264
287 856
399 192
514 39
768 948
15 937
759 770
734 725
423 747
191 23
688 901
666 797
472 192
999 811
941 498
288 943
372 339
322 53
806 977
376 852
446 222
680 518
684 581
659 268
413 840
473 856
384 69
227 554
10 852
879 380
99 555
96 998
39 386
732 186
359 432
460 489
325 940
191 892
811 12
719 35
485 681
50 714
146 481
202 887
623 684
934 366
644 400
759 381
277 502
428 32
114 274
646 46
735 270
412 306
557 223
169 291
647 703
17 780
574 82
136 724
918 441
298 744
86 834
340 316
436 597
682 862
839 184
239 883
883 613
680 616
489 399
625 282
980 184
686 862
420 326
275 338
607 210
5 714
595 671
863 764
414 969
350 460
382 611
77 905
129 279
778 326
855 83
607 994
770 254
682 400
437 159
461 224
290 103
751 492
234 649
824 196
546 657
313 802
480 898
802 575
794 831
842 636
279 747
428 746
59 97
268 523
408 540
93 358
696 944
198 327
524 416
736 588
504 925
362 401
452 246
502 133
732 626
585 531
209 71
622 250
79 815
140 734
245 182
292 92
392 661
716 202
783 658
22 540
304 734
249 504
906 45
263 188
217 250
302 258
94 464
215 235
340 954
962 689
308 588
528 731
322 647
487 21
149 753
322 973
211 443
255 911
603 905
663 570
585 653
345 617
429 741
223 243
140 313
431 340
814 238
43 546
686 37
514 400
46 860
789 998
584 836
634 55
997 289
205 537
650 462
250 233
326 638
756 508
614 372
258 255
794 340
540 449
757 143
370 756
632 315
53 447
967 73
268 678
874 301
153 232
878 514
706 425
602 3
144 318
107 787
571 43
120 502
363 104
558 734
977 31
805 743
404 64
281 242
765 950
34 30
203 736
484 498
919 633
880 773
418 719
929 103
258 911
48 245
945 224
345 768
78 716
892 662
273 594
556 112
683 918
451 507
164 424
436 735
187 305
568 547
586 753
258 103
816 76
811 272
21 176
558 687
601 448
261 402
669 356
130 498
376 831
647 44
995 520
23 304
854 217
730 693
353 307
325 323
763 272
120 759
567 920
38 403
354 269
1000 43
255 958
114 873
883 56
581 657
440 576
811 534
366 482
239 27
942 653
442 147
981 77
895 418
103 16
496 362
306 673
150 447
654 761
301 75
804 280
69 267
604 792
786 559
85 923
269 30
281 232
970 584
70 2
952 530
174 681
676 870
912 135
678 896
621 187
937 986
315 962
719 585
814 137
788 437
562 524
278 269
178 395
780 313
460 391
420 646
115 921
570 494
12 676
816 261
9 518
48 973
41 459
844 139
198 618
599 431
749 206
642 304
818 110
728 798
801 853
41 622
94 706
915 762
246 274
996 750
796 521
858 804
621 461
603 313
164 643
973 382
159 151
239 71
743 801
798 583
948 59
609 299
479 500
918 290
807 735
139 580
765 869
501 208
87 151
356 332
616 165
669 56
470 257
895 155
243 124
487 301
166 745
996 891
543 661
355 967
630 222
764 478
468 64
739 264
896 681
368 146
739 886
119 287
668 748
681 971
350 360
297 743
325 783
104 192
133 303
954 288
467 124
495 124
833 988
547 220
470 227
662 61
492 216
724 106
601 126
437 423
534 628
222 965
267 30
479 442
81 393
828 101
782 123
732 894
709 536
125 164
315 46
822 981
259 474
667 498
155 873
668 103
13 617
446 824
799 476
816 103
907 252
936 327
304 569
404 348
655 93
41 696
134 833
360 800
249 189
156 957
852 324
573 988
802 605
607 182
377 771
700 489
124 446
990 13
800 345
894 415
239 681
536 617
408 628
556 360
373 224
599 709
739 119
368 493
381 210
899 625
114 51
289 351
267 993
894 615
222 336
354 430
517 438
393 566
536 960
539 20
127 755
684 577
136 475
653 834
335 871
729 936
601 546
673 137
448 220
737 709
250 392
960 513
970 507
484 368
494 299
444 253
903 22
100 578
140 14
421 724
983 908
978 916
166 994
803 959
843 536
102 823
61 783
89 217
789 713
890 797
930 199
575 593
789 185
86 86
262 314
446 185
317 682
956 203
385 938
856 186
77 315
189 982
358 231
404 429
150 567
177 799
308 571
621 130
322 813
578 367
750 943
202 995
409 615
57 63
579 634
574 625
797 759
270 921
741 352
921 317
670 860
947 293
917 632
356 631
157 241
145 500
188 947
609 129
644 661
256 79
803 803
655 852
179 171
178 336
498 304
593 81
515 627
671 455
892 500
598 824
142 821
642 621
472 240
433 700
812 196
401 780
593 812
770 884
255 887
184 92
238 337
970 649
647 793
38 966
153 697
867 14
382 26
213 779
187 309
140 18
500 562
965 173
365 661
951 239
282 52
656 91
304 290
438 630
225 360
126 905
381 591
81 312
715 486
106 245
52 394
737 493
689 185
611 817
888 134
159 623
187 849
922 655
864 732
372 671
138 351
889 408
134 956
786 366
967 371
225 203
899 944
440 124
516 440
539 867
72 216
873 91
618 102
999 624
758 365
861 636
640 606
39 803
326 770
597 488
554 208
379 461
33 69
434 592
94 471
461 992
672 202
653 484
775 923
254 692
83 943
439 662
637 973
78 354
220 984
754 727
162 886
183 348
229 83
510 359
982 479
482 826
205 932
491 361
115 353
503 77
174 497
516 36
305 997
208 734
169 222
961 410
681 900
789 223
407 210
212 3
141 95
168 512
256 6
676 602
973 679
58 66
327 620
971 878
858 157
612 574
916 12
643 673
350 882
590 230
943 824
68 339
609 151
185 626
114 160
23 335
877 29
128 891
150 582
461 652
370 229
274 378
237 139
535 316
369 488
737 121
365 895
326 536
772 815
21 800
594 779
4 24
243 75
944 257
124 473
393 70
96 141
834 523
268 18
845 787
731 662
286 121
802 782
611 896
85 695
114 43
801 158
459 198
176 106
618 706
888 540
862 773
396 326
965 952
169 489
158 63
122 581
637 821
733 909
922 341
692 24
642 122
445 282
869 944
603 680
254 136
810 784
359 696
942 919
842 929
941 800
600 855
744 684
86 997
711 869
659 830
18 857
132 309
256 525
585 14
4 904
325 226
443 203
809 759
15 104
625 310
559 280
181 596
61 923
770 481
238 948
311 508
726 19
393 892
273 745
295 192
163 607
470 953
673 847
158 339
94 9
347 328
679 544
869 204
655 67
768 794
628 684
93 149
464 428
823 144
1000 493
759 375
81 126
289 692
702 131
885 267
155 963
198 293
22 672
246 545
944 770
528 55
504 133
581 595
560 902
392 504
246 25
338 778
588 926
374 619
521 872
414 847
710 637
988 112
906 97
410 810
863 882
891 816
298 341
23 525
118 128
187 620
834 126
951 601
943 254
294 814
83 676
681 551
216 927
156 822
21 465
312 599
556 179
968 677
83 350
548 588
683 234
888 157
860 643
326 517
351 903
984 21
114 233
471 643
632 713
831 608
214 714
648 49
783 339
639 575
801 599
522 942
598 77
248 553
796 824
279 980
942 15
124 833
136 230
183 724
406 372
132 367
422 811
18 719
169 572
544 981
718 960
827 757
752 503
866 962
995 285
555 544
338 792
130 273
604 164
105 745
707 607
298 538
412 989
871 777
225 925
771 791
154 481
951 808
255 362
510 583
600 547
72 865
358 153
571 605
927 329
381 363
885 602
596 185
647 111
982 991
319 606
361 125
147 491
580 632
13 710
60 281
731 384
945 933
359 795
158 30
719 567
700 1000
430 709
775 621
626 272
335 82
636 519
577 336
347 85
956 499
57 1
421 198
572 63
603 534
878 884
299 514
862 805
861 690
997 361
861 757
18 939
115 937
719 721
35 46
225 439
446 603
267 933
7 552
860 53
471 931
132 30
418 187
451 300
264 72
491 573
317 81
801 853
457 596
472 939
920 242
805 730
962 639
220 945
293 358
314 59
862 876
1000 624
68 529
847 650
381 274
166 337
479 673
686 528
937 731
887 365
703 225
368 221
857 24
819 285
892 889
142 610
871 857
683 826
184 26
344 121
509 729
944 582
947 910
217 651
795 935
300 592
784 692
401 536
266 676
56 714
789 256
152 657
43 443
331 477
6 608
120 848
215 779
273 986
666 806
2 670
495 534
64 922
635 844
416 3
253 285
299 319
105 506
345 1
320 353
650 968
606 330
542 768
387 898
103 487
435 348
258 777
990 850
770 101
216 424
829 718
258 242
701 596
215 258
559 216
864 123
879 867
417 912
27 839
577 830
76 908
830 597
664 565
975 299
602 385
896 801
880 530
778 972
444 177
392 981
316 376
410 282
259 998
278 915
925 823
706 117
767 826
828 922
196 489
394 279
249 236
770 181
146 302
347 433
802 598
402 221
40 704
767 540
756 2
5 33
902 199
517 617
792 375
835 68
631 357
288 384
846 168
758 846
946 18
263 755
119 52
151 17
1 920
589 259
348 838
942 300
37 120
938 449
855 645
205 978
559 714
151 613
704 500
773 259
616 63
766 393
929 34
966 817
729 73
294 694
258 434
714 931
531 736
410 21
85 835
457 76
918 702
953 927
506 424
142 981
205 428
534 844
986 1
967 101
295 842
337 190
839 614
472 519
278 665
99 422
297 410
632 603
236 435
206 580
897 468
953 106
944 849
369 58
233 591
203 446
884 411
878 946
593 707
184 743
352 18
647 834
899 72
833 630
591 552
516 902
39 761
22 484
201 926
70 365
110 358
905 731
606 308
862 138
970 920
18 971
897 652
45 139
731 343
771 5
433 558
597 708
371 742
893 498
264 683
685 444
906 693
913 100
511 934
384 198
57 701
495 379
351 773
558 689
410 598
761 176
177 219
728 374
549 291
623 149
261 929
295 240
764 852
515 289
94 967
284 30
935 538
526 271
108 895
216 674
879 246
72 488
767 401
749 389
982 121
867 691
617 407
315 432
308 996
264 803
915 649
562 635
514 520
511 808
574 73
981 760
754 501
306 163
235 864
180 536
348 702
609 278
699 765
57 139
730 867
390 745
391 988
875 300
844 989
10 445
536 228
828 658
900 613
302 851
430 542
46 167
433 940
802 813
396 580
977 908
607 531
776 931
337 630
150 329
52 835
936 598
583 982
758 928
611 422
228 352
679 637
330 394
437 939
413 353
266 859
307 280
465 620
3 202
705 545
699 354
467 42
808 204
85 585
602 723
89 158
884 120
214 524
96 490
550 17
330 624
175 530
576 465
882 884
112 20
423 684
98 800
303 1000
946 830
833 908
671 937
421 823
615 725
468 379
177 798
70 64
97 684
218 593
967 693
34 197
928 147
812 551
156 594
882 111
590 211
675 632
448 780
304 119
860 342
111 266
859 134
420 751
906 364
459 144
657 255
471 398
330 534
431 827
728 704
803 358
861 526
347 827
82 980
232 377
235 323
569 82
888 210
624 454
550 1000
531 984
20 764
683 975
647 590
136 439
750 795
419 734
430 340
682 887
735 615
615 314
317 733
378 514
592 75
691 741
500 9
368 120
674 582
333 785
613 929
543 459
278 457
840 597
961 343
47 835
382 583
357 540
696 747
528 858
673 943
3 333
924 950
572 968
634 635
669 859
422 465
973 367
705 596
588 821
854 470
786 552
935 43
776 142
766 413
85 258
589 176
218 925
671 911
223 561
572 534
4 965
777 805
240 636
334 60
302 533
350 769
827 404
242 939
434 280
670 491
584 619
499 662
727 885
388 596
759 754
233 484
289 879
598 334
555 753
237 855
582 262
88 945
939 601
880 968
810 194
41 278
737 316
355 271
803 270
115 414
942 523
895 703
276 585
926 339
499 718
94 727
933 870
612 28
681 142
48 241
240 221
166 4
624 941
654 461
45 982
644 860
939 596
976 862
965 228
520 179
705 635
890 123
42 47
106 940
573 468
298 558
612 600
492 775
558 207
714 183
221 847
311 94
358 397
644 433
957 127
404 857
814 184
903 707
725 384
115 625
551 129
686 767
167 331
758 423
658 224
889 198
891 593
917 468
40 71
633 8
874 379
610 626
649 702
576 519
198 97
550 945
288 279
61 372
792 814
121 882
524 338
618 400
303 402
349 543
599 705
849 196
215 846
619 832
963 164
514 912
870 579
43 462
79 629
222 846
143 666
951 978
109 596
262 599
562 260
663 326
206 955
91 268
369 210
173 450
986 331
846 813
220 893
802 927
460 875
25 540
204 606
199 966
995 431
108 690
155 510
508 841
882 118
855 736
489 678
827 40
920 449
237 902
296 87
332 956
647 754
630 854
112 114
385 174
520 490
700 713
10 632
563 248
68 496
606 920
72 210
994 354
452 592
702 580
338 353
648 109
129 625
878 405
682 294
957 683
676 484
142 637
944 866
268 28
421 899
447 197
589 783
347 17
470 407
738 61
987 804
710 675
625 104
536 536
42 59
644 212
477 136
138 29
252 853
407 644
948 79
858 718
889 139
15 892
327 582
295 555
858 23
382 141
223 655
228 951
513 840
397 889
253 811
785 201
662 936
988 184
313 490
743 355
586 32
21 347
54 630
871 781
983 786
897 27
531 671
795 242
805 741
256 938
435 439
746 857
846 539
84 128
333 174
503 60
762 494
462 14
523 142
1 76
322 445
886 662
966 87
283 17
672 906
462 896
879 467
581 454
388 591
534 669
143 162
24 106
936 371
968 446
926 438
742 895
788 921
661 221
263 543
918 245
905 984
749 521
985 79
707 790
705 83
642 246
535 86
716 876
732 105
29 786
88 782
428 957
20 108
246 304
734 319
347 237
977 862
159 479
954 771
18 188
332 358
649 843
485 347
171 202
935 199
524 506
704 79
813 889
946 177
274 759
763 264
283 745
350 4
619 426
817 816
652 333
285 755
482 740
713 415
747 892
472 949
781 750
598 95
544 48
886 653
456 602
567 385
724 122
418 315
746 872
222 509
825 858
741 543
853 890
284 604
502 795
39 748
969 79
994 1000
310 372
737 705
448 786
809 914
376 319
236 217
451 195
330 754
479 972
690 428
354 795
725 930
427 190
308 707
111 948
53 282
421 460
402 302
874 446
329 955
38 528
709 496
229 434
899 576
760 202
918 41
49 242
764 823
594 333
959 122
703 261
382 155
207 312
385 595
159 966
959 581
23 21
588 207
587 781
427 989
971 749
369 118
771 324
986 773
468 128
545 265
313 571
189 989
363 936
798 369
974 275
284 471
681 134
672 647
154 637
49 3
848 451
505 188
511 962
126 971
704 584
257 920
494 244
402 783
25 925
466 862
983 275
903 825
430 604
620 70
332 393
686 537
559 774
496 105
501 941
800 169
582 124
416 104
692 498
958 186
706 534
340 820
106 792
480 859
654 414
221 774
912 793
657 656
217 653
661 343
190 356
936 656
902 260
148 264
502 716
895 268
933 691
972 370
416 738
488 70
279 860
125 334
670 877
290 846
29 224
296 837
233 760
215 886
840 312
607 720
361 715
711 71
98 133
794 33
496 351
765 169
635 519
355 119
838 902
177 853
155 96
410 324
102 999
523 629
365 73
704 465
630 293
350 394
761 146
335 671
322 33
177 932
296 638
135 999
553 658
526 101
732 676
497 555
109 779
486 589
604 982
735 402
430 964
954 477
299 500
706 382
366 583
563 55
505 89
81 944
94 251
98 252
151 844
479 362
342 915
888 748
662 487
397 955
304 8
797 577
47 131
315 141
133 49
500 643
763 232
122 497
557 873
364 588
955 40
996 545
34 792
175 148
761 36
681 988
677 143
166 509
701 725
810 796
486 191
810 47
208 540
393 195
959 522
124 460
955 441
230 168
152 552
93 724
231 102
275 94
259 611
478 169
501 780
104 348
497 234
407 787
847 155
190 12
458 192
635 972
60 886
671 808
912 301
865 884
343 892
443 807
908 395
51 469
880 103
388 68
38 545
506 431
168 607
953 990
288 234
119 476
600 119
646 104
35 582
251 717
257 950
418 481
247 503
831 946
333 390
702 940
846 428
68 596
843 336
83 697
248 296
978 957
838 620
251 536
816 52
620 541
366 932
662 644
212 399
33 958
564 185
334 860
840 596
731 921
513 316
435 155
203 187
955 918
470 70
239 353
367 229
930 710
660 815
817 414
940 404
809 619
125 913
365 101
212 480
905 190
889 925
569 374
800 578
403 863
417 259
680 985
616 227
39 760
574 662
3 9
534 53
800 41
433 509
857 142
690 824
261 915
203 98
966 224
807 141
457 400
341 613
24 410
563 749
459 561
65 73
418 332
914 98
461 78
638 877
701 335
635 236
160 689
303 539
776 108
808 484
189 794
876 636
806 643
433 20
700 571
918 48
672 23
40 779
688 116
103 874
86 832
246 132
120 271
702 177
777 719
475 240
943 620
125 166
835 629
289 950
908 989
782 676
972 963
961 969
217 122
9 610
390 834
619 801
175 461
311 978
896 91
817 871
495 430
241 13
198 703
99 597
682 943
128 300
886 799
964 779
81 160
878 127
955 172
634 386
308 11
418 248
534 783
521 987
966 313
735 616
535 105
464 192
70 258
604 624
263 203
257 529
959 535
148 184
792 558
44 351
848 978
999 251
114 755
507 68
331 75
239 592
630 931
183 647
569 548
91 304
886 71
296 235
291 758
653 14
618 80
440 313
521 425
735 473
923 887
663 96
390 246
81 875
267 165
248 411
26 519
980 749
899 563
1 58
365 365
25 992
690 179
310 350
65 840
681 868
268 428
22 617
400 241
661 771
495 656
251 51
913 971
335 382
38 912
525 469
510 420
422 989
817 373
190 856
183 327
493 971
258 313
951 662
415 477
788 111
585 587
536 967
470 798
644 59
896 893
163 980
700 988
798 920
750 689
345 575
228 991
604 326
271 22
602 743
557 897
205 543
457 126
96 975
665 834
220 844
607 986
804 696
601 483
576 942
418 380
574 489
494 63
796 294
26 59
208 973
217 300
376 724
152 442
682 732
315 278
93 338
77 592
142 735
845 396
661 25
963 55
805 736
655 327
967 49
899 689
439 799
4 401
102 237
421 165
606 357
963 106
881 476
394 30
355 291
534 780
763 888
859 563
30 811
519 295
892 913
794 199
601 805
13 773
77 218
944 209
557 730
633 742
512 178
196 940
682 755
110 452
188 603
297 887
178 274
380 432
964 382
872 613
445 319
803 986
695 307
265 381
918 979
518 451
256 436
285 698
851 632
948 909
751 338
206 748
120 998
672 513
581 54
364 683
60 390
209 647
596 385
792 778
153 569
225 488
811 427
100 697
263 448
937 70
781 254
632 704
32 157
625 706
833 475
598 242
69 496
588 708
362 963
558 319
734 907
930 517
552 262
89 471
445 69
963 80
756 798
193 541
186 809
402 843
223 812
302 353
928 87
702 745
35 865
554 700
925 945
409 59
295 253
445 870
813 407
284 681
438 858
424 34
695 905
512 893
536 297
501 528
165 403
126 671
878 123
268 113
767 515
775 489
281 112
815 102
423 276
363 139
698 699
454 40
262 806
949 775
210 987
330 791
348 970
204 365
907 626
565 486
723 50
410 135
293 736
183 765
660 102
760 909
968 55
121 253
975 479
784 633
839 792
189 199
606 166
240 123
42 412
555 396
25 197
268 981
211 588
53 389
555 979
820 991
537 592
3 75
466 204
153 883
583 482
615 303
266 638
723 2
572 107
944 562
842 636
701 491
123 28
666 421
804 422
662 746
348 702
163 89
616 381
832 414
136 577
86 447
192 946
68 808
648 471
844 752
645 311
443 506
405 632
316 773
639 652
366 205
729 895
754 431
424 50
734 569
12 163
164 88
560 507
251 943
510 358
589 23
762 303
464 105
226 897
654 286
524 239
316 824
880 77
470 62
546 172
498 852
626 354
688 904
923 624
41 870
919 10
965 293
521 155
155 416
385 94
797 671
940 70
289 451
202 919
873 325
878 682
420 855
722 21
27 705
80 345
772 662
42 322
387 252
922 739
388 184
403 79
370 968
62 105
276 767
750 397
234 972
909 404
252 347
28 180
115 178
223 734
286 789
439 623
511 316
438 351
140 328
566 197
582 889
859 592
861 434
932 71
322 115
222 715
587 407
649 456
10 52
185 624
543 549
998 391
106 747
844 32
777 968
188 462
48 162
945 924
876 902
412 30
127 379
41 541
704 371
744 928
528 981
204 973
869 574
543 660
250 491
484 812
613 32
604 300
737 348
434 340
74 379
343 489
643 731
966 804
963 583
665 580
35 39
450 799
138 310
459 509
865 811
775 582
736 672
78 94
303 270
741 424
885 703
620 160
397 851
782 976
796 308
700 548
133 721
690 654
613 815
329 922
527 323
324 395
704 833
43 829
20 504
250 560
720 380
859 260
646 51
32 39
380 321
170 208
373 556
213 840
582 48
697 492
778 435
259 164
383 594
682 967
327 99
714 477
160 345
508 379
452 452
556 139
282 998
914 169
243 174
914 879
133 905
892 250
556 740
300 618
428 267
171 150
168 78
340 862
718 830
112 839
985 213
962 163
910 707
396 614
407 921
185 210
275 90
512 468
500 845
655 892
335 69
454 977
8 9
448 251
755 836
998 479
476 630
491 255
480 385
304 639
122 180
370 913
903 324
111 434
218 750
741 771
825 495
739 721
886 764
134 885
446 898
734 980
597 911
510 16
641 119
191 141
459 608
445 245
905 206
817 389
686 88
5 173
713 25
91 292
682 840
823 442
840 208
72 237
509 353
379 516
880 669
168 927
858 619
595 885
2 104
84 363
145 817
831 652
807 275
661 732
564 275
730 460
415 414
749 737
699 562
58 741
493 459
891 829
479 175
267 65
32 58
50 647
218 315
276 263
211 589
89 344
76 599
743 730
765 477
675 291
951 308
828 875
440 466
920 975
747 532
757 977
421 749
146 406
337 342
443 367
13 816
688 993
779 412
30 957
297 636
572 24
841 991
272 100
290 153
688 637
125 232
641 766
561 88
916 593
143 528
292 98
934 35
113 533
192 312
879 787
676 939
144 482
978 345
494 290
394 80
138 976
709 549
488 406
170 99
648 601
547 891
711 194
717 302
740 54
132 69
771 918
92 818
941 696
217 460
630 316
984 983
166 439
276 849
249 59
594 167
271 789
173 174
900 294
586 146
113 419
77 26
137 317
11 89
765 666
886 103
449 482
828 599
989 338
992 791
924 797
288 58
304 390
581 537
228 247
358 894
665 285
437 967
394 649
536 881
135 776
121 123
518 492
935 622
613 290
35 308
922 2
564 862
227 690
371 996
118 563
216 714
866 882
771 781
284 641
979 369
804 347
243 918
197 363
288 23
616 870
852 394
929 628
910 690
201 907
512 992
258 652
472 150
542 404
423 243
689 580
701 282
370 530
243 482
414 102
95 231
917 110
908 544
539 898
671 855
40 88
939 724
561 801
710 922
981 146
738 625
496 405
797 762
859 493
465 830
642 365
372 1000
565 442
529 638
335 556
182 756
802 801
932 768
330 835
362 471
237 597
835 223
729 953
395 707
598 997
53 682
984 745
248 688
382 922
701 572
246 451
987 568
823 23
436 237
821 1000
789 140
160 243
538 989
229 450
127 620
724 936
304 647
144 113
762 226
418 975
216 491
239 918
447 38
941 905
794 569
898 754
622 801
805 358
919 404
211 671
442 605
395 912
353 364
522 277
162 131
304 880
48 346
322 253
904 755
94 311
534 838
753 344
270 295
924 293
155 139
339 632
939 207
397 941
664 921
439 909
553 589
273 582
263 89
127 280
848 641
105 905
376 76
395 218
299 564
254 561
708 898
437 677
114 601
969 237
885 750
654 585
717 462
476 383
756 784
694 416
495 871
566 600
592 233
215 737
535 690
602 456
36 530
938 527
63 603
863 394
569 316
623 610
408 753
544 461
55 568
640 419
635 877
549 227
511 575
309 724
49 865
920 972
467 410
721 541
379 237
640 43
315 826
938 855
857 355
464 391
552 896
940 123
350 739
231 506
164 381
326 211
441 759
432 916
887 786
834 55
188 96
643 424
307 288
40 584
417 838
761 269
656 520
570 296
935 170
787 605
775 67
145 958
960 54
563 353
114 458
965 325
116 474
472 521
73 166
784 366
966 312
853 344
654 232
754 800
22 25
145 221
153 481
254 278
420 189
727 353
235 99
2 752
75 677
399 135
462 21
498 183
834 588
83 990
34 881
413 629
683 904
402 664
624 32
661 530
911 780
374 806
706 155
482 935
855 905
305 561
793 676
614 133
180 143
995 825
268 746
402 182
895 912
589 592
494 647
966 674
545 164
528 623
360 548
404 794
866 900
533 527
178 75
869 224
237 123
645 993
621 843
177 259
193 575
594 445
507 782
978 590
912 91
547 77
652 966
569 722
411 320
147 858
249 898
790 518
643 750
330 820
884 204
331 205
89 759
665 341
341 782
72 831
574 235
153 798
990 183
39 725
643 940
787 816
199 74
345 473
232 147
113 236
89 830
966 539
968 727
746 450
862 261
832 444
978 188
521 804
782 57
848 133
504 681
766 531
427 801
270 936
955 655
154 784
701 792
964 645
860 816
582 619
869 229
755 597
108 780
723 686
685 787
11 793
148 965
531 58
829 618
798 163
381 683
653 984
438 754
93 363
191 952
372 737
938 198
192 2
133 797
232 797
273 413
368 402
582 466
274 846
941 306
184 410
436 32
291 629
374 244
231 725
88 729
316 594
486 670
735 772
404 214
423 551
412 1000
56 126
582 935
995 262
932 970
420 542
450 373
819 157
292 479
468 396
408 579
343 168
39 887
352 354
297 335
216 598
926 387
130 591
181 500
663 753
625 179
618 278
166 851
285 298
65 714
187 759
182 372
603 274
303 880
3 428
380 337
643 641
301 278
998 412
506 642
589 834
148 884
859 290
145 336
969 620
427 541
804 407
162 302
738 600
462 657
249 650
981 730
344 985
763 321
668 214
933 640
453 758
733 142
710 891
273 606
496 633
68 105
695 962
468 776
332 75
962 994
801 317
293 492
256 501
295 692
677 396
902 302
583 863
405 223
571 120
80 636
169 235
915 444
685 146
260 682
607 538
109 828
843 772
115 407
882 708
553 736
240 29
478 660
532 52
818 641
602 273
893 291
892 513
209 960
661 846
19 828
773 653
390 318
8 719
439 377
719 193
554 428
125 76
516 819
154 885
327 307
700 302
801 977
441 643
469 900
831 214
384 631
821 844
405 112
703 574
714 340
85 177
553 320
124 910
632 881
908 570
49 334
40 127
106 744
369 802
647 969
267 499
91 538
735 544
450 235
744 18
59 767
822 734
62 773
510 773
138 168
823 156
370 264
870 813
274 39
323 340
711 573
594 268
453 141
875 448
886 478
419 417
178 186
417 30
169 258
241 312
11 296
356 282
392 435
478 951
569 335
439 635
613 890
643 641
764 488
98 980
984 936
288 198
55 630
582 308
27 647
335 431
985 735
172 636
382 254
457 549
365 678
318 535
298 335
254 42
394 900
891 180
368 604
512 366
194 449
550 237
106 540
816 850
631 423
382 803
433 881
766 968
496 62
198 758
309 29
404 423
350 448
566 553
663 559
146 779
36 877
655 875
457 314
970 10
914 935
963 741
594 405
653 702
952 102
33 250
462 778
427 561
657 524
36 897
500 955
678 131
532 778
315 884
589 319
695 382
259 847
217 260
34 857
438 545
560 559
870 250
493 560
789 575
138 793
331 262
735 783
253 104
850 214
266 19
183 845
614 654
723 848
610 328
184 981
386 569
29 599
30 142
691 238
874 370
57 461
269 400
992 779
462 474
959 723
874 965
344 988
343 626
985 633
341 887
965 601
672 812
593 952
951 231
295 837
200 48
142 722
890 605
631 688
289 23
82 776
501 252
135 970
491 595
726 698
675 163
871 686
280 780
883 177
851 428
937 716
649 59
977 663
288 647
365 140
182 65
195 701
34 558
204 937
137 632
440 571
962 307
792 611
178 688
363 235
177 413
969 402
676 378
371 725
209 285
825 297
661 663
146 243
633 622
648 664
481 473
561 445
588 799
799 784
695 688
601 772
522 642
496 306
633 85
427 915
396 904
347 942
791 50
448 800
227 25
402 751
347 422
40 670
688 639
173 125
302 604
6 46
445 483
453 433
120 845
953 8
465 382
420 132
483 752
963 806
543 281
666 327
384 752
302 633
319 548
776 731
879 565
585 464
225 857
920 401
354 793
94 871
9 617
611 330
105 315
501 596
221 309
592 63
263 14
881 211
703 477
138 161
538 514
386 235
745 963
522 129
966 57
48 29
698 720
552 80
26 474
894 699
109 965
621 239
440 840
27 269
90 322
522 911
824 19
617 205
98 369
305 633
628 21
81 572
54 883
67 534
861 78
804 186
304 985
304 23
179 327
315 112
343 140
9 133
200 441
631 632
278 92
391 705
988 205
792 419
468 435
300 36
330 669
793 713
628 834
441 751
385 345
449 403
150 49
909 108
194 811
555 755
772 835
995 786
983 458
230 634
661 247
260 91
81 553
164 712
99 607
440 184
768 736
262 143
720 467
888 674
542 777
197 631
516 206
126 211
196 259
850 689
760 967
858 874
514 753
557 487
77 184
557 929
18 851
481 586
116 433
521 377
781 323
77 386
606 437
375 612
75 425
443 49
269 531
238 561
382 630
461 55
144 261
753 858
423 667
122 742
242 772
657 441
134 897
380 654
411 784
429 437
821 114
412 89
892 788
73 777
548 950
266 695
438 567
963 268
813 566
449 346
522 619
790 544
849 900
721 394
738 808
955 375
440 320
50 505
997 440
721 424
940 603
214 311
94 125
212 630
14 398
823 126
413 309
874 776
990 419
188 911
403 44
526 913
646 482
199 642
601 938
368 432
959 700
721 688
472 47
970 216
409 131
491 787
658 229
628 448
510 854
925 75
430 772
688 851
343 648
610 706
391 327
782 936
868 121
233 449
197 733
535 434
902 451
69 552
553 184
461 385
1000 478
197 608
884 201
608 901
153 563
979 707
927 528
257 713
547 899
824 786
44 576
154 677
606 56
133 501
98 720
123 105
900 545
387 261
28 90
574 336
526 218
594 508
754 646
499 666
892 289
141 483
69 295
571 959
640 633
716 866
798 564
304 586
122 393
375 955
870 335
962 939
565 181
640 62
670 968
491 547
655 3
392 460
384 122
75 466
660 742
520 208
516 172
819 531
203 270
593 216
498 568
613 526
542 996
12 15
13 943
577 460
685 673
146 62
357 993
777 286
450 719
939 637
172 320
173 732
702 150
842 30
585 597
614 9
129 423
678 625
399 105
902 157
773 764
114 968
125 733
957 817
499 869
989 571
438 609
148 558
947 779
697 28
762 935
61 573
327 487
111 44
266 40
616 503
327 443
80 322
599 837
63 973
350 127
620 242
3 526
770 504
602 860
918 155
573 829
114 641
791 339
541 486
24 715
681 889
444 142
596 61
452 809
911 89
563 981
674 320
73 943
54 930
92 393
25 441
275 583
862 349
609 988
330 185
776 458
945 539
35 429
814 264
250 73
726 637
42 303
526 111
3 997
480 980
776 51
947 328
594 374
48 961
733 72
454 724
626 670
574 622
764 937
719 163
267 758
715 610
108 38
889 870
598 686
489 175
30 176
771 935
644 953
112 38
516 497
735 879
222 454
178 784
135 449
486 438
726 791
831 311
159 249
193 669
611 4
736 818
414 786
585 95
120 336
591 843
205 502
495 258
533 674
84 891
340 301
267 769
395 996
904 884
773 584
48 325
843 47
229 261
465 592
789 838
383 707
787 608
736 151
413 222
838 642
52 142
52 429
143 797
307 365
592 425
70 763
781 101
805 213
520 272
174 635
320 462
623 659
46 462
14 405
521 826
241 999
866 42
566 458
113 617
964 987
598 814
584 971
40 157
722 304
810 604
549 946
777 38
874 414
23 851
773 623
339 166
743 776
983 54
154 459
193 165
585 357
906 252
333 423
802 637
592 271
666 72
846 533
704 863
391 158
335 49
743 861
28 130
663 333
514 274
913 840
87 698
559 627
557 266
980 727
466 62
393 978
408 516
138 772
726 287
279 291
324 391
52 359
731 759
304 846
819 286
490 569
540 439
727 677
614 240
53 260
472 727
620 265
364 568
976 943
953 832
808 979
176 238
786 989
680 236
397 292
683 170
37 791
822 140
914 332
205 191
65 772
852 816
874 85
759 861
432 119
243 697
236 416
11 852
43 792
260 505
899 29
49 167
450 993
351 737
391 343
218 910
15 233
359 1
577 421
816 417
338 363
435 355
843 273
3 955
334 47
189 343
732 803
165 108
881 415
23 190
150 702
118 373
847 922
448 194
835 641
527 951
503 579
610 52
563 734
18 410
315 987
141 84
215 438
199 809
763 233
300 876
208 65
871 492
937 576
639 836
151 722
700 260
174 264
430 798
982 224
31 738
458 402
412 650
844 468
879 879
943 64
168 378
236 457
719 132
598 817
60 86
206 102
320 313
583 833
41 432
26 229
674 969
172 718
760 384
556 463
862 348
733 250
274 136
922 829
878 827
141 911
112 961
78 759
906 479
410 573
234 978
282 215
907 889
544 958
451 31
5 830
395 442
814 882
194 775
458 685
706 347
70 594
457 427
537 356
866 357
880 55
314 61
875 302
107 649
630 946
108 854
345 970
126 625
993 725
609 534
805 25
493 148
617 992
2 70
6 230
176 772
472 140
807 272
703 496
241 562
750 19
547 972
759 161
200 967
854 325
309 997
9 730
478 100
711 99
384 409
565 988
53 154
514 798
619 875
709 967
445 747
505 688
568 660
192 621
831 142
917 352
320 916
544 295
597 893
502 474
548 876
591 461
656 57
558 36
221 734
693 322
647 507
22 33
804 923
339 677
621 477
478 280
202 763
186 416
819 246
216 133
439 112
619 652
577 896
413 606
406 218
999 473
976 413
437 574
598 691
120 697
834 556
546 269
161 403
277 197
935 879
685 596
192 396
513 30
248 168
430 765
28 222
180 997
239 582
799 903
22 795
23 122
20 35
664 189
895 139
763 15
217 9
355 872
392 616
601 533
566 983
417 831
465 690
763 812
716 896
762 653
365 571
432 135
733 259
808 570
179 771
723 509
777 747
188 376
93 788
764 608
770 727
734 526
52 614
644 80
8 690
480 551
281 755
508 928
172 307
763 51
197 748
221 407
912 845
391 60
465 713
633 951
556 887
542 530
990 923
271 913
145 684
537 422
380 812
170 645
945 307
16 129
134 740
330 557
620 47
677 916
19 165
248 42
244 839
488 593
309 960
581 101
425 462
59 240
934 213
722 135
461 228
455 290
149 541
713 920
671 169
492 265
627 978
273 82
139 416
204 269
627 661
837 750
527 873
176 943
773 614
117 525
694 724
976 344
690 223
770 615
1 140
358 346
226 256
845 814
32 777
578 45
991 938
431 595
932 836
991 34
419 768
897 159
198 477
819 26
845 240
997 994
496 911
146 503
311 933
603 494
891 802
699 417
450 744
155 444
302 359
728 265
119 673
488 973
13 879
649 833
198 82
2 1
982 994
256 456
578 571
275 755
388 787
838 921
362 558
834 290
87 26
899 885
161 307
274 400
633 576
633 123
430 220
690 45
618 518
353 230
899 705
29 251
996 357
651 198
433 124
811 787
999 390
929 652
273 853
69 942
884 250
83 58
532 774
404 773
156 866
132 272
731 40
730 944
210 839
290 487
663 18
62 385
980 882
585 273
216 464
515 217
277 108
368 13
816 713
105 209
981 142
409 566
689 526
976 938
182 257
212 4
490 17
276 300
592 230
299 217
373 938
115 913
948 870
399 181
27 923
151 793
820 450
96 345
141 277
322 863
72 883
672 414
276 752
83 850
874 578
904 317
552 477
189 916
282 248
600 408
724 222
912 406
441 55
506 263
959 172
309 593
953 118
766 828
35 815
117 909
554 799
422 182
794 833
673 460
581 731
979 928
243 274
411 119
604 771
741 498
360 243
507 983
767 449
326 254
482 758
489 412
632 276
471 899
153 84
256 728
15 982
584 420
320 749
280 60
198 360
435 769
903 163
74 721
133 52
17 644
814 670
472 703
301 409
234 692
815 912
185 481
175 369
960 748
692 209
968 526
854 342
124 125
804 403
404 823
880 695
814 486
809 206
264 831
160 790
72 690
124 292
900 253
302 341
682 705
421 125
722 35
148 579
294 372
55 827
273 26
42 435
917 389
362 302
795 123
537 700
455 156
422 280
434 446
595 384
686 746
389 65
70 157
824 833
867 344
689 123
143 745
729 14
158 832
537 86
928 467
712 698
217 978
767 132
666 555
102 372
405 63
172 614
740 283
586 567
458 464
168 252
160 212
792 10
26 135
638 607
960 719
390 64
478 836
910 193
508 612
607 449
886 472
136 570
84 118
267 661
572 549
902 28
91 988
484 751
8 499
714 264
265 71
722 30
4 379
291 534
728 834
62 349
793 854
331 847
967 196
442 20
591 558
555 101
753 631
294 627
104 850
996 401
781 828
76 165
997 13
286 779
230 172
596 186
310 264
500 829
724 303
856 155
277 162
229 799
56 487
135 920
386 846
428 306
580 845
877 844
648 949
208 128
143 586
312 687
621 230
995 258
331 302
19 490
829 140
430 344
538 787
654 141
463 479
290 420
84 946
347 819
525 840
528 630
922 220
402 716
127 248
721 296
741 938
461 217
903 385
805 986
958 892
260 75
614 475
327 102
759 980
608 419
340 639
30 580
151 571
891 585
579 887
204 470
377 737
261 264
428 491
243 244
109 449
463 40
895 308
970 40
900 418
11 882
206 747
459 82
919 765
866 39
561 810
326 44
615 165
259 600
619 689
342 454
53 889
505 846
298 209
795 258
499 892
885 58
170 883
957 985
872 813
495 133
282 121
775 635
951 901
872 696
84 539
136 113
656 15
489 788
720 746
882 445
420 554
132 650
784 783
334 775
676 928
330 603
389 956
597 137
738 498
907 80
127 97
336 284
309 240
512 659
216 311
960 760
864 244
450 467
17 936
85 710
18 127
27 314
170 604
474 384
118 434
260 993
389 12
14 39
780 382
604 313
962 385
980 179
486 587
399 731
643 621
75 221
259 99
91 608
17 272
981 104
341 631
771 138
412 819
923 218
414 280
319 144
846 431
598 350
910 558
257 396
440 894
815 813
870 955
457 63
794 96
678 383
391 320
832 619
494 822
550 982
42 390
240 959
741 489
62 122
704 165
754 453
535 683
913 901
403 944
837 511
198 628
94 919
874 550
84 620
59 461
31 169
664 344
408 94
430 728
309 918
989 121
425 743
689 821
297 684
106 160
424 278
428 149
548 735
736 487
494 222
833 489
454 894
8 863
597 694
377 747
170 890
36 961
78 800
252 778
223 205
379 309
736 670
828 218
408 535
304 373
7 911
842 193
12 906
595 994
865 558
566 442
445 222
221 445
609 410
690 964
908 909
743 158
863 518
39 147
490 823
658 463
213 537
989 189
840 990
536 393
675 926
206 349
270 283
696 941
371 420
563 91
615 222
325 467
325 366
916 464
762 416
407 270
738 700
451 494
394 963
703 965
420 30
464 204
862 128
886 465
963 903
925 757
264 567
197 269
376 254
907 306
889 17
998 88
453 734
626 346
18 584
544 404
818 239
612 864
260 621
262 634
193 353
866 444
128 408
800 947
394 295
940 751
