10000 1000
518 266
575 767
894 473
204 35
457 870
820 440
903 384
258 768
960 706
72 751
421 28
297 599
893 393
636 381
2 488
727 618
537 284
234 426
958 620
448 576
5 211
250 337
146 601
835 932
858 696
28 800
208 848
418 574
225 59
731 611
808 145
869 544
219 294
608 274
348 551
470 482
425 433
570 173
484 538
286 989
67 190
915 958
505 771
21 2
667 333
197 246
781 251
173 483
731 248
71 973
440 283
135 599
410 871
532 182
43 4
923 865
906 588
764 208
808 95
107 98
884 775
448 325
407 653
104 297
137 130
809 957
154 910
650 513
81 21
489 299
505 125
890 226
215 738
319 334
766 570
427 782
59 242
70 920
488 446
548 484
749 772
446 225
283 179
799 855
943 84
32 524
869 360
492 24
778 849
749 904
25 31
677 302
808 52
534 359
584 865
755 204
391 655
476 450
329 7
838 242
627 123
593 425
648 810
144 577
68 736
652 239
99 259
674 315
75 327
912 843
773 171
212 551
88 98
621 558
958 91
528 641
702 202
492 523
200 60
774 791
132 871
926 393
987 688
488 707
516 322
900 610
577 174
903 687
751 701
832 87
682 280
395 259
526 833
586 145
583 863
806 169
394 654
250 752
194 493
113 608
4 870
619 262
427 433
45 75
389 985
389 668
275 109
929 931
461 545
793 875
700 642
313 615
791 974
865 188
654 266
460 314
346 665
292 15
875 404
180 444
808 997
653 974
947 794
274 14
874 816
883 234
999 278
142 922
193 886
793 835
553 847
698 231
702 717
263 787
97 560
398 224
626 681
839 987
841 912
484 878
621 200
392 300
769 577
813 312
322 174
940 511
290 221
817 905
424 250
461 692
446 331
451 865
490 53
963 805
469 446
361 474
183 657
862 251
169 965
718 235
641 494
929 111
906 667
707 871
665 446
437 625
193 455
817 54
624 617
601 715
896 820
80 258
111 977
479 6
567 833
154 922
167 215
505 915
472 937
336 329
296 995
487 955
970 651
314 240
277 750
209 206
209 714
938 918
133 578
98 806
179 102
880 230
738 184
354 620
795 575
918 208
661 656
187 176
938 368
421 549
607 435
396 132
544 793
173 79
169 91
552 962
294 538
984 126
604 209
886 56
86 974
687 619
25 597
777 618
888 949
634 7
240 384
97 327
605 127
627 100
476 972
31 137
471 359
994 458
900 994
197 609
38 101
794 50
803 586
906 864
28 682
738 837
160 838
688 310
953 454
35 709
613 606
201 854
174 876
231 618
483 764
861 23
701 548
599 109
650 952
261 458
974 167
803 432
301 844
346 610
946 758
621 818
740 608
893 350
531 177
798 150
607 846
152 584
770 987
894 701
945 590
26 569
990 356
999 6
545 762
598 657
322 29
770 492
9 362
924 91
87 535
847 479
282 552
525 942
637 435
584 304
621 332
130 892
357 578
398 889
403 392
404 157
265 669
761 666
53 548
300 644
777 869
618 404
667 18
252 816
838 27
660 128
888 562
499 131
466 552
598 648
691 630
996 934
925 957
826 604
623 279
511 553
745 283
688 277
227 709
973 366
942 691
594 37
361 57
343 14
781 46
609 531
490 437
879 810
552 205
637 362
663 794
892 26
167 937
848 611
656 224
857 961
772 371
763 357
200 568
230 406
63 333
38 843
415 84
523 659
857 694
163 789
461 205
139 368
692 352
738 716
492 971
823 687
24 164
973 938
933 727
550 34
927 331
605 335
642 3
746 415
424 54
290 748
722 984
629 50
575 695
190 714
462 598
167 290
786 285
10 907
649 263
833 10
589 90
911 15
763 763
332 345
878 568
652 783
516 291
993 56
904 94
941 413
487 306
897 90
331 854
889 616
731 182
70 590
105 225
338 507
338 491
455 470
58 121
617 831
917 639
695 907
111 629
94 571
749 742
918 293
706 616
123 418
963 822
373 374
203 889
744 228
280 763
373 336
148 794
119 378
229 483
135 985
765 973
593 142
346 594
533 709
519 73
719 336
466 774
462 43
444 849
977 745
372 371
557 269
132 804
240 282
122 168
874 164
809 229
14 253
357 998
478 449
315 763
68 50
206 159
210 420
371 761
979 930
534 563
471 72
307 774
875 254
78 164
215 724
811 429
934 280
55 491
457 857
540 29
621 184
313 784
256 50
704 193
936 607
535 212
396 982
512 960
537 791
728 369
766 823
331 229
336 768
910 151
231 470
812 968
943 131
955 512
736 579
684 265
959 473
662 125
955 193
507 931
944 491
33 446
855 527
570 926
548 483
516 741
511 927
522 906
772 913
842 218
387 33
461 434
624 559
739 534
844 807
548 982
210 772
719 115
451 347
143 726
858 379
921 778
97 484
647 957
259 356
720 35
159 163
845 635
212 209
158 304
735 587
419 841
166 18
900 57
473 907
194 559
355 936
555 280
213 405
250 616
540 676
996 269
382 153
404 164
641 823
671 673
693 578
241 972
996 155
999 903
761 95
35 281
294 960
164 197
692 266
66 156
535 431
550 767
512 652
176 694
513 650
951 307
476 574
357 136
309 425
912 541
227 304
467 506
419 381
906 188
485 652
698 687
485 135
574 689
435 91
139 95
956 441
837 758
406 998
608 795
552 763
648 531
568 861
201 748
659 166
776 986
88 794
583 499
245 683
789 659
705 798
820 305
768 740
641 696
883 962
456 759
701 353
886 842
295 382
749 110
652 315
371 185
150 820
835 311
951 683
554 862
353 373
363 819
791 747
28 115
1 746
591 580
404 603
34 368
280 548
855 713
600 900
85 23
125 331
669 284
932 168
517 913
291 905
409 654
144 647
325 214
666 711
156 440
902 674
828 175
683 21
936 635
254 18
213 343
7 310
157 456
674 161
279 676
696 425
316 249
747 455
12 153
733 800
551 573
233 789
837 151
73 531
7 606
831 580
883 582
299 925
483 141
771 22
814 8
102 381
678 980
649 107
273 677
154 989
825 146
160 652
748 670
296 317
908 169
713 210
943 254
634 432
360 299
686 95
564 883
919 845
207 855
688 315
869 544
898 78
649 207
216 167
913 422
243 44
663 909
606 661
490 77
970 719
131 120
444 469
689 295
402 826
493 914
618 608
294 860
924 788
847 301
618 311
540 662
167 327
569 144
373 12
659 910
797 507
180 422
668 406
363 531
832 394
842 286
63 96
350 993
264 854
587 594
679 131
286 7
525 485
440 212
47 415
210 246
442 107
811 259
733 140
44 936
504 96
885 106
229 782
605 461
38 940
213 208
110 539
37 871
710 617
895 360
658 510
279 143
834 519
729 274
26 847
107 324
754 833
374 54
926 743
81 826
198 542
558 55
808 863
995 904
385 976
67 388
304 289
3 927
684 904
429 128
328 989
184 625
158 70
701 595
889 533
180 327
793 637
421 365
747 504
424 785
807 700
678 641
576 289
733 952
167 581
863 135
281 184
259 199
828 912
275 95
46 758
173 412
550 192
955 452
777 925
626 250
830 4
318 62
267 629
181 234
294 838
296 862
908 927
37 828
181 550
663 508
30 845
588 538
486 983
174 787
641 382
995 676
56 352
974 491
983 493
627 691
982 27
110 229
585 762
661 746
184 969
569 586
895 391
10 407
647 634
88 322
387 620
146 486
980 608
3 888
182 386
992 413
833 404
339 332
48 50
587 144
709 279
794 703
915 37
141 45
403 874
368 18
496 589
968 824
723 421
662 374
495 730
283 943
46 754
926 916
10 38
264 94
709 242
345 165
530 280
447 844
593 846
750 122
319 979
115 418
787 894
496 916
307 631
348 522
989 220
152 468
22 238
770 412
310 361
806 363
442 151
376 218
769 502
707 210
840 685
781 677
454 843
968 810
696 913
915 396
158 434
711 556
132 34
595 267
962 492
865 217
533 123
726 281
596 266
142 66
187 804
29 719
307 149
463 776
560 798
577 511
418 437
669 940
581 795
475 562
97 428
290 983
802 594
835 440
984 283
103 538
241 110
691 530
371 898
539 591
730 432
925 298
120 556
850 309
455 319
920 289
625 568
490 462
337 78
110 727
207 320
566 667
864 53
168 886
756 700
238 29
263 590
79 486
256 895
668 526
84 360
580 176
500 584
504 461
819 558
463 895
953 377
916 236
595 785
763 353
1000 395
567 13
477 576
903 649
866 286
13 951
259 638
310 616
481 148
652 828
102 627
271 222
668 214
695 78
359 144
268 205
606 829
343 868
582 526
662 373
39 985
76 16
421 351
670 696
280 693
191 188
916 19
757 710
986 888
937 735
301 772
83 537
158 804
940 20
585 17
211 249
206 497
657 610
785 365
212 432
9 538
752 483
453 832
609 31
162 718
306 417
638 884
17 221
977 903
680 51
199 520
686 398
967 813
20 524
134 239
89 257
629 475
183 915
47 497
963 23
956 632
432 331
481 664
37 202
342 310
18 475
342 587
527 602
666 574
430 998
111 797
484 233
475 648
780 652
820 703
299 168
369 702
245 997
295 528
287 719
589 857
211 500
712 835
135 671
336 714
710 16
81 248
589 770
235 522
263 596
659 256
186 105
152 9
728 96
766 597
919 292
126 777
313 428
676 959
869 660
880 427
156 795
766 847
101 963
54 943
265 269
172 6
359 138
321 136
641 634
56 238
862 513
74 893
62 373
547 15
521 842
186 680
952 350
925 778
578 317
435 521
977 222
904 424
698 588
420 963
569 885
612 219
802 247
72 525
225 606
51 651
459 999
567 937
347 305
254 241
582 599
201 928
335 63
509 982
252 517
586 962
911 873
298 636
94 276
232 714
427 928
734 747
668 69
837 559
892 76
969 509
536 392
643 602
460 712
637 809
980 591
537 790
235 564
643 962
295 291
906 202
906 161
83 528
371 715
38 856
667 960
271 516
169 851
166 217
166 290
56 88
698 834
411 846
45 720
414 372
998 537
911 927
480 595
123 673
352 194
801 590
793 148
431 896
832 981
28 532
71 756
108 251
6 540
592 242
910 772
443 706
468 63
126 768
372 685
908 926
259 464
911 561
788 648
705 49
405 704
164 916
879 470
739 890
761 231
694 282
100 40
218 636
600 966
919 974
223 759
344 32
325 847
830 943
934 989
334 381
976 467
414 431
660 137
956 518
345 82
999 687
833 365
348 155
203 629
610 248
887 706
414 749
445 550
952 626
606 849
148 734
369 86
323 343
768 699
551 894
32 229
666 120
189 394
175 94
899 117
976 557
238 301
583 215
379 758
932 505
741 254
605 907
561 721
465 419
634 246
525 818
662 328
215 189
806 607
710 901
658 532
999 984
771 544
281 958
200 989
467 892
241 227
432 492
831 261
706 507
890 954
428 82
465 332
823 286
118 788
622 161
199 620
674 878
47 523
982 296
714 861
675 44
716 225
518 170
347 193
637 352
513 805
838 255
195 344
697 60
708 361
272 928
291 388
990 289
912 223
949 383
779 197
998 567
710 982
926 108
886 893
595 145
221 849
683 640
611 948
181 718
24 47
477 364
52 36
292 208
816 547
103 346
250 902
803 279
981 556
895 730
622 354
475 854
192 101
409 829
953 689
739 84
859 317
684 324
820 309
421 915
518 567
658 161
72 46
83 644
35 434
532 188
133 606
901 719
114 609
298 30
182 134
419 150
428 252
406 193
50 150
504 466
378 667
880 436
483 727
885 444
703 345
298 715
762 483
537 973
121 173
221 252
960 355
214 613
467 186
41 833
758 231
142 606
469 680
784 780
533 744
832 713
985 503
851 93
982 288
943 287
743 466
290 270
193 344
635 384
392 881
343 134
993 728
165 614
198 573
179 688
933 930
551 618
889 942
62 356
376 846
48 877
659 495
946 788
481 157
339 895
564 800
279 935
898 650
799 218
861 402
591 352
756 795
31 239
584 469
523 368
712 411
459 559
829 684
923 630
926 875
572 162
741 711
785 165
225 699
91 459
762 799
214 181
112 485
66 681
117 885
738 535
926 729
840 685
245 818
927 869
378 977
512 922
542 343
262 207
190 909
106 319
150 477
487 62
291 287
415 798
280 21
724 283
338 952
896 296
644 287
142 752
932 767
686 238
540 542
469 564
98 416
290 928
720 786
315 259
228 842
454 416
105 660
264 131
325 502
929 687
721 965
198 495
668 158
358 630
752 822
182 119
764 346
845 654
8 641
664 4
340 60
815 599
921 405
310 175
742 37
125 531
876 76
9 466
619 5
985 674
603 943
809 413
588 317
514 247
630 47
472 505
185 855
155 681
199 125
551 240
405 844
900 546
878 114
622 306
752 964
877 19
772 783
863 568
314 440
610 509
955 589
650 363
533 970
289 72
427 294
665 581
818 739
796 222
854 649
845 549
987 91
677 128
892 520
38 319
879 843
19 671
214 100
767 705
471 726
473 755
942 47
710 222
774 266
31 590
236 528
671 646
964 786
894 265
633 633
521 394
801 455
655 293
927 947
821 691
48 553
891 954
38 648
381 611
824 706
892 922
840 519
898 698
667 2
713 558
797 810
765 969
570 755
77 119
398 643
750 882
470 789
112 38
541 553
943 957
552 498
955 99
514 470
40 819
633 346
399 704
7 636
331 221
626 55
973 710
988 426
433 756
571 33
903 654
466 523
363 298
607 570
860 768
99 262
553 167
77 498
631 566
863 134
4 317
775 539
784 777
232 794
375 35
735 686
736 682
302 765
89 668
788 66
520 105
114 254
435 113
231 555
993 568
294 96
567 537
883 144
173 720
146 330
454 247
56 162
75 522
407 487
513 755
822 419
678 734
639 510
744 718
368 940
126 47
955 274
245 105
901 565
620 332
378 795
696 574
808 215
913 526
215 817
427 109
176 876
782 232
395 15
63 703
871 485
53 441
830 892
412 358
198 146
917 123
185 587
12 922
277 980
385 207
933 956
616 516
575 349
385 798
581 256
920 413
972 894
558 336
367 647
390 119
876 879
185 903
350 836
827 802
706 122
235 508
762 943
351 935
829 231
30 688
564 392
932 679
143 551
657 811
174 82
562 828
737 604
71 511
553 157
283 598
612 143
96 445
621 306
384 646
241 40
445 846
555 642
65 630
825 921
23 491
940 566
776 878
604 146
791 332
746 198
958 47
621 189
126 291
974 549
555 402
979 786
662 321
743 795
857 576
968 675
950 566
320 385
625 955
437 400
257 381
266 976
163 395
683 323
671 149
797 409
305 882
699 844
665 95
10 325
380 607
766 701
416 534
323 749
796 365
509 215
318 849
480 458
699 436
417 946
626 659
482 693
985 70
994 71
263 987
555 575
744 498
707 56
661 794
587 697
889 411
867 485
93 67
396 548
92 41
220 448
848 237
150 305
443 222
975 338
879 434
914 305
95 770
325 747
843 187
674 125
936 358
887 148
870 968
686 606
896 523
526 847
975 275
168 141
880 954
138 604
369 893
536 476
1000 125
278 150
292 151
391 626
290 572
345 987
729 722
575 713
134 537
174 310
777 142
680 618
982 515
948 600
70 317
515 70
347 709
925 449
183 448
2 182
718 239
138 34
223 672
990 700
359 891
340 277
133 485
902 863
391 936
603 723
572 17
429 569
209 345
842 36
516 949
500 827
100 942
17 250
518 386
883 695
297 569
104 389
860 544
515 572
162 778
489 983
925 386
182 908
104 754
758 976
948 671
404 665
300 234
742 986
769 528
934 714
614 139
803 237
772 664
790 73
176 287
494 499
416 862
372 832
770 462
279 4
574 284
570 694
726 370
265 354
437 683
472 814
389 402
196 997
607 516
855 103
616 817
712 511
870 231
185 300
31 767
23 992
610 350
510 412
19 413
755 706
940 714
856 258
495 317
155 725
765 372
230 29
802 967
313 371
86 772
812 728
845 756
102 973
88 572
969 202
562 46
714 219
268 69
390 822
970 740
112 470
196 392
764 411
854 985
992 408
736 765
189 804
798 862
698 9
440 631
425 880
668 410
241 251
311 621
674 514
824 728
940 519
670 248
560 994
612 792
85 357
604 611
877 576
985 555
357 646
315 749
488 919
879 171
117 853
605 816
701 111
280 840
558 608
385 821
274 320
245 563
944 386
2 981
938 701
502 261
926 292
608 976
302 846
229 984
719 134
964 192
509 19
211 467
190 193
376 918
267 103
496 730
202 160
963 75
94 378
910 83
229 9
704 423
297 141
533 745
936 31
934 453
341 432
223 588
500 171
888 723
337 990
469 573
762 133
630 445
792 487
15 757
323 55
449 267
875 564
303 294
767 57
842 421
490 846
270 40
881 757
419 677
710 638
900 196
584 243
867 692
473 509
539 988
511 349
533 962
795 299
476 1000
773 579
57 98
542 331
559 665
412 351
696 219
401 61
22 872
557 969
19 639
72 746
930 391
201 827
875 102
569 531
67 942
184 910
881 827
799 865
467 702
909 921
991 845
379 301
178 736
847 672
972 982
421 624
434 958
217 586
363 142
62 195
604 528
442 256
548 256
624 359
312 327
388 644
968 747
915 317
8 493
608 318
640 985
704 398
429 449
903 752
910 339
433 292
55 502
690 115
449 289
822 702
584 221
754 679
508 894
624 286
953 93
600 733
431 129
217 685
850 225
484 103
155 451
370 988
533 969
81 470
201 959
675 412
274 574
574 98
242 532
197 678
563 890
701 85
919 140
689 316
265 173
575 311
114 344
865 765
533 632
677 353
642 489
29 635
79 980
904 813
418 143
823 871
960 67
209 436
186 748
135 411
187 205
56 646
883 313
207 902
423 491
928 613
782 887
86 226
253 879
248 225
660 239
720 72
799 784
699 236
447 937
795 938
238 417
504 422
726 951
202 543
619 770
129 865
132 674
558 57
966 933
895 93
425 898
607 634
489 402
363 884
550 601
310 145
532 434
694 862
308 136
204 121
105 766
632 893
756 800
995 905
761 952
28 329
792 642
348 284
781 584
681 740
639 830
687 593
357 431
634 334
68 230
229 562
890 822
54 177
351 163
815 665
255 975
791 805
825 262
31 93
339 642
406 340
795 479
54 57
415 248
964 807
374 496
131 332
181 394
578 742
868 722
937 481
398 706
40 610
796 702
225 960
923 768
849 589
673 565
579 225
588 117
772 543
715 319
752 359
131 427
940 538
707 990
90 369
408 529
792 15
186 891
689 322
661 218
298 870
977 374
246 778
435 847
835 992
818 577
891 769
922 671
412 431
444 86
400 570
60 229
590 44
642 475
519 437
690 33
42 911
260 140
160 522
708 125
584 530
595 680
316 668
892 400
611 925
32 497
637 555
355 69
818 625
948 856
203 64
793 516
639 1000
217 574
448 283
720 895
588 483
470 915
412 871
832 725
808 714
182 482
256 844
435 873
44 303
977 610
94 659
90 332
827 290
960 404
294 940
741 269
277 565
820 507
82 474
422 535
435 784
630 62
74 93
526 474
229 445
423 807
431 278
525 255
222 244
185 279
859 774
877 40
381 239
731 254
758 382
423 740
28 742
672 527
913 543
499 983
356 291
448 889
974 418
179 167
94 30
460 614
405 80
728 103
195 649
421 190
352 898
954 870
260 20
845 540
871 321
347 928
785 697
291 607
636 318
539 315
101 873
130 953
966 434
348 42
775 388
586 442
897 398
199 397
441 763
252 829
851 691
116 525
733 872
305 865
503 962
53 323
354 691
202 104
662 484
611 657
250 806
8 851
431 26
590 759
341 954
581 978
782 829
960 838
174 143
784 416
721 502
946 800
501 478
860 324
395 838
220 717
738 249
497 624
845 166
456 30
96 465
152 92
534 304
318 996
166 750
74 850
521 107
240 401
606 713
625 868
207 1
791 348
665 541
644 264
776 67
692 617
184 320
846 98
85 618
727 846
4 365
414 33
992 696
665 798
510 893
799 384
833 356
117 105
311 320
185 334
489 816
810 256
423 520
550 436
234 846
929 372
689 149
77 453
292 565
204 999
100 449
512 608
825 735
932 433
530 340
217 783
689 934
410 363
436 320
536 299
30 201
870 887
579 181
829 12
87 666
730 452
496 293
980 964
928 611
614 933
20 928
659 685
191 195
60 779
352 440
708 13
15 220
845 285
716 397
488 704
721 488
546 6
875 753
681 133
252 350
371 166
356 580
655 870
676 857
865 391
985 176
651 484
103 520
71 800
611 69
262 288
24 774
348 668
539 125
841 18
751 954
105 443
82 961
69 509
462 855
496 607
297 568
307 360
141 804
18 704
9 470
901 84
582 556
784 847
578 954
763 740
385 991
386 213
71 109
54 391
879 677
242 43
231 545
438 295
162 969
256 499
644 535
159 405
954 730
862 421
431 375
471 657
552 331
933 586
194 34
64 950
478 900
581 604
427 58
436 979
484 269
288 507
574 272
635 817
876 817
255 848
59 812
397 227
342 744
722 972
651 71
805 72
683 178
459 585
310 372
259 483
877 250
555 783
206 441
153 418
748 456
986 391
469 969
902 161
194 997
450 58
418 989
221 336
759 825
603 474
815 429
989 287
788 103
759 615
485 323
25 928
107 719
455 562
773 311
553 35
92 410
475 789
487 323
902 603
353 873
125 879
590 535
129 199
865 429
94 979
17 701
372 633
128 398
358 986
315 45
30 10
589 583
543 419
195 841
290 235
481 384
282 417
3 729
456 124
93 26
575 140
652 415
945 343
475 206
336 662
871 811
598 373
747 925
782 94
301 799
72 446
95 184
777 263
647 459
640 269
295 528
187 1
589 625
240 233
764 758
180 478
890 698
639 412
1000 515
22 509
541 365
64 255
283 272
650 921
777 950
627 98
639 238
368 258
325 996
265 311
676 158
922 274
691 448
715 815
243 57
729 513
916 564
251 987
342 688
341 688
273 961
368 236
165 996
520 576
258 239
381 482
90 191
563 866
634 759
690 799
885 544
830 992
433 475
192 972
511 1
595 210
23 836
872 769
722 787
914 682
710 26
675 945
222 807
621 335
968 862
386 651
557 622
661 292
476 98
559 833
495 434
955 249
4 639
337 275
181 362
471 440
617 77
283 244
57 440
370 776
139 398
741 395
75 325
791 564
517 970
968 770
700 755
797 836
166 115
589 1
334 865
237 466
945 953
53 507
865 849
465 854
813 109
314 999
983 693
234 713
156 562
443 543
472 684
321 388
440 334
451 412
901 24
86 208
760 453
330 430
96 171
403 535
533 261
705 592
897 316
184 57
386 514
49 217
986 973
688 751
95 730
3 363
819 240
817 587
492 993
825 278
701 812
759 861
452 526
482 908
434 948
65 118
326 98
473 959
554 367
72 831
740 903
366 757
999 216
183 26
856 533
578 810
1 70
197 399
177 134
974 974
17 212
563 383
704 130
187 753
57 121
867 268
776 947
787 381
145 192
790 749
257 410
285 434
378 192
549 445
756 183
564 803
678 284
688 764
745 739
232 119
246 804
289 508
938 768
298 608
73 600
744 549
665 7
979 519
586 491
559 88
853 72
908 788
914 732
503 750
592 156
423 138
929 878
400 321
699 69
755 720
584 401
292 328
278 556
539 112
33 477
452 975
92 361
751 602
972 229
384 268
605 245
8 569
770 233
82 554
377 58
623 908
637 874
747 544
315 361
221 485
117 552
707 298
282 610
644 412
980 310
692 806
616 503
99 828
458 260
630 583
230 296
405 756
736 787
171 917
597 191
282 982
776 971
916 177
302 940
211 731
2 759
137 724
474 657
305 595
495 999
724 280
289 486
557 312
201 628
694 829
918 733
296 75
361 175
703 108
296 342
68 997
342 329
497 703
281 755
808 391
11 259
213 662
763 492
727 929
297 254
251 482
5 91
617 613
224 610
429 12
201 80
87 356
145 258
580 238
327 125
426 463
790 38
48 728
522 2
180 758
519 367
291 835
954 905
540 987
37 710
77 664
663 546
341 999
106 236
200 465
348 311
967 403
774 458
997 886
552 649
667 631
507 873
412 640
493 792
122 69
601 587
735 961
756 125
829 694
609 583
455 16
950 850
989 299
85 503
604 48
100 912
988 461
549 572
248 418
647 479
777 692
947 927
724 101
455 296
167 474
7 265
176 36
727 485
694 688
378 131
670 15
590 303
327 710
70 926
70 191
975 86
75 847
867 260
498 966
633 963
548 138
506 244
811 540
774 104
689 945
677 296
890 314
55 86
261 660
917 113
471 105
821 325
455 230
353 192
691 155
561 863
10 46
596 71
785 312
547 364
974 830
647 821
960 401
790 925
725 751
634 628
457 167
289 365
718 577
118 710
319 132
534 354
739 286
349 66
536 536
671 424
534 79
623 210
568 396
99 493
183 701
997 496
718 858
740 885
431 864
385 323
116 730
875 662
287 259
883 333
378 661
984 692
472 821
421 376
939 900
638 5
275 160
15 443
653 609
853 253
193 972
602 825
340 700
813 386
572 356
944 769
807 630
144 288
316 311
969 398
591 744
504 518
794 7
935 727
575 676
28 597
359 180
538 271
950 562
22 71
52 185
715 477
277 667
351 900
986 933
468 52
134 144
608 94
2 338
645 587
122 235
321 678
526 937
855 549
618 780
709 604
198 410
100 361
830 732
19 257
123 839
884 642
848 869
558 71
254 641
993 112
856 726
277 815
384 817
363 891
512 498
410 769
306 352
724 718
329 602
982 134
437 502
939 792
275 829
530 192
555 829
140 908
584 830
543 952
492 478
341 666
841 461
189 486
8 969
617 938
302 940
879 283
210 49
217 639
633 794
805 257
762 605
397 689
587 386
823 873
882 199
950 137
772 836
151 987
833 559
333 767
294 634
38 97
322 904
212 182
289 795
365 131
364 129
628 942
959 170
661 139
346 236
300 376
217 879
599 937
692 650
688 253
623 36
692 375
155 227
246 573
331 465
372 317
144 394
385 651
950 887
538 308
789 918
177 87
640 479
357 327
969 728
744 450
163 539
216 325
287 283
254 613
472 394
658 423
287 222
493 81
567 759
517 951
34 715
901 975
386 971
594 253
577 171
591 320
986 845
386 435
365 119
436 269
559 40
245 625
831 735
286 671
827 252
766 617
457 613
30 831
574 579
44 123
74 354
260 934
370 221
98 657
445 87
825 261
368 226
127 868
434 76
735 141
152 550
949 468
330 500
390 799
556 959
501 162
350 190
383 108
597 32
968 368
80 411
452 85
323 873
703 86
503 430
789 795
80 523
459 550
294 942
564 983
957 448
605 369
173 629
456 58
938 71
429 423
941 100
997 870
665 372
878 666
463 204
210 970
962 645
599 458
396 469
520 512
711 108
778 672
373 409
16 105
41 235
800 374
564 481
156 166
817 178
362 813
944 69
676 425
751 27
553 613
452 928
778 697
420 22
238 248
864 849
294 632
227 939
545 966
493 314
506 223
59 6
429 160
580 340
670 384
757 253
873 433
950 223
211 298
708 147
616 519
45 517
314 695
14 280
513 821
384 807
789 433
351 693
318 652
34 534
221 47
862 788
976 356
307 83
594 163
421 604
416 287
956 862
301 791
604 488
287 197
718 209
496 794
54 833
701 848
595 893
43 247
465 470
373 9
170 106
719 981
705 258
758 783
502 483
270 39
461 805
795 158
438 87
584 148
702 881
211 173
205 728
342 270
295 853
728 429
147 126
490 495
47 164
499 712
777 868
805 494
151 782
909 94
225 745
710 342
785 165
543 601
498 863
816 839
846 537
889 594
359 39
516 57
167 418
54 832
263 409
450 639
140 500
702 55
349 871
467 688
367 645
57 910
841 234
961 639
328 96
801 38
108 91
452 276
913 901
831 817
663 331
461 439
747 565
268 600
924 594
150 67
598 418
201 699
178 674
359 639
236 836
791 460
604 812
130 822
782 428
103 315
146 625
599 504
172 491
121 769
29 673
24 886
392 475
1000 992
398 678
932 528
675 364
843 337
838 881
134 545
957 535
116 476
199 923
135 97
376 821
621 107
184 140
887 289
940 960
213 422
964 950
391 105
763 736
198 998
507 738
801 580
686 238
112 494
750 825
13 522
981 388
598 468
510 499
45 964
458 449
152 844
764 987
409 123
134 1000
318 812
817 336
178 752
833 130
955 760
655 867
218 484
325 350
646 198
581 631
113 935
371 79
713 522
110 979
320 20
643 381
933 298
50 849
409 755
975 953
131 354
170 506
557 253
232 213
532 905
640 367
171 267
62 769
761 848
379 792
582 878
659 526
802 25
629 711
967 55
607 630
610 356
720 293
390 439
188 840
176 859
356 795
148 359
659 287
262 583
394 153
994 168
188 547
982 543
115 954
426 939
569 142
399 671
672 949
261 57
187 304
955 814
346 427
939 211
34 346
827 85
347 183
309 299
656 725
199 494
74 384
900 176
974 666
394 18
186 608
570 124
732 531
67 201
643 736
392 592
660 232
269 412
94 417
421 837
670 363
71 749
860 907
676 116
524 403
699 269
231 968
598 823
951 843
954 660
974 377
219 317
640 291
85 148
796 399
4 312
399 997
37 869
960 642
603 681
221 184
3 424
69 620
160 18
141 511
944 392
907 390
636 642
638 562
140 587
636 57
969 651
649 179
826 244
343 981
592 38
433 849
921 588
158 124
408 301
724 671
635 27
843 623
276 727
38 982
905 419
286 935
237 102
798 533
324 916
528 757
914 932
374 775
893 584
850 649
71 616
758 540
133 463
629 317
906 21
737 885
205 139
930 922
950 466
461 476
909 948
186 865
196 409
718 537
944 996
167 466
971 372
331 541
349 572
889 119
31 802
141 393
686 883
641 441
614 270
911 223
500 365
80 361
963 991
616 975
672 585
943 823
6 256
441 394
235 144
415 357
505 168
20 457
518 748
9 876
828 442
818 598
450 853
503 669
849 550
748 505
679 285
737 520
616 948
906 987
576 405
720 896
258 511
846 414
972 677
989 28
297 686
168 258
301 590
657 997
525 972
858 424
709 474
629 550
775 993
605 345
531 586
682 414
81 749
793 743
160 766
714 415
403 91
184 441
719 775
653 90
711 587
771 874
920 31
803 328
221 333
170 699
916 167
647 577
790 652
375 619
619 199
401 599
84 584
795 981
983 497
163 827
135 689
118 841
610 13
4 798
657 18
858 225
883 445
543 600
746 947
599 485
964 641
75 99
939 581
807 750
742 930
619 96
438 481
619 5
986 899
191 888
3 463
867 107
16 698
240 500
500 658
833 514
19 299
479 716
129 234
206 674
778 668
638 770
59 800
490 196
448 577
324 455
156 805
279 642
212 80
540 755
260 378
510 780
536 645
638 760
4 576
887 227
13 918
299 584
678 856
476 544
860 359
772 425
802 235
134 221
414 903
474 343
442 690
381 514
572 479
742 305
614 182
115 440
422 353
474 898
367 696
368 72
327 701
374 89
111 649
22 676
22 5
810 767
327 618
518 452
262 465
137 847
734 548
88 577
742 499
187 232
695 608
198 644
936 924
457 372
611 119
289 655
989 332
685 124
385 946
233 754
414 124
326 944
628 274
176 822
140 550
287 66
589 624
135 853
607 75
560 51
108 373
902 103
386 51
970 908
498 250
975 157
484 791
806 190
273 817
218 208
95 825
229 417
745 57
713 706
317 242
552 447
548 300
573 339
37 546
193 769
42 699
231 596
393 691
775 504
132 759
183 558
954 237
845 868
708 354
246 187
568 697
227 935
450 739
407 363
134 937
378 306
583 940
201 567
716 854
667 326
109 822
365 976
554 464
143 155
164 427
478 952
362 753
488 708
854 66
586 239
437 793
365 88
99 29
493 38
533 498
689 936
92 46
366 791
881 996
924 311
323 628
671 354
546 473
455 828
568 274
392 920
451 889
331 841
797 903
676 434
932 718
810 279
434 309
33 90
181 248
971 183
288 502
539 415
721 89
241 649
793 953
537 685
919 881
579 439
37 705
444 186
930 250
324 770
414 493
423 441
985 845
468 59
476 544
625 961
902 18
916 730
216 977
371 326
394 642
766 809
716 267
583 606
645 271
249 153
304 797
694 140
330 113
848 619
918 522
281 376
49 706
258 343
973 665
688 299
978 147
434 672
809 565
981 550
231 84
592 125
184 542
64 123
858 22
397 47
173 148
99 570
218 643
138 545
81 146
495 517
457 660
377 850
36 896
508 251
944 833
545 980
543 838
860 815
88 859
429 864
556 631
232 585
145 292
917 343
683 995
832 218
142 213
722 881
565 562
118 236
6 350
557 528
964 247
819 255
636 265
703 317
984 266
183 28
223 910
746 849
843 300
412 973
801 694
157 812
285 581
370 41
971 20
963 680
135 24
387 43
582 710
20 830
987 285
72 787
411 327
129 311
369 349
785 787
627 696
659 884
98 985
113 419
30 153
147 85
584 570
294 308
831 684
66 548
284 704
636 759
845 281
74 386
21 318
961 494
730 466
275 423
230 684
369 328
384 919
805 286
840 531
947 472
758 282
891 350
739 156
729 631
118 436
741 657
352 344
372 916
448 652
469 447
537 864
228 18
967 398
26 923
814 653
995 497
739 321
94 220
600 632
537 51
644 550
579 812
817 930
376 239
189 191
681 643
633 372
913 528
429 132
897 540
370 63
684 727
78 287
628 134
836 908
755 587
73 881
243 43
896 780
575 383
807 50
663 644
112 616
704 51
569 83
914 89
212 585
512 712
720 14
499 909
446 312
592 896
108 556
517 863
662 263
24 258
464 525
400 376
709 485
442 273
459 226
181 51
405 380
326 142
608 253
661 535
990 325
278 800
990 935
850 286
234 193
251 362
999 936
755 553
976 50
646 556
292 321
867 537
556 143
967 952
294 5
426 462
596 594
519 365
622 594
248 546
795 444
809 902
996 987
32 294
850 631
244 492
579 985
3 779
41 354
673 630
250 460
856 434
337 463
899 287
628 654
809 147
836 264
312 855
16 639
264 568
514 180
820 95
968 561
165 218
620 149
182 736
245 980
705 57
980 221
520 28
984 442
333 119
242 651
754 971
634 35
34 141
304 649
335 583
443 417
257 692
590 609
325 167
94 148
19 605
797 338
304 750
706 518
794 368
255 439
935 180
18 607
286 623
196 79
795 771
805 945
560 571
686 517
847 322
413 741
681 869
93 632
434 340
211 714
234 925
26 395
69 289
384 956
852 205
599 173
802 787
93 986
704 358
644 145
506 657
362 541
264 585
146 150
166 734
898 655
676 951
139 751
950 227
756 489
237 648
823 859
948 887
923 891
708 398
904 669
576 445
94 798
394 746
494 93
284 405
719 620
416 796
179 683
921 256
367 6
663 566
791 618
447 48
559 420
937 881
595 250
264 197
656 559
542 150
128 739
325 304
35 857
278 766
632 960
582 378
656 923
180 865
388 657
581 525
178 909
697 793
460 558
171 513
840 833
188 495
409 34
776 287
924 759
303 300
220 997
190 776
239 832
332 184
319 432
117 998
850 566
138 526
419 324
471 689
782 882
28 597
735 457
189 994
892 300
410 70
287 842
727 611
429 182
381 572
593 959
600 83
426 664
54 462
184 89
614 357
843 756
295 750
292 353
437 98
634 962
655 469
247 272
899 49
969 596
169 299
41 79
76 917
415 458
901 51
204 327
79 334
862 110
204 572
888 536
846 429
95 304
23 920
710 141
322 12
731 578
591 751
47 430
499 923
90 477
829 868
734 148
571 523
863 697
547 422
649 832
866 85
674 399
65 183
355 147
874 627
155 761
439 319
308 526
452 141
132 399
304 73
694 834
392 500
182 235
380 316
689 968
840 746
18 366
437 914
822 770
469 950
721 176
330 828
727 439
207 859
364 114
365 906
28 977
120 642
60 278
456 79
247 385
65 866
730 21
155 226
928 448
882 630
622 703
551 300
952 895
445 862
979 429
845 480
25 967
378 499
752 449
470 669
747 674
771 911
471 492
715 590
607 959
185 738
193 942
678 801
343 968
117 373
103 680
670 402
659 806
367 273
82 764
630 552
381 58
320 240
811 459
990 886
493 982
267 442
971 93
583 235
917 425
527 192
754 588
162 768
517 85
445 836
938 256
896 968
54 876
616 925
205 315
491 82
129 525
566 686
818 661
930 560
473 970
739 80
219 760
312 539
812 333
238 322
385 452
957 867
685 869
681 143
573 371
34 986
212 276
756 351
648 765
608 170
27 980
442 619
266 20
953 425
770 428
769 21
726 80
396 27
106 759
493 381
483 811
836 895
229 972
477 636
828 741
984 47
171 718
666 603
272 312
715 452
349 172
415 668
849 340
989 623
453 401
211 119
1000 427
111 432
268 548
95 277
806 126
115 50
993 480
101 223
636 693
616 203
432 228
462 911
851 25
489 503
847 563
179 549
443 836
269 182
929 532
316 322
503 542
775 840
894 298
891 136
318 929
679 927
488 588
952 583
618 702
670 860
975 549
797 392
724 269
933 479
844 221
227 372
285 359
758 107
497 212
282 612
174 7
608 287
263 45
876 906
528 83
926 148
965 136
786 638
516 22
56 797
814 749
292 90
986 393
127 481
75 807
572 925
925 924
644 795
827 166
363 946
940 664
512 385
98 147
865 633
561 512
45 887
70 30
712 588
934 82
170 117
522 770
312 283
506 465
802 971
934 583
403 854
783 942
21 35
636 526
298 281
669 841
196 997
812 960
765 426
847 444
376 796
624 269
783 332
925 879
810 911
520 504
142 655
687 836
203 256
685 953
638 60
696 379
181 264
561 73
206 429
703 518
992 208
804 937
479 242
950 941
604 624
31 978
891 644
182 514
604 42
108 517
315 980
488 285
232 199
860 539
704 124
637 840
994 231
414 245
538 612
502 828
601 29
973 972
723 709
563 352
383 128
234 25
179 256
399 688
230 122
885 501
764 223
329 171
918 372
663 377
31 26
620 138
232 670
673 14
4 42
159 167
885 234
821 741
397 904
292 490
430 721
404 615
795 806
716 981
100 972
318 589
462 476
568 353
625 844
388 976
720 739
672 486
572 161
39 785
354 893
695 741
248 93
49 745
612 50
148 392
237 105
299 466
552 523
706 168
124 157
428 899
134 577
240 429
174 508
840 142
936 54
584 793
589 237
885 700
359 658
316 236
72 746
646 550
828 686
602 399
698 307
387 358
583 803
46 444
443 67
38 179
633 683
672 164
3 41
47 167
717 134
185 167
693 111
759 203
378 773
321 239
138 317
552 345
705 425
979 836
433 894
171 104
157 628
718 336
860 249
775 674
109 590
84 147
421 472
895 993
802 176
182 511
204 748
644 524
918 468
325 52
930 5
766 989
106 42
986 916
376 486
398 758
383 763
550 383
111 838
461 854
109 120
130 207
344 54
405 560
85 466
622 28
749 737
191 803
906 91
29 744
77 926
402 169
699 931
6 251
107 160
594 892
305 28
939 367
735 797
309 179
991 957
669 476
314 313
582 177
844 473
253 708
445 452
277 557
833 937
532 72
577 198
284 762
744 636
291 56
128 929
643 864
426 869
451 181
649 813
708 999
464 780
180 345
631 149
239 418
162 826
1 860
642 632
181 960
514 88
57 240
539 520
960 612
896 840
822 374
819 958
48 341
950 546
234 142
355 138
918 262
141 296
596 737
356 967
380 343
669 313
654 665
168 364
426 640
544 928
16 431
663 851
250 868
247 405
205 691
697 700
220 667
458 321
405 279
553 266
305 590
979 990
304 11
680 212
211 365
179 412
40 80
853 580
922 315
602 836
351 424
186 490
672 520
898 79
796 164
825 849
621 965
859 407
425 196
249 424
978 810
615 188
7 986
661 481
417 914
975 903
879 942
605 709
586 109
220 458
9 34
306 324
391 572
926 933
600 902
550 48
936 920
734 17
476 164
728 906
174 546
495 647
965 572
578 995
755 930
144 136
549 832
678 156
767 227
962 758
685 440
356 973
355 13
495 969
854 678
21 440
929 617
192 755
241 650
954 46
537 752
334 603
895 614
116 1000
85 475
577 700
689 282
468 990
21 939
555 406
288 504
20 714
267 121
780 331
188 569
756 421
702 198
94 762
335 893
124 952
898 571
410 598
403 613
783 835
357 377
384 688
159 243
149 480
714 337
770 383
349 439
584 480
714 220
313 278
174 339
791 44
724 131
181 77
907 800
284 605
812 672
808 613
901 966
937 771
864 610
539 1000
876 742
534 392
979 643
38 805
835 506
140 285
941 652
195 383
697 603
604 514
784 574
130 263
40 249
135 114
268 522
573 4
722 533
830 188
963 618
613 369
974 674
891 738
253 733
75 902
534 94
829 500
163 589
975 197
771 292
727 469
631 947
994 357
621 437
913 612
289 792
335 713
743 121
28 867
490 14
29 841
945 378
489 306
916 612
765 247
355 992
409 532
399 948
882 627
295 989
222 48
885 88
67 558
519 425
896 376
966 879
577 977
338 30
95 645
467 11
254 973
506 404
758 199
94 390
491 924
144 981
549 833
64 583
889 990
748 801
669 650
648 137
720 29
9 226
688 20
113 803
833 776
607 272
397 695
875 863
575 578
78 613
399 910
392 999
489 43
184 489
565 760
112 74
520 52
23 302
538 663
333 203
983 223
602 76
54 539
295 345
325 156
219 77
178 863
655 191
699 516
91 602
552 594
567 652
500 721
578 218
247 590
583 427
558 842
435 961
330 603
81 851
261 650
46 966
296 860
932 295
368 34
995 386
636 784
932 463
321 609
260 399
974 897
103 323
512 426
955 822
231 744
632 654
87 869
935 143
625 886
328 1000
775 683
370 531
123 755
39 769
536 798
629 540
183 537
934 708
276 238
481 451
7 577
671 793
404 764
286 16
331 419
338 600
800 241
423 421
500 746
744 52
474 631
67 450
371 405
531 933
795 766
909 224
953 358
811 731
835 551
996 297
64 885
370 321
124 675
306 966
951 629
160 567
374 860
48 879
113 541
814 86
899 498
535 278
686 919
182 319
508 878
824 243
927 188
896 858
226 913
428 984
397 300
973 26
149 53
931 421
945 874
87 623
22 146
712 244
900 525
695 706
392 474
562 941
512 782
996 20
466 44
923 842
853 32
81 182
389 587
597 379
387 898
71 985
939 391
207 866
653 686
702 526
245 641
283 271
163 701
575 630
596 923
737 820
239 160
852 666
736 485
740 401
264 495
29 315
883 552
660 576
944 660
635 122
941 461
681 226
1 824
800 208
496 782
30 830
651 700
260 750
637 811
986 848
271 520
753 205
172 949
23 919
934 359
431 838
79 718
350 452
849 968
79 242
295 645
120 73
561 804
371 290
236 317
486 39
928 598
875 839
576 543
817 334
710 341
337 546
348 162
545 615
955 243
717 508
952 73
417 508
314 609
480 286
710 84
656 966
355 383
436 250
190 708
121 93
207 624
889 999
963 739
259 658
328 363
313 775
803 945
16 671
989 754
211 843
298 343
929 925
217 45
891 772
703 878
727 92
612 919
775 652
19 800
427 62
310 735
163 330
993 101
709 939
723 119
429 584
544 566
472 45
249 208
688 255
313 493
851 556
762 42
420 297
47 337
433 625
863 855
267 845
545 293
321 631
346 104
773 965
168 202
45 76
507 230
795 59
782 823
798 108
667 354
607 54
340 471
653 877
411 36
177 233
435 698
347 275
980 158
923 43
123 153
168 292
879 425
877 718
581 294
391 652
734 317
72 404
740 497
839 746
960 453
38 140
423 995
363 575
752 656
183 657
927 573
170 901
238 984
965 114
191 601
766 436
811 845
440 2
422 807
520 830
80 994
73 120
309 816
217 867
998 54
482 687
287 437
986 909
359 571
267 478
786 416
499 533
490 354
309 288
650 649
607 411
706 691
26 524
886 33
621 944
711 936
555 357
472 226
528 574
250 338
791 979
544 203
951 246
756 938
329 158
560 143
860 464
150 521
570 89
609 503
432 205
817 711
738 388
179 858
92 39
135 214
626 7
200 779
57 799
312 471
499 509
329 778
720 645
749 482
735 998
350 769
569 538
318 498
327 802
985 615
335 512
767 590
675 820
331 7
121 760
54 352
996 260
460 73
865 426
333 897
179 515
30 383
840 944
662 57
826 689
721 192
95 842
320 498
506 257
623 279
343 554
206 325
3 187
825 509
497 904
920 107
830 872
272 657
646 526
647 988
236 137
188 718
143 604
477 883
767 846
718 180
580 764
505 695
711 298
409 692
583 190
949 617
718 805
100 608
506 788
595 76
876 320
312 240
932 574
987 919
443 156
783 29
119 902
86 116
611 802
354 264
124 972
997 884
885 939
562 491
252 186
945 696
803 432
583 165
527 160
243 160
933 58
787 562
680 40
637 6
196 658
710 648
295 962
375 971
642 393
978 266
804 136
953 600
207 216
640 432
137 955
142 581
973 40
192 411
655 747
606 829
60 690
196 572
120 777
219 647
557 535
269 389
683 375
652 284
170 88
595 526
785 814
315 679
627 414
672 200
933 550
234 255
922 354
421 349
335 152
401 814
655 894
522 181
47 78
801 341
867 377
465 313
176 249
27 237
992 277
786 842
113 761
112 654
854 27
376 394
844 95
585 570
886 220
513 176
170 853
576 570
850 610
625 568
700 148
692 439
955 356
895 952
667 532
816 161
288 540
612 315
272 23
668 642
484 907
635 697
740 141
465 667
160 819
203 891
607 615
640 645
404 523
5 242
732 472
667 296
97 581
100 624
298 470
937 822
673 578
711 645
939 373
589 688
460 364
591 578
616 691
438 855
931 506
678 865
770 340
23 364
240 511
821 545
498 278
320 567
259 730
909 326
409 381
18 906
702 181
374 102
432 399
215 350
945 538
65 35
951 1000
926 115
485 392
505 263
113 862
474 964
508 226
349 698
229 5
322 96
390 263
886 262
237 996
481 777
716 962
279 682
146 420
919 360
576 266
871 417
469 39
541 677
283 178
463 523
983 525
869 674
868 265
426 922
753 608
14 184
279 762
214 774
868 681
483 728
90 444
215 72
968 128
843 770
152 738
124 185
592 118
409 104
649 115
911 66
723 917
413 299
567 218
48 717
131 102
416 604
98 903
457 298
937 177
620 220
915 658
195 682
814 495
848 595
652 222
590 295
827 754
231 171
94 875
964 657
89 987
176 29
248 241
254 65
537 90
926 954
29 299
396 712
883 216
497 370
870 937
728 720
578 823
770 887
90 467
195 33
189 168
834 698
853 348
661 124
103 867
563 356
197 612
160 370
927 34
548 621
693 412
52 445
687 357
592 903
766 661
235 981
872 630
895 43
335 167
454 659
243 13
850 306
443 381
702 857
632 524
538 469
115 783
611 534
354 75
256 492
967 30
6 374
624 291
125 897
816 259
106 743
381 55
811 357
728 887
838 147
560 14
170 736
231 19
963 292
715 1
138 396
327 39
227 306
151 706
182 907
623 374
135 151
829 161
966 67
235 1000
256 98
414 976
92 968
185 438
382 670
867 975
87 97
140 473
211 307
228 960
929 161
789 394
319 995
916 219
700 166
580 658
788 877
346 946
72 244
754 458
803 292
401 614
558 555
664 907
828 224
344 111
399 531
432 742
793 427
257 910
900 38
627 13
355 957
845 341
502 269
585 191
170 591
757 668
183 104
595 334
8 98
745 893
735 561
690 67
742 895
748 305
854 665
48 127
396 664
206 832
503 497
350 499
236 853
23 940
922 162
347 984
590 880
17 861
560 980
771 47
941 856
197 852
347 889
692 274
935 776
973 571
546 338
457 192
360 832
712 987
48 384
594 651
543 98
407 868
21 611
137 348
133 493
565 680
946 541
414 45
573 244
154 887
256 783
251 701
542 943
646 986
248 554
55 14
273 544
308 316
315 838
94 946
329 167
835 27
770 974
950 496
29 765
293 2
367 321
434 442
806 115
859 18
970 968
347 450
518 610
870 147
692 366
705 703
262 868
223 327
990 882
717 187
815 177
383 606
441 726
552 216
873 834
935 338
846 771
772 285
85 113
719 4
735 570
954 445
342 94
578 675
859 323
170 359
995 242
447 347
221 40
685 654
541 158
448 515
125 426
788 441
383 836
198 476
916 882
833 386
288 860
435 344
963 16
701 883
201 887
277 583
483 310
623 644
181 903
216 491
454 941
466 261
18 859
196 525
819 38
511 961
100 870
609 700
197 729
390 39
698 816
466 884
28 969
256 626
158 211
382 636
881 621
543 937
328 487
560 949
21 398
987 615
578 189
967 329
889 911
605 316
485 934
893 625
206 599
583 504
913 580
99 53
78 376
921 510
440 582
841 607
401 219
637 926
19 920
954 447
208 233
147 592
802 848
750 326
836 618
348 23
999 273
69 910
478 368
242 979
83 914
538 176
279 492
869 901
694 175
740 964
200 239
991 117
602 798
869 268
275 65
1000 614
295 26
286 496
879 980
697 496
663 59
632 282
223 385
108 180
987 674
604 178
523 393
465 771
772 928
906 249
516 341
210 645
786 895
845 450
428 53
463 573
342 735
773 363
402 163
513 307
115 865
914 688
112 744
842 88
272 567
814 719
720 12
210 757
22 1
146 924
186 290
538 835
679 600
551 357
975 737
908 971
244 197
566 534
376 531
680 414
198 34
760 854
990 88
632 365
69 47
478 374
931 371
628 81
899 653
753 656
638 419
822 515
264 61
9 340
234 2
397 100
886 777
705 652
206 984
989 149
998 289
696 985
141 208
684 7
136 126
752 802
399 681
901 403
702 914
546 35
742 53
273 682
321 556
175 531
497 445
479 661
185 199
240 603
226 689
299 381
400 356
622 69
595 515
267 987
903 914
681 506
252 437
826 480
182 196
980 570
398 877
832 110
759 946
342 286
842 999
455 444
226 981
730 688
529 666
847 556
754 247
623 393
52 672
234 215
213 584
703 297
877 82
224 142
679 953
619 850
779 929
450 939
215 483
524 404
793 245
290 277
846 496
826 144
335 104
824 38
95 104
352 953
638 611
117 879
65 116
550 997
143 607
355 234
829 133
100 687
740 645
202 382
22 77
468 968
884 21
20 205
307 860
432 888
642 161
793 737
973 859
447 441
541 177
587 705
254 588
899 747
400 808
57 527
199 959
69 352
11 493
415 693
105 357
693 272
671 98
243 306
92 887
438 37
814 616
544 937
9 991
440 647
263 640
823 57
203 61
755 840
981 962
175 236
353 282
729 145
655 96
667 276
917 871
916 353
304 579
60 944
719 310
867 724
416 692
194 851
257 103
472 561
912 963
142 492
363 155
428 145
346 98
626 286
720 451
791 702
869 538
774 888
454 289
836 24
892 796
332 933
929 957
403 489
614 953
988 917
248 136
908 290
958 313
631 424
501 524
138 627
444 990
814 521
568 104
724 93
745 41
724 167
883 591
124 522
495 722
783 637
455 130
147 291
477 419
442 211
972 912
226 376
758 541
149 289
636 20
914 314
945 985
34 826
216 822
747 267
313 536
961 278
112 128
352 596
270 834
323 517
358 177
960 269
153 577
514 826
555 588
126 504
539 398
54 325
599 961
857 917
238 122
97 719
348 898
971 918
985 453
891 529
850 6
357 891
855 186
677 443
691 320
720 477
336 64
529 216
880 273
181 551
733 248
607 928
2 272
861 143
127 749
905 156
241 752
488 817
935 366
566 957
654 161
337 675
446 333
466 828
332 140
295 593
22 483
507 73
442 739
677 313
959 480
989 255
969 213
594 679
457 23
462 526
3 182
616 313
255 847
169 71
313 956
760 835
185 890
246 747
172 745
819 252
153 480
455 243
652 399
537 517
958 916
660 440
643 47
765 256
763 45
694 835
921 184
718 933
143 933
511 605
888 989
199 958
165 132
567 495
673 590
119 195
69 437
448 194
76 140
704 566
8 559
906 239
43 960
523 496
287 788
126 903
431 396
113 249
803 453
774 643
408 800
235 794
734 218
906 228
912 253
10 101
168 422
556 404
232 405
103 747
825 408
708 834
184 864
810 276
452 649
411 256
962 719
158 817
257 148
763 343
326 427
890 676
257 952
628 632
719 902
584 86
318 255
584 28
283 967
321 151
999 594
975 5
230 818
966 705
823 738
506 2
263 213
304 868
774 415
867 909
344 451
40 921
453 988
642 855
177 83
806 323
637 975
888 290
268 577
357 184
743 676
551 741
449 99
380 427
380 323
23 178
827 788
886 429
350 924
778 451
265 724
106 638
4 273
824 7
604 468
418 440
593 75
986 120
798 142
263 443
973 194
50 560
320 289
538 945
649 904
632 510
427 608
532 442
510 407
990 373
903 988
117 624
525 997
948 452
709 524
608 555
712 846
211 501
520 523
660 517
206 17
829 618
703 761
204 430
914 160
34 58
196 104
879 680
492 988
860 16
87 135
567 756
293 846
43 27
442 169
205 986
214 686
688 702
757 630
66 875
928 663
325 304
779 256
751 265
261 127
898 396
442 663
916 724
364 970
88 17
614 948
84 142
416 328
305 26
750 536
950 632
561 161
590 335
12 244
373 58
776 903
238 632
344 834
328 629
438 531
100 552
300 194
857 59
956 845
625 894
201 125
297 549
100 720
501 133
383 749
921 539
237 883
425 781
656 706
738 766
650 871
598 542
405 13
581 208
955 495
231 99
254 287
842 50
745 618
50 708
437 330
652 44
741 459
922 162
139 974
826 640
832 968
559 77
80 212
526 942
651 341
51 960
846 357
874 655
304 874
237 883
989 59
213 254
727 679
553 447
207 262
800 353
424 238
70 637
981 647
158 867
158 167
341 5
264 776
167 413
457 829
871 522
200 720
12 135
195 287
6 412
54 698
389 427
579 679
299 788
29 39
821 961
899 574
69 691
68 118
835 523
69 205
343 842
364 914
809 681
233 684
602 762
943 979
256 413
232 253
622 636
974 387
113 912
739 169
36 753
634 49
277 985
251 512
422 689
107 904
725 676
882 381
164 999
931 880
889 720
679 887
935 683
850 91
756 70
453 296
257 14
306 96
357 304
891 209
946 234
140 562
142 550
436 266
852 142
640 825
929 554
360 741
287 532
984 639
37 949
449 683
428 533
621 644
180 823
486 637
965 130
887 225
726 97
953 979
762 116
808 247
430 757
604 368
357 972
65 607
332 908
575 795
582 443
570 403
440 790
795 78
638 26
829 475
653 140
801 25
799 714
170 425
642 760
786 351
985 837
780 356
833 51
815 143
885 146
457 639
67 733
354 266
565 187
845 930
137 720
802 11
146 777
815 495
684 516
658 866
363 990
337 765
557 298
562 527
83 729
547 879
973 948
67 572
331 116
407 781
284 131
990 305
795 272
405 225
901 551
717 833
612 279
792 962
959 154
23 243
672 984
479 219
780 964
759 753
151 829
203 765
917 359
908 124
434 336
846 247
419 603
369 692
427 352
177 612
207 370
158 900
874 87
693 780
474 964
940 875
817 919
146 232
501 499
981 410
960 383
913 538
608 367
144 404
888 642
885 818
798 914
56 280
323 735
893 481
30 84
460 201
961 305
171 504
706 431
79 853
20 623
855 305
475 652
393 472
323 364
387 964
138 690
795 97
466 319
479 994
968 813
583 99
56 307
350 132
166 556
676 933
318 799
86 444
229 944
885 16
685 862
419 402
461 979
713 583
439 999
508 263
785 726
971 121
316 557
131 381
168 761
323 824
270 808
288 140
196 413
722 253
181 600
445 749
294 796
850 744
211 304
91 961
775 135
394 132
15 399
410 650
264 534
429 888
237 512
468 351
122 858
922 54
467 403
842 123
102 773
484 798
292 393
900 831
341 672
771 923
617 306
156 898
447 91
656 108
217 225
155 967
366 240
964 227
760 502
1 727
404 775
121 416
940 570
728 665
624 201
118 702
224 141
160 216
652 985
510 196
653 42
35 844
817 429
185 556
874 881
218 582
984 448
336 447
723 427
838 175
681 243
92 701
422 945
743 33
431 238
790 584
758 187
118 692
185 459
447 673
227 724
278 1
754 42
81 361
551 372
558 514
337 13
532 209
602 788
7 583
816 396
712 953
870 157
915 609
216 457
144 451
738 1000
499 993
2 956
740 840
26 958
328 841
999 527
334 433
388 880
994 105
344 691
141 142
555 495
3 346
573 920
212 545
904 620
963 461
505 207
858 803
395 552
692 188
643 26
722 381
925 532
783 735
310 625
460 631
760 553
836 847
801 150
793 467
428 296
605 413
854 970
26 282
66 186
499 531
262 621
945 85
140 920
966 361
74 840
429 309
914 667
808 360
986 997
129 18
501 308
794 882
297 557
460 734
295 909
92 735
655 160
137 778
665 109
712 384
92 23
88 390
843 70
110 398
290 732
803 741
14 505
769 339
91 488
417 6
955 583
903 775
446 715
412 819
364 249
20 411
821 398
38 852
529 281
159 928
976 908
151 308
772 862
594 40
722 203
616 306
605 986
37 643
267 854
210 864
214 470
826 538
115 630
158 702
678 852
721 662
997 563
237 799
817 811
997 961
928 231
233 306
469 21
493 587
702 834
585 921
205 492
154 341
537 126
672 149
906 175
670 521
608 891
374 974
764 936
314 671
836 91
436 431
652 225
383 984
856 462
715 735
691 817
325 573
300 534
116 8
307 627
533 336
680 371
209 178
141 390
386 344
527 935
537 40
25 309
139 345
488 890
431 753
784 479
362 841
109 46
307 751
635 847
455 291
160 243
366 74
156 292
196 255
744 827
249 85
516 465
681 14
206 687
125 559
514 445
321 505
565 559
52 682
601 235
970 194
245 572
261 774
298 106
592 289
631 392
771 46
581 349
922 647
195 524
190 897
75 547
370 238
355 71
295 665
622 151
616 517
209 709
319 647
806 41
398 959
732 885
655 76
780 577
941 837
454 680
953 872
298 242
821 174
800 329
44 493
168 788
944 757
378 798
459 716
40 623
151 642
103 954
870 413
650 454
634 238
255 230
510 91
511 777
811 499
506 514
588 701
137 720
683 321
443 751
305 677
416 118
50 465
305 968
958 227
422 667
890 277
438 291
797 626
795 800
203 476
571 131
774 425
872 725
615 497
689 81
473 842
783 357
183 612
905 965
585 238
880 896
340 399
316 993
478 925
677 679
726 162
434 637
882 681
782 387
910 662
46 443
412 972
756 245
199 356
735 283
567 796
233 726
992 534
335 879
466 301
13 870
706 187
903 703
624 286
513 720
815 550
153 541
921 97
751 484
160 168
179 665
686 175
767 155
54 496
337 949
728 489
891 878
657 441
731 50
385 591
699 606
707 203
186 583
592 531
305 340
564 872
446 992
448 534
132 505
406 1000
330 228
584 913
512 358
794 91
437 492
787 628
619 524
224 941
281 354
713 546
992 964
34 140
783 662
60 986
616 951
449 91
520 906
499 565
546 655
245 290
501 935
49 22
962 83
112 906
247 37
317 820
838 645
883 21
974 613
354 753
585 38
150 954
45 377
456 950
84 63
667 901
227 434
120 875
54 25
986 108
915 296
91 291
818 533
510 425
556 477
562 909
193 437
85 262
856 657
255 691
955 856
739 483
568 61
305 125
569 704
783 442
989 67
203 422
445 414
755 618
440 92
133 925
191 308
119 222
185 544
8 204
888 273
29 151
619 521
501 860
906 967
13 340
269 839
78 925
654 887
146 328
921 236
90 705
475 443
35 435
273 1000
404 129
580 338
681 950
140 637
627 678
50 815
710 259
244 907
202 169
60 201
963 561
154 628
697 898
558 26
665 595
406 440
945 771
782 20
216 474
403 873
676 525
391 478
233 677
649 847
33 40
890 51
975 367
984 44
923 719
62 306
649 192
394 576
545 529
719 533
905 210
393 805
990 568
963 990
807 540
852 451
498 524
237 708
565 9
189 804
630 248
733 626
987 817
525 793
268 779
885 887
860 478
45 418
795 343
269 166
750 15
13 776
294 821
711 335
757 935
144 253
644 213
891 554
464 407
837 377
416 441
714 866
729 462
55 166
986 146
982 734
216 479
821 909
891 841
207 65
823 58
537 38
285 143
774 507
967 432
612 666
247 20
261 828
137 379
759 955
356 138
172 287
988 603
163 434
811 906
997 700
924 353
976 815
615 988
688 475
688 462
153 68
936 923
214 359
258 356
262 105
695 598
1 16
579 987
447 87
109 879
73 503
131 788
526 640
396 959
760 108
620 512
188 301
483 854
574 986
990 33
594 542
277 254
92 985
435 159
409 973
26 696
788 74
524 155
714 994
211 605
126 494
314 959
366 903
57 581
316 173
85 354
781 828
605 875
221 466
662 391
674 451
889 390
629 549
792 879
492 84
36 487
691 503
306 961
518 97
97 57
536 833
325 656
567 26
503 587
213 332
804 972
465 121
185 647
604 465
805 286
677 294
152 14
285 833
916 968
812 275
227 673
642 525
888 818
662 848
412 552
475 222
243 197
46 919
709 997
617 37
837 746
299 817
557 49
950 867
768 443
328 798
47 717
466 241
405 928
828 575
299 313
39 736
341 618
897 110
802 960
45 889
688 523
656 667
901 481
37 213
119 114
602 200
806 253
713 981
196 170
216 54
908 15
177 34
104 972
59 5
34 270
479 645
404 127
636 286
959 268
771 391
152 22
355 723
718 274
310 913
918 745
963 285
359 817
778 237
319 729
883 76
596 633
967 898
179 576
605 769
740 772
775 682
723 630
354 783
17 579
794 846
354 60
91 676
941 359
977 215
823 379
73 699
560 176
606 39
740 437
885 533
299 816
553 469
281 42
207 386
807 424
27 59
112 91
26 124
381 249
918 683
962 666
293 139
470 11
802 76
87 654
923 321
484 736
985 824
609 450
379 478
38 825
147 105
128 767
495 564
807 199
185 526
94 740
520 867
975 179
157 729
308 476
767 765
287 125
823 628
675 791
821 50
344 959
609 654
179 38
474 28
987 578
3 409
374 611
121 739
906 110
38 495
172 766
401 593
676 358
60 815
295 864
557 990
980 937
869 596
600 906
524 980
834 113
59 5
711 566
168 91
991 686
454 277
854 740
986 325
84 595
791 859
821 213
243 987
866 295
128 146
79 898
4 644
691 68
313 665
139 21
69 316
942 555
835 11
210 126
57 890
366 756
704 576
470 718
344 791
691 97
833 424
272 695
354 421
374 843
821 126
560 281
577 125
96 939
671 241
856 893
174 447
370 850
72 124
137 708
378 660
230 744
776 271
356 559
150 742
35 935
472 762
809 104
939 22
228 552
890 296
617 295
386 796
537 724
566 201
894 726
291 594
875 107
845 981
641 244
241 328
923 927
489 175
283 572
923 735
194 377
266 55
972 310
139 857
793 234
458 166
262 380
547 695
290 410
953 916
729 950
66 521
229 27
352 468
976 93
930 649
58 70
873 78
9 322
403 359
764 628
740 563
136 30
512 981
123 782
2 236
444 555
225 763
193 532
381 682
486 641
54 899
277 112
198 789
145 961
410 933
250 19
652 80
940 237
76 43
711 245
570 763
424 693
534 181
831 488
153 231
440 314
345 317
802 414
593 709
530 293
502 75
377 157
995 222
562 376
710 409
117 761
1 323
175 707
90 39
216 57
499 381
75 719
50 911
425 176
610 365
134 517
993 266
131 476
824 460
674 639
438 583
374 713
517 595
928 589
43 674
466 655
19 523
305 360
482 242
699 390
194 757
245 945
410 128
359 728
243 106
149 570
421 822
16 558
232 299
787 819
508 557
152 760
721 457
512 397
239 461
726 856
688 582
357 362
1 751
189 359
629 521
266 586
113 653
949 886
977 668
425 6
906 592
551 286
734 40
795 887
315 920
356 783
900 966
424 31
78 294
557 3
36 55
537 494
588 500
732 155
288 413
881 109
222 499
192 480
921 455
599 245
485 171
428 186
558 583
853 912
26 726
208 427
418 406
635 374
790 540
701 404
942 654
27 704
65 751
796 598
682 38
822 807
734 375
807 97
335 832
436 37
316 805
261 136
367 894
87 202
781 484
881 338
858 983
487 583
122 162
210 976
921 37
814 110
196 739
971 989
574 474
597 655
852 893
268 880
297 397
29 907
363 164
894 547
684 608
966 763
746 118
315 55
503 733
2 577
369 151
290 901
291 179
289 756
259 110
822 549
914 845
629 376
55 604
310 329
388 858
703 203
759 19
405 210
947 837
127 88
300 299
283 481
239 253
607 670
47 846
217 390
657 509
175 289
361 628
785 179
547 212
490 607
91 639
90 513
45 661
151 971
694 192
855 913
392 191
639 349
74 239
623 507
822 853
180 430
202 477
365 474
831 823
143 759
141 372
689 621
477 357
360 474
381 813
156 517
176 314
905 623
756 376
376 565
458 989
323 792
377 206
116 684
90 865
255 308
357 769
587 556
172 150
77 798
211 66
220 446
766 572
398 510
555 617
586 115
819 70
532 45
686 87
533 403
116 716
664 429
636 127
494 600
281 631
315 478
415 55
766 307
555 279
141 25
289 802
631 765
523 159
744 152
145 913
512 566
219 671
844 346
889 364
556 80
284 496
876 274
610 117
947 524
293 210
838 768
229 484
102 339
778 736
374 254
202 419
158 542
761 554
75 372
652 770
196 925
853 873
846 555
738 923
738 914
574 614
2 236
751 398
823 62
246 466
582 784
874 245
878 481
933 662
419 577
533 848
607 934
861 547
324 383
857 457
842 300
382 554
551 396
327 112
67 597
457 859
32 719
600 951
344 617
831 265
78 171
149 462
147 315
690 308
275 472
974 815
806 610
619 669
63 368
14 306
856 32
978 629
396 34
364 625
204 261
88 205
75 305
435 381
26 52
535 527
909 526
498 374
147 972
943 882
682 576
531 837
232 855
41 264
251 610
767 340
355 582
295 794
138 340
223 668
427 601
929 577
592 335
388 165
811 162
537 374
742 549
190 960
2 379
222 242
732 461
824 791
363 530
940 710
84 178
17 627
606 371
898 563
175 269
27 220
357 517
929 971
589 893
800 355
167 290
706 869
399 853
855 378
278 971
559 547
424 69
714 946
948 81
856 246
15 511
130 955
1 484
791 776
646 122
695 711
174 150
948 232
925 905
340 526
564 232
881 200
526 13
113 466
236 827
294 353
234 21
902 643
767 23
300 581
321 732
829 394
271 727
364 83
533 34
807 266
691 754
16 157
926 208
702 449
998 737
617 981
742 903
313 459
848 351
919 954
998 145
465 350
250 915
363 638
607 542
385 486
541 343
783 675
465 16
225 1
842 612
211 480
606 966
553 803
435 83
112 416
694 643
620 666
55 772
480 930
163 519
353 98
265 49
715 401
870 244
898 746
257 347
106 692
495 857
9 355
912 811
719 862
528 57
845 727
431 489
235 966
985 300
632 22
431 503
869 775
677 524
938 66
626 974
904 464
563 512
270 692
543 631
853 492
380 259
180 780
89 611
756 386
866 998
708 195
544 362
166 733
46 40
544 547
973 806
373 45
856 580
114 21
681 120
561 202
858 578
681 273
189 128
467 391
349 691
95 720
499 944
925 675
898 393
325 508
938 265
151 561
641 876
676 270
677 668
107 633
787 381
804 462
28 650
753 788
370 389
848 637
288 859
27 946
31 150
999 813
290 169
96 574
347 864
428 791
795 661
132 616
198 324
302 411
20 272
509 296
282 587
295 155
215 986
102 537
367 335
528 823
404 910
991 587
56 144
554 369
59 75
666 199
115 239
718 257
839 642
367 22
252 958
349 777
208 550
704 1
834 980
367 81
808 870
789 936
214 332
647 579
334 44
935 630
699 215
876 503
181 841
760 675
416 316
824 719
332 173
272 496
798 966
469 75
350 683
776 270
568 357
138 213
235 746
522 614
812 594
713 997
820 684
23 345
38 671
634 437
722 361
70 816
237 132
856 221
47 988
322 604
371 298
771 759
242 164
644 454
144 266
819 859
22 611
428 759
494 790
139 131
651 625
483 128
302 574
922 536
321 217
522 522
721 347
714 378
748 106
259 182
719 871
508 682
474 166
199 669
297 649
217 714
213 910
742 528
57 316
498 194
31 562
489 80
632 185
360 44
863 101
361 334
839 415
995 937
272 558
288 147
566 257
662 745
138 790
415 905
319 903
336 446
822 504
757 103
779 778
588 464
981 3
861 911
690 556
777 824
192 377
272 322
957 277
545 376
441 35
566 289
575 574
141 233
200 322
104 974
751 528
222 755
229 134
240 824
679 821
589 320
843 858
14 649
735 453
66 736
66 340
387 482
409 409
344 132
275 728
737 813
110 427
918 535
592 198
793 433
806 66
591 855
296 22
490 56
259 153
482 599
518 850
335 76
805 17
737 616
337 107
329 124
718 817
293 970
436 393
975 978
719 148
655 655
519 150
13 224
281 202
512 119
907 443
369 989
772 844
800 324
474 289
254 940
874 644
394 455
571 17
221 708
635 114
533 263
569 971
589 552
809 439
380 216
756 721
882 967
613 828
862 57
404 68
26 452
535 531
421 651
684 957
288 398
905 572
626 680
485 284
532 232
707 184
598 80
118 812
960 465
1000 640
258 469
625 339
324 748
223 662
342 312
592 205
890 216
865 274
37 592
834 938
346 464
320 13
6 785
106 434
277 587
597 289
284 930
688 407
397 852
424 190
342 356
445 178
738 699
972 957
726 41
531 651
733 520
727 191
389 986
953 925
496 742
405 333
796 487
258 775
667 869
725 705
308 482
661 562
112 469
864 579
614 203
173 857
55 921
960 117
346 459
602 763
409 713
598 910
779 972
573 19
256 397
339 769
432 151
936 911
332 344
791 726
963 588
586 179
79 450
548 911
589 829
141 815
825 444
706 611
551 146
955 891
443 206
308 13
266 453
428 321
503 627
104 158
679 230
577 441
205 91
210 461
167 974
707 462
407 303
977 437
26 64
155 655
333 48
822 574
691 66
179 614
352 31
836 705
689 560
490 876
58 669
594 192
663 32
787 322
339 410
49 283
4 118
110 472
796 697
524 411
514 553
579 120
855 866
953 953
586 882
406 67
36 734
860 975
429 515
173 409
213 6
444 92
91 92
714 229
762 339
51 348
855 63
439 718
380 806
137 653
665 236
571 46
869 720
64 930
401 565
201 230
246 698
553 475
89 987
129 318
398 893
165 841
570 406
284 888
592 546
772 717
581 623
523 557
565 898
367 289
899 464
368 582
700 127
25 677
437 913
434 323
785 256
200 322
332 412
172 999
354 343
400 50
569 594
189 905
122 13
376 717
572 795
128 451
465 867
554 196
480 176
261 405
633 18
943 360
364 83
382 786
450 659
599 187
666 661
258 297
614 184
747 597
339 510
539 563
853 376
70 511
808 432
387 163
480 501
543 538
706 979
50 913
457 904
464 864
218 744
297 413
32 707
825 345
736 858
633 753
462 117
372 166
287 263
443 453
477 680
626 136
558 682
408 308
917 853
163 249
800 340
930 93
240 606
881 945
68 685
168 562
270 74
36 641
164 655
349 556
776 851
358 539
817 258
857 939
472 19
152 743
196 720
965 890
694 337
891 638
822 937
898 320
180 792
247 465
839 711
945 294
810 759
158 977
490 58
476 231
441 840
56 912
510 332
106 66
675 365
527 182
838 686
174 930
472 981
28 661
105 711
440 125
442 683
135 428
961 595
177 783
129 526
314 830
527 105
818 127
838 961
637 52
484 146
316 616
283 115
379 717
241 472
337 161
304 95
163 428
927 163
792 219
719 325
198 697
782 605
172 569
439 133
286 757
729 263
117 10
684 530
948 153
63 385
324 408
316 243
536 967
578 420
594 492
210 91
573 527
243 386
224 46
751 330
633 338
3 780
624 673
363 8
984 458
163 434
401 516
343 824
137 223
844 653
910 249
29 954
405 962
455 64
223 248
477 942
710 660
524 281
405 124
328 823
589 495
398 467
993 660
160 949
435 227
596 439
4 98
957 944
496 65
152 933
207 358
337 683
286 330
780 791
212 35
692 910
533 112
767 237
915 584
487 514
216 387
299 616
460 831
492 456
253 228
192 843
274 601
483 96
816 517
201 356
61 110
837 181
1000 982
166 887
751 272
492 551
486 840
647 674
359 920
769 871
197 964
887 761
216 463
683 398
236 763
453 266
833 758
957 797
212 343
595 473
869 477
376 757
640 168
954 892
172 230
860 183
598 8
251 311
255 658
282 100
674 662
71 593
751 730
348 45
187 741
407 947
142 550
434 371
315 717
731 495
363 208
789 783
410 640
646 717
241 593
663 666
922 741
463 7
608 674
24 821
836 271
624 533
921 595
58 889
169 870
371 201
293 694
861 423
337 716
87 676
893 772
458 808
669 985
134 214
570 926
675 397
96 774
113 888
214 69
184 231
264 108
904 940
656 241
891 967
441 309
662 915
987 804
36 470
618 600
690 589
679 647
580 309
173 72
847 723
69 770
453 366
243 638
204 631
174 456
847 688
372 897
323 690
539 152
980 397
81 636
453 588
126 412
251 918
629 863
635 887
847 884
48 284
23 828
142 995
990 643
129 81
497 442
807 369
926 344
818 364
627 380
7 140
359 669
193 711
871 634
350 362
250 866
153 500
134 526
71 822
609 802
434 402
904 168
113 81
723 92
486 947
167 577
246 747
539 114
685 641
523 498
503 398
816 373
464 291
870 292
957 794
181 157
553 819
849 585
585 401
2 205
448 507
837 585
404 91
193 4
703 970
618 166
575 258
33 620
830 290
194 879
418 630
340 829
54 757
357 183
648 489
4 362
713 298
181 662
608 484
689 554
559 444
891 709
588 862
547 719
274 818
767 550
501 155
149 97
682 399
571 145
348 162
744 339
584 682
959 687
282 388
379 908
958 422
630 602
720 259
944 774
636 714
183 273
439 191
961 721
867 81
235 919
439 754
598 952
645 747
764 397
771 317
711 322
274 736
643 450
938 856
919 57
572 955
632 873
462 476
366 830
843 395
286 50
857 867
838 866
89 355
819 774
754 734
622 29
86 635
11 351
915 645
9 841
283 979
541 45
412 1
934 135
393 334
474 753
40 876
552 415
146 676
812 828
631 191
311 996
687 285
844 672
833 138
564 405
856 68
347 804
32 791
1 156
22 841
313 956
718 798
741 513
482 317
344 414
314 872
122 855
374 16
592 197
886 688
794 109
347 533
124 409
195 484
749 253
856 932
466 315
218 800
276 40
553 758
742 484
227 482
944 790
628 732
599 14
209 685
378 561
44 175
70 65
956 858
564 138
593 495
126 350
332 865
677 50
357 703
134 967
755 140
840 226
408 55
303 628
266 435
101 890
580 680
548 950
930 368
757 868
17 707
435 582
572 884
689 929
952 49
96 822
433 254
226 978
19 923
330 30
554 114
681 759
42 218
803 407
288 119
464 554
798 919
875 818
571 958
422 556
945 427
533 313
597 881
318 150
643 495
375 468
368 960
48 472
174 724
421 908
403 557
325 941
362 555
870 635
816 953
670 652
688 501
131 992
312 524
133 46
346 331
695 494
692 639
481 534
408 638
736 670
189 980
645 787
556 616
754 823
371 148
121 111
70 256
940 636
217 263
389 19
791 424
240 989
294 958
860 655
905 745
39 427
980 691
879 622
276 524
953 328
173 111
405 39
673 874
832 588
912 98
968 244
162 285
972 976
95 734
570 509
560 932
79 381
643 379
923 45
842 569
650 541
916 642
44 155
763 525
77 904
493 501
38 857
540 34
746 431
446 213
994 560
973 895
986 644
295 546
873 520
87 206
941 878
282 470
821 643
60 617
877 688
345 433
501 994
580 255
146 99
163 285
540 174
152 162
126 318
554 242
570 208
18 28
570 604
879 658
264 848
954 44
919 157
194 197
935 432
34 500
501 514
606 437
704 929
658 438
678 245
931 466
981 803
219 473
794 518
409 742
157 121
375 888
587 454
650 505
923 618
286 730
146 206
328 37
559 936
505 962
271 560
418 779
122 723
770 855
812 388
970 298
853 102
698 220
354 539
961 814
417 648
496 48
329 102
143 6
672 587
464 38
763 247
135 571
825 936
208 189
336 70
297 919
295 207
347 496
666 452
717 435
698 50
713 686
498 267
61 463
195 890
484 298
416 802
651 468
59 144
588 52
295 844
862 828
347 61
394 692
229 586
424 176
965 913
80 309
38 267
698 376
64 630
455 727
793 778
405 5
623 493
902 10
671 39
905 521
514 230
592 121
147 180
945 661
482 300
862 860
147 480
956 809
72 326
887 540
147 278
269 471
613 766
975 769
306 438
371 439
514 45
84 558
402 514
176 890
329 427
321 347
915 953
589 163
370 770
22 569
248 726
491 920
845 195
245 568
247 554
195 708
813 503
742 891
836 100
638 824
611 294
579 306
126 919
732 372
806 659
660 926
134 667
456 162
728 709
218 24
63 569
873 2
187 85
959 577
280 195
913 478
334 134
579 346
618 184
114 950
964 543
15 972
520 748
883 740
269 306
685 631
728 173
726 785
906 648
190 86
350 142
475 540
204 394
265 401
505 70
229 289
981 120
481 561
451 665
52 767
748 52
111 127
236 261
896 895
996 719
331 684
855 565
356 587
933 490
86 769
714 689
727 619
128 445
681 791
889 986
123 153
470 371
766 944
203 9
953 342
928 595
22 179
625 624
594 466
759 526
553 290
726 911
207 678
853 647
656 862
520 423
41 972
713 981
60 624
619 818
184 917
238 146
959 257
870 896
623 17
540 255
602 458
11 410
365 745
932 821
444 468
483 913
205 855
359 236
817 257
542 655
710 4
478 678
607 112
54 19
890 272
339 980
945 539
267 665
42 764
550 95
847 635
791 63
295 731
415 95
947 577
59 336
42 483
809 414
317 591
951 972
299 551
716 773
935 244
205 244
213 448
633 37
432 642
278 121
223 230
442 974
292 971
362 309
140 75
414 154
393 878
627 296
363 711
784 986
58 773
937 3
406 996
352 887
304 746
942 824
910 506
262 114
643 20
227 518
100 603
445 947
420 141
89 648
321 551
766 276
532 335
672 463
229 600
784 654
909 89
106 154
555 942
741 985
384 406
943 500
234 259
455 8
484 205
249 429
805 583
302 50
253 185
417 487
811 20
18 937
529 713
759 921
246 882
918 621
595 272
21 910
831 435
307 801
995 741
532 246
959 824
232 380
459 243
244 611
623 257
127 184
35 233
751 557
167 79
266 166
205 954
125 293
98 972
17 318
105 669
360 236
127 537
660 762
936 621
913 659
745 805
934 27
748 49
72 372
527 404
360 970
165 548
256 7
923 85
385 40
788 238
463 581
86 682
907 405
859 879
97 544
641 563
656 3
834 338
621 672
589 737
847 963
947 103
396 606
211 470
11 550
278 462
449 395
243 203
788 156
924 82
650 209
304 656
387 879
175 459
907 392
265 278
370 16
863 306
403 681
616 440
152 1000
86 383
668 669
94 140
888 983
148 125
295 478
124 701
89 351
98 300
84 956
155 692
598 473
954 461
868 784
420 209
175 758
868 273
698 148
760 406
93 382
882 152
21 455
904 931
161 156
76 85
719 644
60 786
373 639
395 840
504 420
30 187
728 569
361 490
18 214
616 848
645 946
606 516
837 53
905 761
164 284
683 199
636 409
427 784
518 681
274 948
814 540
831 869
268 751
19 988
628 453
190 106
903 58
184 216
912 391
16 760
440 689
393 97
459 634
560 758
817 751
640 896
69 704
558 736
121 538
300 718
697 632
666 13
643 230
817 476
197 101
310 742
351 683
405 475
109 615
179 461
214 457
707 476
344 152
339 291
393 802
116 320
503 288
229 367
18 703
47 984
381 488
762 885
208 488
416 277
105 649
205 908
238 831
325 256
84 76
966 429
668 429
809 442
584 851
773 922
98 739
700 237
78 262
685 996
835 578
928 496
863 943
517 771
864 226
141 885
827 829
207 417
384 229
341 981
876 763
772 254
285 708
168 17
458 137
397 267
929 272
703 859
111 793
283 266
300 353
780 882
660 738
871 908
279 177
703 312
625 399
2 361
123 225
993 878
448 968
308 603
313 250
588 518
106 151
744 634
442 644
920 375
903 780
453 352
200 298
567 923
921 488
397 997
402 723
297 932
536 956
1 715
683 296
832 609
471 473
842 90
763 396
459 188
996 601
457 444
811 198
974 359
699 316
863 729
76 728
207 9
699 523
109 563
191 803
545 717
326 656
683 10
502 320
948 210
828 987
140 880
832 335
482 507
127 613
863 141
808 234
771 631
184 15
222 683
798 554
481 624
431 643
490 170
307 760
324 24
54 649
572 572
360 172
533 918
110 26
797 786
398 512
22 141
191 688
30 636
391 933
639 669
475 722
968 955
266 996
394 542
810 883
299 649
74 573
262 635
398 843
522 750
447 995
55 771
144 268
588 732
114 725
811 969
881 438
899 292
900 300
454 365
105 522
312 726
158 411
86 751
105 193
76 531
786 169
878 458
484 309
368 333
447 664
22 181
113 885
125 437
240 177
368 59
729 5
636 563
757 469
772 156
623 779
277 865
559 356
707 377
793 762
99 951
639 288
607 378
963 857
789 814
918 50
608 826
396 708
910 720
21 627
208 753
566 785
797 974
102 739
255 280
314 523
508 800
681 196
22 887
808 682
468 352
903 847
663 465
153 79
869 846
520 973
890 334
224 723
842 660
288 679
392 287
292 952
155 18
869 37
595 997
831 238
624 530
601 137
876 297
337 62
292 804
950 500
698 499
772 186
270 522
851 734
497 62
704 130
696 468
923 402
959 722
536 183
347 20
182 303
887 432
515 730
192 978
909 751
753 505
682 981
888 352
377 578
671 678
39 656
188 398
236 691
33 568
907 12
412 54
37 905
912 880
230 858
971 657
319 158
422 271
867 820
952 7
10 482
587 326
752 562
590 41
95 536
945 814
497 981
772 97
903 559
728 8
301 351
412 735
579 313
185 557
21 247
823 21
956 7
198 646
708 336
238 708
204 641
31 333
921 595
121 780
258 929
518 481
165 159
163 966
809 232
827 548
762 455
884 244
593 519
767 775
257 723
244 23
35 407
756 563
483 940
253 159
320 312
210 561
560 292
120 982
594 396
827 515
906 155
183 132
336 116
238 504
489 362
377 90
149 673
511 650
159 370
431 458
696 163
532 642
333 677
52 477
356 276
33 650
43 667
144 771
673 413
84 521
235 525
739 982
736 255
680 257
310 812
8 70
371 378
669 363
20 362
606 533
25 217
653 81
447 919
103 379
261 131
432 410
823 76
364 82
431 353
639 696
383 219
782 674
159 334
828 277
373 604
38 445
592 769
759 336
45 200
509 179
43 908
890 412
614 488
772 422
7 872
245 144
962 470
507 774
942 622
209 750
337 410
517 621
842 206
640 144
389 21
913 563
699 842
2 477
239 80
497 578
785 507
873 632
951 333
238 98
647 58
413 576
343 404
681 869
806 159
975 992
184 958
467 332
573 548
897 327
682 84
733 518
726 546
371 872
551 992
520 927
259 666
974 906
951 514
412 286
684 508
20 616
692 715
900 868
513 59
62 714
335 613
647 203
885 766
539 792
369 743
192 180
625 607
838 29
50 932
742 823
260 438
536 41
115 165
811 661
840 237
913 332
679 425
728 72
759 397
642 793
957 819
605 625
120 335
108 232
406 843
901 312
726 188
9 337
877 459
784 311
9 748
426 831
800 490
926 934
58 673
631 922
19 75
674 326
531 84
497 562
789 102
715 121
387 550
649 282
536 29
731 432
373 263
809 994
909 823
51 75
640 834
610 731
956 479
564 92
47 558
820 422
646 430
311 539
802 788
80 27
974 59
548 762
266 199
535 589
723 121
990 473
208 446
107 476
951 88
213 338
278 867
364 849
10 65
25 205
987 735
204 725
942 934
820 28
218 26
259 577
739 302
911 775
91 159
883 558
444 468
707 968
31 589
108 5
408 657
673 223
551 142
351 655
448 236
130 462
100 690
454 165
854 224
263 21
47 12
489 96
955 989
81 222
754 923
585 425
839 125
432 626
196 969
136 585
829 984
871 417
968 710
198 513
579 86
5 684
502 421
949 338
949 827
380 365
575 837
317 581
722 581
261 780
772 264
439 331
467 551
985 819
695 847
709 949
923 969
481 475
167 746
847 852
713 4
870 428
983 436
807 217
766 106
768 183
839 420
53 205
148 323
458 902
631 211
18 561
92 584
3 314
235 500
928 911
103 522
334 835
441 782
7 814
389 866
954 706
179 35
880 536
128 66
625 497
875 140
61 390
344 186
52 57
392 482
623 721
823 884
972 354
181 21
989 595
350 528
633 550
570 720
698 507
501 542
246 725
832 809
295 67
782 146
795 953
200 756
212 780
346 474
144 746
803 425
450 464
809 817
247 706
827 56
395 454
341 447
218 857
415 211
87 96
894 957
496 432
178 123
303 512
871 85
995 994
108 872
221 613
878 766
92 965
630 524
73 490
135 515
995 29
825 456
357 710
921 829
931 753
494 13
737 187
30 299
372 650
903 348
926 443
966 768
134 602
867 997
30 309
843 236
411 41
317 218
81 588
510 217
973 913
21 364
313 951
55 150
867 714
668 820
773 833
320 942
759 982
243 426
441 457
498 497
530 493
371 40
892 170
893 697
452 993
958 47
375 147
643 526
312 475
163 912
531 767
396 336
622 555
13 540
378 421
138 395
854 58
860 339
628 632
110 573
691 130
153 471
235 320
857 721
492 228
125 945
671 365
683 367
203 16
849 65
594 634
13 96
369 375
959 530
563 279
642 70
391 843
190 947
462 964
385 889
238 781
969 405
377 532
755 234
534 597
264 971
895 311
179 994
658 924
404 76
249 21
855 435
353 5
622 803
902 1
371 797
614 670
303 518
186 739
926 449
552 386
785 953
67 284
794 152
9 522
963 924
68 940
120 492
434 358
544 967
566 270
72 781
660 312
104 940
856 842
323 76
776 360
243 411
53 145
500 891
599 672
101 823
430 332
386 33
121 16
644 111
979 548
831 521
849 562
354 677
557 289
947 916
382 438
529 610
54 174
504 49
99 486
592 423
358 435
142 219
543 922
938 316
191 17
744 66
948 412
887 979
272 289
373 215
555 468
888 365
85 148
446 484
165 988
782 234
92 755
269 633
450 244
387 533
544 783
723 535
717 998
678 205
66 329
200 760
205 458
418 372
762 226
631 579
989 834
335 179
745 187
326 195
876 743
894 842
184 229
417 800
476 561
832 179
842 193
735 164
566 297
654 271
541 816
329 103
667 513
641 591
212 851
58 666
36 210
11 827
655 811
873 166
826 996
411 390
423 377
159 220
886 104
300 7
326 7
958 446
472 608
190 424
773 732
39 292
106 709
130 777
11 802
67 256
926 567
881 996
852 242
410 921
419 55
573 723
414 845
998 66
115 391
773 300
812 45
111 131
167 464
548 163
758 273
887 286
392 490
729 824
414 923
959 450
519 343
647 379
340 284
7 274
212 319
870 870
330 870
625 630
34 868
471 441
783 568
102 744
752 230
492 79
191 788
342 479
585 446
300 895
416 356
251 166
140 663
810 19
957 655
181 374
67 551
270 484
959 847
863 982
87 490
736 546
718 998
527 289
345 14
195 784
595 11
713 535
842 359
744 253
943 472
316 89
578 995
94 962
420 439
410 721
892 894
599 74
931 791
347 143
127 71
197 644
588 611
889 124
598 407
984 883
40 602
829 433
432 392
625 613
56 159
63 256
591 938
577 630
710 409
761 337
732 623
145 173
939 107
596 789
240 263
2 725
486 132
888 837
412 692
605 29
490 791
599 635
80 983
268 630
632 811
89 895
287 432
215 459
792 939
208 786
912 856
70 211
387 470
461 926
118 897
516 344
995 543
529 155
752 932
90 43
648 774
44 226
576 17
167 812
779 403
207 180
223 481
909 934
942 441
293 275
590 390
342 160
737 288
237 342
102 673
449 244
942 464
776 848
1000 594
281 658
301 44
969 554
364 434
806 149
759 884
623 403
21 171
713 524
126 288
763 878
2 942
84 633
538 851
735 779
205 339
118 500
317 445
692 92
207 948
522 160
343 151
643 905
202 905
655 868
961 458
236 499
260 868
592 274
573 526
856 731
465 781
133 451
227 62
810 618
777 822
607 903
349 650
809 66
93 15
7 328
331 475
615 923
237 298
247 871
710 434
260 934
963 303
286 645
120 624
314 421
921 64
575 707
433 862
689 16
870 653
866 393
266 52
108 424
476 800
56 737
517 469
538 870
940 993
82 68
170 41
844 876
215 74
25 803
467 969
204 66
246 651
382 806
760 982
731 481
537 478
811 103
131 577
890 106
19 979
551 823
963 395
993 631
539 148
85 903
900 885
657 456
491 138
157 367
452 872
757 206
101 325
944 593
46 733
460 930
184 54
935 510
443 694
471 518
406 727
852 791
746 186
769 250
303 665
614 165
431 995
569 383
646 475
600 96
968 162
96 607
763 641
122 26
160 616
896 2
286 434
941 428
823 630
194 273
578 40
682 774
439 437
367 205
990 315
714 283
800 439
111 928
84 988
374 978
580 395
836 818
581 45
672 109
843 75
438 492
370 303
567 860
630 272
999 895
956 354
766 834
223 827
880 381
692 768
589 198
398 926
625 870
923 521
509 402
20 848
148 147
305 750
79 782
347 499
178 29
25 770
836 141
275 505
883 750
626 315
550 726
694 633
353 574
566 413
460 107
516 389
516 70
926 30
817 357
735 79
887 680
947 137
765 68
990 910
312 60
214 695
65 835
389 548
427 731
656 560
790 665
706 619
151 774
362 686
109 848
896 858
950 583
780 370
632 920
936 68
232 293
921 379
94 780
25 496
511 628
664 789
578 603
958 665
276 730
955 479
596 359
456 126
183 362
531 482
845 840
799 354
26 995
545 88
942 137
924 396
286 329
598 313
424 737
129 831
699 354
883 535
429 234
6 362
963 329
649 571
36 300
701 616
702 870
56 269
816 962
94 912
342 858
539 94
801 699
746 757
348 95
121 288
840 665
291 6
49 820
508 507
262 189
569 630
597 484
621 825
812 455
405 917
89 360
421 539
836 306
425 739
744 847
333 929
941 829
93 115
513 124
830 549
106 866
267 93
221 31
681 247
891 177
203 97
63 169
558 352
57 157
486 34
846 588
648 386
53 477
702 144
43 24
86 342
688 59
259 52
136 630
555 660
668 935
823 798
214 240
