10000 1000
910 462
656 468
234 441
558 829
73 124
999 505
349 157
312 624
213 8
137 536
746 139
581 297
67 538
743 42
481 340
880 722
171 235
194 471
556 456
296 139
848 446
19 81
82 810
695 453
657 937
955 169
959 826
621 273
177 696
884 320
641 217
84 81
159 433
165 735
12 272
916 300
29 272
81 294
78 832
984 381
492 580
720 71
434 402
23 373
661 622
979 459
112 703
826 931
865 416
307 187
66 128
939 618
713 90
802 431
176 870
635 218
949 462
119 569
147 34
547 189
304 60
5 850
829 621
131 938
513 14
188 299
94 424
972 620
27 85
973 132
648 300
273 820
549 705
177 336
963 570
793 161
129 67
257 45
768 715
509 454
32 573
886 983
9 360
24 779
163 711
234 846
950 658
873 497
234 451
292 258
921 194
785 18
144 458
695 733
34 481
322 21
517 836
603 872
826 265
781 725
305 506
945 771
731 41
499 411
966 103
146 769
509 155
748 718
302 633
168 905
226 344
850 417
592 755
290 125
666 793
157 252
342 214
483 989
598 744
375 921
816 530
114 668
616 452
97 327
801 897
250 521
384 903
699 617
217 787
843 118
143 114
303 832
720 801
47 212
143 695
230 115
601 997
765 651
376 877
656 125
923 920
215 405
108 934
39 430
960 130
951 187
307 116
491 759
2 997
37 174
134 830
127 322
344 633
665 527
135 686
617 30
67 184
382 574
870 950
189 542
190 858
157 445
645 141
946 795
233 9
29 237
716 678
890 500
604 477
472 886
732 216
293 340
994 760
168 595
231 101
853 739
794 867
157 75
709 463
939 675
182 133
504 528
240 981
751 867
288 690
938 874
384 138
67 142
895 345
44 932
366 565
344 4
412 675
887 957
660 49
430 495
426 922
716 591
130 93
135 262
521 686
613 779
457 532
931 148
634 873
714 961
291 102
380 98
309 52
891 627
809 171
619 607
76 223
275 2
154 254
961 454
457 803
283 71
921 758
238 583
51 898
90 787
527 686
219 75
964 293
466 382
860 358
171 892
685 348
29 242
41 270
477 362
550 520
451 680
272 449
66 902
394 260
748 616
129 15
245 729
177 878
347 53
733 777
933 237
619 697
768 358
590 191
515 530
603 30
221 229
740 604
801 697
744 213
401 171
57 392
264 83
324 512
871 840
820 812
97 794
168 311
558 590
953 88
68 622
173 627
113 878
135 519
530 232
36 847
720 153
271 289
398 50
822 985
932 543
986 847
655 347
299 445
70 515
426 482
279 150
366 641
552 620
440 515
886 476
982 969
73 707
131 378
38 564
381 827
28 635
182 154
47 449
364 267
369 891
882 75
788 555
453 47
441 773
903 734
124 227
966 571
485 714
190 340
816 947
299 414
678 131
49 702
842 539
364 209
117 536
800 453
507 860
834 790
540 123
660 450
316 191
637 461
10 565
687 334
293 158
512 856
978 639
49 378
487 921
834 455
588 561
148 751
357 705
309 996
161 646
480 526
86 24
810 64
178 501
22 792
883 565
122 235
161 551
384 662
143 139
382 574
189 895
614 602
593 851
807 579
905 628
946 531
538 492
341 827
501 600
116 819
772 825
771 438
594 884
725 427
536 714
848 93
225 241
167 636
431 360
951 722
995 823
882 511
65 397
487 990
233 792
271 902
824 657
946 9
525 605
784 688
260 757
177 421
294 847
926 215
319 746
493 274
351 742
992 716
594 370
190 681
288 740
969 816
629 989
15 333
666 570
946 333
442 724
760 300
454 753
483 394
282 641
521 313
933 345
533 217
373 947
740 869
817 340
802 364
661 77
139 960
657 771
658 610
82 952
701 996
1000 599
134 117
967 147
908 609
814 57
376 679
258 433
961 929
564 137
344 527
287 682
204 900
795 1
936 424
341 911
496 244
108 402
8 217
630 778
229 425
257 964
81 276
138 499
427 93
633 674
389 643
747 851
644 537
967 427
228 173
554 307
42 964
603 105
992 237
127 53
4 122
94 940
785 874
884 137
60 946
153 767
192 727
746 480
243 789
733 753
567 771
665 179
978 917
484 828
598 689
379 292
265 490
125 185
374 576
320 771
115 446
691 392
89 595
98 209
615 602
446 379
223 690
194 336
328 846
535 483
210 685
273 768
901 771
639 233
34 303
39 762
560 387
239 846
297 343
709 423
746 855
985 378
70 280
214 48
908 719
724 959
541 978
489 743
247 172
667 550
780 765
295 676
547 728
518 144
686 484
395 329
3 668
70 269
396 359
476 693
998 208
836 751
318 47
171 259
455 54
753 839
341 196
586 939
189 934
151 102
402 817
58 375
186 889
829 540
143 630
700 311
551 706
230 835
285 668
704 331
349 23
482 508
851 180
383 311
701 484
274 72
813 422
980 825
344 647
487 399
545 981
422 788
534 307
810 164
106 889
391 624
282 953
268 174
712 803
391 574
235 657
847 231
981 516
120 176
924 365
202 919
409 773
386 422
652 902
656 928
798 687
312 937
197 99
849 12
963 771
489 34
32 320
806 25
844 554
118 3
142 403
360 875
247 485
929 556
223 408
753 273
303 732
875 454
822 902
192 846
53 114
589 274
794 910
608 352
745 936
231 242
262 498
873 867
964 309
450 958
129 306
4 959
696 515
273 303
853 776
98 244
461 307
467 758
499 101
788 492
972 526
249 61
548 561
275 80
7 645
838 612
177 765
697 256
854 721
737 540
515 995
421 734
82 267
27 551
739 964
890 947
333 524
286 109
225 952
696 64
432 549
803 199
664 656
912 422
723 512
3 238
527 366
323 213
815 324
350 572
736 635
987 487
229 59
414 721
420 743
543 365
375 902
827 414
916 540
370 592
37 286
407 220
265 106
339 648
993 341
715 77
172 746
621 343
219 562
23 129
333 70
536 814
485 71
261 305
599 495
670 694
159 269
758 238
177 285
94 839
954 238
210 458
182 434
298 452
783 617
947 533
637 374
716 916
344 624
345 888
584 307
564 240
766 837
951 445
168 401
427 811
177 71
171 468
238 338
202 548
290 369
673 926
915 870
834 133
538 714
1000 668
831 231
92 975
91 860
154 984
181 485
113 707
214 537
799 945
660 162
867 961
411 600
569 826
359 822
922 779
51 636
441 340
725 467
711 34
183 684
31 958
232 594
907 911
905 563
973 547
185 195
23 2
490 760
612 884
41 919
444 157
737 54
548 688
545 664
35 209
841 636
159 138
833 582
350 415
419 37
389 586
52 243
285 359
431 80
976 217
802 280
561 228
238 464
257 656
187 925
715 509
338 693
569 377
793 27
508 803
35 943
392 708
133 596
221 841
138 849
583 187
432 713
79 374
169 443
609 773
427 778
84 396
960 701
261 437
95 576
820 524
561 226
636 3
837 717
711 991
260 898
361 304
333 370
672 29
626 533
923 462
234 519
743 8
605 974
379 357
11 214
838 657
13 645
931 222
690 943
124 89
12 971
460 138
473 3
60 688
218 720
71 755
871 773
149 208
96 959
732 369
334 259
786 730
616 600
621 821
174 112
307 703
34 420
362 153
442 845
377 696
312 596
445 325
210 634
589 517
482 408
687 762
806 265
649 752
249 83
632 49
537 370
292 210
567 205
802 579
778 407
889 971
140 567
902 938
979 896
688 942
313 730
924 670
133 183
546 730
752 695
974 961
681 213
88 993
10 23
436 242
728 41
251 307
54 371
512 476
675 359
28 299
847 84
235 23
458 806
181 808
534 115
934 981
200 615
989 580
402 689
89 317
28 404
247 319
487 255
717 298
800 677
235 900
307 462
773 125
702 604
554 10
73 503
864 469
949 250
709 195
170 979
471 645
551 783
798 328
414 635
381 837
356 652
636 393
926 600
281 166
919 483
618 312
523 603
684 762
600 77
976 294
495 774
40 640
527 954
159 780
123 80
6 11
55 411
592 443
846 547
15 4
663 490
988 883
675 184
203 578
129 824
148 622
355 384
44 632
398 909
394 813
678 772
810 838
999 730
285 265
29 822
775 574
909 18
424 442
42 101
164 887
321 491
251 874
253 891
641 548
620 768
967 274
159 650
64 357
662 2
533 987
930 793
234 316
562 265
566 613
231 210
119 873
255 367
604 299
757 670
889 781
311 92
438 764
159 79
280 145
315 410
135 177
670 940
591 990
212 193
519 885
585 640
540 222
787 27
663 119
668 138
699 753
321 136
560 9
781 740
875 281
7 698
387 68
143 568
14 485
933 609
330 937
251 973
708 936
94 999
725 272
432 654
111 506
41 252
300 323
746 394
600 268
904 122
218 683
567 788
247 208
564 706
951 545
610 467
894 694
702 499
804 589
339 226
366 135
111 569
195 681
724 496
223 285
400 787
563 702
989 96
99 487
346 482
862 53
216 809
130 184
989 16
638 814
661 118
750 697
604 22
275 4
669 814
280 505
254 540
286 270
122 36
25 243
965 547
56 78
316 48
497 407
915 933
322 476
652 874
513 926
255 939
678 650
204 165
972 562
466 533
779 369
132 601
409 91
847 868
52 938
870 406
49 658
622 770
433 582
394 599
743 304
592 280
995 109
657 724
42 31
637 582
515 49
349 37
451 535
951 5
290 235
774 101
244 553
728 920
890 172
182 76
454 974
935 901
802 908
53 515
962 392
166 903
253 166
452 331
312 127
806 567
227 625
501 764
874 172
832 573
685 318
600 625
24 408
492 91
116 864
47 218
436 277
269 785
505 150
538 888
367 131
226 777
285 842
594 428
89 180
182 899
762 733
625 887
804 927
240 241
295 431
799 442
41 919
82 579
943 419
717 365
864 708
357 43
226 648
453 979
587 543
810 9
889 952
199 604
522 682
338 215
533 523
957 105
287 877
870 38
416 732
767 251
75 497
422 389
153 346
254 915
615 343
885 960
347 71
908 946
339 481
586 846
966 195
265 233
600 615
528 872
643 217
471 433
657 330
78 112
899 520
814 779
557 460
982 927
455 674
831 304
781 284
745 4
776 904
212 250
340 157
208 3
960 210
901 80
281 760
132 243
430 339
52 276
853 4
757 341
77 810
593 607
306 964
406 587
125 992
773 114
41 136
718 366
79 184
338 478
659 289
183 214
516 937
912 628
680 465
419 789
502 805
497 526
834 320
609 379
492 213
637 699
337 703
315 849
49 986
285 653
63 207
66 705
108 868
59 645
349 386
502 796
32 566
391 165
27 624
850 378
781 46
850 76
803 722
781 133
461 96
526 4
558 546
218 485
551 220
227 399
148 559
320 92
909 546
875 340
679 684
441 794
921 844
630 277
415 626
903 457
827 683
533 180
279 648
793 769
76 663
938 744
829 961
800 260
101 314
301 371
173 685
271 458
63 661
280 895
22 245
958 533
483 473
731 187
50 787
893 901
882 759
471 634
969 295
439 644
326 119
134 219
221 498
659 130
679 923
296 728
495 757
923 465
302 124
447 763
943 794
705 617
396 267
251 755
487 777
924 332
98 360
789 955
192 803
46 155
337 533
855 707
194 321
911 574
706 547
89 995
903 317
602 430
399 363
884 518
535 431
439 981
840 718
786 547
852 608
918 195
46 316
108 525
303 786
905 826
386 615
697 427
377 4
522 923
909 144
44 64
994 106
232 46
56 215
894 444
459 170
245 572
212 326
55 39
271 806
682 487
19 551
440 116
197 504
912 864
173 176
939 147
574 136
535 887
154 517
344 732
837 920
818 814
37 773
224 722
433 271
1000 45
566 995
101 669
819 896
492 589
831 597
807 318
901 835
533 433
127 975
728 589
240 74
21 31
33 577
16 693
445 60
325 498
148 43
872 398
804 372
286 267
3 111
858 705
263 635
737 378
654 429
966 479
318 840
735 777
462 408
189 216
179 454
432 88
564 127
881 63
807 773
983 953
826 620
363 164
218 198
843 404
983 160
362 96
726 459
62 483
982 148
873 692
524 36
602 118
511 40
841 913
164 450
134 679
939 854
58 656
624 798
500 94
131 271
877 314
208 234
948 325
360 963
12 360
798 413
153 772
979 669
471 867
635 851
403 597
774 980
247 564
48 930
234 409
505 242
510 532
61 501
529 144
364 176
724 108
699 220
559 363
178 38
459 565
925 600
246 12
955 502
595 552
106 386
903 51
824 849
269 334
899 428
435 410
331 528
275 672
139 254
579 338
211 619
605 975
153 961
856 419
363 373
437 524
110 919
626 926
747 757
987 136
540 808
468 493
500 213
224 549
860 845
125 505
511 325
694 626
399 991
496 530
405 855
749 289
21 552
812 26
191 901
982 99
336 767
859 153
527 517
923 673
312 640
854 32
468 643
853 605
855 401
662 505
481 318
99 710
742 789
740 101
134 321
816 94
789 148
832 732
252 299
917 526
318 415
229 760
332 613
770 928
994 383
882 233
319 906
992 819
585 686
322 697
247 521
497 265
653 780
356 184
731 748
181 596
110 626
266 376
902 180
933 571
591 826
365 569
256 305
843 496
286 403
230 693
218 790
599 885
487 345
45 948
885 34
299 57
841 434
797 416
827 750
479 423
654 1000
598 777
907 61
740 646
862 229
952 681
888 262
780 616
115 577
686 704
785 219
231 311
974 46
519 512
9 469
831 226
367 595
413 585
672 285
252 332
368 587
217 821
799 795
871 964
530 254
236 517
792 162
730 565
533 494
911 688
426 945
221 854
851 675
474 498
280 953
193 290
44 990
792 634
865 381
104 161
386 184
224 393
872 764
898 571
646 698
269 9
429 480
473 395
225 582
654 387
953 34
61 920
643 420
973 191
853 98
536 461
453 629
971 622
867 323
729 538
546 579
337 98
538 900
84 343
777 990
296 660
173 719
679 359
139 63
280 676
812 148
909 898
227 951
820 516
384 350
487 776
576 800
980 924
98 916
517 868
347 794
736 717
403 440
584 6
158 734
834 713
365 274
113 607
226 573
547 401
327 549
50 536
144 465
836 221
300 928
164 257
112 130
910 335
60 37
910 741
788 361
418 415
528 781
668 556
604 184
993 671
393 912
132 375
530 239
763 263
208 856
649 335
783 591
723 409
846 822
635 917
947 641
176 613
269 427
172 25
536 350
189 445
180 512
236 286
351 448
225 881
822 453
717 172
400 591
598 475
315 516
903 324
333 837
117 867
580 926
403 751
14 465
311 219
147 468
938 494
973 518
628 667
359 782
935 522
467 844
143 677
154 302
728 452
737 109
704 178
126 469
824 541
303 920
807 10
155 12
735 846
174 224
302 518
650 755
607 544
337 53
598 872
436 380
984 148
159 785
280 600
474 744
747 539
201 492
61 152
165 568
146 366
978 919
710 361
87 565
133 182
209 83
60 43
223 159
502 261
647 401
592 639
48 560
901 770
54 651
482 175
858 449
275 623
111 297
909 876
174 898
882 685
771 397
384 838
229 614
354 877
914 102
509 206
681 380
996 496
334 647
541 566
473 550
434 40
95 592
273 175
720 612
52 468
127 211
778 345
214 985
44 694
775 439
449 542
155 716
466 63
727 431
966 422
730 679
904 457
921 643
988 131
820 634
646 939
318 541
162 893
224 72
933 479
414 181
787 374
920 608
438 815
451 788
454 982
110 44
916 98
805 411
965 254
722 597
925 586
879 539
937 417
389 131
948 809
416 566
803 333
912 753
529 958
593 620
748 6
860 494
310 67
20 478
900 491
674 228
891 250
922 590
174 597
939 587
697 506
531 924
769 382
977 254
706 726
401 521
232 454
428 436
382 509
61 758
74 71
861 775
894 482
223 461
521 25
773 279
916 300
209 262
830 702
389 687
489 742
332 130
290 30
166 918
228 511
712 419
998 787
809 878
609 242
95 984
203 862
384 143
518 622
577 188
817 743
163 508
158 54
992 23
291 431
635 404
105 2
493 803
64 776
825 369
953 10
73 272
618 147
582 988
302 809
724 367
826 184
83 149
185 318
303 473
17 1000
25 119
828 404
853 400
456 717
290 457
295 771
469 499
256 920
822 917
164 547
144 790
58 689
45 739
963 767
33 519
358 529
290 958
118 151
951 33
535 499
462 869
788 516
19 475
476 781
392 426
937 254
351 9
223 394
2 357
579 496
596 705
386 907
726 161
789 466
851 582
644 496
763 605
487 613
452 424
855 643
132 683
355 545
817 856
683 644
313 140
209 665
890 927
867 101
219 536
283 21
929 95
943 294
891 57
601 270
711 584
527 81
651 480
476 157
388 987
870 46
194 350
734 571
602 586
707 15
811 708
231 345
682 789
24 700
118 74
320 824
52 789
966 303
660 474
523 193
778 99
78 584
326 949
97 84
724 521
33 337
597 244
153 852
340 591
176 498
362 127
126 785
555 414
75 917
279 976
289 268
266 535
845 195
676 720
834 46
185 972
549 723
929 40
978 792
481 797
557 465
857 744
954 844
533 907
255 660
396 34
228 433
404 976
674 829
332 639
321 409
935 267
784 158
552 472
361 749
833 703
306 760
170 430
77 374
913 213
888 811
260 897
950 61
1000 44
325 392
494 635
654 467
536 367
208 697
977 573
318 577
210 726
604 15
30 135
925 720
983 258
296 682
654 436
526 282
263 901
294 491
50 267
906 886
740 599
823 364
268 710
393 126
766 137
180 950
659 421
700 811
423 660
198 537
330 939
101 879
976 762
718 223
609 503
100 249
601 11
725 24
945 403
802 299
596 168
75 270
763 632
913 806
26 347
627 809
176 94
34 356
291 955
196 362
810 607
676 164
65 91
240 636
160 580
306 392
437 131
256 869
917 422
613 602
847 453
597 521
889 958
733 753
913 913
128 94
549 132
651 663
547 368
866 912
786 322
40 678
703 499
236 781
218 225
974 61
894 604
222 609
860 585
846 599
216 123
19 395
259 725
31 427
151 745
26 964
910 660
237 828
748 983
261 502
560 760
670 673
15 311
341 425
193 689
901 437
98 441
195 863
178 362
802 639
998 726
752 472
125 506
311 762
651 839
661 382
345 507
652 933
659 334
323 274
505 694
483 987
942 115
546 548
668 155
396 187
838 727
429 53
397 876
32 448
620 636
803 695
924 370
97 442
881 249
350 203
42 894
839 289
565 521
936 305
432 361
339 664
489 877
808 946
328 379
535 150
64 588
960 544
241 710
315 854
577 593
40 572
942 995
849 376
445 276
107 174
239 578
881 109
991 783
393 679
789 878
52 53
486 361
554 641
217 70
20 867
259 845
856 685
692 316
297 839
784 171
477 539
632 937
741 634
310 373
96 701
44 629
616 404
742 882
875 947
555 330
907 192
984 349
399 127
245 425
984 910
774 423
717 201
75 779
167 447
560 359
925 171
750 608
370 68
392 48
506 437
7 499
937 421
599 914
787 929
943 779
725 669
701 206
947 775
416 817
480 556
236 22
217 761
554 1000
466 91
77 545
559 791
789 319
52 811
760 291
318 483
668 656
600 813
351 746
791 877
799 436
358 874
394 328
19 271
792 660
936 435
763 103
67 241
166 120
166 17
387 464
288 925
27 834
673 389
67 322
266 315
473 227
795 488
11 544
67 933
336 844
501 59
228 602
93 212
489 445
78 815
337 937
215 392
421 145
41 389
649 750
907 562
925 983
911 286
549 531
914 532
834 864
119 435
568 720
541 983
606 879
677 301
529 190
165 819
920 395
79 581
809 31
146 169
699 550
832 973
258 99
967 35
767 337
224 228
141 603
75 210
629 109
969 772
443 8
488 182
486 42
691 142
12 572
408 104
212 266
776 699
866 742
842 138
846 158
552 740
429 66
1000 717
15 103
348 571
679 254
451 649
143 989
190 815
145 789
91 808
750 218
398 778
547 71
755 898
711 183
221 845
111 741
115 376
467 333
109 82
286 152
235 901
889 140
478 8
48 890
733 487
475 854
386 553
183 963
859 826
995 772
89 695
404 116
964 268
273 7
708 857
103 519
722 448
742 664
405 585
162 515
190 535
683 783
292 641
941 923
680 194
49 550
387 768
242 600
435 88
649 822
66 761
106 777
127 837
437 143
482 355
509 473
388 335
148 164
349 537
205 984
36 354
977 756
755 74
803 880
529 357
164 657
582 553
703 840
370 761
78 963
774 293
555 923
921 272
504 741
372 593
928 233
295 90
723 622
98 820
158 996
460 873
593 968
144 753
839 996
923 742
57 860
800 135
507 274
980 265
574 474
633 81
844 143
743 835
400 196
863 382
275 612
30 6
880 539
448 313
281 851
547 122
367 240
159 810
574 108
221 625
798 908
373 33
163 752
366 316
390 247
890 985
379 441
911 275
113 955
847 418
277 271
769 344
959 745
62 484
298 859
884 43
72 74
87 234
685 526
339 549
391 278
803 980
805 242
957 184
653 239
764 546
683 415
13 885
713 222
954 887
337 726
738 924
909 444
903 19
384 64
638 831
467 929
203 351
273 783
330 654
498 719
943 531
852 859
983 83
773 911
645 354
907 541
566 494
348 834
701 428
382 519
512 784
168 440
944 818
399 304
557 228
970 412
944 925
39 107
352 440
988 789
494 982
750 353
456 872
357 197
921 30
142 681
879 2
392 916
244 13
760 422
239 26
901 244
144 862
940 392
527 527
685 839
229 521
756 193
529 346
513 699
868 239
464 784
621 229
178 564
335 745
506 224
118 416
529 457
870 232
819 289
868 437
232 413
426 29
780 845
455 724
919 886
957 409
653 803
338 495
222 120
703 709
311 550
860 527
656 787
946 266
133 910
479 692
117 335
126 329
550 61
180 807
143 310
916 979
948 115
740 762
837 656
486 714
311 777
480 869
937 872
84 165
81 360
289 210
621 701
528 62
546 969
767 626
817 273
586 206
973 870
365 397
750 61
211 638
176 927
114 756
181 10
381 967
183 142
241 946
943 912
664 202
105 218
569 653
309 961
118 873
992 62
996 464
681 62
790 67
988 314
403 892
298 936
476 274
287 488
359 121
547 575
70 335
130 391
617 761
836 653
864 980
501 978
793 60
798 571
608 976
810 385
610 627
626 466
57 469
530 430
11 281
529 434
987 644
293 945
135 356
437 470
824 303
45 131
557 743
758 517
184 277
363 741
191 187
268 800
492 561
111 464
630 536
194 514
270 626
379 102
939 720
616 754
758 794
975 207
335 795
191 818
550 707
37 244
18 371
737 995
406 188
878 503
831 368
229 950
559 816
690 64
133 212
270 755
627 182
595 800
623 592
675 660
82 224
474 704
700 547
31 930
326 304
231 122
958 281
858 990
439 877
900 582
974 481
741 944
126 810
562 213
605 108
474 738
989 862
817 216
524 412
976 861
532 220
731 513
987 761
274 274
644 876
224 88
829 389
959 993
151 358
603 190
121 249
346 453
861 885
162 525
602 533
219 309
224 832
593 789
511 842
443 66
1000 402
639 279
594 786
932 719
743 331
574 108
972 726
613 131
421 659
950 806
470 86
616 832
963 661
825 540
545 819
567 351
522 497
31 410
286 288
786 905
188 575
683 142
309 795
466 478
946 202
988 618
889 551
392 144
572 362
267 232
745 325
437 840
563 32
978 41
719 597
555 175
528 972
730 620
700 897
681 829
109 265
260 716
881 689
546 884
83 39
688 497
711 126
382 749
665 391
488 836
71 515
262 425
243 505
292 542
666 582
219 617
615 120
510 145
697 283
710 61
376 780
783 581
140 424
440 655
982 598
79 427
949 769
35 608
955 367
296 661
710 556
943 352
647 968
819 763
862 669
612 114
716 882
784 678
927 626
853 909
250 534
153 423
146 87
66 771
282 869
654 960
1000 59
173 708
182 520
209 169
753 935
997 507
22 728
275 843
648 589
516 391
363 206
109 391
677 237
292 914
527 891
151 807
312 481
493 604
482 816
706 459
179 585
112 160
6 406
977 268
599 23
198 325
955 174
235 67
166 852
40 133
106 9
514 562
830 696
943 113
437 240
558 449
939 908
373 713
580 988
657 34
933 418
554 263
33 710
995 188
597 83
310 932
564 63
591 266
875 399
308 753
318 968
555 644
354 687
492 951
937 299
147 355
353 53
383 510
45 63
550 745
82 106
679 392
123 694
870 38
190 190
763 30
581 361
531 107
534 691
70 881
188 201
119 689
219 305
600 457
519 144
299 722
686 897
489 896
537 237
935 870
824 110
468 727
283 658
685 598
97 774
906 15
125 665
854 491
468 716
42 192
488 889
802 743
120 25
318 773
294 780
491 906
31 917
496 885
95 92
882 493
610 498
944 705
396 800
823 498
954 224
591 828
111 474
700 273
504 953
862 989
128 420
313 595
453 5
238 606
465 869
72 761
361 390
200 864
10 207
274 349
351 596
238 860
228 76
711 478
711 681
975 330
393 331
417 272
417 518
622 708
649 215
385 849
775 882
179 851
773 639
223 108
746 705
847 256
207 294
125 385
707 202
267 715
664 291
252 593
107 710
288 886
463 625
884 893
259 759
416 882
648 903
375 815
756 405
42 832
289 920
717 591
542 98
473 496
509 500
289 998
308 743
117 805
388 515
977 934
341 556
23 774
120 288
601 270
387 82
768 12
377 642
312 25
103 115
689 626
56 348
608 536
394 264
467 215
343 638
593 122
269 313
536 589
215 584
933 762
833 775
216 157
399 701
533 112
495 164
11 984
58 293
425 182
767 665
484 302
361 448
403 883
500 918
468 249
147 489
675 850
149 13
202 154
180 56
227 955
437 54
904 386
666 982
916 672
875 602
216 345
48 483
703 544
497 580
265 306
423 186
172 878
792 194
702 948
38 227
485 746
240 32
607 136
992 55
514 30
68 20
637 89
654 727
661 34
772 481
594 606
888 148
55 631
472 112
205 489
535 118
264 750
139 369
320 275
53 768
146 129
532 510
741 500
698 506
30 495
917 464
652 839
167 229
668 723
839 334
670 195
486 34
478 414
83 660
228 810
328 58
532 303
58 392
183 876
380 214
880 849
661 574
472 36
477 87
763 356
572 693
673 433
452 110
518 82
82 566
250 333
793 404
225 67
734 515
547 736
901 314
54 895
339 604
631 141
977 105
829 794
616 163
742 699
463 2
736 762
319 449
658 36
136 622
896 858
321 774
42 297
476 942
205 698
447 387
792 802
460 211
745 275
33 146
478 282
817 295
508 175
770 348
100 832
765 17
9 461
554 17
899 773
513 155
294 473
713 450
604 84
276 534
263 201
177 857
968 572
906 403
419 295
819 623
232 615
369 923
932 693
977 460
422 166
388 848
706 947
130 274
585 498
3 625
15 395
999 881
132 115
56 816
60 829
899 618
895 787
755 726
17 457
134 127
643 267
78 701
344 739
936 441
345 836
688 332
946 641
180 960
42 399
261 613
927 710
889 462
192 732
91 778
105 594
977 691
339 221
781 962
177 110
965 705
251 723
252 743
751 284
182 400
139 214
576 411
109 523
285 146
763 472
954 85
83 558
323 895
692 682
75 959
819 494
833 657
176 853
53 699
358 874
615 952
582 906
585 704
900 77
928 902
737 625
63 161
847 23
331 251
992 876
832 893
824 530
618 825
94 60
661 807
455 717
646 713
923 10
544 22
486 251
656 731
904 326
553 981
190 892
529 968
335 578
890 835
279 66
562 130
887 775
491 875
203 396
652 913
827 718
158 524
282 405
663 711
442 960
539 57
639 846
638 725
775 389
827 74
88 270
632 859
162 431
392 631
585 368
519 138
380 559
194 219
33 412
725 188
463 221
514 525
154 979
785 298
394 971
706 920
524 799
813 556
415 915
842 940
1 280
177 835
344 883
948 561
770 823
792 25
141 55
584 946
831 269
474 575
967 438
63 143
90 636
807 557
335 475
483 697
347 276
666 749
38 308
508 720
900 902
538 87
318 925
932 383
710 827
25 404
286 101
515 38
490 37
88 951
673 823
194 726
296 908
72 542
247 970
555 223
450 361
146 972
257 935
422 148
24 454
694 498
320 393
221 445
476 802
639 992
317 655
864 899
79 312
13 272
305 499
608 111
601 961
512 762
382 790
47 866
620 244
618 616
956 409
413 829
337 436
36 10
195 828
771 769
936 561
935 290
614 817
635 278
955 700
428 481
325 217
805 639
170 743
916 630
586 564
315 532
87 250
984 693
140 45
957 846
67 758
425 37
477 283
973 102
567 836
679 887
407 696
114 501
883 294
485 709
226 421
304 620
961 828
514 399
495 562
749 908
385 991
336 423
903 729
196 671
117 537
760 526
499 75
630 980
542 562
931 188
372 129
618 333
196 931
866 562
532 515
372 899
889 53
510 970
435 348
442 87
397 489
143 997
289 59
183 810
99 193
424 99
945 682
659 509
481 805
376 141
683 481
504 9
3 695
42 181
624 114
478 584
488 518
421 428
154 711
599 313
298 69
107 554
776 30
19 334
25 100
485 704
493 387
283 392
911 620
940 537
969 165
73 712
13 119
312 99
236 71
837 280
99 645
460 369
138 288
768 223
843 863
936 532
561 89
580 503
782 63
812 36
51 909
481 162
12 516
906 683
721 603
585 407
87 249
244 849
565 45
492 488
48 199
185 832
463 612
52 31
287 877
779 40
16 160
80 691
862 902
475 563
473 972
868 806
309 330
721 905
43 183
790 882
494 514
560 676
719 234
705 190
754 904
976 948
407 984
718 53
761 980
177 787
786 640
332 102
133 775
37 697
659 732
806 132
367 906
678 16
66 653
821 646
399 247
147 401
336 84
201 911
631 678
118 139
94 881
547 414
984 88
272 322
461 215
677 894
322 902
969 117
143 85
559 366
615 618
772 309
67 676
267 545
799 476
1 572
772 831
864 662
877 773
408 195
562 237
986 160
639 655
748 762
678 32
95 999
65 610
604 770
713 689
923 259
826 711
378 269
252 56
92 311
172 79
231 868
16 520
877 314
111 340
372 727
695 904
334 151
509 605
898 327
81 530
1 838
295 765
289 678
551 694
870 967
605 21
748 605
17 239
574 181
49 532
90 708
515 428
843 696
395 213
726 989
51 919
341 769
773 384
487 368
67 200
310 112
128 151
975 830
189 178
694 200
557 130
863 73
80 172
430 297
692 922
824 570
95 368
664 308
799 352
155 145
42 447
908 290
702 773
889 608
850 737
867 556
419 851
890 351
865 240
111 450
127 474
417 584
790 245
697 807
842 331
757 515
27 601
152 195
318 624
240 922
762 413
416 423
964 665
452 989
843 57
375 220
996 191
200 686
759 167
576 411
72 299
774 573
591 976
187 845
104 279
415 364
124 813
738 867
502 707
667 940
647 342
85 934
723 112
389 164
162 53
749 311
80 759
148 768
381 715
140 207
797 346
571 431
376 225
2 303
436 569
545 946
30 359
297 432
53 309
952 323
807 743
425 723
946 175
89 387
877 882
579 689
548 529
453 825
159 801
441 395
955 163
365 865
455 485
843 874
425 798
178 42
247 134
171 7
374 468
917 389
839 958
665 963
397 293
686 876
864 502
406 304
284 826
623 632
731 414
620 853
343 156
258 633
257 513
987 220
973 517
310 425
507 158
733 566
816 437
877 568
427 287
378 492
712 525
888 207
64 444
483 608
199 30
152 208
197 728
970 561
118 978
950 804
546 34
943 113
685 481
226 643
720 364
307 993
214 796
479 111
232 366
416 915
770 908
868 736
916 347
774 766
945 523
12 184
731 906
815 12
61 601
774 71
640 845
363 663
855 271
76 615
570 605
579 870
7 199
271 496
892 722
529 531
711 729
432 756
718 759
469 216
767 126
896 171
25 643
977 620
521 991
863 215
223 688
285 898
478 718
192 296
767 574
2 649
278 506
522 640
908 239
258 476
195 103
792 311
757 725
909 818
158 19
585 279
437 526
541 661
111 465
711 88
220 278
898 967
456 752
563 68
299 77
381 711
378 844
982 700
692 51
744 376
301 699
329 488
30 522
403 490
387 744
284 673
892 938
791 901
812 379
946 457
429 718
766 636
99 533
802 216
476 117
129 750
846 167
431 8
97 905
343 598
857 27
840 426
165 59
395 100
555 433
847 318
306 3
46 800
182 347
53 685
135 588
976 381
210 592
107 785
663 797
762 522
497 747
578 835
97 368
765 530
28 220
803 219
80 277
843 965
899 100
590 427
332 943
85 732
792 613
326 387
590 693
171 207
195 519
50 668
503 881
854 833
406 955
996 321
873 203
583 978
386 115
165 808
395 430
712 147
232 414
391 828
760 657
834 884
184 375
832 470
16 654
877 312
420 558
196 542
204 606
666 695
76 805
283 406
381 297
474 738
962 972
934 558
212 689
975 610
159 508
13 664
106 575
809 416
315 358
898 460
81 556
162 453
512 683
519 28
905 817
738 657
103 821
963 472
922 766
587 983
240 516
152 626
223 517
453 647
885 514
759 826
200 959
233 274
150 174
113 58
623 53
377 169
845 971
815 907
51 703
541 453
179 89
305 428
951 39
590 855
449 602
970 425
746 766
678 712
103 485
617 561
7 501
797 737
343 717
56 701
886 924
261 587
777 779
17 623
864 381
30 655
375 598
795 407
830 553
969 62
106 473
464 239
705 105
784 577
602 964
968 192
643 742
883 418
449 712
998 706
788 272
444 480
7 823
178 846
212 273
755 661
135 240
924 262
142 730
857 402
943 294
87 787
146 131
192 952
411 666
706 293
329 231
136 640
698 683
391 990
517 933
658 396
862 772
783 342
29 559
48 795
23 333
187 974
612 445
835 575
159 784
44 544
362 586
282 361
527 860
227 741
48 269
648 723
975 212
241 669
359 928
342 876
873 417
630 42
424 172
580 638
438 706
381 148
604 929
275 626
222 162
245 645
132 537
893 962
779 281
976 805
506 997
362 421
870 696
95 950
614 118
675 757
559 456
891 192
497 517
410 932
384 331
773 749
476 42
943 97
433 129
62 685
176 839
508 511
76 388
319 818
190 733
817 709
602 715
792 468
88 740
863 293
83 25
716 421
397 679
200 441
537 982
138 853
792 269
652 1000
413 884
20 214
625 736
101 645
591 730
67 408
81 168
434 511
761 827
560 245
1 600
39 257
700 983
308 390
122 439
251 618
552 952
952 491
942 559
943 221
879 869
861 981
972 209
892 90
145 425
163 238
767 733
404 545
785 717
269 438
807 597
183 701
597 192
402 879
101 66
15 205
249 613
580 418
426 93
340 220
796 972
116 343
279 167
184 578
208 846
195 447
309 552
2 663
957 789
250 964
614 842
702 142
213 657
410 23
866 254
522 543
457 883
916 800
954 940
81 714
561 276
376 185
247 55
236 34
175 470
153 178
530 110
666 303
115 233
598 300
348 579
79 889
728 678
866 65
854 902
593 747
748 126
356 418
242 106
203 213
627 699
430 935
255 254
774 384
772 781
305 794
152 940
721 909
985 205
678 827
613 989
599 932
858 549
565 332
943 729
41 832
745 4
809 917
488 211
703 41
111 333
905 832
391 706
290 936
220 241
960 101
414 71
652 222
58 975
365 622
687 701
453 764
538 650
234 587
970 379
623 35
252 794
120 158
120 707
297 172
650 104
528 879
330 190
751 688
884 582
435 832
297 789
831 280
341 36
410 73
151 568
476 269
35 115
405 308
931 801
191 104
562 612
271 682
840 521
416 2
537 713
287 403
413 97
144 644
26 170
440 304
533 825
57 439
117 616
969 907
48 604
459 868
900 525
412 764
8 593
943 860
976 696
178 765
68 577
775 232
113 492
572 535
886 175
659 409
937 778
210 154
240 370
860 376
736 953
895 983
522 804
156 86
297 804
83 320
237 750
804 124
874 715
790 326
290 353
755 180
711 863
354 705
298 213
165 517
135 778
337 874
14 644
960 561
460 716
594 500
248 39
167 353
926 926
311 701
855 918
626 558
327 609
72 328
614 4
347 690
264 591
528 822
949 512
970 772
329 760
375 703
373 324
873 782
916 325
237 133
983 969
727 746
66 352
109 408
325 751
856 335
387 944
166 410
902 888
330 423
529 464
130 475
181 757
280 691
605 305
418 508
33 935
363 261
55 18
127 312
333 279
363 180
953 374
2 437
929 29
225 19
443 605
516 327
590 51
606 593
223 912
694 917
54 98
876 888
78 329
672 600
952 602
316 554
120 392
461 690
999 486
846 598
231 822
372 843
370 453
843 95
932 284
871 493
820 409
828 956
935 348
440 656
901 514
187 1000
418 926
326 758
534 987
217 698
78 323
882 167
929 275
365 941
211 436
999 237
765 164
386 520
419 411
197 889
989 263
1 982
702 832
892 563
112 524
818 262
967 820
543 660
17 21
774 107
364 553
45 726
280 787
991 285
417 439
849 130
830 487
253 996
773 311
138 432
165 626
401 203
26 138
202 17
892 180
629 82
840 57
2 991
494 831
969 969
137 982
722 139
122 604
927 939
870 393
101 173
483 204
935 368
407 172
259 486
113 367
90 512
422 510
76 945
573 919
834 830
787 770
243 180
808 645
735 314
249 464
663 602
996 138
459 285
982 106
514 524
352 894
174 919
902 728
405 314
503 707
697 635
720 530
305 798
889 770
358 377
942 892
183 32
655 572
797 858
344 588
512 298
434 81
24 743
72 301
268 468
11 980
199 9
583 783
462 280
323 228
195 320
341 163
837 630
196 731
350 751
476 467
667 856
702 329
64 262
205 559
721 934
865 304
450 726
568 760
985 130
824 449
510 240
159 503
873 684
915 581
868 349
778 126
957 6
12 309
598 814
852 268
621 712
722 161
932 636
867 413
786 516
984 187
408 240
659 607
868 819
813 396
505 411
275 637
62 796
244 189
987 438
605 567
871 147
853 119
684 930
577 406
113 383
513 794
631 104
209 643
469 961
817 848
717 129
278 272
636 699
206 153
133 358
624 757
79 142
338 944
243 88
641 563
247 858
541 828
901 545
593 100
196 568
975 927
966 872
347 232
593 914
571 802
903 695
765 392
813 753
521 958
327 679
843 397
219 797
795 163
841 89
252 833
986 415
160 11
886 94
26 388
332 561
290 503
246 280
741 975
362 428
547 688
858 694
831 715
93 848
563 6
276 906
721 98
509 623
619 211
924 5
795 116
669 209
668 432
691 433
487 442
413 400
319 494
11 973
606 221
317 452
685 45
84 427
272 647
583 606
208 600
176 541
295 824
605 81
159 30
559 690
644 937
350 251
101 328
35 108
95 44
332 40
682 265
619 117
586 625
912 190
303 696
971 508
797 993
322 321
845 119
377 459
290 445
629 799
893 455
120 772
954 486
817 628
41 673
641 886
85 742
958 655
752 37
3 148
925 661
782 569
933 245
146 805
187 701
75 548
208 370
748 28
23 141
4 504
146 741
996 280
947 352
667 167
212 758
746 380
288 647
481 369
463 767
16 447
494 777
246 320
765 665
830 28
703 937
797 797
485 637
534 418
963 159
438 48
562 867
16 716
973 396
521 298
140 510
285 681
587 753
545 813
548 133
815 868
185 736
965 450
515 417
390 877
598 505
431 657
258 173
779 108
84 261
792 939
211 512
520 636
851 366
745 946
45 244
965 621
349 444
243 695
379 322
812 559
603 168
878 450
421 267
149 661
29 83
461 516
124 831
449 39
973 87
295 527
137 224
826 334
131 532
7 476
285 807
624 530
650 907
636 179
241 621
381 22
296 821
576 462
911 490
673 258
313 940
220 261
703 656
637 975
692 984
969 482
729 920
947 749
595 82
360 477
272 675
211 703
606 372
66 784
628 50
951 357
831 854
431 963
655 333
750 432
759 9
954 560
488 510
628 17
126 646
90 399
338 886
383 257
70 182
778 674
20 525
467 449
328 411
745 321
505 518
110 970
300 813
817 926
409 440
947 484
228 46
195 137
877 124
754 786
856 597
360 844
214 461
621 356
651 349
776 151
630 282
404 971
635 454
334 388
132 606
272 480
76 370
361 979
43 808
211 964
717 24
532 190
538 265
941 8
64 731
190 718
684 308
904 277
645 900
145 867
489 872
444 405
270 826
374 726
755 943
10 591
28 32
206 929
33 138
916 325
391 374
930 941
533 625
354 576
985 85
491 690
489 998
534 737
866 519
202 553
453 210
736 345
141 547
551 68
858 310
505 281
80 708
141 748
33 227
395 666
975 763
811 689
915 665
286 14
73 463
675 700
529 2
340 628
736 67
22 983
949 991
517 158
460 727
413 379
878 641
450 501
175 973
9 544
191 408
829 442
850 164
211 592
288 862
486 135
373 431
59 211
330 636
246 291
442 190
236 418
22 259
127 944
2 171
533 672
854 163
409 136
493 734
721 539
65 407
790 842
325 496
831 495
98 6
118 472
587 866
297 274
512 41
370 908
455 349
64 927
814 635
276 181
235 707
749 663
740 883
756 981
991 508
545 915
507 555
108 86
885 866
316 746
269 972
892 63
422 92
865 928
897 431
613 715
962 269
271 219
850 332
129 729
243 677
521 703
831 885
296 212
618 965
558 411
827 299
60 683
671 55
728 80
222 647
93 681
268 795
648 344
921 113
156 309
586 810
583 915
646 275
99 418
89 590
118 419
660 766
418 47
507 582
445 809
974 387
474 823
152 773
591 85
699 362
981 313
691 876
491 304
382 534
588 96
890 202
332 348
943 526
894 859
977 834
609 801
687 235
310 277
71 876
988 953
320 544
773 198
118 713
38 229
745 652
579 286
838 595
232 301
957 49
977 808
993 842
851 283
627 480
873 132
280 319
168 319
526 186
523 410
395 507
183 354
374 599
88 805
796 736
779 342
100 897
594 301
11 974
507 908
361 273
897 387
483 94
409 540
343 448
207 543
522 129
655 352
181 854
668 684
84 537
348 528
622 398
185 202
288 790
730 838
338 487
112 346
240 225
49 538
482 722
369 469
68 35
52 957
999 514
429 51
286 854
859 506
802 614
214 119
799 722
990 903
925 208
773 633
207 121
168 456
455 785
225 650
408 914
632 379
171 785
933 859
699 984
808 588
328 451
618 781
944 51
841 354
585 862
888 145
505 716
108 230
902 276
256 280
534 389
90 330
537 973
324 51
370 982
84 390
417 708
780 683
251 312
682 460
217 656
489 945
605 668
311 908
24 51
317 262
487 124
546 168
305 589
392 411
483 272
829 473
948 105
652 689
809 337
218 143
578 774
673 665
211 497
104 923
76 302
872 852
418 503
673 303
60 194
587 411
998 518
861 635
985 794
706 871
65 63
631 273
302 217
279 49
531 617
591 882
394 966
202 98
399 743
341 182
184 882
308 236
163 905
996 766
840 184
423 134
827 144
323 333
740 695
67 682
614 142
580 217
643 681
929 241
126 939
840 837
791 831
123 436
675 8
936 450
330 746
362 885
823 142
221 560
172 594
373 699
219 735
328 649
390 937
231 648
175 763
626 109
113 968
481 333
77 179
179 517
350 760
675 948
950 129
846 748
774 810
646 660
626 132
186 776
795 198
476 591
747 191
913 972
940 270
437 103
362 83
932 9
116 467
130 459
159 143
12 687
459 29
301 749
212 926
50 568
210 22
382 927
793 320
887 692
578 967
55 728
216 518
564 197
812 793
192 59
466 114
649 92
138 837
258 135
791 964
833 448
75 3
855 310
689 117
915 893
82 997
303 258
545 598
217 874
503 252
836 290
823 657
452 928
851 729
358 9
477 94
541 681
527 228
558 174
324 854
821 909
980 239
494 588
524 978
133 870
76 571
70 171
191 980
382 876
742 497
367 803
518 684
528 737
69 402
787 343
105 867
798 838
929 766
810 782
457 355
439 523
955 983
326 851
577 427
949 713
716 862
39 893
424 222
201 738
685 555
887 751
832 685
829 367
672 88
421 89
729 71
103 288
908 359
45 123
101 719
443 454
636 830
397 344
685 709
553 548
216 497
144 72
857 891
498 224
609 263
871 836
963 960
958 677
648 490
34 932
115 543
407 116
78 899
602 939
188 976
471 997
92 179
600 753
12 349
837 570
628 218
870 47
919 317
939 259
822 803
229 589
620 859
362 25
834 181
556 54
61 632
59 983
675 913
79 722
546 363
174 555
745 634
652 154
477 663
438 785
366 311
334 231
631 116
394 335
49 434
805 474
296 987
989 793
821 244
667 595
450 134
134 165
73 510
408 749
502 989
271 175
352 952
886 328
980 945
481 461
578 828
524 869
326 379
77 115
968 579
206 613
404 333
956 88
979 949
418 761
209 182
527 821
77 181
515 330
43 306
350 644
917 2
354 513
630 951
948 709
302 174
431 879
425 464
928 226
840 474
315 877
502 77
565 644
651 462
72 36
277 615
474 962
562 380
54 693
448 383
1 624
622 101
870 161
288 87
875 757
342 490
874 433
341 527
81 106
653 179
762 247
473 264
499 905
114 3
544 362
340 180
228 251
912 225
67 100
409 75
812 40
703 983
103 710
31 806
811 641
688 173
859 361
15 990
395 696
404 773
472 870
963 149
702 118
932 969
431 823
948 538
171 131
378 919
426 955
826 25
236 737
853 643
665 300
831 440
706 568
528 828
950 659
140 66
245 297
619 485
65 129
753 607
968 775
743 261
604 664
696 384
770 848
853 365
15 247
754 694
766 327
975 864
267 296
111 859
691 861
772 861
825 661
769 303
139 18
807 462
715 509
609 11
912 104
327 204
522 730
551 1
993 535
223 159
366 622
997 664
511 921
791 314
384 912
339 812
45 318
280 612
138 595
211 811
419 472
44 214
211 718
38 903
473 751
346 411
399 523
212 186
474 197
277 578
517 764
631 140
477 555
756 757
182 56
368 791
212 504
722 765
723 314
551 58
481 624
311 827
382 617
934 584
459 986
580 943
624 432
286 889
115 399
531 68
56 686
447 895
564 489
771 609
617 742
379 418
526 168
559 935
668 15
755 515
66 654
894 873
449 60
151 555
368 996
243 38
873 669
760 939
42 210
854 488
774 194
49 485
714 673
256 904
752 294
313 121
407 499
667 406
936 337
26 32
987 537
238 589
920 947
628 204
343 931
164 588
896 111
377 45
348 866
524 197
650 453
298 788
482 168
393 536
174 717
319 858
668 846
155 527
645 962
210 849
553 396
611 44
545 860
459 457
468 564
58 446
658 779
469 43
892 742
690 662
882 682
238 1000
195 196
146 183
881 969
682 218
722 758
621 432
400 705
248 969
146 477
243 867
257 43
586 822
556 548
21 89
20 727
144 643
793 489
596 42
771 488
900 495
497 159
881 112
326 342
775 941
319 727
478 76
350 970
65 102
642 409
794 239
925 853
428 593
372 487
216 234
707 832
185 353
703 690
784 493
969 964
536 310
930 689
162 378
473 154
219 578
87 424
2 730
596 643
330 244
558 717
406 374
889 888
952 727
874 292
1000 214
755 770
883 555
763 628
202 980
523 154
599 922
393 662
203 409
105 857
115 635
911 628
894 526
550 928
241 169
380 838
843 347
35 352
577 532
106 150
3 858
514 338
965 766
594 141
415 892
220 887
86 839
125 499
441 226
569 608
956 48
68 609
112 637
786 38
49 658
320 569
783 845
328 330
821 366
49 132
829 756
125 685
435 6
786 2
845 67
466 584
178 722
578 956
231 74
614 869
627 36
876 308
757 220
844 547
960 19
63 19
62 272
69 996
194 578
933 385
404 136
553 801
553 633
527 72
481 148
953 283
215 986
286 968
277 135
239 364
605 844
339 122
841 144
307 195
155 570
14 760
422 497
94 186
251 428
546 595
533 98
82 874
854 948
318 539
255 94
560 69
508 994
812 938
550 548
911 402
455 991
62 960
281 294
282 291
104 276
251 711
659 325
642 962
7 770
461 519
92 689
678 46
382 891
29 370
221 629
10 978
837 703
899 664
983 736
868 213
518 455
26 267
147 228
103 81
378 981
802 139
715 265
12 232
225 945
371 82
902 57
386 17
421 332
687 296
727 750
85 319
855 407
208 455
270 654
339 505
623 852
205 352
452 261
7 74
567 667
904 331
282 179
889 209
568 189
466 553
249 264
707 305
74 588
164 180
931 342
725 17
879 271
582 788
367 173
169 812
336 529
35 155
288 496
7 289
253 994
114 282
550 982
664 955
135 588
726 345
874 689
782 922
137 255
998 441
933 538
25 926
250 716
524 716
752 849
274 170
932 772
137 667
69 593
323 470
207 689
438 822
955 321
940 210
677 114
180 622
933 667
743 321
775 891
907 501
219 687
844 571
373 618
702 612
934 536
716 160
657 562
757 635
903 749
193 227
451 98
632 124
599 320
651 548
6 526
625 231
375 409
36 572
720 548
937 349
737 739
372 531
733 87
897 513
733 805
332 268
28 799
410 417
643 681
470 839
39 637
117 552
270 408
546 605
614 618
267 47
518 450
106 831
443 472
348 166
621 857
950 165
799 351
939 351
154 14
431 386
666 8
303 66
16 538
935 750
318 125
907 777
862 598
118 994
252 534
206 212
791 74
229 599
732 172
138 533
91 200
214 710
968 832
320 181
227 225
513 280
136 340
465 907
376 694
976 310
271 184
445 939
460 23
187 329
411 253
567 556
518 406
435 594
232 580
942 631
633 676
578 626
933 911
637 590
109 530
104 730
900 102
307 841
386 376
727 275
309 730
922 418
620 640
247 22
538 621
483 690
121 219
218 836
716 718
111 801
667 338
143 622
995 672
775 280
284 14
113 373
321 972
492 33
723 199
161 298
854 129
175 989
603 903
639 991
829 642
776 788
532 263
612 859
69 415
154 711
687 55
178 304
231 393
172 264
781 914
489 639
357 346
896 432
103 687
283 377
160 554
39 759
471 928
792 584
248 90
282 294
700 157
769 363
775 443
490 304
905 433
624 756
478 855
120 267
406 227
141 980
189 318
196 898
236 469
313 397
982 953
969 334
684 200
982 262
786 937
950 71
592 212
652 721
489 784
470 479
679 475
181 623
461 390
32 446
740 174
953 226
151 988
350 566
182 150
769 145
311 964
761 407
528 692
351 735
287 222
42 83
322 24
643 27
575 19
186 626
437 252
239 31
153 4
585 670
579 705
611 157
782 547
306 543
571 471
752 876
998 864
804 495
928 113
344 391
171 892
906 982
530 406
51 717
446 192
619 38
585 992
571 457
95 726
489 344
320 855
760 474
696 22
565 755
336 838
203 435
938 121
128 483
160 380
366 19
773 464
483 503
266 155
153 981
59 77
623 432
88 628
157 720
5 176
20 928
9 119
924 455
899 514
309 456
376 262
151 17
502 869
921 352
349 722
269 433
241 936
898 465
657 308
313 607
715 646
569 325
102 749
60 771
94 24
959 981
155 701
350 816
234 781
253 329
779 606
864 622
873 744
252 722
533 425
292 461
716 401
125 346
852 710
658 144
899 946
608 394
416 824
867 815
888 42
736 114
714 398
17 538
299 244
492 540
580 26
748 444
863 576
86 512
605 12
334 221
658 344
800 663
463 151
287 294
896 35
745 699
924 338
424 672
776 380
179 517
188 63
819 971
308 444
966 861
440 671
384 762
300 426
109 77
65 738
584 261
882 281
680 317
56 475
189 997
367 353
359 831
247 585
232 627
627 843
909 787
773 885
576 576
520 121
161 251
261 818
632 989
215 410
693 519
727 527
681 762
672 218
658 689
507 654
483 378
733 535
529 953
133 128
807 637
942 587
131 217
411 742
127 92
182 960
265 82
567 672
211 96
75 46
635 667
283 576
100 146
833 695
948 536
470 847
964 371
735 435
699 928
699 22
75 60
127 371
882 300
898 829
275 94
929 752
771 550
116 47
236 962
487 379
645 55
722 75
247 506
858 38
898 919
830 66
974 29
746 65
43 719
679 431
33 845
681 917
392 105
128 209
594 771
927 668
580 549
880 626
529 504
711 974
246 502
530 555
71 885
728 932
489 346
342 661
14 635
875 31
556 644
670 216
110 52
762 633
209 37
489 142
64 575
990 521
289 917
361 896
422 726
487 619
165 597
712 230
345 218
383 381
126 207
982 299
576 636
223 578
709 356
132 686
14 974
159 777
99 476
643 609
500 239
401 646
320 521
372 933
418 785
166 399
855 11
416 50
449 262
166 583
407 380
241 650
851 909
427 726
154 636
214 662
232 656
270 197
801 565
242 311
553 97
607 6
397 911
853 486
848 895
32 472
383 980
384 819
685 252
913 438
936 924
372 960
394 322
84 297
985 905
562 766
31 232
746 872
490 539
44 181
877 865
195 118
206 116
649 896
710 172
897 283
60 556
972 54
810 596
973 561
638 557
197 657
395 960
271 119
973 527
805 673
225 651
313 896
882 972
789 689
949 876
620 212
846 973
766 664
193 270
496 917
210 706
794 848
829 544
575 475
991 268
112 706
690 925
90 87
469 37
915 614
274 828
73 26
207 77
691 358
69 176
662 165
452 510
265 595
333 520
465 146
870 57
798 238
722 231
156 89
999 230
355 704
710 509
216 651
118 262
162 905
512 930
117 410
612 275
210 587
900 25
869 486
412 630
286 519
976 562
337 96
638 255
118 62
295 709
233 201
867 408
267 216
962 61
975 195
323 921
806 535
425 466
643 526
32 827
848 148
197 173
264 651
76 785
362 432
719 614
444 835
54 897
878 243
145 912
467 136
16 846
52 191
156 699
492 434
443 953
932 293
103 736
665 554
704 858
329 182
950 472
714 962
719 635
163 370
287 515
449 361
251 404
612 60
573 420
711 626
307 287
67 411
816 483
252 982
274 500
563 881
722 313
274 668
151 85
803 166
467 263
642 191
628 626
102 84
917 598
116 303
298 613
12 996
608 15
258 957
554 998
686 759
605 179
532 731
253 79
917 622
245 883
693 969
804 793
747 801
579 552
963 64
80 875
983 858
397 11
378 794
257 689
556 890
566 381
729 926
497 522
538 746
630 751
586 55
98 855
969 91
607 178
381 813
395 698
877 653
905 751
932 546
638 683
652 258
349 167
376 94
636 180
288 90
357 563
801 290
358 102
875 880
137 20
833 967
61 601
644 187
739 819
577 574
25 510
102 205
819 889
369 473
957 719
209 735
130 200
83 912
288 389
374 610
762 951
335 909
884 608
854 478
483 456
239 527
659 986
626 485
486 348
108 545
636 275
100 472
589 68
918 211
993 972
860 112
480 634
791 823
139 271
530 405
601 781
536 244
194 597
529 1
664 335
617 85
625 78
769 237
463 737
700 674
344 76
635 170
238 621
82 717
223 599
665 168
870 450
763 877
992 281
634 354
408 530
641 877
797 858
17 399
887 319
997 558
941 276
949 80
713 664
103 959
962 247
81 488
625 7
305 115
773 741
589 918
967 814
307 242
734 814
587 332
365 188
991 869
192 916
426 947
859 676
310 622
771 775
524 748
290 965
240 261
895 889
619 415
212 913
967 235
254 330
63 270
545 690
428 409
642 980
784 274
58 583
455 657
58 95
889 68
697 459
882 331
584 981
795 980
399 501
630 384
53 199
541 332
355 488
899 713
641 709
801 173
65 947
563 40
111 632
889 976
511 401
391 69
247 834
45 61
784 474
407 513
929 547
853 319
428 174
661 6
511 5
884 485
317 848
65 252
459 625
114 728
155 167
525 844
572 943
713 731
231 54
482 431
764 480
744 869
971 37
672 111
508 902
914 352
695 876
577 579
421 578
734 69
453 286
198 430
791 964
703 941
325 123
191 9
117 894
5 888
737 612
342 3
342 416
33 592
704 769
819 63
501 459
437 718
614 597
217 270
265 457
952 3
721 704
422 599
76 43
284 231
356 99
526 357
927 65
331 628
375 918
336 544
267 757
965 51
908 276
550 57
217 175
291 789
11 181
240 593
674 121
222 755
158 690
40 58
198 275
711 5
509 692
135 436
448 703
504 485
25 116
429 896
887 269
224 116
100 514
996 496
957 647
402 394
446 929
173 92
364 653
334 946
312 673
1000 861
539 337
981 931
396 691
663 124
84 971
328 654
307 352
258 187
239 605
272 22
692 273
700 194
231 535
574 650
114 247
971 234
4 651
100 485
886 323
723 204
182 178
729 838
424 990
515 890
344 20
592 798
705 697
189 100
209 298
65 208
106 981
673 987
691 798
541 251
989 939
257 728
367 104
421 913
251 276
294 157
134 106
195 123
220 329
296 74
729 685
238 929
985 244
993 176
17 689
537 21
859 412
738 409
958 559
955 728
988 107
883 389
931 897
591 147
741 402
230 853
55 960
709 783
245 882
131 954
197 684
967 292
328 220
572 878
292 894
908 4
92 345
122 25
918 649
726 512
524 827
885 244
572 355
167 921
552 633
727 56
191 671
567 175
322 949
721 839
120 358
943 172
306 104
315 313
807 840
416 153
889 500
727 391
231 199
587 967
377 400
382 186
295 667
241 550
155 654
440 468
226 502
308 825
118 824
575 413
839 400
451 823
869 621
428 790
992 442
737 25
753 487
303 673
134 759
6 274
314 320
986 118
466 757
251 89
33 263
949 742
461 256
657 800
663 647
90 706
943 583
657 104
534 719
306 4
523 467
77 554
167 737
429 115
264 726
364 590
425 351
925 659
377 824
137 430
920 984
179 594
269 843
340 147
74 551
399 531
934 719
38 278
98 835
931 613
981 662
760 439
24 655
344 508
19 712
323 568
166 370
358 398
529 695
937 562
228 527
511 454
591 460
385 398
212 797
172 580
944 39
974 612
78 423
445 41
795 961
808 431
227 101
964 999
371 164
256 854
789 735
673 485
863 817
831 866
484 976
822 150
105 24
478 574
89 135
148 787
90 74
415 33
982 535
75 851
43 777
617 85
139 216
373 257
293 694
95 379
858 90
955 925
17 705
393 356
979 928
173 176
887 323
952 808
903 666
821 524
778 839
93 177
928 377
451 257
953 619
129 464
286 61
714 232
990 370
213 862
811 513
816 723
794 629
187 899
383 141
217 433
590 36
875 282
395 50
668 285
899 641
277 681
81 545
187 735
570 812
84 940
433 634
54 793
908 423
721 931
349 200
359 579
346 66
43 646
589 227
527 934
628 439
844 71
866 164
798 139
740 70
998 559
646 908
606 140
636 473
616 134
385 476
840 192
627 784
677 975
420 517
764 914
451 277
589 649
513 656
140 267
5 552
369 174
192 990
185 274
66 267
410 174
35 655
251 778
274 534
714 4
338 494
339 939
272 59
56 79
815 131
884 815
20 955
791 1
785 927
981 389
326 869
415 362
916 692
128 840
680 229
841 93
558 17
301 233
459 450
254 953
186 952
326 175
249 533
615 984
353 746
532 973
480 256
773 667
522 808
279 499
92 500
578 122
385 843
609 290
261 545
301 680
220 476
99 916
284 944
817 164
398 756
85 232
73 467
198 111
439 772
737 514
967 611
77 268
553 149
615 280
197 560
423 754
572 769
377 292
445 275
381 291
298 479
824 856
856 6
9 360
115 377
972 668
383 674
43 250
912 656
879 386
675 367
795 617
11 662
954 577
933 295
540 527
908 802
462 20
158 114
262 333
524 614
642 516
190 874
514 212
157 443
706 152
704 711
394 13
839 195
589 795
731 450
997 608
932 805
501 269
601 846
878 911
292 723
139 887
851 697
756 891
840 687
79 579
738 519
874 4
114 160
907 496
543 878
808 388
482 697
631 857
963 58
936 692
466 873
893 63
246 785
513 221
618 474
54 321
483 919
861 784
691 502
746 594
673 531
486 285
935 508
500 642
83 990
844 470
190 855
66 867
256 674
799 964
946 982
751 716
362 847
274 504
875 724
588 344
146 143
182 650
34 728
930 647
433 922
546 140
945 981
265 971
912 946
728 23
192 994
515 763
384 232
202 388
393 538
305 498
361 836
104 876
323 84
451 929
70 695
66 295
722 35
979 743
966 211
603 127
260 695
721 871
667 681
643 389
36 552
335 329
318 497
996 697
331 657
838 126
312 268
573 805
585 874
478 1000
650 972
513 451
815 539
697 399
21 354
359 609
479 191
616 372
42 854
18 363
761 510
635 288
281 569
474 200
846 584
388 397
197 909
496 554
128 200
211 755
165 331
318 682
575 382
99 499
388 483
195 977
589 947
35 470
713 263
145 207
970 199
772 558
182 743
50 135
935 189
312 387
148 85
942 304
750 757
664 126
779 865
126 851
647 920
988 969
654 597
507 755
547 599
750 691
677 9
62 711
476 834
447 423
792 623
833 121
835 940
103 518
250 431
787 538
135 485
456 607
226 59
679 98
827 462
843 757
514 667
293 36
848 312
88 536
979 105
46 135
510 316
737 985
470 653
211 893
806 987
487 154
756 137
965 126
610 902
282 667
550 893
397 933
818 102
507 317
452 931
101 721
479 940
573 289
225 747
508 756
371 785
751 777
196 167
989 279
246 510
971 877
320 888
912 162
298 188
937 286
156 934
622 287
463 516
563 934
762 242
704 471
230 471
562 764
251 806
224 691
721 166
350 171
688 59
621 579
256 210
73 4
761 977
642 882
157 20
636 398
681 801
527 527
80 942
591 508
456 229
4 636
762 471
924 54
142 118
956 793
333 649
515 557
669 324
880 224
921 805
374 651
998 808
991 811
96 332
862 608
331 908
539 552
641 55
155 5
467 33
150 451
880 472
223 547
615 175
952 627
819 230
579 700
330 32
730 539
430 723
448 776
292 780
661 914
311 113
437 848
269 644
490 217
769 239
158 542
864 307
394 363
468 183
578 105
228 807
815 591
858 762
227 60
515 36
832 847
547 394
82 520
510 232
760 580
224 846
167 772
902 231
31 510
491 233
92 75
28 215
254 431
884 10
929 285
241 132
550 993
437 707
1000 995
78 68
824 930
702 934
218 143
795 795
878 694
776 346
144 881
475 575
759 244
677 266
282 354
197 172
494 510
165 453
9 939
987 665
91 397
842 462
727 766
390 895
215 114
908 212
925 851
327 752
723 597
836 914
828 339
119 932
200 593
764 463
684 935
887 501
696 949
580 534
311 289
56 524
730 866
405 318
494 537
946 497
161 259
409 642
817 688
208 781
997 775
465 1
698 592
633 642
911 24
404 710
985 817
631 736
48 535
853 497
432 484
660 201
17 212
589 898
368 922
479 950
988 666
860 516
313 588
674 735
200 568
875 335
285 684
181 134
976 728
915 467
181 762
731 475
708 10
158 459
529 296
980 63
45 176
821 927
3 637
544 908
796 100
416 311
979 212
634 19
634 949
536 646
404 933
345 700
200 36
374 996
157 946
127 833
304 172
236 634
591 131
645 906
522 76
155 608
756 65
812 969
286 206
915 9
645 557
869 894
703 602
45 517
370 120
616 786
214 603
154 717
765 372
336 768
314 304
188 290
207 993
21 270
477 747
891 941
536 536
47 264
281 981
649 423
426 859
528 4
997 663
630 929
934 202
897 854
604 737
404 443
836 302
619 789
374 709
715 448
206 232
111 506
12 756
388 808
869 570
142 839
447 687
409 444
497 748
129 812
841 198
330 741
572 31
857 75
697 187
768 948
358 668
542 676
50 367
549 338
561 973
386 1
420 587
777 656
470 890
631 19
976 559
238 863
309 852
404 906
615 645
76 304
304 516
43 895
714 254
220 220
544 108
877 468
706 963
648 333
85 916
811 921
433 405
576 418
169 509
966 904
614 660
774 821
397 745
526 418
732 338
250 223
809 280
638 463
171 784
261 137
623 899
605 696
332 86
553 548
359 555
174 424
1000 247
230 217
27 722
440 837
441 866
173 394
668 24
109 362
750 369
752 918
602 550
174 320
770 180
568 351
8 973
364 607
188 958
276 830
404 439
207 969
319 742
415 29
146 668
378 422
59 326
378 739
609 853
125 127
633 238
61 362
826 251
640 103
555 785
105 380
487 504
325 4
24 854
704 760
473 172
734 1
35 159
706 240
169 328
498 127
476 693
624 638
695 326
707 710
67 288
812 497
21 126
914 64
747 227
406 59
467 881
911 141
709 877
200 278
51 224
421 751
504 928
474 553
158 133
148 743
838 20
245 359
245 527
580 508
345 995
251 583
656 9
631 794
785 447
244 3
512 404
839 896
302 870
497 341
128 496
115 55
819 668
276 772
518 69
957 593
217 417
294 675
438 687
406 894
375 333
70 761
135 652
446 680
919 386
304 305
635 327
224 968
547 696
786 299
547 888
860 861
291 818
247 55
879 304
346 43
175 215
655 336
489 992
140 113
250 417
12 437
129 666
76 672
277 593
926 97
41 998
385 10
335 703
742 212
914 238
925 472
506 686
694 470
884 129
609 882
920 61
47 546
729 546
910 369
296 742
912 304
826 417
956 24
165 313
228 736
671 719
918 637
79 433
468 981
730 526
531 3
327 517
191 263
68 342
422 955
623 303
169 15
341 544
126 301
406 55
400 93
543 182
893 203
583 224
703 828
538 711
212 341
505 961
607 980
368 302
852 708
511 972
967 46
282 19
806 843
897 666
522 179
64 240
147 608
32 291
121 171
4 645
291 407
597 1
156 441
647 395
409 878
586 53
476 21
881 355
916 761
318 856
411 376
612 158
30 358
380 283
809 483
481 830
321 841
500 190
463 559
160 731
276 464
655 707
823 421
467 951
721 959
918 651
226 118
595 449
520 589
618 815
215 987
288 404
284 35
108 807
993 53
420 176
477 67
926 813
49 101
95 871
283 213
927 578
303 644
315 576
97 915
866 591
748 763
337 414
574 14
95 844
481 395
937 922
940 605
495 387
624 69
421 819
532 612
371 309
50 554
118 700
671 58
885 699
999 811
836 973
854 664
484 158
400 297
249 247
498 584
859 286
262 445
702 628
244 995
106 957
683 560
803 475
140 521
633 820
128 459
322 135
52 355
428 531
308 96
531 585
342 395
401 517
651 358
720 232
9 890
530 889
467 991
546 607
23 784
760 497
71 860
521 374
289 767
397 853
935 254
656 375
856 135
817 248
389 423
629 17
621 985
165 185
249 758
92 495
456 584
42 258
69 893
620 578
60 634
377 220
776 638
582 473
808 818
675 447
14 48
532 167
975 569
906 349
221 741
791 580
240 943
877 479
232 887
312 937
253 230
15 86
648 685
951 295
719 430
688 26
989 121
566 808
991 9
33 358
664 597
757 876
934 231
179 289
666 688
390 445
188 234
639 829
693 365
218 498
924 594
207 274
82 779
850 54
573 433
674 235
553 788
766 137
970 264
475 247
179 706
47 725
258 6
506 400
449 460
912 793
839 103
360 302
821 149
295 824
538 314
478 28
672 244
240 882
476 472
997 753
497 356
938 857
942 179
959 71
731 748
887 132
784 795
491 327
743 943
640 350
397 762
476 1
253 653
365 432
188 577
226 119
286 238
792 961
480 776
270 258
308 909
889 180
936 752
865 35
207 585
970 305
30 211
60 859
976 645
548 9
387 594
857 410
433 137
559 22
240 597
607 282
434 621
509 896
230 677
433 172
701 628
695 992
350 692
263 464
498 462
845 471
640 763
594 425
498 971
657 223
551 242
411 38
903 678
692 928
338 331
67 873
673 151
302 531
691 358
484 570
354 887
505 25
651 221
573 444
610 206
573 820
91 744
601 614
322 919
4 380
108 32
520 442
940 626
983 778
663 16
738 873
520 432
550 663
917 726
763 539
376 970
363 501
127 677
921 547
652 217
423 588
101 886
126 704
397 317
290 622
737 169
436 835
245 73
534 314
189 872
578 887
156 821
92 43
512 820
251 971
259 786
68 361
316 932
447 521
908 481
696 69
994 228
751 586
7 339
305 897
955 971
924 87
494 513
399 597
151 506
288 568
521 364
892 242
9 779
930 927
354 637
800 681
41 118
349 181
256 709
469 444
903 653
857 651
263 909
964 3
693 768
31 737
85 398
613 535
516 737
176 650
917 161
266 394
622 697
965 941
632 679
188 371
538 240
263 899
853 193
939 637
369 807
208 287
656 288
329 769
550 104
599 240
559 918
151 870
761 164
527 968
253 362
621 735
970 835
784 952
394 334
189 660
660 862
187 305
200 291
471 966
70 839
193 731
895 154
173 799
530 79
196 840
297 652
160 471
289 54
171 385
886 659
328 327
996 110
161 854
55 174
560 824
828 103
221 698
342 727
126 516
994 522
522 468
731 431
6 627
871 505
992 198
279 448
311 454
363 37
200 273
236 385
130 543
769 574
132 277
754 716
25 461
632 318
475 604
67 219
557 411
170 21
416 807
719 701
871 130
968 261
427 895
360 812
807 409
475 926
36 989
29 730
671 147
508 90
134 657
978 630
999 296
964 833
418 445
213 514
529 609
300 93
679 970
793 104
886 248
172 934
319 808
655 543
543 781
735 870
844 338
654 610
748 913
260 133
294 935
25 232
158 749
365 309
557 857
65 540
816 155
915 575
460 304
582 269
280 667
543 275
508 447
785 934
106 974
914 578
604 925
148 718
861 573
709 854
942 220
327 64
651 778
913 87
972 197
148 867
813 757
358 567
414 848
723 354
571 503
599 439
60 191
917 165
423 474
379 943
489 595
723 140
81 581
380 728
918 429
264 378
699 244
675 228
434 902
426 894
574 629
25 628
519 334
596 579
698 818
623 248
567 407
518 457
369 445
46 353
969 562
898 672
804 358
423 985
536 632
584 147
227 135
322 913
964 881
609 338
672 967
954 25
750 111
207 878
252 745
406 955
336 251
330 255
527 773
657 111
49 366
404 664
259 61
410 982
836 176
221 713
816 80
851 763
792 235
86 331
376 25
309 20
360 928
969 158
156 689
961 996
860 48
974 685
572 127
423 932
341 523
526 856
290 654
746 468
316 180
739 424
407 878
233 750
843 738
750 462
291 664
447 130
137 870
950 403
456 550
347 530
33 187
343 696
471 80
671 838
427 912
719 518
968 751
156 376
168 807
225 526
261 764
275 473
777 1
789 560
495 265
789 328
911 15
365 191
470 349
323 225
995 145
289 379
132 580
85 427
831 801
90 277
377 468
782 415
890 176
538 742
479 248
669 423
807 839
217 959
719 448
229 139
886 335
201 570
393 349
421 469
384 448
434 486
799 288
791 846
150 276
629 389
242 747
236 598
250 739
356 432
2 86
789 54
195 904
247 672
417 666
794 64
412 50
912 958
912 905
846 973
165 883
183 627
575 139
897 605
622 684
965 112
760 9
355 185
67 838
580 558
547 372
550 627
146 649
556 719
594 814
203 676
981 975
663 154
990 966
700 220
342 41
389 57
383 632
248 860
132 744
839 221
400 970
64 47
162 500
671 448
839 287
535 715
712 255
821 641
368 15
101 963
287 370
634 370
290 763
810 288
880 678
608 308
102 692
545 514
660 675
823 289
630 820
17 803
541 915
545 584
883 579
412 203
914 599
782 219
710 794
931 220
478 40
215 108
615 67
495 822
457 303
798 218
248 254
1 35
36 156
211 135
145 28
922 835
448 633
200 301
748 774
243 872
982 895
789 635
954 245
124 930
808 7
291 148
572 379
896 179
541 57
84 631
674 608
742 659
264 951
88 31
549 382
160 812
169 426
353 563
968 620
776 503
433 867
439 46
162 53
925 995
57 522
243 823
364 106
544 300
994 585
799 97
464 282
948 169
766 313
419 35
967 256
145 819
188 203
272 56
90 436
999 364
127 527
112 127
561 623
641 981
863 168
804 867
478 98
174 110
189 525
843 100
209 951
665 608
314 183
88 66
700 206
713 773
503 265
236 640
824 880
728 350
374 554
887 349
125 447
183 875
670 364
442 140
229 851
14 245
570 384
870 429
465 805
760 70
922 455
566 873
561 558
765 727
551 817
40 640
359 560
5 848
82 816
103 637
796 27
907 971
300 421
147 520
456 112
406 272
631 697
405 513
477 584
656 784
426 668
463 899
371 869
442 541
832 496
594 998
996 455
525 336
769 542
158 35
449 767
298 553
846 367
900 803
434 735
82 42
992 108
61 279
529 943
205 683
752 381
763 31
215 648
206 862
359 180
95 918
292 563
52 251
511 538
72 156
42 905
193 844
967 263
209 362
994 676
758 745
434 758
843 545
620 476
436 676
632 614
94 842
314 819
388 677
698 544
979 462
357 832
847 902
561 111
628 270
213 870
102 880
343 602
369 667
340 637
842 523
819 316
843 190
714 671
443 224
616 204
28 304
465 987
820 689
902 875
884 930
658 316
252 342
166 804
949 181
429 762
685 361
73 878
511 306
12 415
984 811
368 899
291 770
632 219
606 332
116 180
147 454
193 871
816 285
31 409
663 223
281 428
183 184
672 724
225 422
737 603
467 117
18 214
985 21
161 558
679 711
901 904
832 323
51 309
354 748
562 363
8 642
159 362
847 23
2 7
201 131
367 932
197 921
207 542
228 983
660 950
510 914
528 785
915 111
959 688
971 179
56 289
895 749
528 348
733 862
470 814
119 80
488 177
244 372
629 26
830 250
362 146
27 53
325 710
725 876
141 183
522 107
935 715
572 256
378 626
9 14
5 337
924 141
427 939
714 688
390 867
655 901
81 491
175 393
261 304
85 98
829 163
375 971
290 505
431 739
295 740
276 230
749 873
967 58
889 408
783 740
17 559
325 593
739 119
288 517
775 429
955 879
303 555
682 491
342 332
857 135
974 859
69 342
256 477
216 56
665 402
465 304
607 504
770 301
936 144
720 673
667 975
575 629
132 30
508 779
749 323
25 779
744 190
644 270
646 45
71 526
283 224
922 964
767 229
525 977
526 285
991 110
345 541
114 627
987 151
955 124
237 502
215 31
179 789
529 839
101 721
549 84
687 202
457 97
169 926
62 637
79 287
843 618
201 416
842 169
325 475
842 548
848 134
331 755
313 361
133 184
303 905
505 435
605 577
286 62
573 132
686 41
162 132
318 647
860 926
897 48
48 532
326 694
78 49
638 16
305 57
87 713
74 654
75 153
430 468
25 171
907 246
499 982
959 966
503 317
281 25
647 895
350 193
312 471
477 969
182 804
764 100
383 338
265 311
276 24
497 875
627 329
692 412
759 91
927 628
358 402
249 824
210 278
910 634
881 704
527 766
182 761
720 869
549 612
665 236
978 23
326 806
179 126
775 806
65 152
840 750
756 272
442 812
436 749
896 95
344 466
219 142
827 295
471 57
874 22
676 222
863 959
861 485
169 28
908 861
882 670
204 565
728 358
950 163
276 804
301 841
150 148
66 891
791 4
64 674
725 736
537 660
410 310
55 473
550 258
628 128
401 195
859 96
714 508
356 551
370 740
604 335
337 319
114 644
672 778
596 215
366 258
160 702
876 350
347 105
440 617
925 415
278 753
139 271
666 531
4 255
591 748
685 577
155 1
533 1
521 488
33 152
205 157
121 596
668 502
201 758
729 111
121 58
49 847
486 858
960 465
311 140
810 981
80 423
139 756
474 882
439 991
289 110
731 944
613 559
377 903
50 526
369 582
704 842
346 94
547 242
829 608
260 940
755 469
558 58
58 543
90 64
876 301
283 159
575 939
811 13
574 439
764 587
366 470
56 621
434 573
770 518
152 224
835 561
594 910
670 761
678 322
67 882
198 316
560 461
273 430
267 168
392 960
65 580
562 45
235 477
480 196
916 934
297 719
932 802
160 575
136 772
225 894
887 416
663 779
910 424
721 578
637 112
817 513
336 409
508 693
480 906
764 603
23 586
897 407
167 144
467 416
948 155
930 986
69 555
311 538
319 678
976 302
602 683
848 715
866 875
516 973
207 234
143 26
589 819
543 919
565 673
389 50
434 943
145 46
349 441
460 234
378 193
293 786
841 243
405 29
630 73
154 669
880 495
792 266
782 240
75 47
565 871
342 411
779 151
559 450
752 556
16 834
936 992
504 654
370 55
232 670
508 483
615 149
668 160
63 730
584 593
653 560
687 297
204 85
726 131
675 119
789 227
2 770
375 435
537 763
61 495
986 305
564 321
650 766
922 878
476 426
557 342
901 944
196 736
729 568
300 20
653 283
708 375
731 634
241 170
881 832
811 964
170 219
222 499
611 39
242 783
47 235
652 296
820 449
299 890
452 394
547 360
333 592
229 655
409 723
349 782
279 861
403 268
544 6
251 890
147 120
69 13
25 723
117 182
761 67
68 457
725 981
757 225
52 350
841 666
214 516
756 454
571 138
549 57
788 489
426 349
360 745
18 135
369 420
817 952
237 452
399 828
861 632
585 30
993 419
615 59
73 69
300 218
901 576
722 675
87 52
587 477
540 715
681 901
527 341
430 430
894 902
445 460
883 659
663 536
476 273
727 111
611 134
447 851
326 982
760 928
272 223
70 392
447 405
546 584
268 183
942 737
198 112
372 927
743 935
704 845
437 423
817 696
626 216
524 752
789 380
121 634
863 347
380 336
31 327
693 31
118 777
529 976
868 322
742 991
153 891
11 695
357 277
566 269
824 130
548 801
938 378
492 880
117 591
316 68
558 562
651 922
639 11
637 675
488 565
451 763
266 391
504 246
562 180
637 734
780 700
101 286
574 49
738 34
904 707
422 188
435 52
619 193
599 365
924 410
99 375
849 916
240 683
783 632
902 987
262 547
511 686
953 839
135 592
57 417
634 103
51 921
950 215
885 21
124 855
677 406
875 218
90 433
678 743
337 719
233 762
697 613
895 537
895 173
655 191
147 851
298 876
297 290
623 794
378 309
824 242
984 485
858 142
565 945
225 140
909 914
929 217
679 819
990 427
400 591
213 302
343 682
657 113
546 495
127 310
696 537
554 909
150 634
344 481
274 31
890 633
899 225
408 137
831 101
387 687
938 237
402 222
454 438
837 558
453 992
725 18
537 257
506 416
661 506
531 405
690 312
554 255
235 180
109 361
281 124
223 522
991 312
724 214
774 781
640 899
507 269
873 182
333 237
473 60
599 430
333 769
92 390
880 884
653 700
937 905
669 902
224 941
966 54
941 358
609 169
218 481
43 223
812 474
666 782
13 743
940 687
357 165
496 791
637 778
418 488
242 457
844 325
320 129
360 881
412 702
527 801
937 807
645 493
900 206
226 819
696 691
682 292
91 162
262 6
375 648
561 224
954 329
972 193
30 685
539 545
554 175
366 565
463 949
273 344
755 379
68 117
546 688
883 518
8 222
375 216
840 926
131 820
952 650
287 272
963 50
17 684
813 488
640 222
219 243
543 102
304 152
160 850
585 124
734 403
219 875
201 663
591 541
870 781
660 643
605 836
845 270
937 612
183 985
228 306
293 90
448 753
36 501
262 108
751 505
195 365
356 960
686 945
68 683
764 298
407 669
52 108
726 67
468 648
79 10
306 355
453 841
403 304
422 50
815 642
315 710
867 611
515 854
654 641
952 442
324 147
432 158
238 976
269 800
848 48
414 92
306 961
620 848
336 531
422 16
90 668
413 891
164 910
920 108
663 228
114 770
94 32
583 504
10 808
586 854
511 844
970 990
653 554
17 535
39 987
732 134
655 643
534 584
144 116
236 906
955 860
178 105
227 754
340 538
609 221
662 891
792 589
581 296
826 808
84 975
257 799
984 580
583 22
380 406
191 223
150 8
353 159
192 81
50 88
688 476
345 358
904 17
828 450
518 930
41 146
989 823
309 31
467 979
448 189
217 476
543 230
526 806
953 560
492 825
771 730
906 951
500 603
72 127
177 387
750 829
842 128
589 927
723 51
372 225
4 104
900 602
330 890
885 317
628 92
175 137
102 81
650 106
577 37
590 421
681 633
963 352
198 827
819 744
796 99
907 40
923 584
862 113
375 337
282 956
393 877
808 306
332 363
216 53
953 642
523 260
531 395
759 355
204 498
55 656
486 728
465 487
315 452
70 383
190 501
301 11
584 458
984 147
572 258
893 672
938 772
806 467
408 177
42 294
156 333
386 665
363 969
764 767
510 268
196 70
352 581
758 947
217 939
141 324
958 253
327 468
518 354
535 570
774 787
458 810
590 420
594 954
170 823
894 638
571 24
320 926
19 482
285 251
260 480
849 765
234 181
473 119
980 333
214 673
831 337
961 462
395 407
425 420
644 8
774 502
586 585
290 781
209 354
987 763
162 354
379 326
433 288
864 227
532 644
676 145
834 124
45 930
74 423
206 829
48 902
893 183
123 325
579 509
490 735
519 963
482 344
979 344
289 352
941 992
31 574
512 969
448 811
905 422
323 75
690 527
766 224
626 743
431 895
626 245
172 312
449 811
164 18
826 74
452 821
289 788
388 390
922 433
631 22
738 59
30 123
547 89
134 310
757 1000
157 524
727 413
825 133
602 804
705 720
695 293
594 933
563 737
83 457
314 985
313 302
666 464
668 896
483 996
424 673
118 921
261 461
395 693
1000 215
281 621
120 131
506 143
545 50
836 582
604 505
177 738
181 817
879 445
932 113
490 102
933 136
989 274
696 283
141 974
953 277
446 214
97 18
43 130
339 611
810 947
888 837
254 747
268 721
388 650
198 974
918 273
76 715
107 875
805 413
29 127
541 135
273 104
348 301
899 445
719 680
575 961
262 5
161 956
876 870
974 744
451 503
569 996
837 282
735 389
692 580
547 368
154 573
835 322
130 68
104 24
37 937
834 847
822 145
386 629
295 126
911 542
873 316
458 768
368 261
545 311
189 366
447 858
346 488
562 740
513 232
708 164
414 887
28 725
384 482
386 799
644 763
102 836
250 910
401 571
326 837
234 761
64 421
26 971
709 607
872 894
379 864
7 471
945 505
211 987
549 863
664 32
748 908
115 506
805 956
254 919
702 9
808 179
86 504
811 813
553 66
829 528
592 660
839 475
150 415
177 442
116 184
620 26
221 777
582 241
603 654
274 44
304 938
997 678
230 975
18 432
752 1
751 411
726 708
550 752
933 425
677 273
541 46
758 845
241 363
576 344
682 413
444 296
957 246
704 73
432 435
960 426
433 509
384 486
815 849
731 876
367 312
327 544
832 191
999 23
399 760
960 71
732 872
732 53
915 367
378 108
973 83
563 861
300 717
447 657
642 74
198 961
203 387
688 655
230 77
654 618
848 370
22 918
136 983
890 473
44 940
834 944
587 423
957 944
90 801
4 293
887 543
736 262
785 434
535 118
606 536
867 901
594 584
274 998
575 538
199 895
840 501
111 795
356 287
774 891
409 89
424 57
111 392
312 683
673 733
468 806
184 158
414 265
863 227
749 366
376 273
658 556
861 875
20 15
528 188
556 646
963 742
881 269
281 358
326 617
44 109
375 126
836 177
584 20
22 938
302 750
138 317
363 626
973 285
102 147
133 949
497 626
328 519
641 785
293 720
658 767
280 745
137 415
723 752
328 792
784 597
101 30
744 909
355 96
943 699
7 160
301 10
716 958
246 764
544 277
59 38
877 989
535 97
361 631
523 971
998 892
459 988
786 639
607 354
560 110
555 5
278 173
911 979
765 562
935 957
724 602
460 784
813 683
977 102
975 200
63 186
450 185
201 583
486 360
553 786
164 956
89 707
723 242
771 697
597 887
338 291
647 439
198 447
780 505
484 566
659 121
284 686
949 965
273 751
912 681
341 511
94 19
650 894
446 87
273 954
682 523
591 141
480 852
627 634
474 448
626 555
470 626
483 478
662 210
980 899
656 978
547 568
591 58
725 773
400 796
962 776
230 736
903 427
79 650
995 601
109 351
850 292
14 836
109 786
173 967
952 475
238 52
267 573
813 561
26 728
456 466
461 123
481 734
976 109
805 248
548 708
823 822
796 898
765 366
177 891
506 420
783 152
27 629
38 103
330 488
841 608
374 832
530 721
545 251
180 396
849 966
744 412
975 710
225 859
147 288
936 191
790 586
104 8
534 736
795 580
622 712
403 492
995 206
674 164
448 905
971 30
443 388
198 984
765 142
72 633
70 874
360 496
31 408
572 77
231 194
242 262
407 552
55 948
693 956
475 667
269 471
587 982
787 898
230 776
842 158
441 643
248 45
955 421
616 454
249 831
966 925
875 181
375 512
357 856
22 443
799 79
272 309
534 713
825 681
785 4
461 254
324 778
672 847
272 839
662 516
489 892
980 431
367 663
885 440
38 625
766 682
310 462
409 939
315 272
630 480
590 397
718 255
426 141
671 139
976 629
443 291
587 710
272 579
853 894
153 521
744 341
3 969
534 610
129 626
418 444
337 887
949 890
917 903
714 187
523 318
265 854
893 314
128 60
10 542
701 969
179 514
285 631
903 297
193 50
623 273
500 692
850 63
486 539
51 656
252 199
30 785
93 701
919 17
54 494
706 610
695 960
404 323
893 204
353 824
70 894
555 456
495 793
226 326
33 568
382 10
544 230
535 109
803 975
814 536
503 445
977 277
100 548
355 52
30 413
105 304
117 319
790 592
773 633
296 750
935 730
633 747
415 258
302 505
492 198
12 688
362 319
790 26
163 683
584 942
234 891
639 280
111 756
767 936
86 566
316 799
15 784
233 221
751 930
172 790
270 961
679 543
648 742
281 470
932 455
387 472
224 605
764 721
762 213
334 447
1000 31
966 303
706 762
687 271
506 382
240 234
131 968
25 296
47 794
522 747
936 408
325 954
8 715
831 513
40 130
563 872
133 861
567 600
758 336
684 913
208 638
162 895
762 923
722 104
521 889
482 335
917 876
109 653
962 342
728 58
560 52
350 456
108 758
429 73
869 347
655 428
951 219
210 60
251 51
48 312
989 725
496 317
365 101
235 279
767 37
256 452
259 402
392 761
213 676
498 666
894 170
73 623
329 996
897 753
255 343
229 977
12 669
508 26
247 546
71 722
342 280
533 973
752 548
608 370
481 166
862 348
593 45
152 346
869 697
486 375
685 655
336 178
220 633
159 639
940 899
10 685
935 743
841 759
639 26
486 299
318 773
175 573
887 764
398 581
155 610
585 85
549 788
154 44
591 257
463 709
498 177
851 337
906 443
508 945
184 676
443 389
646 479
263 111
102 928
250 936
484 56
514 611
735 212
401 85
12 622
158 707
291 906
218 924
360 978
540 939
243 619
630 838
993 110
117 74
473 664
820 996
783 834
210 761
748 953
127 367
676 47
947 954
502 560
456 752
280 415
211 749
825 6
47 280
813 41
89 740
717 180
221 960
540 432
263 568
451 330
523 921
837 804
191 480
100 547
587 772
346 271
352 232
601 526
870 546
668 561
388 583
331 172
700 716
299 755
188 862
316 864
830 444
961 654
584 375
859 225
405 89
647 467
211 139
427 913
659 685
477 36
12 346
428 945
393 441
669 449
286 221
103 938
430 62
959 356
320 582
365 444
245 797
805 460
852 78
168 801
711 400
328 180
579 381
207 842
132 134
33 692
774 693
149 400
789 185
256 822
502 230
129 899
740 490
550 313
508 393
382 133
993 475
414 1000
505 689
100 607
653 587
407 779
109 660
277 658
706 428
202 76
875 445
736 614
337 767
130 610
242 309
719 773
897 126
437 936
124 428
580 800
5 504
823 879
354 12
703 616
94 95
791 502
261 365
929 94
115 237
479 72
278 409
547 418
1000 841
439 541
782 104
270 982
267 590
754 798
158 220
147 659
791 371
878 85
454 477
499 874
245 178
991 826
865 885
760 507
252 845
4 838
302 197
866 496
256 587
358 250
271 916
146 794
287 839
864 24
13 302
233 2
812 280
505 544
857 682
600 176
791 345
690 75
84 809
616 150
346 697
61 890
351 173
34 789
773 835
659 791
899 670
848 214
506 159
637 490
216 518
810 281
609 237
307 468
713 478
129 849
883 824
799 439
469 326
302 605
346 823
681 227
230 735
162 606
478 525
19 601
230 435
198 239
512 394
430 538
516 955
227 455
970 982
906 672
353 663
331 568
868 660
793 730
616 232
406 259
928 500
292 275
225 952
220 9
582 198
675 852
989 424
760 570
839 437
744 548
644 944
402 96
781 257
60 886
752 546
180 116
216 194
191 218
835 150
213 831
242 723
571 106
444 502
808 977
667 612
696 926
245 138
964 212
164 790
96 775
55 291
132 329
79 882
348 262
523 68
248 793
692 688
196 980
873 67
105 917
133 547
674 563
684 132
720 477
186 907
255 267
59 325
103 299
604 137
795 493
257 994
173 480
237 670
232 211
525 705
437 788
725 107
87 117
433 870
327 193
853 201
840 996
94 423
396 441
935 721
981 681
533 120
141 250
819 268
87 902
151 208
107 144
515 691
718 131
245 456
935 818
327 423
564 977
807 722
403 171
216 41
1 481
624 94
719 418
440 730
655 301
887 158
843 624
176 739
231 109
543 634
250 520
87 741
465 538
711 396
564 961
688 425
695 509
169 821
906 341
668 48
554 576
310 293
262 797
594 99
458 211
655 317
983 233
269 35
233 439
245 15
456 947
526 49
944 398
824 148
145 228
653 638
127 896
323 500
419 293
987 683
344 582
237 824
807 951
338 434
243 857
264 658
350 690
202 186
602 707
334 411
505 128
877 357
190 188
758 179
586 962
907 420
312 533
994 780
168 657
765 104
616 519
315 990
798 157
613 723
887 444
553 538
764 248
115 948
408 676
671 162
379 691
168 197
138 976
333 671
412 991
214 23
542 961
387 73
344 500
141 340
535 433
523 842
225 517
319 915
259 536
630 522
798 969
548 38
166 951
22 331
242 193
901 631
79 208
642 237
797 640
28 317
40 51
667 58
328 21
665 779
425 353
852 242
708 234
886 800
557 595
237 239
643 600
539 550
122 291
526 865
60 464
153 855
212 976
618 538
762 754
74 938
866 310
936 706
460 144
638 618
229 611
227 907
357 795
703 62
664 986
642 150
453 828
13 817
290 162
751 947
485 579
689 626
748 231
147 491
807 554
221 28
944 15
102 784
458 26
161 622
55 909
883 882
121 964
583 195
770 553
282 443
187 544
470 754
41 988
19 476
835 993
538 486
854 151
608 797
681 246
993 351
673 292
91 271
870 1000
694 549
132 691
619 492
827 202
698 83
32 502
66 661
242 955
5 313
381 660
617 666
194 245
560 111
701 528
257 500
422 329
541 72
329 874
538 61
62 600
828 724
929 427
31 662
395 530
414 811
431 957
943 991
574 9
45 128
172 512
69 658
192 750
377 963
304 733
896 151
747 882
780 181
357 966
98 495
78 141
286 478
635 754
940 565
196 537
920 969
284 628
999 663
581 631
420 246
41 516
12 840
674 240
602 854
538 940
