10000 1000
396 57
428 829
707 858
394 716
223 874
908 742
617 891
815 261
320 677
883 477
253 761
21 760
358 690
67 331
582 271
770 191
451 315
860 152
935 965
298 481
185 976
646 471
337 588
172 705
879 659
92 143
100 389
898 680
583 821
558 2
641 977
61 661
649 333
806 424
346 769
389 707
648 647
235 132
895 926
460 290
340 794
31 437
977 81
762 804
381 815
100 837
738 995
961 376
318 40
506 532
954 517
538 433
782 205
914 341
531 80
861 736
175 720
557 223
317 165
436 396
418 858
348 996
321 869
40 656
536 35
952 917
977 641
297 316
882 500
947 50
957 50
713 449
921 535
212 246
575 9
497 497
365 325
382 504
799 784
865 515
81 926
713 713
166 806
163 554
332 203
150 500
918 885
263 791
585 854
750 472
879 958
223 849
615 224
355 703
19 370
116 411
448 321
916 330
297 795
327 813
805 442
956 98
213 344
128 73
7 142
539 495
541 899
216 766
127 451
841 363
612 445
354 127
621 172
49 7
811 616
645 253
244 562
52 764
906 683
250 343
619 149
433 715
282 504
764 288
373 471
474 308
813 161
169 976
113 920
705 713
299 333
893 592
369 546
542 203
453 6
903 433
198 997
914 2
29 854
489 325
481 147
326 728
531 860
547 332
907 340
51 526
929 994
568 240
996 570
882 229
535 786
478 200
311 629
452 678
238 139
609 191
323 671
667 617
672 792
456 925
515 560
295 536
381 432
148 820
918 522
801 716
471 766
720 635
158 998
362 694
374 345
235 381
876 723
947 782
915 836
198 698
865 213
533 382
488 70
691 228
70 307
673 527
909 594
163 730
179 30
225 546
475 343
999 711
467 152
973 88
676 576
367 108
517 210
558 201
760 212
37 632
268 876
173 511
457 430
569 54
703 951
483 371
343 910
229 886
232 693
145 909
804 388
66 401
928 959
944 511
152 43
376 97
96 589
602 706
148 99
705 870
657 960
551 135
833 660
950 985
260 914
391 7
801 681
391 523
481 84
533 434
757 570
342 774
923 654
522 106
909 351
788 658
121 642
909 696
466 195
873 440
597 848
432 741
133 886
991 161
384 697
733 537
800 169
358 527
315 263
907 279
860 685
856 962
487 99
589 294
528 34
142 699
493 517
299 999
496 267
528 620
606 671
366 925
90 424
129 492
451 289
535 975
985 930
871 806
404 965
328 111
853 882
750 115
107 915
928 630
232 249
484 450
130 509
50 204
490 408
869 158
208 155
278 132
333 520
352 463
183 639
885 13
513 1
527 622
16 73
312 273
399 398
451 421
20 939
456 784
184 927
372 980
587 398
742 109
759 941
740 812
936 562
356 911
506 761
43 470
387 168
2 120
620 732
611 964
772 746
264 720
901 919
389 158
749 672
745 658
351 867
145 877
783 684
237 389
202 41
529 619
27 183
134 43
959 67
566 447
866 409
131 773
968 240
568 692
453 555
966 883
861 450
25 627
325 631
177 8
416 130
322 627
475 54
540 123
385 57
347 655
847 656
744 557
609 824
622 871
460 942
174 169
266 656
299 172
401 106
903 86
940 379
724 616
256 749
196 935
576 600
330 859
482 807
431 938
440 449
478 686
424 257
463 27
220 55
328 90
219 349
663 169
918 51
433 289
180 396
983 391
510 311
492 51
612 750
224 756
758 962
392 745
851 517
195 817
718 630
790 709
131 601
201 617
431 229
49 758
70 4
508 403
242 22
935 911
43 326
795 641
698 787
396 705
532 297
193 396
53 870
847 131
882 21
454 652
54 910
610 656
294 148
275 907
637 829
637 408
417 838
89 619
796 85
27 340
363 117
754 434
435 733
58 230
575 705
933 116
995 576
494 798
268 220
5 16
422 821
710 781
813 950
433 648
44 439
475 228
289 209
852 565
422 997
528 989
162 917
718 128
246 418
780 16
713 172
912 185
813 637
8 878
127 623
556 115
858 225
598 560
725 710
241 332
89 493
975 744
492 226
298 304
200 60
820 534
196 853
86 543
450 333
717 971
296 575
520 289
247 987
596 681
223 98
904 560
177 893
993 64
979 231
751 189
296 750
718 441
693 30
254 448
805 334
412 677
918 488
871 860
354 653
963 661
575 912
377 624
632 70
389 371
441 724
799 85
830 825
195 943
317 23
73 718
927 998
757 259
347 698
472 554
364 16
565 374
70 69
957 84
628 551
236 3
821 553
625 962
475 36
898 442
170 209
734 920
95 567
209 565
455 747
147 950
475 955
417 900
363 418
3 764
799 656
860 159
232 807
742 956
933 391
683 378
14 610
661 734
829 49
734 275
576 469
889 821
809 254
344 397
54 1000
987 16
265 161
119 536
288 333
508 969
486 930
135 677
257 932
182 425
98 522
487 30
208 711
289 769
693 434
920 227
927 486
205 457
776 99
988 101
879 371
117 163
37 78
764 901
993 582
41 48
381 268
409 669
326 233
211 880
703 158
123 773
391 333
2 366
118 485
348 518
892 273
632 705
923 194
860 97
744 425
815 651
606 246
789 40
738 292
455 461
848 330
88 323
797 11
265 87
298 151
213 731
528 400
918 299
726 198
862 641
197 803
63 642
581 760
636 423
717 998
45 853
927 582
479 445
217 922
370 573
189 241
505 212
561 951
653 586
520 34
595 822
968 886
89 750
770 274
837 715
909 249
918 650
748 419
481 612
603 321
301 126
277 756
327 922
225 102
903 733
289 183
41 727
361 674
502 318
878 549
408 539
269 909
513 531
807 671
677 919
219 936
875 828
836 447
224 556
71 573
748 764
623 724
498 988
753 133
36 450
272 872
334 919
962 944
182 808
280 404
619 390
554 816
139 982
369 298
698 994
860 317
842 327
636 233
198 909
551 849
173 322
560 603
510 687
365 716
22 665
464 674
851 905
111 1000
189 221
173 725
383 925
358 749
91 342
111 814
331 379
275 613
209 207
687 807
872 500
127 168
664 319
774 943
550 665
859 840
817 495
670 777
774 771
279 573
550 658
664 796
339 908
918 169
582 191
995 554
268 564
407 260
500 713
979 397
378 285
860 792
552 326
38 156
800 414
6 61
659 426
239 66
629 426
566 653
950 701
694 830
946 114
517 545
194 839
245 667
65 229
388 385
497 354
844 433
779 270
508 350
66 974
629 552
249 381
53 834
992 846
368 643
283 931
346 533
931 161
558 889
131 593
226 481
212 441
153 957
465 937
791 751
948 487
201 574
887 563
403 439
404 371
151 231
102 425
821 874
317 600
941 24
102 226
407 218
425 557
491 521
905 233
401 80
368 644
251 461
288 918
222 188
858 197
917 404
779 794
446 648
498 619
314 511
716 295
449 252
273 525
948 534
972 621
193 953
926 965
979 92
123 805
344 65
995 715
129 49
803 224
101 653
306 746
574 934
932 576
58 101
762 897
251 579
704 957
576 979
110 42
978 739
552 600
608 511
270 446
627 206
893 531
594 627
659 285
472 197
727 630
641 431
431 305
609 185
503 170
677 829
873 987
63 235
616 800
62 469
35 564
468 195
49 217
622 953
703 741
112 908
555 135
438 425
669 190
788 742
376 394
199 151
126 249
946 538
65 828
882 939
707 199
26 785
135 884
16 655
677 937
518 732
682 829
74 963
557 63
758 764
220 79
329 873
61 11
44 602
5 52
997 826
933 534
823 551
247 147
872 206
685 593
771 796
883 423
332 294
712 716
526 514
929 225
264 844
518 865
283 930
667 600
6 288
689 873
955 853
634 87
527 660
272 741
397 140
366 534
204 601
669 942
757 113
169 622
198 127
946 124
905 739
420 201
21 39
367 705
884 244
943 798
436 75
221 86
302 45
684 312
586 900
613 19
225 383
963 408
633 738
424 859
325 59
86 853
43 694
703 789
4 211
702 98
599 371
36 219
982 614
220 31
639 375
886 573
484 710
776 614
156 629
464 278
520 612
971 534
158 582
818 901
578 209
480 658
768 834
277 708
203 87
830 578
802 915
650 331
525 357
182 48
484 185
978 53
496 413
979 364
840 390
63 281
478 897
124 127
864 434
737 841
791 760
418 354
371 575
760 182
756 764
855 614
827 413
39 928
151 559
268 885
41 358
102 754
57 768
122 199
549 706
798 427
121 922
209 750
858 499
513 717
66 236
506 9
640 913
30 672
700 1000
208 891
623 94
376 23
113 968
210 636
817 514
318 41
681 755
473 213
824 359
131 944
806 740
176 760
443 141
879 76
960 74
494 781
964 262
459 496
184 392
740 149
156 859
745 379
512 645
637 922
875 555
152 159
928 92
231 347
956 194
219 940
330 132
38 75
703 967
353 677
181 984
129 275
516 723
565 953
245 72
850 26
589 520
71 146
184 92
569 659
716 527
976 721
673 999
888 566
344 120
930 975
865 65
624 428
91 900
348 236
104 490
825 527
526 629
528 330
783 749
69 111
602 100
408 554
272 178
221 821
71 769
572 196
651 249
921 402
640 990
165 643
385 589
547 848
996 995
36 886
972 974
876 447
710 745
850 455
900 964
988 776
117 154
201 598
203 290
357 780
731 903
632 854
705 816
711 421
49 648
530 350
967 151
988 755
888 871
919 936
663 752
125 87
489 972
536 621
905 603
419 794
285 489
302 189
566 195
702 926
972 758
698 915
864 880
359 995
593 357
45 702
544 163
393 155
339 646
169 159
909 741
619 885
84 491
406 505
986 567
134 332
918 308
500 755
576 514
892 920
248 427
318 511
543 375
582 370
996 104
908 454
760 119
333 4
594 245
368 457
45 171
249 750
709 466
209 848
750 836
764 817
485 57
345 789
556 267
854 942
698 659
898 633
153 809
593 311
703 951
548 261
733 663
438 132
859 737
160 121
562 238
125 870
432 576
207 184
696 239
744 807
799 301
554 937
736 403
16 542
161 722
594 989
236 731
989 622
431 664
441 175
244 352
665 816
482 855
215 38
786 123
125 459
2 632
124 700
342 629
361 266
298 845
315 954
449 639
647 613
537 215
388 248
941 715
927 485
690 950
520 921
914 304
436 372
468 539
401 188
938 152
940 98
833 744
254 115
828 116
627 912
818 966
130 902
772 117
544 199
744 325
245 168
432 301
660 945
60 743
727 416
140 995
482 894
806 612
636 880
942 457
313 887
953 838
554 929
777 984
930 550
308 941
35 387
317 154
960 826
330 970
472 328
588 262
690 214
850 8
651 721
958 950
801 91
78 669
644 975
636 156
975 80
783 5
532 483
352 623
325 480
902 486
540 565
194 682
420 171
996 140
397 815
564 132
276 218
137 413
656 530
182 943
118 991
872 77
255 974
305 253
613 514
384 43
833 814
319 333
840 340
452 944
177 633
872 954
136 694
555 990
583 273
550 595
32 242
783 565
172 622
385 27
311 608
249 719
241 11
42 377
414 689
474 452
183 351
835 184
240 6
267 654
776 628
636 327
851 369
668 790
715 603
246 457
379 130
768 92
779 924
147 509
807 994
38 681
808 225
396 150
121 531
697 79
267 955
640 468
377 612
368 751
469 667
210 479
369 432
853 289
359 658
139 482
378 248
193 638
106 112
923 973
724 971
533 984
336 559
923 696
585 948
802 216
361 856
436 742
370 971
401 798
502 723
688 199
383 498
402 931
695 907
1000 75
898 800
240 169
376 791
804 37
284 208
426 617
23 705
965 109
197 490
346 243
254 794
604 452
727 624
393 465
471 282
571 338
322 825
168 67
33 875
227 106
296 560
752 331
87 126
460 900
122 622
34 937
521 644
943 609
801 538
703 655
312 557
141 266
573 335
480 341
702 748
632 503
503 965
701 909
218 384
360 595
842 317
576 847
238 586
671 406
829 705
875 317
500 213
245 417
17 305
821 255
396 56
900 869
72 790
744 431
671 669
124 635
107 65
549 493
270 429
302 420
243 764
477 211
658 425
964 89
904 110
272 905
244 545
918 659
852 443
665 25
454 487
21 139
79 121
72 715
848 556
851 370
427 819
541 697
306 561
192 937
849 801
658 964
695 158
894 945
817 444
736 420
351 822
701 467
181 357
1 474
572 680
438 568
422 846
228 488
357 517
515 457
212 839
866 279
644 456
212 599
73 761
134 823
203 816
347 539
238 838
152 441
738 623
728 367
163 966
408 887
522 790
956 490
658 498
345 850
68 934
841 86
411 683
330 978
17 511
695 876
737 315
173 760
882 107
207 725
130 145
515 6
273 883
155 667
538 41
973 245
853 144
868 605
40 305
172 733
313 74
553 949
61 548
937 192
541 11
69 268
388 18
725 214
162 716
977 908
148 556
96 872
577 830
149 324
486 795
373 817
532 793
258 14
165 793
291 503
738 639
258 155
464 710
764 734
758 129
805 269
608 851
137 948
839 960
396 331
151 570
683 901
632 517
521 152
158 698
931 263
49 592
732 891
486 831
922 422
443 411
703 398
783 55
817 984
816 815
98 555
26 732
232 873
607 164
374 113
274 512
698 335
99 869
885 579
574 75
86 638
835 649
191 976
55 399
398 325
74 714
909 579
240 371
195 981
384 897
753 371
328 2
118 672
734 486
524 747
936 412
768 358
462 451
621 170
491 131
914 865
335 681
552 475
743 607
437 866
100 897
963 773
336 297
785 633
684 227
169 363
237 658
209 279
578 585
626 908
272 907
732 910
734 244
64 707
433 438
956 799
665 117
283 568
338 195
362 698
261 997
948 419
20 307
815 24
25 988
949 975
687 848
708 59
80 412
231 892
733 362
402 756
545 934
985 290
879 298
370 3
935 875
566 396
373 289
532 569
218 171
79 66
377 337
355 992
331 552
891 836
900 290
886 921
547 419
974 781
238 533
904 788
308 37
454 757
329 131
320 571
989 726
742 685
829 694
320 950
769 320
39 974
268 230
113 255
992 852
128 240
191 396
100 518
171 731
388 534
407 322
705 109
83 302
132 696
36 63
667 124
425 845
608 767
503 927
65 940
462 722
729 564
923 32
846 320
668 622
65 328
471 972
553 935
35 713
768 356
516 29
468 834
819 573
16 832
244 731
920 571
951 28
888 775
648 424
622 834
407 212
508 409
313 355
207 145
189 97
410 687
23 967
684 904
824 954
757 970
340 44
125 113
130 514
174 971
480 452
285 52
365 39
669 459
429 54
155 267
385 573
539 403
828 573
250 335
463 932
385 580
301 905
769 792
264 708
489 567
650 716
122 407
29 135
868 262
52 366
902 246
679 622
426 528
51 672
678 565
8 121
572 167
89 291
850 582
416 18
339 124
447 488
373 10
87 914
193 480
189 425
271 145
360 722
759 4
685 750
376 293
163 923
124 217
775 617
450 422
217 725
292 984
958 489
198 445
724 346
757 547
448 137
446 644
691 675
762 449
561 265
857 348
753 465
819 596
272 723
264 405
142 900
178 973
46 726
518 185
187 486
951 742
326 781
147 976
537 792
180 910
847 304
143 811
505 627
848 783
498 233
213 717
20 687
255 499
506 8
668 996
219 735
631 873
206 550
262 891
920 658
443 475
311 612
764 339
611 577
420 411
943 515
679 948
101 471
66 688
911 477
96 152
959 787
670 996
200 210
680 367
482 151
929 569
722 243
120 275
767 340
245 670
542 242
88 421
224 339
155 302
47 671
139 468
364 668
971 512
652 339
888 84
326 33
102 7
70 967
385 676
454 451
469 874
944 701
255 157
349 107
386 219
969 245
556 673
428 97
350 980
370 688
190 800
500 935
88 781
566 592
961 468
359 30
731 246
187 108
245 302
396 455
784 418
973 647
826 981
334 194
631 648
411 81
19 605
581 122
985 731
527 244
527 813
298 718
368 426
633 544
489 606
670 215
428 872
379 686
272 794
98 432
638 685
158 423
958 978
583 952
304 57
370 821
612 606
767 145
882 751
345 655
906 496
954 572
830 247
668 17
875 72
9 106
188 225
347 65
439 151
997 971
109 616
488 674
526 799
967 537
891 284
212 555
867 921
304 805
582 782
855 184
989 749
393 104
704 622
891 63
734 933
764 530
73 15
432 51
375 153
632 261
402 169
936 108
457 147
400 426
189 773
692 243
717 195
796 2
266 892
173 849
307 218
549 702
851 542
443 176
838 315
141 38
352 774
727 488
390 484
227 348
50 884
652 514
891 921
369 897
379 393
25 504
247 872
857 693
331 134
231 682
43 117
827 147
339 308
984 625
328 950
984 434
661 484
277 254
559 503
521 356
641 791
743 555
561 679
399 905
729 6
622 248
263 591
788 340
373 938
164 590
42 369
791 868
527 772
169 622
626 101
843 651
310 773
943 858
106 573
407 49
486 926
343 730
169 522
270 49
485 432
745 287
681 555
656 962
534 924
279 715
35 284
695 214
194 979
698 405
272 444
162 294
816 870
522 408
489 140
235 794
844 654
937 101
599 758
44 684
204 676
48 627
154 579
229 526
91 273
455 621
869 819
407 950
665 423
672 723
71 895
563 672
144 597
363 662
235 257
994 819
192 61
979 176
640 378
933 841
475 792
566 345
128 210
270 115
17 335
272 698
636 579
396 50
163 988
496 700
725 477
402 238
955 582
159 233
3 745
800 225
529 711
472 433
65 90
519 652
662 432
138 933
143 790
296 928
772 163
574 878
533 808
253 390
827 935
263 14
781 425
405 614
829 510
748 349
529 713
787 466
786 234
262 444
32 930
918 34
60 378
807 205
276 972
689 873
66 712
600 936
126 57
756 894
792 494
330 790
790 73
744 219
796 619
405 920
423 534
439 633
921 586
354 896
353 760
424 649
504 618
396 174
36 609
310 147
936 829
770 891
682 10
368 705
612 685
910 920
605 450
545 356
997 89
464 591
596 189
977 717
99 380
314 496
601 346
73 428
927 885
260 556
997 962
395 51
611 71
425 492
608 503
958 555
399 121
335 490
629 169
293 981
469 166
298 406
468 202
887 834
693 742
209 281
405 579
15 890
616 257
390 317
803 796
341 7
743 698
969 441
997 894
850 578
477 904
940 512
845 483
16 779
736 766
432 83
388 988
558 804
395 772
677 521
859 793
79 902
918 546
365 189
587 315
738 218
739 499
145 375
716 156
146 873
234 191
745 777
9 333
799 619
740 582
87 338
969 766
258 506
507 267
772 653
975 305
228 423
631 326
784 778
298 438
815 851
210 520
765 947
612 847
834 326
468 578
51 871
686 420
248 779
94 564
468 1
209 350
945 449
954 81
425 386
294 840
710 449
696 257
915 441
406 624
960 606
482 261
746 353
353 498
872 919
391 518
703 946
506 764
327 886
467 941
845 757
424 234
431 932
76 690
539 580
374 914
80 41
582 1000
642 86
843 632
738 896
871 359
476 239
881 402
584 640
770 72
714 405
697 652
458 803
927 332
237 106
532 277
674 737
632 500
709 368
994 230
135 61
813 849
220 208
822 193
524 214
351 612
930 57
415 174
824 758
168 678
793 150
16 887
542 413
688 328
226 567
112 52
726 670
505 179
573 805
617 383
713 976
771 936
484 673
380 561
488 605
183 800
304 53
658 10
180 974
615 732
409 889
4 779
711 563
899 429
297 190
531 70
761 423
133 101
369 334
64 252
386 337
717 3
969 233
339 677
925 346
580 577
419 240
455 682
442 989
348 496
463 972
651 837
394 737
581 569
592 655
361 311
455 128
625 653
588 192
514 40
672 907
888 638
911 555
239 306
648 531
291 131
680 966
601 925
631 632
212 862
417 596
185 170
382 685
163 144
994 996
863 940
638 16
657 691
405 122
342 345
200 989
768 510
298 140
605 148
653 780
472 787
172 213
423 838
479 245
35 836
82 301
363 47
157 410
193 464
781 309
875 497
90 332
227 993
551 815
472 668
686 547
771 217
513 538
715 482
706 393
249 751
308 937
757 315
823 488
631 254
976 293
286 273
350 222
21 261
14 37
441 756
113 511
620 142
49 188
813 110
887 722
470 995
104 754
573 943
651 353
715 835
757 745
24 921
645 149
549 473
576 152
240 397
638 703
36 116
315 474
190 587
823 719
633 711
518 103
403 132
321 16
526 745
692 1
640 778
110 920
571 669
811 840
717 517
749 43
825 506
327 461
933 839
865 513
394 707
671 137
999 537
922 42
631 16
309 853
262 723
241 288
871 89
617 91
129 638
567 412
717 417
973 147
138 276
29 942
226 807
898 310
642 614
701 809
190 222
144 158
970 516
766 180
370 246
985 907
395 839
547 784
471 431
462 142
830 609
348 488
376 124
895 944
771 19
850 803
219 69
998 203
725 61
950 188
331 739
620 791
971 81
49 433
848 254
545 637
711 23
364 150
588 289
719 982
923 768
825 635
846 892
358 220
678 159
960 944
666 912
960 7
617 226
33 895
983 46
918 920
719 572
263 440
446 182
417 577
784 334
698 62
568 555
633 105
749 136
852 664
535 229
247 459
782 444
572 928
932 197
70 832
550 666
988 695
806 964
541 527
204 412
894 510
832 563
581 35
986 986
354 725
283 443
952 308
273 478
721 174
831 797
783 140
442 825
380 58
565 994
547 938
14 722
196 985
775 658
284 185
830 181
355 38
901 368
596 209
762 169
504 488
32 356
603 484
173 847
742 897
602 831
67 233
406 185
564 674
491 139
605 27
143 831
597 555
341 559
121 234
90 203
185 6
40 165
353 280
390 270
650 860
733 350
22 197
701 648
271 502
118 923
848 658
719 226
98 708
891 141
601 808
567 486
205 929
718 725
338 472
525 605
144 756
551 820
387 700
729 183
148 367
751 883
934 180
414 469
746 370
456 171
483 882
115 985
459 584
474 366
853 949
114 364
632 320
262 51
530 504
444 518
299 99
78 460
718 499
258 681
331 540
795 370
440 128
453 61
923 635
148 559
722 934
926 339
83 992
828 570
644 552
390 477
396 685
132 101
816 598
853 572
519 754
284 777
918 906
294 560
422 522
941 920
793 891
464 659
400 692
729 793
296 572
317 173
744 602
512 662
668 110
542 384
509 221
827 409
783 704
132 604
882 853
596 345
522 45
464 203
759 565
75 496
262 181
731 829
13 692
946 888
163 569
558 316
470 971
497 544
442 579
625 832
649 53
785 11
510 131
863 91
737 825
676 832
902 546
551 485
829 242
882 58
84 905
499 24
24 654
125 264
264 106
652 541
194 681
972 493
924 285
427 851
788 594
3 200
408 27
193 726
824 308
593 716
983 741
511 397
781 654
423 112
823 941
414 353
14 409
486 879
428 811
942 612
170 368
448 984
717 304
826 359
948 786
925 286
236 270
257 26
636 697
871 929
313 533
197 430
331 998
718 369
182 430
183 821
115 777
700 657
428 170
832 112
427 805
944 216
523 243
817 175
62 561
446 969
877 528
435 395
683 783
164 156
683 140
271 342
85 143
533 466
285 184
174 713
252 580
154 83
357 131
560 732
657 85
618 322
676 664
751 497
765 548
305 823
914 776
973 688
690 489
821 283
681 146
897 338
727 935
161 38
393 433
957 858
663 365
830 235
52 781
42 262
850 5
251 994
179 815
737 929
513 608
84 388
455 488
786 628
861 574
471 914
208 450
232 663
143 225
679 644
223 157
658 204
416 354
852 805
95 282
427 171
690 666
776 637
135 795
714 110
157 730
979 901
976 224
625 773
649 714
615 286
940 42
657 778
169 212
699 777
972 554
659 837
197 409
435 495
417 346
96 816
119 602
341 489
483 378
97 388
406 567
348 592
340 571
854 457
373 610
177 861
412 278
898 72
691 68
452 753
741 965
44 379
515 102
102 517
776 936
23 538
325 720
769 298
365 240
370 215
794 908
421 833
942 398
471 907
843 707
963 371
540 876
871 246
362 854
517 433
287 202
675 513
614 358
563 308
377 593
499 550
90 259
326 5
755 483
170 782
85 319
272 238
53 344
816 465
874 27
610 510
681 841
13 512
377 583
148 727
591 279
955 117
772 454
503 786
402 868
812 649
858 887
100 816
584 176
935 532
749 164
501 794
981 276
686 735
551 53
2 42
360 361
481 5
688 341
253 399
835 433
443 204
73 347
326 723
14 164
860 407
475 337
551 727
587 387
564 239
951 439
935 885
778 7
118 332
430 136
978 340
310 306
41 384
906 179
838 678
342 292
231 875
394 450
958 821
203 542
610 327
569 942
35 432
655 490
985 436
39 167
653 721
363 600
301 772
333 672
573 946
264 841
369 455
244 960
620 186
990 110
541 711
469 457
996 524
462 441
441 684
874 139
374 455
747 25
144 736
346 697
418 62
380 58
169 291
744 714
345 832
243 250
254 287
828 448
140 672
368 500
617 148
975 155
717 517
461 712
977 604
58 558
885 50
402 191
543 96
438 912
491 454
74 850
262 232
197 667
210 868
147 931
374 685
702 687
35 299
641 690
384 617
372 839
238 982
339 112
340 725
903 802
348 956
987 951
348 232
352 498
575 728
361 94
266 990
976 776
727 578
151 88
269 670
728 533
397 394
734 246
655 81
834 289
379 419
686 303
345 330
61 694
113 221
393 638
907 271
244 781
913 16
304 755
40 243
103 710
819 327
683 863
1000 559
591 188
328 978
756 364
771 179
61 478
514 913
724 242
60 408
962 374
489 743
235 50
706 561
839 972
991 788
355 198
839 476
998 787
668 385
492 109
692 884
943 754
201 942
160 378
778 266
866 707
360 950
424 901
490 174
770 767
633 577
557 16
21 274
279 918
774 104
31 371
787 694
619 738
887 164
703 767
871 172
117 93
917 158
344 733
792 980
928 181
786 415
681 775
24 512
523 414
294 391
427 300
344 744
873 911
986 281
736 327
770 894
242 730
736 741
57 657
716 146
199 16
592 924
943 193
394 6
561 722
548 247
154 650
324 851
122 504
748 839
276 260
27 984
249 876
514 309
853 25
47 897
65 463
525 434
967 313
195 885
593 154
529 839
499 300
646 629
228 149
220 493
473 558
738 11
754 171
289 53
291 469
192 463
53 659
137 552
266 108
337 163
756 230
243 704
630 587
6 64
874 647
499 828
745 539
504 214
398 853
863 534
892 478
167 22
971 666
490 855
495 859
606 730
697 639
989 320
980 166
292 995
345 572
887 754
811 973
636 505
220 604
667 430
639 994
269 334
859 982
130 446
190 479
465 426
192 724
812 897
188 212
665 174
482 38
362 617
632 19
198 300
580 239
78 511
900 851
153 685
654 814
616 581
624 383
778 961
329 301
753 626
654 200
844 210
758 333
107 16
790 885
390 848
431 238
303 976
515 697
194 93
891 410
292 204
244 180
18 601
453 410
37 579
122 687
573 118
612 607
91 640
431 84
61 796
883 914
221 450
268 786
675 301
506 419
711 299
970 300
695 777
754 580
103 501
633 755
316 914
789 710
704 303
338 190
234 480
426 921
515 380
624 136
705 637
796 408
543 867
850 241
947 625
410 890
936 502
346 787
570 94
583 881
68 599
296 93
157 172
291 701
166 485
406 402
406 45
487 73
854 259
636 818
598 618
157 348
998 696
813 103
198 515
668 144
662 415
631 40
270 177
399 798
520 968
102 424
321 214
429 902
628 963
713 88
398 170
473 466
859 267
362 567
248 535
579 275
679 63
857 368
718 742
548 90
360 834
440 243
274 727
622 720
335 236
352 233
461 227
288 357
894 677
346 588
808 932
357 11
245 400
61 916
988 323
188 635
406 709
453 466
25 776
632 421
921 188
729 343
930 717
529 940
599 208
835 701
463 2
136 319
530 113
316 460
48 616
486 768
738 24
948 813
503 249
205 456
641 893
309 553
645 758
588 119
487 75
759 538
939 575
734 887
453 18
388 496
922 982
203 689
837 395
405 732
683 483
132 206
999 47
947 456
7 304
306 958
261 262
630 627
582 405
30 388
582 163
23 760
27 452
786 471
598 558
417 968
173 301
389 136
596 168
243 530
639 698
386 834
825 66
798 401
424 131
448 932
910 917
693 821
42 274
962 968
565 66
358 103
438 735
849 423
358 770
717 841
357 836
524 938
291 662
497 131
287 553
309 529
148 375
116 814
719 464
918 742
122 790
926 547
364 314
302 130
319 460
465 84
969 687
288 62
723 338
118 201
429 744
916 738
24 209
598 587
210 727
939 609
598 714
417 204
201 884
390 298
798 166
232 787
851 713
807 670
730 470
853 91
817 527
949 64
394 371
657 325
732 958
611 319
760 502
693 544
189 727
104 909
844 144
593 311
428 148
967 963
463 546
575 578
276 214
400 250
827 230
48 194
516 989
749 954
528 299
52 305
142 274
133 741
936 491
284 543
307 640
74 756
579 479
283 605
828 669
982 240
562 472
904 828
658 244
833 297
239 640
549 14
654 886
932 577
114 918
26 507
16 691
688 305
844 140
705 796
323 101
374 90
751 644
131 843
78 52
935 412
995 485
760 359
996 434
349 753
378 521
994 219
860 71
447 930
708 674
849 688
864 21
456 8
930 623
815 661
745 956
240 996
238 410
797 13
688 894
568 518
448 605
244 728
6 275
145 216
42 263
260 927
851 949
540 651
628 546
239 68
602 356
379 343
519 760
61 311
58 122
557 263
253 312
576 337
102 95
517 962
630 493
897 819
837 525
587 810
428 782
448 407
689 76
320 671
791 982
607 789
235 582
741 692
312 476
326 430
556 556
747 344
177 875
744 859
293 77
276 349
586 618
708 462
910 965
575 900
780 868
907 831
890 947
575 237
953 913
583 791
137 208
108 210
762 529
705 656
643 590
375 524
222 191
657 914
170 982
129 908
112 698
81 934
239 696
499 147
817 813
442 77
203 509
231 81
865 504
717 528
383 583
84 928
849 643
578 897
108 199
61 361
491 481
882 24
779 85
554 997
591 394
151 951
620 779
988 116
6 174
146 37
570 753
116 232
962 456
788 533
588 912
451 786
555 200
869 791
332 458
682 483
891 743
207 629
580 552
611 643
218 629
954 983
123 938
982 412
433 597
705 830
651 66
779 223
650 311
570 883
396 888
973 389
653 820
513 799
585 438
132 23
603 213
821 540
962 668
770 461
982 299
679 722
695 644
638 377
15 166
690 858
563 30
827 148
749 961
349 30
853 340
248 654
371 44
345 622
895 454
368 777
546 224
961 67
250 366
795 943
778 326
99 46
231 428
794 734
132 79
307 921
559 306
86 130
554 52
1000 76
235 456
761 138
884 838
940 136
819 80
562 457
363 86
463 574
162 411
428 813
689 461
835 976
399 536
967 618
222 916
865 686
228 675
835 512
972 500
938 217
811 315
500 71
867 374
894 994
235 417
200 385
84 155
182 987
918 215
585 207
393 52
796 316
693 990
9 681
498 178
785 222
192 390
151 545
801 463
982 347
362 176
694 112
494 146
835 435
114 78
430 863
202 501
746 383
851 393
896 223
575 705
204 280
748 9
885 144
829 519
105 720
991 807
878 268
853 512
962 295
789 69
117 956
913 566
890 118
383 772
73 177
986 544
688 398
710 612
653 939
359 656
958 249
275 687
81 140
627 559
52 447
831 957
558 949
703 959
284 617
114 312
917 63
619 591
559 448
751 880
352 618
728 129
373 478
829 126
430 769
472 871
976 379
710 885
450 939
731 296
296 152
723 595
611 817
738 894
711 855
93 12
876 502
743 51
254 416
21 622
45 441
18 798
678 548
260 685
191 620
29 569
87 428
75 407
996 352
616 486
187 306
314 360
411 198
284 836
458 693
4 527
239 670
843 134
614 361
920 901
23 794
413 203
664 804
192 28
894 731
564 166
880 137
413 156
908 898
664 454
824 879
472 687
98 327
90 46
944 106
434 669
674 892
660 277
971 72
708 808
171 394
262 6
888 156
87 377
584 954
425 728
328 174
603 48
384 180
823 350
677 791
51 542
854 451
944 152
184 824
718 149
402 790
78 158
9 91
46 982
21 238
857 531
98 648
597 545
945 278
411 870
772 521
298 271
197 685
147 898
576 389
478 578
92 117
133 287
318 199
612 523
461 151
103 285
735 655
548 82
459 444
364 975
221 494
87 456
374 668
477 693
313 134
285 584
23 337
770 992
956 767
704 160
855 460
740 936
774 170
738 243
328 86
132 168
673 297
874 394
569 647
236 832
29 475
658 565
669 665
69 825
261 947
203 310
76 845
446 515
327 217
886 93
223 956
267 849
607 167
339 52
943 719
626 731
580 533
325 211
933 606
166 690
455 268
739 700
427 987
399 815
123 957
824 223
80 751
367 603
87 81
315 566
375 106
238 599
892 954
206 497
504 727
342 740
765 360
650 66
211 749
151 347
176 693
664 737
140 334
194 868
49 112
785 896
505 762
304 898
415 460
814 183
324 436
963 565
396 713
911 376
415 731
676 814
184 785
519 843
457 33
683 574
645 667
333 162
757 310
257 870
420 986
396 510
747 893
224 688
990 895
915 871
476 101
880 771
691 201
980 150
41 952
282 49
236 539
336 941
804 727
592 227
907 277
184 461
676 538
930 770
145 656
989 334
844 907
218 247
855 710
103 833
915 52
119 83
53 366
873 48
772 251
237 351
149 235
786 404
943 148
627 180
632 38
204 773
534 142
882 644
822 262
537 724
352 939
611 510
824 934
744 579
599 660
824 124
529 414
195 603
973 530
89 551
288 904
371 252
42 285
304 889
815 619
576 336
335 711
749 649
534 754
837 183
709 705
202 257
447 998
618 819
781 764
511 394
315 958
631 20
152 80
549 30
858 29
334 475
360 272
909 468
950 603
8 611
244 515
1 526
823 185
943 170
343 754
490 878
183 112
962 604
257 784
24 395
751 34
522 39
459 540
524 807
472 679
410 247
350 8
56 996
842 809
314 162
331 285
500 633
991 199
818 564
876 772
161 737
503 284
893 331
656 197
577 243
988 896
954 315
570 538
508 98
191 485
555 515
274 332
59 957
848 754
466 44
401 396
968 311
761 34
86 488
480 778
524 871
962 597
985 863
936 144
742 488
670 357
587 371
699 415
753 89
28 785
79 101
720 488
30 165
717 708
557 589
962 156
429 387
179 119
237 132
313 275
71 494
15 369
497 436
566 607
158 454
425 421
411 270
34 817
946 155
651 683
746 506
430 857
460 400
158 764
416 25
780 385
558 820
259 130
526 493
883 834
384 42
426 509
573 967
294 789
156 442
44 550
141 759
693 707
546 645
627 958
633 406
785 452
364 11
8 15
264 598
939 298
689 207
196 417
13 704
388 374
957 545
815 229
647 836
269 129
830 185
11 500
832 908
920 395
375 346
24 616
201 312
989 31
144 692
65 393
587 218
756 700
555 840
788 1000
375 898
320 331
160 223
181 319
662 610
673 927
937 386
787 269
360 458
873 639
94 145
311 621
976 452
703 149
128 519
140 776
293 8
838 794
929 196
449 693
561 280
293 278
505 801
823 151
734 204
911 932
521 367
193 14
91 966
548 251
443 447
149 347
506 142
301 181
304 634
847 296
955 966
91 458
263 361
974 397
937 350
48 405
467 957
524 307
444 1000
891 861
661 183
609 459
620 548
351 652
5 392
943 895
556 276
580 786
404 145
351 895
955 513
266 490
931 571
914 972
83 875
661 523
820 991
448 576
221 867
595 399
976 726
562 586
162 251
446 519
679 353
386 645
235 747
56 451
914 745
937 938
689 541
176 934
666 575
96 368
692 810
17 743
241 436
967 90
575 354
891 327
880 66
336 808
225 303
639 161
334 456
676 763
205 249
966 412
894 760
619 213
762 297
993 810
505 3
606 702
938 49
114 92
871 114
856 711
430 778
433 779
977 391
768 889
335 196
950 415
441 841
952 302
950 353
612 371
839 458
456 982
27 369
107 517
772 3
994 626
393 869
420 777
514 326
903 604
727 456
873 415
58 194
599 315
24 752
569 879
315 105
132 394
67 912
855 443
944 917
486 946
298 729
314 748
538 469
287 218
446 955
917 970
368 739
224 477
128 256
208 535
238 313
882 115
785 144
644 772
674 982
997 229
137 165
267 882
191 773
635 517
355 544
580 618
494 661
444 259
382 320
778 204
390 17
586 592
429 89
669 394
755 840
886 277
423 986
437 477
683 357
560 108
302 756
197 822
225 959
106 525
323 17
934 733
997 745
900 49
55 745
359 749
201 346
505 489
619 718
562 484
981 765
1000 367
743 97
297 502
867 105
698 259
302 953
627 675
523 505
969 278
823 322
867 251
590 4
62 946
13 523
361 800
734 765
393 575
135 973
254 371
483 844
725 750
55 698
876 692
798 705
520 888
742 859
234 966
401 31
718 406
757 856
619 312
348 886
230 506
157 3
222 723
17 854
297 492
935 284
62 242
336 986
497 278
35 364
555 164
658 74
303 287
556 293
838 364
833 982
492 314
281 648
89 112
253 617
328 919
460 357
819 596
736 755
405 984
862 366
102 8
266 829
323 996
808 435
780 804
348 687
333 270
299 238
965 666
888 364
513 135
488 263
146 386
734 20
355 526
776 655
676 815
216 824
458 718
147 481
748 880
214 329
287 79
724 27
796 271
673 576
957 906
810 209
491 797
603 622
163 337
1000 377
332 171
4 395
26 844
69 231
15 305
573 570
21 772
891 218
596 393
664 115
850 666
963 907
911 916
781 559
189 920
214 956
742 618
934 583
797 797
780 837
227 574
955 580
220 957
336 752
800 703
117 983
602 614
994 629
572 343
638 577
553 891
786 862
714 575
239 595
514 900
498 108
794 167
103 814
862 346
371 487
837 409
129 947
477 110
110 336
196 310
414 867
320 810
340 777
105 831
893 656
210 966
142 434
243 124
18 265
737 539
949 205
717 736
347 408
137 891
714 419
814 498
267 902
73 974
277 292
49 476
10 964
523 221
489 809
246 798
554 107
352 281
981 388
935 91
219 164
72 828
963 598
99 810
687 329
460 158
436 679
284 356
918 57
527 904
505 161
836 260
977 526
184 403
475 844
723 386
682 793
985 425
187 945
530 174
313 60
178 130
89 195
882 706
711 518
613 271
664 1000
572 870
310 473
307 89
207 531
153 101
942 302
956 770
905 413
107 454
665 447
730 650
965 702
217 763
215 99
901 794
533 752
638 373
201 324
431 348
58 955
658 476
617 964
345 320
941 569
558 339
119 282
340 415
159 858
979 281
509 281
16 986
808 928
530 959
379 80
775 322
115 755
725 264
82 881
497 985
975 437
971 707
100 30
584 95
559 23
7 155
721 446
469 78
274 200
177 590
683 612
312 629
826 588
770 344
714 279
35 775
528 570
611 520
807 122
78 61
965 179
93 625
188 580
908 646
610 361
146 650
561 160
20 781
192 228
569 180
152 294
863 930
791 174
933 282
256 766
679 854
58 128
886 211
397 211
821 594
952 594
565 625
701 260
569 136
755 469
427 893
667 884
54 920
580 715
905 287
424 331
338 939
100 949
921 490
156 25
249 219
692 483
378 549
752 785
538 136
829 686
767 378
846 971
670 123
696 289
376 361
166 239
367 501
149 642
934 597
81 112
534 768
471 940
962 285
897 86
644 84
869 584
285 603
846 913
721 650
737 998
168 415
162 340
7 947
397 336
845 596
613 967
102 873
608 22
276 137
728 563
817 972
412 817
893 416
813 665
734 821
705 220
867 890
180 289
801 590
330 485
334 895
534 150
921 719
607 40
848 881
333 608
175 289
432 787
88 649
362 344
334 821
248 594
689 728
140 231
669 468
318 611
82 831
750 982
733 928
740 866
398 958
977 110
273 281
235 269
349 303
621 304
15 801
660 552
832 155
27 997
339 103
440 674
552 635
997 774
748 238
1000 4
847 591
659 772
764 566
588 216
684 105
390 680
811 897
951 766
146 930
864 195
675 350
720 672
313 979
593 606
117 344
489 302
690 364
451 362
746 791
356 530
862 927
30 688
354 413
368 573
158 557
515 625
446 178
999 815
715 487
628 262
137 79
682 969
975 222
593 184
105 429
185 117
209 402
628 912
18 350
679 836
924 501
693 495
643 561
3 198
376 744
117 166
390 353
256 236
6 635
190 71
132 335
173 120
863 393
816 9
645 50
276 939
364 745
325 646
458 421
886 285
335 421
668 975
582 360
332 816
784 285
345 701
64 245
423 868
71 236
538 2
330 699
640 290
943 545
91 389
156 893
568 997
936 366
922 600
280 91
567 91
859 283
410 445
887 983
928 271
786 499
491 699
57 265
634 370
452 253
647 628
424 26
359 980
804 699
854 970
468 635
792 495
17 894
385 572
215 365
46 195
270 470
514 836
602 714
154 370
147 902
393 844
166 106
925 716
18 373
968 259
443 495
176 763
394 509
415 275
35 528
675 415
373 518
631 750
878 576
177 298
461 299
602 419
846 911
225 341
50 299
496 917
196 150
557 823
372 496
187 859
760 399
126 428
94 682
563 608
68 178
293 707
305 868
105 27
784 120
803 197
196 253
839 975
663 963
993 700
897 863
669 747
304 106
24 496
186 162
812 778
692 800
424 675
71 345
22 396
445 310
428 542
992 275
699 201
924 139
987 185
712 650
773 268
801 954
175 141
175 767
76 916
127 651
738 228
607 715
994 108
164 367
115 335
351 398
759 820
628 48
396 582
474 434
596 948
510 798
93 210
847 752
778 543
203 962
457 685
105 448
891 53
509 821
96 744
112 101
848 806
325 977
802 755
917 950
33 333
596 725
505 88
570 189
23 882
178 429
135 111
862 210
907 70
337 159
795 257
931 752
367 889
625 982
311 665
979 238
612 534
477 562
460 165
238 598
577 69
675 244
371 177
941 993
554 663
191 741
76 707
641 399
805 861
152 263
946 486
475 218
325 696
271 482
189 307
461 51
218 160
447 367
485 834
966 875
350 352
79 216
564 517
785 891
753 456
368 893
195 508
558 355
885 897
789 543
571 609
662 557
490 860
108 663
373 805
682 482
321 362
129 847
202 599
955 547
12 516
307 975
435 883
882 432
179 571
604 120
377 48
417 883
431 800
268 875
596 319
175 229
602 756
278 826
846 946
631 871
484 584
160 565
881 673
305 113
431 45
646 997
652 230
966 830
523 436
151 836
401 690
367 357
681 614
252 545
9 149
102 695
563 732
504 575
421 704
690 895
169 727
761 631
886 509
454 108
989 625
619 976
4 717
706 104
375 353
517 69
154 8
366 748
312 945
401 102
207 559
141 552
442 362
584 836
293 860
456 199
181 717
978 89
14 624
446 496
234 267
305 581
201 835
465 541
347 134
797 545
688 759
195 254
937 229
104 374
108 220
172 574
691 90
835 102
653 939
701 684
756 966
894 641
382 118
551 882
445 827
915 888
991 38
571 745
150 888
179 733
928 171
730 345
424 319
302 63
371 927
334 500
85 74
654 673
898 426
886 635
293 8
571 572
452 462
829 167
961 851
111 87
859 11
515 521
931 253
515 309
400 291
193 793
67 517
560 214
715 174
432 473
251 117
870 715
31 630
225 970
739 87
327 438
788 915
582 964
684 794
755 55
130 207
934 866
856 593
380 431
875 586
420 467
799 819
803 839
881 462
72 65
186 115
856 297
475 892
579 44
411 680
525 229
603 683
526 871
395 789
867 788
530 535
498 297
49 913
674 463
616 695
865 420
153 615
220 800
920 300
850 785
321 94
345 319
194 656
912 64
820 209
963 269
718 236
907 723
850 247
291 452
462 424
116 219
381 587
305 739
980 325
812 649
141 461
344 157
135 365
628 302
67 645
142 963
465 729
326 698
649 974
599 172
323 793
321 719
464 192
210 907
158 974
72 414
215 491
120 16
626 978
699 695
905 818
700 629
66 918
587 325
343 221
156 577
309 570
201 935
488 637
212 991
206 176
526 655
144 938
443 927
364 40
731 574
541 47
507 579
153 443
434 732
594 724
708 226
982 244
459 435
295 714
129 983
364 177
958 628
22 305
144 827
220 933
382 392
175 444
373 333
455 465
340 287
252 907
7 736
173 517
287 700
765 503
623 100
593 523
361 734
235 41
800 354
458 171
636 846
728 274
41 460
186 207
903 359
468 483
843 401
611 911
221 248
904 245
553 141
660 237
662 27
222 192
913 46
751 234
443 441
15 855
591 735
548 989
981 891
2 170
978 543
102 386
742 569
810 274
892 178
557 488
93 525
832 960
773 430
577 224
637 432
772 261
304 990
517 372
870 915
215 666
811 658
400 780
73 894
490 264
730 563
812 938
47 924
271 113
300 922
82 63
777 732
679 524
314 225
651 139
568 823
650 835
191 232
480 615
894 848
265 983
801 752
930 133
346 470
653 49
916 691
689 598
607 139
344 362
623 297
512 930
917 96
123 651
820 3
678 834
237 486
469 893
52 58
614 264
184 677
634 506
359 528
887 437
679 215
304 697
655 396
259 593
540 21
2 4
580 66
315 493
735 328
184 500
168 64
616 828
400 184
996 858
956 297
219 404
722 383
246 88
488 213
740 448
77 582
328 765
942 677
686 281
162 518
1 283
791 378
408 319
59 743
53 764
563 894
517 60
55 403
610 263
252 993
580 784
305 347
115 662
50 172
399 677
25 688
769 227
855 825
807 731
119 459
572 933
916 191
829 260
694 844
509 982
562 625
258 800
31 277
885 888
601 888
478 481
257 703
254 890
123 619
172 535
558 650
289 407
192 285
803 828
192 241
397 326
794 6
950 920
55 971
574 10
826 448
652 421
283 162
42 362
920 378
895 523
47 814
548 577
694 359
896 212
140 298
892 878
869 503
800 889
889 917
812 540
197 332
192 298
536 209
660 546
616 174
424 912
363 343
950 227
22 814
163 565
714 551
810 894
89 645
800 754
109 123
97 398
914 908
690 286
287 812
621 210
457 293
224 741
113 51
798 517
961 752
740 158
122 289
661 519
160 406
31 507
516 486
532 928
410 713
514 476
385 436
907 707
750 713
382 42
784 116
540 912
629 767
596 823
68 823
911 823
378 68
548 708
701 877
533 107
891 266
145 65
268 704
80 580
564 433
938 487
3 769
856 379
964 986
121 601
705 761
7 552
293 334
167 485
89 960
309 638
248 895
781 182
770 992
851 973
565 557
12 301
583 410
947 150
85 401
365 234
776 95
549 410
547 637
937 903
166 135
555 153
334 496
729 524
818 325
181 294
672 413
557 347
606 104
156 265
17 781
791 996
657 482
634 283
115 391
473 665
342 507
839 485
406 766
674 10
525 869
244 24
533 842
908 305
263 58
427 781
63 813
16 606
885 192
436 853
677 598
711 171
40 771
769 169
97 424
369 585
657 874
602 362
908 275
345 335
714 400
889 545
702 385
343 73
978 179
61 79
282 57
75 254
812 431
338 621
710 614
15 263
256 900
942 380
550 216
556 30
887 90
20 693
217 201
156 356
442 347
461 137
1000 617
758 416
979 128
504 705
502 889
579 94
169 785
345 814
10 74
662 989
559 112
222 169
765 877
983 174
269 310
218 3
137 12
814 323
483 60
133 142
639 391
182 677
956 459
809 305
744 960
694 108
713 859
718 646
92 238
168 426
273 630
222 294
229 316
421 271
206 77
793 298
259 26
758 396
978 145
688 996
16 442
212 899
373 930
381 699
901 227
40 5
8 986
408 913
698 720
195 562
44 594
274 135
937 921
389 140
178 283
725 487
603 520
41 851
171 877
889 608
224 157
78 625
97 235
216 764
426 881
798 670
179 388
202 757
825 581
186 492
620 249
449 482
576 26
83 147
396 485
676 253
197 554
330 973
212 127
687 616
628 389
952 986
933 145
224 914
972 524
862 932
1000 812
354 950
591 441
348 515
103 713
453 267
805 220
901 609
281 456
851 596
752 990
656 566
25 595
596 712
665 88
31 564
119 835
706 153
136 652
699 811
764 537
749 185
343 722
709 589
73 805
870 671
599 763
430 603
455 905
463 878
560 521
887 429
320 486
376 102
628 323
745 372
595 917
315 159
43 884
980 666
195 566
927 204
775 908
67 111
64 116
40 964
353 341
565 941
283 438
860 90
130 479
148 365
221 181
231 542
226 499
609 287
95 348
671 1000
914 770
341 172
867 810
759 411
845 694
65 934
632 889
551 542
938 670
710 558
825 82
705 164
674 534
517 660
30 958
237 517
472 684
686 130
296 229
836 290
74 643
412 920
280 177
96 203
580 466
78 191
519 699
81 451
845 733
887 481
38 28
25 938
447 522
790 247
519 756
816 241
531 244
325 889
634 453
239 176
369 355
677 377
432 912
320 482
858 968
582 31
905 646
867 103
713 44
115 821
17 264
761 888
37 377
364 867
382 886
684 246
424 583
857 355
682 754
37 18
66 223
165 13
407 53
11 732
741 851
527 259
92 703
394 791
425 611
225 621
556 411
368 883
769 488
92 557
951 776
928 801
868 803
577 747
542 432
490 2
675 470
753 769
994 67
200 639
336 225
213 351
509 140
890 961
436 229
845 775
950 354
369 913
295 467
604 570
432 919
639 968
404 421
105 536
427 915
596 919
977 355
327 514
160 961
682 743
506 630
421 538
136 408
401 945
686 736
557 584
660 266
354 398
822 480
352 174
677 40
839 751
781 497
791 293
173 482
160 966
330 756
706 845
27 122
583 642
486 8
332 623
666 409
772 509
35 656
709 869
298 480
400 592
162 260
525 504
60 464
581 268
748 469
974 304
953 361
387 698
233 141
97 415
819 253
812 596
235 164
40 789
73 269
255 17
770 91
802 619
230 330
424 843
456 395
560 107
425 236
45 755
278 86
661 406
925 709
858 483
876 156
721 924
762 822
973 634
180 758
20 519
25 480
665 938
975 125
497 807
780 107
774 108
93 59
223 430
18 442
358 618
648 200
296 300
902 964
97 907
608 613
125 867
120 410
72 449
776 372
255 435
328 983
557 54
910 749
503 502
193 50
824 353
54 457
950 60
100 325
867 677
527 937
629 487
840 777
990 513
547 895
868 583
383 943
970 719
2 707
406 870
723 919
193 929
14 478
266 812
900 315
131 910
872 409
490 531
842 476
194 345
272 518
487 515
400 939
158 945
504 501
146 78
47 408
672 889
833 567
308 253
126 165
634 520
355 389
366 271
343 587
500 321
656 521
809 400
772 659
623 915
176 203
837 663
957 853
181 465
157 932
757 997
290 308
191 59
560 166
168 540
550 743
324 361
658 440
961 789
378 912
303 982
627 453
263 720
421 463
481 114
852 774
916 526
897 918
98 205
488 298
57 673
888 454
203 530
446 588
62 226
113 912
37 793
127 972
830 1
343 781
442 234
566 852
609 984
666 357
987 944
305 843
711 247
731 962
584 51
180 572
523 751
476 149
802 923
654 463
292 434
724 967
90 123
1 630
972 849
318 696
866 115
94 312
220 468
873 363
763 852
877 352
693 821
688 975
709 31
71 879
240 28
203 693
377 364
535 900
629 323
667 688
920 910
4 290
95 274
265 719
356 149
448 249
550 611
983 668
285 914
107 802
970 70
204 224
285 630
903 671
893 909
315 371
324 594
804 503
584 16
196 344
124 439
981 885
196 993
72 654
477 478
625 754
218 976
848 847
544 232
905 645
571 255
293 923
55 254
343 385
960 206
440 981
682 401
740 918
730 863
843 396
986 298
104 166
361 155
805 362
537 938
54 849
696 946
537 959
311 266
508 943
262 21
303 910
974 571
302 60
269 558
528 806
702 798
363 510
182 477
741 137
864 516
516 968
922 108
592 48
534 958
564 538
962 644
232 275
456 477
298 629
855 661
64 461
592 194
871 995
233 704
592 781
774 606
773 740
179 775
264 396
467 898
549 985
364 187
548 557
577 576
928 699
655 860
402 63
464 487
102 555
395 411
164 756
401 729
353 619
618 306
956 957
766 367
105 219
541 490
1 267
640 58
304 821
157 787
838 22
70 164
447 577
618 455
915 777
755 420
230 695
319 942
913 330
976 748
799 123
980 698
705 125
437 173
843 651
577 963
244 362
155 585
378 938
792 587
548 265
692 135
78 384
723 538
528 772
720 577
551 574
129 921
307 516
536 825
704 270
260 451
269 113
438 774
807 415
893 590
559 837
818 203
448 428
716 758
882 433
198 967
986 270
292 514
839 70
402 76
223 500
205 131
752 541
791 492
463 441
599 107
228 86
199 750
500 157
52 626
710 875
834 301
695 962
126 850
606 685
506 528
872 663
100 187
773 733
302 378
985 583
976 39
948 211
738 34
147 362
507 734
732 553
837 43
486 42
269 2
463 320
288 508
284 407
761 884
828 497
180 840
269 129
639 860
374 941
955 190
803 148
519 875
917 196
189 337
535 870
332 995
2 648
652 129
962 906
45 141
174 490
776 574
564 344
396 201
178 778
731 763
222 721
130 408
600 515
180 192
299 79
248 36
655 388
743 269
418 962
743 62
234 582
250 117
804 59
151 46
465 372
216 680
820 179
611 413
909 389
666 638
96 324
202 382
423 644
111 714
932 126
911 615
648 111
299 596
567 946
473 419
762 898
260 229
955 897
402 435
660 653
533 933
265 701
147 863
737 512
343 583
913 94
677 217
209 821
521 611
828 101
753 809
900 252
806 498
141 340
304 657
886 480
735 493
899 618
290 977
733 256
668 837
816 738
370 155
635 670
590 970
68 869
119 399
962 739
527 799
785 346
212 727
153 920
287 340
759 300
360 59
683 925
736 2
273 323
341 101
960 772
729 730
198 440
900 669
673 502
462 933
887 797
102 997
671 987
461 684
374 442
11 165
204 766
761 792
540 200
846 431
103 310
171 906
897 849
262 259
651 989
371 195
464 692
6 195
72 508
274 924
367 68
653 536
519 27
377 766
994 561
469 170
73 700
891 258
504 549
495 90
127 144
950 497
554 304
132 450
922 736
637 476
643 595
741 851
748 684
432 28
810 303
875 165
668 767
176 138
896 677
991 41
189 64
743 272
663 167
105 761
575 97
246 517
536 613
739 78
523 498
764 347
204 17
431 48
58 29
733 531
819 466
68 792
558 196
791 86
935 251
740 88
590 965
813 982
456 332
616 713
773 220
863 138
520 863
601 587
258 873
311 428
456 643
624 392
8 548
573 5
256 459
413 120
743 767
331 135
898 407
211 733
768 402
912 657
527 833
313 215
829 848
960 149
167 224
506 263
101 984
225 13
228 151
589 136
515 188
62 424
326 127
572 552
623 685
384 128
16 327
408 603
865 899
783 407
1000 346
418 775
796 721
660 652
658 704
363 880
625 462
264 33
525 386
531 660
231 19
285 40
771 930
869 735
824 747
764 696
332 96
912 896
278 109
101 132
802 493
327 360
177 988
705 419
270 866
641 609
122 214
913 896
256 17
800 459
602 495
271 290
290 522
661 672
554 470
756 812
165 382
657 856
483 422
143 589
889 766
389 165
678 870
955 152
256 108
169 696
949 623
633 220
138 192
344 513
712 724
113 268
209 251
337 905
15 644
396 247
894 623
471 906
37 81
412 376
522 260
249 437
387 52
561 399
997 859
481 146
704 293
844 420
1000 397
360 306
254 999
983 106
502 588
463 87
823 433
506 545
398 959
415 2
850 29
119 41
489 281
345 51
810 675
966 741
594 811
773 475
471 238
512 21
704 180
126 12
914 765
767 585
820 271
307 399
693 874
499 764
512 532
726 428
79 61
294 518
685 965
488 61
563 153
424 136
44 802
51 26
792 285
346 371
477 788
725 341
433 547
374 127
881 948
146 846
878 708
572 967
155 763
930 263
88 104
270 259
554 803
542 536
920 489
852 764
760 412
502 395
672 896
807 595
357 199
452 824
143 406
417 497
131 350
786 313
616 620
946 671
642 337
127 190
259 66
995 957
893 569
549 737
129 778
422 38
523 239
829 386
3 37
459 586
405 669
960 811
818 956
404 346
117 987
159 604
7 343
177 807
652 714
818 695
140 976
812 42
75 251
564 300
752 856
20 4
58 464
356 77
406 88
437 726
402 889
876 403
606 992
693 993
326 519
758 342
41 786
631 726
693 675
569 495
960 895
268 319
280 679
223 664
125 248
363 739
618 323
128 202
519 302
656 996
738 760
327 972
385 753
257 459
913 328
252 946
379 651
513 897
689 603
455 891
982 69
120 983
51 66
867 409
539 599
472 30
912 174
431 732
947 396
673 992
368 529
685 309
295 907
949 836
325 3
278 462
753 478
836 492
367 917
267 664
600 445
103 561
48 352
565 803
247 939
696 620
33 30
557 105
94 991
831 119
506 687
556 250
782 747
933 513
677 780
770 431
768 375
876 476
91 862
762 99
341 454
60 970
308 839
667 20
151 695
847 306
10 991
71 406
157 556
301 166
637 15
391 535
890 486
528 800
136 617
596 2
22 565
743 135
689 141
303 440
274 716
694 269
924 332
585 89
911 986
907 684
504 903
907 655
830 841
545 747
463 640
165 427
185 697
393 181
641 142
666 180
511 621
122 737
704 725
409 134
179 148
847 194
181 507
708 992
693 392
857 111
800 715
980 603
462 881
344 355
483 948
826 1
775 346
909 677
399 546
87 282
145 666
2 184
212 139
20 576
670 91
119 507
196 930
50 980
197 925
902 817
399 791
89 974
577 171
799 761
7 635
412 887
650 484
11 614
493 848
594 329
529 706
284 167
514 269
917 164
583 590
50 23
742 389
582 554
989 24
14 974
794 257
150 780
493 523
690 868
97 224
606 826
38 590
934 324
362 525
215 806
699 587
404 822
254 384
690 264
668 594
428 58
296 266
247 481
682 990
591 619
847 13
201 387
558 862
543 1
156 913
671 887
617 84
420 293
385 39
908 461
253 912
608 959
47 545
279 807
369 797
435 242
511 262
362 157
760 722
222 54
537 425
206 905
66 825
147 220
86 394
988 579
112 635
738 325
873 35
76 860
979 392
413 737
377 596
257 335
252 2
315 187
280 150
234 114
684 234
992 731
438 458
458 625
325 505
194 490
173 946
896 906
102 544
101 297
117 917
622 313
906 287
487 633
609 438
109 725
257 72
35 67
608 982
734 263
460 452
145 32
427 700
938 617
420 196
483 73
60 707
466 283
923 336
777 783
540 259
158 423
304 26
140 739
476 790
465 261
222 891
958 126
244 875
162 239
405 308
655 465
333 885
828 606
422 157
25 413
210 733
246 706
482 121
924 435
338 986
818 916
962 918
545 116
550 959
609 918
271 616
834 857
921 28
596 736
91 799
991 611
538 650
27 748
173 11
106 107
234 315
465 787
72 942
755 418
635 998
638 821
316 553
859 898
670 558
546 683
250 340
28 874
628 228
615 224
515 674
6 940
101 799
791 786
73 882
531 113
707 498
665 116
347 574
163 410
558 261
687 383
500 142
319 249
632 898
577 403
91 157
833 693
458 40
978 178
243 530
449 992
244 450
106 556
44 879
768 387
896 593
257 594
1000 989
352 264
999 420
402 854
790 836
233 902
33 766
236 65
152 246
549 967
1000 967
425 867
672 692
172 125
988 360
131 430
214 407
575 287
248 195
985 506
914 664
744 695
530 935
620 761
631 375
335 287
566 367
559 235
534 142
822 638
251 596
50 682
822 14
725 367
819 237
773 654
217 391
661 17
998 589
355 681
73 212
240 406
846 548
179 148
694 620
334 816
388 444
887 830
393 249
657 902
592 348
737 211
99 803
785 499
84 855
376 266
565 461
543 550
329 21
981 52
456 598
853 226
151 792
915 35
597 824
763 918
824 15
794 455
118 260
514 493
716 389
91 666
787 522
516 791
13 363
854 133
252 28
26 932
364 768
157 312
4 195
819 127
458 895
770 804
68 976
218 807
447 776
108 779
139 932
920 423
756 532
301 678
747 15
861 583
260 877
166 357
318 427
234 927
894 979
79 369
804 345
233 298
163 591
219 789
29 329
450 72
118 162
450 207
52 894
998 202
766 582
708 666
849 335
215 720
780 347
428 439
334 750
757 525
74 74
273 190
850 164
298 473
73 588
709 113
760 177
645 629
410 627
385 656
439 567
298 865
133 663
550 340
802 599
680 752
363 145
45 792
649 866
576 210
647 923
303 122
845 960
771 704
856 396
860 590
87 260
243 947
56 295
815 82
345 949
441 324
975 197
399 962
522 612
476 291
103 941
102 556
661 516
55 723
200 522
677 20
506 348
635 964
325 60
878 496
410 62
960 551
565 92
71 308
278 539
591 605
273 676
412 295
719 772
858 439
59 852
557 42
814 337
353 350
468 837
723 783
253 684
21 851
733 968
966 390
859 318
616 567
190 399
193 1
595 544
842 947
248 370
731 848
421 938
837 536
542 50
118 541
434 247
177 231
791 729
147 169
611 966
775 905
756 702
91 124
266 536
113 919
1000 836
911 295
390 128
775 811
442 508
568 156
450 997
275 924
675 677
726 324
422 481
933 460
637 458
260 887
587 869
702 436
969 43
41 878
466 914
120 501
520 753
280 347
748 40
683 200
850 166
16 335
250 9
136 127
81 618
515 234
766 310
393 217
45 702
354 606
487 312
879 936
752 971
782 939
496 455
689 293
307 763
319 754
409 261
690 441
870 14
680 982
507 819
811 142
987 861
777 413
975 458
548 723
195 58
546 570
150 434
14 178
854 748
557 110
650 653
347 805
38 14
708 273
98 596
595 459
59 753
278 141
969 760
695 310
840 684
621 290
303 378
689 120
771 770
722 290
197 562
721 120
656 307
213 533
228 42
705 961
486 848
585 829
173 411
961 690
559 27
742 386
762 613
642 717
771 860
132 894
370 963
334 460
356 164
493 970
536 940
197 262
867 724
779 461
964 146
409 494
72 390
925 811
959 381
586 779
309 34
869 315
978 504
585 760
827 281
820 894
462 178
96 484
890 740
819 398
197 965
631 178
700 437
978 11
326 338
151 161
337 860
932 663
396 1
754 164
539 946
56 483
439 980
808 179
939 985
105 767
504 468
123 462
490 841
766 684
264 674
507 656
56 635
457 668
912 159
98 888
302 336
211 416
906 907
119 401
655 209
685 432
589 608
478 251
738 704
1000 5
940 895
709 198
520 589
740 617
735 41
319 677
828 378
492 333
167 510
917 64
437 502
727 649
205 464
815 824
444 540
600 799
618 184
382 277
243 596
550 127
784 999
123 858
363 256
595 290
102 149
696 879
773 496
288 83
911 204
870 709
297 660
190 24
987 989
708 429
200 328
438 501
3 905
894 815
725 938
25 320
328 768
570 534
655 373
735 532
515 157
91 426
560 753
83 18
797 391
145 788
304 735
316 370
648 64
654 301
513 345
453 566
843 736
978 790
779 607
685 959
105 193
687 48
233 18
102 516
498 813
132 116
850 363
1 809
335 954
557 803
271 268
519 612
641 220
440 214
754 557
448 177
418 522
496 405
964 799
471 607
297 735
550 883
638 131
419 927
649 921
418 833
344 363
415 291
602 444
277 422
227 55
18 179
717 520
577 460
778 808
934 257
499 885
358 420
588 847
420 118
77 549
733 991
690 318
917 322
116 897
360 270
247 709
698 774
626 1
695 482
738 341
220 620
790 455
699 300
84 128
740 989
595 900
678 101
815 382
898 89
281 25
345 566
396 192
193 345
585 239
804 305
12 743
512 967
132 878
760 997
143 125
153 124
756 944
782 700
287 738
221 584
384 894
704 759
188 863
629 845
339 625
102 199
88 229
154 947
116 489
634 902
820 246
997 563
110 464
732 659
368 626
678 519
521 31
182 616
670 386
480 328
439 367
64 766
183 199
794 422
455 248
115 511
643 331
951 619
939 21
672 698
876 150
102 591
293 941
585 321
98 969
505 372
597 881
239 750
136 182
409 146
532 620
354 24
836 661
39 843
155 893
307 962
282 39
196 407
931 398
403 411
89 205
192 320
597 472
972 309
859 689
902 814
730 724
767 986
208 522
557 291
164 514
532 865
634 627
976 31
939 332
252 493
810 677
390 460
128 59
176 557
640 879
89 931
532 88
354 772
766 428
578 884
200 843
531 585
413 69
338 1000
645 630
594 207
981 577
418 425
268 914
66 685
888 211
354 519
815 568
764 326
894 619
485 348
478 400
776 281
41 106
851 505
690 189
295 585
810 337
468 398
4 134
787 862
578 706
282 532
349 196
228 864
361 981
318 637
838 730
883 754
560 732
249 178
248 975
554 468
506 766
796 299
21 253
25 294
30 278
632 865
477 877
818 211
725 372
334 622
96 584
45 571
170 465
238 291
769 318
123 830
524 303
91 24
760 713
558 191
924 638
148 879
807 242
622 150
12 559
419 112
685 786
133 700
205 587
834 716
941 449
411 329
496 564
24 774
230 929
905 856
821 10
903 836
867 195
737 945
758 62
279 857
580 656
619 517
715 194
443 86
754 793
385 773
710 910
755 723
254 310
211 313
112 307
631 754
970 273
282 20
809 666
242 651
381 59
680 902
131 628
739 728
170 92
909 48
47 803
220 169
921 751
322 459
901 167
590 960
547 859
281 832
887 554
66 814
209 346
467 296
805 435
81 986
596 732
647 620
345 517
724 784
45 852
856 917
524 784
131 599
734 137
519 524
975 830
185 968
30 749
35 698
722 6
149 69
104 640
640 328
102 19
785 326
612 789
956 655
670 814
135 301
947 211
906 696
353 958
198 323
390 844
771 244
808 598
248 440
983 945
791 260
854 6
869 861
485 418
239 601
314 31
424 548
867 689
404 436
133 43
561 582
809 703
800 223
969 345
208 107
752 701
100 521
543 404
920 916
569 148
335 460
632 157
160 731
717 604
932 977
44 931
266 305
805 15
28 81
565 601
927 966
443 638
239 669
659 447
736 259
798 906
190 719
776 95
70 923
185 443
283 614
125 848
778 708
236 803
94 612
122 797
189 153
112 19
192 963
825 334
703 171
238 588
147 738
947 653
43 562
935 158
536 251
352 914
720 448
613 340
822 623
994 166
8 133
463 853
888 640
425 650
172 603
136 746
231 469
264 463
757 994
296 214
986 369
693 367
284 332
176 976
949 859
660 34
282 793
441 170
950 605
420 66
24 395
828 493
720 777
567 966
46 74
731 946
452 294
149 41
631 512
518 385
753 495
856 371
842 373
293 692
899 115
17 173
201 203
987 516
720 957
592 353
237 163
416 82
579 52
199 655
319 244
461 638
164 675
511 472
544 626
180 786
629 17
664 366
305 820
100 415
966 489
12 432
51 931
455 134
593 746
483 857
974 857
935 95
6 183
279 426
189 295
468 501
894 575
937 170
15 861
479 983
979 581
90 660
350 636
657 47
693 809
882 288
28 70
35 125
965 675
306 487
840 932
511 483
757 214
701 355
915 70
660 498
589 706
666 836
32 197
357 307
615 207
962 171
63 347
930 359
675 800
960 153
649 105
212 326
938 813
467 72
518 767
76 786
334 590
660 160
936 358
739 388
607 790
701 282
57 913
835 477
751 453
431 975
472 958
387 789
86 988
955 985
119 736
718 687
173 772
881 808
367 488
556 82
134 149
587 549
153 894
126 471
225 874
209 761
229 924
45 57
72 411
325 518
350 546
138 295
699 545
520 732
827 58
454 995
283 565
786 653
255 996
275 294
418 248
797 544
241 90
312 632
272 507
130 816
531 660
856 732
214 550
481 557
638 140
339 625
806 772
708 224
251 162
626 705
424 325
627 483
595 544
550 396
350 482
616 422
847 815
577 325
384 244
340 698
87 38
722 851
975 228
792 688
62 201
52 248
741 307
332 314
707 407
367 932
466 466
993 288
993 593
372 690
576 178
418 547
15 505
852 801
855 212
454 853
7 520
280 403
408 905
638 813
482 589
209 393
413 291
765 542
905 812
713 235
966 105
10 33
621 412
319 700
741 581
430 901
910 686
654 483
882 272
67 381
911 484
38 225
102 395
218 9
111 791
856 329
411 191
852 522
864 871
221 42
137 509
905 634
20 110
279 734
914 815
115 417
794 196
957 110
910 460
562 824
780 810
2 83
310 430
560 776
467 634
525 333
956 574
614 155
335 69
857 495
992 854
372 225
331 427
94 95
427 365
724 947
174 526
590 961
743 397
735 99
931 910
896 229
524 72
325 592
713 21
902 947
548 21
376 821
482 307
706 877
863 630
736 419
1000 74
772 220
62 709
728 881
210 394
685 736
219 305
126 74
633 317
598 579
278 372
918 822
952 267
336 686
449 456
911 446
927 854
540 170
988 948
219 284
254 86
827 880
376 395
98 536
552 93
959 688
279 788
566 603
572 379
40 668
97 537
768 102
636 546
407 533
744 636
904 403
162 882
53 284
796 964
256 50
805 389
475 401
230 76
793 276
647 732
522 430
400 612
835 946
744 687
747 420
418 628
368 454
651 647
176 380
541 287
72 272
424 22
185 727
267 716
765 561
751 972
295 317
709 854
760 411
338 499
675 560
842 52
82 45
659 556
134 401
261 41
627 499
209 255
185 224
719 781
884 435
414 525
213 167
360 744
344 951
403 144
660 288
673 525
822 905
9 409
590 889
724 820
55 921
664 792
187 70
233 397
86 441
547 247
878 590
681 827
978 648
289 606
359 212
806 238
764 81
893 622
304 134
32 759
774 868
14 906
72 968
665 846
289 611
742 160
146 650
297 654
998 685
886 51
869 700
385 767
525 221
919 308
828 400
659 610
400 756
722 931
7 294
959 816
767 489
24 746
167 881
566 57
196 511
129 833
229 664
546 368
272 54
544 794
923 221
44 573
91 647
924 677
856 329
971 953
7 412
735 700
751 885
858 861
253 29
155 919
680 201
106 642
85 83
903 384
28 903
891 969
889 775
549 863
612 936
302 531
777 331
629 446
657 60
709 385
831 222
738 493
772 158
768 892
564 924
28 198
711 373
576 941
513 379
643 194
90 803
271 581
38 462
666 737
517 593
69 429
100 925
888 172
835 735
300 646
30 777
279 61
228 679
908 89
371 291
448 908
513 762
550 207
196 621
220 947
348 857
508 329
108 231
948 147
548 4
598 216
354 882
297 980
564 942
398 869
367 528
931 551
628 286
796 361
437 513
917 462
941 342
113 574
85 150
46 546
472 846
335 35
944 944
33 99
550 864
382 42
286 529
325 139
648 662
975 916
625 376
412 346
528 350
436 610
913 945
831 17
245 644
726 646
920 258
567 850
314 279
308 23
751 654
501 278
631 546
97 879
414 469
665 965
645 428
950 207
287 568
166 777
573 486
867 641
195 576
395 282
104 899
441 284
258 111
899 346
976 770
506 506
78 653
157 873
692 989
534 453
199 659
387 817
583 941
118 780
888 163
318 306
161 938
844 665
575 884
39 838
643 159
104 702
832 618
342 933
374 291
892 26
770 299
102 657
996 55
104 824
919 241
479 858
964 918
5 711
15 518
385 314
385 687
989 553
788 626
527 433
530 820
504 32
399 287
544 801
642 494
960 699
16 396
518 26
681 406
325 941
537 164
298 654
344 44
256 797
323 655
693 830
489 731
331 566
694 23
160 985
139 314
974 111
940 644
235 475
209 530
786 539
613 607
225 915
2 926
153 578
691 241
337 978
593 341
299 484
711 635
78 138
414 913
890 484
642 783
623 340
666 611
878 569
988 749
878 808
662 867
193 678
838 70
844 967
964 436
698 995
67 236
226 571
299 397
677 440
538 367
977 493
758 600
456 792
436 920
353 53
133 693
646 451
28 720
421 805
969 647
32 721
561 489
485 261
611 757
902 349
612 75
329 686
980 881
849 463
215 895
211 322
358 171
554 280
187 926
572 442
472 78
187 681
553 482
981 110
773 465
645 962
57 91
471 776
53 166
535 414
301 922
299 152
137 142
269 733
541 305
954 184
570 33
477 472
379 576
484 584
505 849
418 376
224 192
700 610
711 799
476 358
332 58
305 910
38 908
133 122
241 839
134 54
309 881
533 951
120 697
74 802
255 198
438 741
505 440
719 876
436 861
80 637
614 206
6 500
557 991
244 104
375 730
24 972
36 757
555 879
118 647
229 244
472 607
896 179
916 429
208 190
731 207
913 757
842 678
601 755
743 630
241 814
784 201
776 259
772 989
136 975
879 913
495 7
131 628
472 345
370 430
775 673
485 485
409 653
232 626
497 777
267 137
460 428
650 333
230 673
758 809
219 951
299 736
647 378
504 758
38 727
658 84
205 764
984 648
583 910
240 842
985 200
553 649
558 787
223 628
99 240
243 442
828 216
376 898
550 637
407 859
267 174
844 502
337 687
78 47
371 766
179 415
86 471
922 669
405 585
39 752
390 575
722 495
587 457
880 825
850 392
713 557
269 261
536 484
755 874
815 770
925 655
784 928
778 279
564 533
371 984
768 72
863 567
619 752
681 946
554 564
365 684
853 475
903 380
831 318
843 822
801 465
86 112
647 606
380 375
809 217
407 960
524 781
943 95
455 269
189 363
86 764
302 727
635 430
534 475
288 604
994 842
558 844
349 50
953 319
140 734
305 634
482 439
762 717
381 199
365 463
423 564
693 975
245 52
123 501
572 995
955 215
239 350
652 508
570 843
68 765
970 751
194 535
219 79
626 74
121 559
677 669
423 238
742 743
899 864
302 456
623 427
848 286
538 522
406 920
365 877
650 263
71 751
422 712
650 223
645 35
555 919
687 127
589 216
769 908
663 68
498 191
66 531
984 513
756 175
929 504
215 135
242 277
930 320
332 373
207 959
529 272
780 472
652 229
594 211
358 108
545 953
570 34
818 51
378 465
83 508
543 701
159 586
221 432
83 161
484 166
810 351
464 986
306 745
618 280
373 837
118 625
617 110
771 50
336 44
446 900
1 513
439 886
93 388
105 327
203 898
78 548
788 168
522 32
759 994
523 703
855 544
968 690
936 716
487 270
245 893
164 388
421 486
721 803
306 695
632 586
840 283
467 238
252 329
477 370
235 372
23 730
774 235
708 151
77 121
772 678
24 630
93 33
720 964
157 172
372 274
450 873
908 709
906 805
442 914
427 608
20 886
284 273
396 790
610 768
880 999
500 738
842 431
608 233
400 794
364 649
637 110
133 92
199 215
499 31
263 36
443 291
68 48
612 973
152 842
707 134
953 245
983 771
889 425
117 494
111 264
189 739
84 858
3 284
255 929
223 814
298 213
885 450
810 938
94 93
490 613
589 800
577 139
475 632
31 74
812 239
932 630
952 513
770 581
651 728
62 116
261 969
43 991
794 645
278 60
26 737
347 33
890 526
614 34
466 137
611 157
350 316
248 981
493 291
717 386
237 553
795 878
677 408
298 658
184 36
745 687
841 593
178 894
314 16
811 89
243 767
774 823
490 422
921 788
253 738
911 70
377 125
38 249
479 172
399 916
497 112
105 594
506 606
847 258
619 575
349 896
327 64
254 81
464 939
449 283
159 621
663 763
672 350
271 860
339 684
267 79
189 480
488 509
485 223
202 655
919 370
165 799
652 270
821 252
464 589
615 730
371 748
6 352
537 83
255 472
266 616
949 546
978 252
502 921
938 108
555 604
85 425
892 759
380 177
18 255
435 28
444 610
113 511
355 317
716 692
357 371
611 656
845 957
306 596
425 981
601 53
195 697
590 644
1 478
334 559
142 963
352 590
830 602
82 679
870 522
842 762
633 895
854 13
100 536
164 569
163 233
427 267
969 903
224 692
917 870
955 810
375 318
975 149
551 18
901 474
87 368
881 932
924 964
812 350
472 724
448 314
675 501
463 493
846 893
381 576
886 7
89 249
687 282
472 104
942 562
698 282
998 142
955 74
636 488
643 379
67 304
455 823
25 665
782 131
528 395
516 448
126 647
586 316
797 830
828 151
524 403
722 359
124 516
39 204
275 869
293 340
981 516
935 856
918 62
318 21
113 857
493 773
532 640
837 307
394 227
146 674
175 748
115 367
416 762
366 418
697 298
473 330
60 257
162 934
841 739
425 68
648 975
769 549
969 65
18 655
580 199
946 346
705 21
751 572
890 889
134 213
876 463
32 459
306 190
384 616
114 840
390 743
589 606
423 442
363 946
626 799
637 436
460 438
633 190
941 637
914 320
833 884
374 364
321 610
182 459
439 630
697 326
101 398
169 701
263 955
684 708
4 283
572 417
393 142
536 904
254 794
345 535
591 16
926 954
588 836
464 408
937 288
494 68
527 737
459 29
897 113
851 518
128 508
226 998
832 443
716 354
856 660
54 782
470 903
412 384
385 698
713 645
541 927
490 842
955 129
115 836
246 370
464 960
878 88
533 132
857 876
47 388
149 257
817 886
288 547
88 590
368 997
455 819
3 97
356 72
801 741
497 396
708 152
356 538
367 153
999 922
820 169
113 606
260 435
426 654
796 747
651 44
458 260
228 449
76 505
668 494
521 949
830 724
445 835
502 965
586 606
511 128
522 914
400 521
918 154
466 630
98 671
676 139
358 16
480 727
414 724
387 101
427 449
784 852
97 393
806 24
935 24
854 334
306 847
350 12
713 4
168 134
602 656
331 978
780 239
585 6
147 188
968 380
968 570
425 93
694 268
732 419
774 262
906 5
380 913
185 823
615 395
412 679
709 957
721 937
269 403
9 660
387 895
523 347
127 631
497 693
566 555
73 302
504 384
677 452
312 271
876 82
384 366
71 368
594 38
580 225
791 3
327 899
484 192
940 59
120 168
734 982
960 990
156 9
756 438
342 835
255 889
756 854
346 293
511 753
25 851
102 864
612 751
187 418
216 748
564 947
844 269
506 544
229 549
117 413
586 704
333 882
776 456
187 465
311 209
846 658
331 372
207 904
324 360
565 354
334 316
161 587
434 55
956 737
907 841
348 297
162 671
171 234
11 674
880 670
670 136
451 228
958 650
445 248
597 237
742 418
902 129
669 939
954 749
140 491
92 545
42 974
381 394
359 722
680 921
523 410
127 116
551 286
868 692
98 129
737 150
677 594
745 610
904 915
420 439
187 693
727 597
429 522
178 313
153 746
872 45
556 559
914 645
745 544
692 651
389 386
407 979
378 178
317 24
56 548
729 629
856 327
44 341
815 607
241 900
161 330
282 428
724 27
608 593
192 163
527 69
230 994
607 421
926 826
76 145
351 581
815 728
187 514
36 490
768 28
490 996
616 219
406 312
330 417
232 258
567 837
755 188
109 964
457 731
248 147
806 367
500 134
560 927
540 813
174 107
750 873
454 632
317 795
716 608
182 182
146 711
171 784
818 79
259 341
246 805
840 692
785 385
191 832
404 482
236 992
938 440
811 759
851 400
416 156
509 564
848 604
438 680
198 59
244 894
503 591
21 787
790 37
311 888
913 905
753 825
113 283
832 225
310 301
475 213
969 710
680 756
601 433
965 606
455 119
791 658
801 961
742 870
986 767
535 770
288 155
89 277
637 718
961 567
120 27
110 853
929 391
141 393
920 152
494 208
646 482
445 218
202 891
986 548
189 536
233 185
854 934
11 757
928 698
363 169
103 473
314 866
807 537
204 202
125 670
185 686
107 430
101 118
648 301
240 815
638 514
94 36
827 880
615 985
200 830
336 47
813 480
249 356
435 179
54 183
712 293
582 832
839 42
55 238
341 864
792 15
509 764
53 820
645 395
342 969
719 115
992 162
993 214
714 457
509 78
426 297
194 203
566 406
913 511
819 450
976 19
746 306
691 655
606 287
478 630
127 782
612 319
169 656
363 589
566 723
822 560
376 103
474 99
160 57
137 763
642 259
666 390
782 10
655 922
697 767
133 569
146 359
999 156
109 411
52 317
347 497
677 275
288 17
160 786
556 336
991 936
931 584
802 386
605 30
601 565
918 555
794 221
743 524
593 873
803 682
67 804
971 467
786 614
323 335
308 650
266 163
196 549
270 34
456 541
662 807
985 584
902 92
190 856
31 110
633 886
76 966
240 564
965 905
685 634
432 545
615 585
219 403
967 955
748 63
100 993
537 331
287 283
768 368
312 668
528 635
647 452
734 589
139 612
906 748
7 157
271 992
376 321
414 567
208 553
259 921
894 317
423 364
700 991
420 825
464 153
388 805
963 601
715 89
397 484
320 363
551 929
696 539
927 626
315 31
472 638
29 903
31 418
390 425
991 891
475 150
862 781
931 203
54 983
786 753
293 461
393 998
493 397
292 434
100 450
723 211
357 837
241 577
750 374
128 410
376 671
372 23
778 690
691 950
566 270
339 494
339 702
900 726
233 873
106 374
880 691
228 627
249 475
696 1000
83 483
557 776
448 860
135 333
637 583
870 284
214 116
343 703
471 471
273 817
516 30
490 597
370 996
848 512
547 954
400 443
519 793
403 714
517 448
556 975
918 644
923 391
603 219
381 723
770 128
945 353
445 83
908 665
578 478
110 825
548 801
35 834
712 750
292 816
881 533
627 197
725 218
2 622
910 266
389 989
738 434
3 141
460 344
665 650
488 351
759 950
762 744
489 285
888 612
31 874
852 106
509 719
203 871
732 434
664 209
767 682
946 748
7 78
17 157
496 590
893 185
241 224
823 839
24 956
814 994
68 673
692 608
401 510
79 813
456 321
672 49
564 796
207 902
221 499
381 595
673 335
352 739
238 950
123 543
250 584
747 504
875 420
363 478
799 273
241 508
654 469
415 97
866 474
922 960
342 444
343 433
684 604
513 358
757 256
516 903
254 904
638 422
189 307
696 588
192 488
17 850
702 917
59 409
939 572
676 34
369 97
135 111
218 965
960 592
495 22
804 223
452 596
63 941
41 102
259 666
379 251
183 425
184 930
526 129
903 418
700 469
70 482
45 469
450 467
118 987
219 480
666 319
300 437
766 228
319 709
645 376
592 699
28 840
173 714
703 881
900 197
91 160
285 992
546 532
476 100
178 302
552 263
814 616
183 754
411 107
96 161
796 167
303 471
983 815
916 519
558 194
228 676
463 652
279 682
757 26
368 674
772 162
25 826
128 953
604 579
15 194
410 945
514 518
864 591
361 295
453 616
548 515
142 999
674 495
803 360
142 690
159 612
109 485
923 313
425 714
219 872
841 890
55 846
735 333
988 27
928 54
505 246
784 373
267 454
747 723
521 666
845 9
352 939
19 265
320 389
720 539
709 954
961 594
487 46
233 29
426 20
38 198
751 511
914 486
825 482
98 63
217 473
771 376
931 454
64 733
943 813
805 237
168 623
8 442
496 683
90 412
186 945
474 79
679 861
210 776
274 634
848 435
820 236
622 296
248 885
203 706
472 1
848 583
814 258
692 171
756 780
329 876
77 778
532 367
217 879
520 818
653 726
212 800
353 147
337 672
536 336
829 734
51 441
418 785
926 400
719 979
914 529
862 749
682 655
725 136
598 142
797 348
50 207
6 693
224 15
705 545
610 887
532 643
745 789
10 211
25 410
32 476
666 227
49 253
745 361
755 441
972 304
624 415
930 819
502 922
353 966
832 689
502 475
786 824
881 678
200 230
70 569
184 909
396 865
795 62
82 391
856 290
837 551
930 473
412 692
853 487
589 610
220 282
100 955
502 910
683 155
781 561
196 716
438 303
361 307
379 455
341 193
300 59
825 666
937 860
784 409
706 173
610 483
368 875
453 823
41 411
655 101
143 980
214 387
273 465
712 265
745 992
939 207
565 885
582 410
303 48
950 539
109 738
451 607
913 821
832 24
481 497
206 842
912 727
585 87
76 386
841 836
678 745
587 530
973 895
470 149
267 171
615 880
918 625
533 952
784 238
613 60
456 927
303 340
167 251
831 319
36 197
13 43
385 299
189 616
835 801
216 493
653 431
329 570
694 671
769 133
766 72
76 205
805 774
66 626
245 863
359 555
235 207
955 510
666 629
706 92
855 868
268 361
870 283
383 896
468 53
152 374
130 282
358 859
769 260
735 732
912 843
705 363
288 818
347 861
473 199
953 107
746 519
523 178
37 951
294 603
32 372
793 715
333 556
170 60
978 163
215 635
754 736
93 800
347 93
325 249
38 834
898 486
459 698
668 558
594 420
71 610
426 155
813 389
637 303
288 162
962 970
249 157
923 108
692 776
612 840
537 184
802 572
909 750
162 933
487 519
829 841
571 644
531 787
850 875
196 954
584 372
360 618
53 804
9 697
117 446
12 435
616 508
212 751
786 410
831 368
380 356
535 446
857 220
609 210
770 781
169 325
243 26
533 713
931 520
382 622
952 383
754 447
681 541
156 131
378 347
42 876
988 422
622 547
338 463
382 370
388 476
837 88
472 429
895 617
436 967
345 372
798 828
590 195
844 121
579 46
252 423
852 328
989 451
172 672
4 31
378 970
617 854
366 452
567 235
56 49
455 715
554 665
389 126
505 167
354 210
112 850
784 240
724 140
705 517
89 542
465 259
771 394
791 733
926 96
920 286
855 570
68 491
745 103
983 684
313 580
281 55
450 14
471 901
346 233
944 771
419 220
360 659
995 75
216 424
700 812
140 245
549 570
156 711
959 773
19 630
136 256
99 201
748 290
880 311
823 710
808 934
772 179
561 7
929 364
371 832
833 784
946 41
600 995
821 288
355 748
762 77
30 381
728 446
35 846
195 900
954 931
163 156
387 57
805 672
574 405
984 828
595 677
58 977
522 852
553 196
581 538
323 312
465 666
126 88
649 59
600 838
59 416
632 287
648 992
627 805
824 326
192 644
228 242
628 589
723 454
191 845
181 337
141 135
99 384
351 910
925 216
479 764
562 725
711 214
292 799
923 958
953 792
298 64
499 479
441 157
681 815
128 699
28 944
651 106
251 501
634 640
71 357
577 511
671 483
625 186
678 6
877 931
448 249
822 976
177 148
480 329
758 185
346 156
177 248
634 738
265 227
111 223
208 323
621 373
763 865
125 810
646 598
866 229
693 11
164 13
428 458
601 522
120 131
63 482
588 79
412 661
589 202
726 330
270 960
563 40
341 31
187 597
836 205
440 443
585 70
173 558
6 111
948 911
802 198
78 108
550 471
440 989
576 448
672 849
443 702
212 135
462 102
387 430
361 973
602 965
867 736
856 755
406 645
378 256
257 736
840 514
493 976
902 522
953 535
332 652
687 413
311 867
844 85
805 746
155 574
237 828
891 667
845 204
341 900
906 814
783 619
516 61
235 824
518 994
360 294
962 4
888 555
12 898
601 748
930 963
948 326
202 390
169 182
180 386
601 506
308 320
163 446
585 947
911 905
553 975
830 413
283 488
224 778
227 326
692 899
257 831
644 607
674 493
358 257
390 300
300 17
576 213
581 226
634 502
538 233
54 704
953 196
93 464
990 281
820 814
325 986
835 57
513 64
4 72
113 45
202 266
405 768
631 736
525 733
300 166
42 27
581 149
555 636
602 636
898 904
248 426
101 922
974 350
181 385
681 216
882 145
144 109
157 600
976 966
700 409
849 921
473 4
399 335
460 780
50 509
933 167
54 827
202 714
820 400
335 515
23 243
505 925
184 91
146 15
179 249
417 989
528 977
543 382
426 541
482 508
923 457
357 935
374 8
286 938
148 637
863 797
760 635
591 809
995 574
870 647
184 248
188 674
377 309
322 840
384 391
191 524
679 490
404 447
617 905
89 35
166 680
806 479
819 7
778 558
272 566
656 767
1000 435
565 262
580 789
500 42
720 541
922 925
773 768
361 31
398 838
993 780
355 958
755 361
512 424
973 443
583 233
976 944
450 283
805 99
674 890
668 716
803 560
995 758
533 633
165 96
741 968
544 581
953 489
870 307
632 933
557 920
600 993
911 904
934 926
307 976
594 563
418 807
520 278
98 63
480 983
607 368
790 526
941 790
714 656
895 166
818 221
771 973
604 749
52 481
604 54
159 486
828 408
150 466
542 185
352 561
588 353
823 649
865 104
360 151
38 155
55 569
742 51
272 562
769 29
975 10
989 227
329 891
984 985
753 965
720 601
564 322
635 240
373 515
711 798
570 33
19 970
316 989
60 468
979 904
618 329
480 59
32 947
762 177
951 22
322 528
539 140
158 572
820 826
169 372
207 785
881 355
579 342
689 712
133 114
149 830
964 458
656 381
565 712
513 167
568 576
457 660
377 524
183 430
440 673
300 182
561 328
200 293
901 742
715 900
455 836
28 677
616 423
262 967
868 913
574 693
835 542
974 672
729 984
133 585
38 436
741 816
198 91
604 568
393 394
955 272
277 898
722 787
239 552
34 33
686 910
497 516
360 312
330 548
395 344
954 884
470 611
892 26
61 466
974 794
560 34
650 372
948 412
806 90
248 910
188 211
618 879
443 707
832 23
684 8
367 869
926 894
816 239
746 788
854 958
959 717
377 351
407 793
349 27
584 217
116 879
245 462
784 365
275 522
442 218
84 933
382 774
79 130
996 543
790 487
241 774
982 521
636 800
883 973
929 158
617 8
89 229
204 425
840 687
449 537
470 233
683 986
415 547
863 925
675 499
32 842
494 554
595 372
305 181
252 746
935 685
648 984
281 735
161 428
51 597
341 473
605 964
831 55
714 324
293 569
132 971
104 293
246 290
543 248
17 734
700 672
472 112
437 784
987 294
84 559
544 960
288 97
317 907
10 980
544 818
137 605
711 72
702 721
8 135
145 84
506 660
690 973
690 376
296 904
480 633
950 395
895 391
1 353
488 975
227 698
863 675
403 369
125 776
307 93
556 144
825 152
926 454
78 3
599 108
554 400
278 223
166 678
776 330
336 465
213 471
891 632
825 249
796 749
948 54
926 576
203 853
719 373
101 452
465 473
294 484
706 929
135 467
964 931
612 553
349 202
349 987
704 510
69 788
59 274
822 863
471 269
228 670
603 49
149 790
226 55
223 624
376 665
482 970
432 127
658 932
913 299
318 844
84 45
732 674
328 439
859 796
591 881
415 188
814 502
256 501
81 158
371 969
908 914
200 126
659 891
66 228
827 100
778 641
430 971
261 989
196 196
81 422
364 990
636 741
807 180
261 704
238 677
489 966
159 356
591 502
916 24
212 936
907 141
872 754
647 962
143 940
397 874
146 124
48 155
819 260
86 49
276 343
81 732
681 15
48 69
393 770
899 349
1 464
825 119
969 295
342 665
317 831
653 831
29 375
779 768
61 270
84 7
22 850
635 355
331 133
687 911
893 394
384 475
344 677
926 33
547 992
338 905
124 719
603 957
770 61
875 798
913 836
