10000 1000
696 573
786 538
987 882
616 902
404 657
795 831
476 104
401 29
673 115
64 190
318 504
502 803
864 155
441 320
18 459
295 575
890 331
400 142
610 386
694 92
232 428
124 984
126 638
444 370
466 285
456 608
15 264
530 619
275 666
115 247
383 577
304 414
442 986
88 606
846 818
784 214
841 150
407 261
62 836
530 356
858 496
793 38
903 184
928 671
564 152
527 842
354 535
179 138
705 416
386 818
681 922
843 533
617 553
516 239
292 875
82 841
719 59
445 753
821 497
128 920
19 919
517 978
132 910
56 849
597 615
895 219
370 875
48 143
704 612
99 4
713 377
572 995
699 582
818 840
41 201
595 836
264 775
710 606
579 813
599 277
632 927
894 752
937 172
16 478
476 935
637 142
436 72
632 529
157 177
915 883
219 850
424 317
156 646
193 894
297 708
392 573
418 830
824 273
887 957
346 962
791 163
865 69
637 591
327 435
662 397
981 722
780 603
527 339
182 310
997 930
806 667
508 170
473 118
371 246
771 766
255 209
632 975
455 847
52 542
400 721
52 793
274 966
715 973
249 772
646 462
741 539
776 282
498 634
95 30
377 536
789 912
885 973
344 755
647 918
770 158
379 340
937 525
169 69
552 838
948 418
709 110
14 448
681 698
346 111
963 806
361 598
333 521
406 789
941 767
274 761
262 870
16 995
860 873
890 361
355 856
890 612
889 966
138 641
808 890
341 872
493 55
547 152
684 643
145 881
977 740
511 824
760 406
504 422
246 182
237 10
653 971
986 786
404 983
976 678
661 994
634 422
702 735
264 190
224 14
70 985
363 104
654 923
512 614
346 78
789 819
19 686
29 925
725 429
205 752
24 584
441 803
217 623
116 104
326 993
723 832
350 214
667 237
63 939
391 911
886 26
955 680
475 479
683 616
658 300
637 233
483 125
330 299
882 821
649 530
232 936
837 947
392 375
330 251
939 367
739 640
420 954
767 325
69 548
16 122
689 263
955 826
199 287
842 308
101 847
253 611
275 819
84 838
124 524
719 136
24 871
831 89
885 894
50 547
521 909
114 734
898 606
927 372
830 926
792 197
659 758
302 133
368 378
122 641
730 581
930 878
785 276
328 658
240 814
458 745
360 987
187 545
501 962
801 798
47 552
677 863
187 528
998 407
944 286
670 749
91 715
203 516
979 660
400 604
565 323
705 535
561 268
802 93
107 177
73 656
491 623
752 385
637 511
700 585
170 622
640 801
190 205
779 778
824 9
453 398
300 116
14 589
132 586
872 41
627 925
448 491
777 162
257 251
762 810
104 628
358 890
905 469
67 379
241 953
566 354
394 16
550 193
778 908
513 381
356 45
413 6
237 797
345 226
936 213
633 65
259 366
637 754
976 849
298 821
45 920
119 192
308 186
698 595
563 67
25 579
565 681
233 954
16 64
499 629
69 695
202 149
84 833
438 143
637 101
915 588
959 199
11 162
452 701
880 144
75 970
251 142
662 790
472 635
250 987
231 221
577 498
349 477
491 749
761 280
544 666
591 535
944 710
288 191
195 119
216 874
481 657
503 405
652 323
905 552
113 463
838 505
715 461
978 689
480 32
646 653
330 503
733 558
774 822
8 842
672 35
339 465
574 753
254 432
977 352
292 297
631 11
271 97
379 896
26 129
75 652
742 926
457 4
158 866
107 189
466 48
300 230
400 835
808 897
326 1000
660 77
810 175
595 182
890 790
706 116
148 990
253 512
119 204
255 650
72 945
591 502
95 667
805 481
903 442
721 537
65 891
717 755
113 425
606 291
64 863
295 215
216 535
405 132
243 350
756 72
669 981
232 174
965 18
725 965
304 549
457 281
390 331
692 185
347 119
199 767
807 884
834 739
759 372
819 256
490 76
510 526
916 349
784 694
590 189
43 433
812 436
686 210
926 336
858 999
975 753
901 380
889 973
547 551
760 373
832 261
274 710
455 252
37 42
318 839
681 188
368 958
562 296
978 939
727 112
894 29
6 488
179 273
38 475
314 812
35 451
619 834
717 117
774 467
81 674
715 808
647 144
922 522
290 775
643 364
819 813
536 804
183 370
86 510
556 541
936 561
424 117
492 455
658 632
731 1
863 215
301 522
70 960
411 991
44 35
476 533
553 934
472 707
178 345
480 419
349 779
412 766
479 579
99 693
41 879
559 888
847 729
622 579
496 876
138 964
201 795
362 127
50 803
839 834
527 733
760 489
688 269
694 763
777 821
305 331
763 282
17 760
585 238
541 437
604 149
24 970
240 520
327 217
196 893
4 313
830 852
262 183
685 276
631 624
69 84
660 809
943 746
753 207
390 856
818 519
802 841
587 831
401 137
10 59
921 530
799 305
928 376
794 949
644 190
213 686
363 79
150 263
101 46
271 543
701 653
622 297
187 906
477 901
500 54
115 885
937 388
593 353
364 824
69 44
446 93
122 900
364 294
95 661
981 254
564 15
54 544
472 12
78 280
245 627
274 415
154 416
786 699
400 305
930 140
390 850
730 417
262 898
447 225
781 564
679 362
734 255
265 630
544 655
315 249
116 377
498 92
96 323
510 477
398 810
618 533
533 313
456 280
335 777
372 809
442 699
532 579
72 592
142 753
342 74
74 367
672 488
388 870
444 30
164 36
562 154
773 2
195 704
449 172
15 511
371 285
805 794
571 568
935 537
478 208
531 693
156 465
763 215
616 140
254 833
548 239
5 843
546 171
598 744
84 60
93 934
900 893
518 730
549 329
460 210
664 443
518 649
912 895
724 390
39 254
526 557
30 750
69 860
329 296
896 95
217 625
113 718
288 249
214 450
216 191
8 555
981 578
791 884
942 481
516 861
400 333
13 1
267 482
564 630
283 298
57 215
712 825
212 965
278 538
291 698
14 696
306 292
579 902
798 728
502 152
305 997
395 623
330 5
242 930
322 15
758 815
703 824
689 942
556 981
798 134
439 322
126 486
771 62
772 438
876 565
633 603
365 821
1000 302
125 953
563 894
37 489
932 57
124 336
341 911
451 277
929 352
802 906
472 728
377 792
199 946
471 193
422 706
799 669
448 162
758 230
958 718
951 539
412 256
871 785
331 900
649 701
142 181
378 611
101 455
22 882
268 314
410 510
997 30
248 701
170 929
974 139
92 890
447 990
687 906
952 586
11 534
268 629
229 582
601 844
44 505
889 245
236 959
562 219
478 429
166 262
966 93
396 368
732 435
933 296
276 721
575 939
686 940
38 102
878 812
286 941
837 64
138 32
334 840
56 8
706 601
891 191
412 877
192 925
110 744
713 563
795 716
821 812
58 318
470 359
665 942
369 447
568 931
986 291
810 389
749 286
712 521
934 120
717 937
418 371
738 321
172 406
700 971
921 886
465 644
348 480
487 909
435 265
173 579
280 806
576 423
240 340
40 966
951 313
720 538
187 393
321 591
5 770
783 615
547 360
331 599
544 514
351 247
251 923
853 742
540 962
657 916
266 346
650 759
487 211
941 86
250 503
26 961
292 365
941 111
20 650
406 285
259 187
305 958
593 341
831 174
366 5
708 598
217 912
575 971
501 268
220 591
839 533
317 663
25 849
757 403
114 892
316 369
716 421
270 625
901 103
675 378
134 57
321 644
679 391
893 61
569 694
486 981
90 596
922 449
845 390
239 843
735 215
996 960
219 120
37 361
935 978
122 43
21 30
80 335
795 686
750 530
627 569
306 462
612 371
314 199
559 418
563 776
203 834
270 171
393 890
614 420
960 157
699 31
298 114
705 805
710 21
826 868
588 147
560 564
916 146
668 2
287 519
842 256
12 525
826 555
621 61
265 996
183 936
606 952
998 967
477 456
822 900
967 586
779 582
32 286
994 177
136 697
446 843
331 149
636 953
481 655
423 648
662 40
772 956
939 69
535 756
67 423
909 819
863 36
296 273
667 660
158 929
479 308
18 553
846 591
26 764
946 840
319 955
630 257
416 784
579 639
943 433
196 75
786 771
633 762
275 341
488 942
497 824
239 676
517 174
724 860
894 520
509 684
997 846
280 389
50 996
628 628
525 7
318 203
357 123
126 53
109 816
247 85
218 241
946 984
614 228
355 206
656 508
411 141
514 202
844 782
322 656
760 542
353 845
451 798
695 164
924 604
469 348
136 520
713 449
239 64
622 482
773 916
137 305
954 522
381 598
515 747
296 932
903 364
476 939
682 479
591 300
749 975
875 96
380 543
438 226
935 780
891 424
841 142
688 398
108 875
758 226
268 173
36 977
255 511
381 449
171 379
997 133
224 663
663 836
962 3
578 850
488 180
735 142
944 5
653 330
377 825
758 679
215 26
279 350
410 885
188 343
959 492
537 622
270 338
602 729
850 771
420 876
500 617
562 197
465 248
321 320
215 387
836 227
996 196
200 651
375 960
337 614
181 297
268 639
341 58
107 854
900 423
884 445
322 866
794 812
204 719
410 29
640 97
376 592
579 74
776 561
926 15
901 5
941 490
293 417
327 407
26 59
633 159
323 959
955 992
441 659
121 370
530 171
667 859
778 654
829 452
117 830
856 955
494 836
151 711
12 499
659 543
183 520
240 283
471 328
582 521
590 906
584 578
697 969
288 666
402 123
105 115
105 956
420 194
598 676
276 345
433 365
169 52
27 542
465 652
242 51
778 23
833 978
114 885
13 839
63 101
561 409
63 822
571 387
290 734
565 956
715 367
53 47
10 893
117 692
268 161
435 261
178 681
674 730
222 533
64 741
169 556
54 831
448 53
67 481
154 502
113 644
436 177
502 162
333 786
213 314
650 218
331 152
739 327
762 210
492 650
49 668
261 847
89 373
187 696
298 568
77 275
300 340
839 327
910 116
418 771
955 248
538 120
376 858
231 410
1000 714
260 610
1000 331
379 151
475 923
32 896
942 703
809 27
341 717
332 602
501 799
745 825
640 287
636 697
60 6
933 208
28 699
967 279
301 18
188 218
394 434
575 668
129 830
944 256
524 21
164 881
265 539
875 387
187 694
824 775
302 609
941 459
238 724
796 352
641 394
439 882
344 489
168 188
939 102
466 201
794 174
462 996
612 494
935 257
476 981
23 210
71 629
543 315
23 517
315 101
147 289
788 447
541 688
396 784
506 101
453 743
462 256
451 596
957 66
605 716
35 60
720 384
573 208
692 414
902 702
725 167
939 17
499 679
647 32
2 241
856 509
67 800
952 745
681 95
261 230
117 786
529 724
259 499
210 709
491 398
147 1000
368 861
10 809
492 420
16 383
834 350
788 70
251 230
704 595
434 991
666 363
144 773
125 915
144 450
477 881
36 522
455 50
134 647
894 898
512 485
327 791
357 815
342 326
901 424
503 597
325 235
238 375
173 68
319 12
368 213
383 269
159 722
656 532
695 749
329 578
646 11
924 824
394 68
551 575
642 551
267 215
930 804
184 396
948 808
823 564
146 596
630 698
117 207
272 78
361 391
242 515
94 940
416 536
209 78
614 440
289 633
78 994
690 952
680 865
781 712
78 708
462 680
588 551
381 807
710 897
934 30
98 205
569 546
505 417
626 820
43 929
402 632
888 877
476 193
71 382
241 579
3 565
388 736
968 805
39 180
371 732
229 321
32 806
325 780
577 938
597 910
102 651
365 67
231 72
920 422
388 412
911 508
382 950
357 372
283 58
27 606
637 695
862 753
996 984
684 594
888 467
515 348
943 932
250 851
653 203
54 352
23 690
191 488
647 344
328 541
579 608
98 691
6 19
537 436
230 618
142 781
180 732
83 559
535 798
538 759
761 374
919 78
512 512
577 337
695 97
453 602
634 454
211 365
133 350
791 372
486 668
705 956
639 302
45 734
525 633
372 534
851 122
458 359
24 262
430 198
268 947
156 211
535 277
414 323
219 978
431 40
149 222
559 327
728 904
506 793
233 963
713 179
68 814
959 622
614 157
388 31
193 61
214 832
619 19
315 133
679 254
889 384
66 769
311 582
119 930
145 216
316 366
303 11
395 2
222 648
618 939
502 860
379 904
362 641
156 866
523 4
425 683
245 925
493 820
217 914
300 845
226 300
205 729
832 624
880 551
40 463
252 322
201 46
276 762
712 343
756 161
413 790
25 863
556 830
335 959
957 386
104 200
133 51
276 796
19 792
739 524
699 98
485 690
542 340
778 733
640 545
739 321
177 685
95 684
853 603
790 298
660 286
890 722
74 448
569 240
936 470
853 1
329 929
67 289
862 318
728 472
795 199
343 608
352 849
388 561
304 748
436 422
517 814
858 894
386 8
644 827
856 935
228 382
962 396
369 825
976 829
307 179
800 810
754 344
216 304
983 695
110 713
592 2
128 339
617 297
92 845
702 815
153 277
235 636
812 196
668 265
965 887
548 87
975 512
810 256
83 12
720 604
13 443
675 286
494 603
670 461
240 77
238 500
477 958
919 409
97 504
189 41
211 54
68 899
504 315
306 553
912 220
383 674
191 969
228 115
941 240
561 121
559 642
476 352
132 229
793 303
456 984
789 418
180 674
514 487
124 51
199 305
296 832
477 544
164 372
315 575
687 146
298 749
688 236
145 45
596 407
394 302
425 36
163 571
47 145
279 731
978 382
971 74
313 169
473 663
650 242
272 332
556 199
521 658
899 273
732 882
607 518
17 732
621 125
600 868
93 957
729 552
714 958
333 939
709 342
435 574
563 709
571 841
642 409
711 118
96 219
853 95
668 168
230 539
555 218
882 421
436 917
634 173
780 18
181 693
587 231
251 908
574 236
757 823
475 807
587 451
463 161
20 557
595 600
474 794
331 51
675 87
286 977
257 250
153 674
955 798
668 436
642 68
451 503
605 765
710 530
957 968
841 476
298 506
845 211
412 601
805 96
810 288
650 577
351 551
96 958
288 240
463 309
487 971
314 447
43 98
835 832
526 294
109 930
5 400
17 611
156 81
34 10
432 283
73 430
970 829
329 559
987 50
803 211
506 635
684 891
744 489
843 67
693 532
491 597
711 70
71 751
314 121
105 48
875 429
985 727
204 187
460 244
324 165
611 309
132 163
624 659
682 511
804 610
794 274
940 556
304 309
103 287
135 73
202 34
805 679
828 36
508 161
386 221
571 351
404 331
843 483
222 823
627 638
520 605
533 336
847 992
694 676
954 963
218 529
93 129
981 682
353 278
947 471
234 195
641 386
536 174
401 275
646 471
810 181
886 645
838 94
468 879
203 371
190 172
491 905
323 691
635 197
736 219
511 630
308 917
613 341
830 557
853 484
241 348
568 956
215 673
894 413
251 859
590 338
165 617
282 682
594 266
992 97
994 53
234 236
312 675
351 1
478 416
832 253
814 829
156 11
914 289
788 204
836 299
639 529
87 866
679 651
428 77
283 604
270 171
691 891
255 901
623 692
400 375
865 310
437 707
277 691
287 501
48 195
560 280
215 665
794 55
987 892
41 805
436 816
852 262
291 347
224 683
286 8
221 322
663 591
23 740
534 843
742 806
131 283
654 232
444 545
144 9
269 782
167 384
211 220
180 917
16 346
131 950
395 300
380 506
725 97
98 90
748 747
535 282
771 786
718 469
752 713
520 375
366 808
40 792
689 336
391 247
212 922
496 429
606 217
653 390
672 395
784 300
537 516
259 324
42 314
305 230
867 770
842 665
788 346
987 165
917 829
820 695
62 538
368 544
199 445
888 454
50 517
721 490
180 916
617 161
80 634
262 139
931 963
663 199
161 692
904 173
119 402
763 626
471 667
194 416
823 434
214 731
778 743
131 397
957 453
361 554
563 475
37 61
154 212
502 170
668 39
544 2
567 223
812 242
853 187
382 835
485 663
614 796
464 170
200 612
580 142
116 384
885 884
78 995
839 29
263 121
77 209
18 531
606 380
256 742
794 604
212 75
145 165
752 345
420 661
231 959
434 136
976 98
5 565
513 589
250 638
98 396
213 380
438 1000
546 418
958 534
277 485
573 232
675 602
460 18
623 240
224 406
214 937
959 497
851 982
367 795
820 624
927 27
403 744
676 937
285 815
430 466
287 662
816 792
652 472
555 743
672 603
371 673
608 275
505 891
736 919
887 950
700 994
607 175
375 179
341 839
935 973
448 195
494 968
533 653
179 950
604 449
407 863
577 785
569 694
820 114
602 113
361 629
538 316
409 231
113 727
408 705
358 684
357 768
316 826
740 558
392 981
87 71
228 419
737 765
359 368
522 13
691 779
342 408
750 239
558 715
33 11
549 831
300 602
3 329
24 764
846 827
459 835
829 161
632 615
139 534
828 707
394 948
235 197
5 583
736 274
444 851
424 503
980 177
960 697
309 255
994 366
474 93
661 474
876 376
2 219
959 290
768 174
940 504
664 600
406 147
921 573
789 904
797 484
46 560
827 912
568 728
435 297
456 122
853 145
486 307
18 384
278 43
209 209
104 152
988 474
97 395
368 352
960 385
553 65
857 851
51 495
45 902
498 28
744 868
659 585
714 554
129 773
439 304
657 212
47 604
902 429
854 215
661 491
981 46
650 998
511 762
850 223
21 817
959 647
923 682
647 488
857 525
389 610
618 633
719 488
128 28
550 912
486 375
137 783
413 487
266 163
456 397
159 839
903 951
562 770
464 733
106 944
441 229
656 936
816 991
523 796
171 353
788 84
296 732
59 243
390 909
744 352
234 853
514 183
508 154
684 910
231 412
203 648
540 88
825 789
199 97
397 392
537 242
177 168
588 509
395 711
307 39
596 246
79 521
308 663
26 649
764 114
448 135
26 241
665 920
745 755
17 7
998 548
865 127
684 788
59 922
9 484
161 797
191 796
182 689
548 976
835 156
106 382
876 230
448 889
553 517
574 953
22 449
485 569
730 448
461 184
708 915
790 609
561 103
424 570
775 518
778 505
510 83
318 90
10 113
147 34
218 461
754 736
396 791
402 110
71 750
781 788
951 937
872 750
964 998
959 689
403 654
742 890
60 31
521 631
402 489
525 795
574 466
301 494
261 642
830 803
421 231
635 97
52 915
729 683
577 529
812 832
73 451
185 787
579 655
706 467
252 765
797 77
29 3
53 917
952 73
687 193
230 29
999 782
43 353
609 288
264 312
368 799
353 380
578 580
493 395
233 161
841 565
676 150
69 584
796 292
557 805
263 774
177 408
489 211
325 227
822 54
546 11
337 70
331 154
433 886
985 668
206 166
368 650
792 952
720 922
929 324
148 820
350 468
54 782
113 137
497 226
234 100
158 155
97 742
840 803
206 40
816 688
298 803
449 851
947 234
140 239
812 147
550 928
26 970
6 161
424 542
751 92
724 490
444 919
864 621
919 145
682 323
680 993
196 377
820 695
580 860
684 97
133 243
474 640
645 409
71 128
333 796
736 788
28 281
108 815
660 85
488 428
635 85
131 710
84 247
778 497
756 55
597 328
525 971
496 652
854 928
291 332
488 931
411 191
691 312
975 643
583 694
571 458
884 688
272 416
426 782
786 246
569 458
737 162
259 532
752 709
349 206
657 19
106 57
56 799
455 23
731 404
816 718
345 421
266 715
95 710
719 156
12 360
149 149
871 185
703 61
659 194
754 414
90 783
569 288
535 306
402 558
890 217
719 543
768 156
726 374
761 967
210 491
400 566
855 720
351 780
241 837
568 483
310 501
581 511
783 799
624 338
932 29
268 874
885 288
490 567
833 290
101 262
347 242
807 960
216 356
73 507
2 743
727 480
864 189
962 603
76 846
484 71
331 733
55 303
553 561
343 158
314 214
171 312
178 642
360 759
846 80
822 743
537 808
897 969
184 485
889 492
878 213
354 719
737 981
941 673
507 403
101 426
554 594
291 935
840 161
451 169
579 60
565 14
454 394
164 351
655 197
658 9
231 597
170 364
85 813
149 447
611 389
950 82
727 430
534 18
788 537
384 896
214 928
158 2
290 836
394 753
563 29
110 314
806 733
557 669
215 486
975 65
74 607
809 550
291 211
19 841
382 1
496 724
392 301
577 723
995 654
883 792
22 22
756 607
3 493
906 963
960 110
556 895
30 369
223 526
69 671
890 20
430 881
210 851
815 274
311 575
507 48
485 18
592 335
516 809
295 494
449 980
47 391
467 594
889 723
630 707
653 908
403 452
901 258
318 87
645 511
255 480
337 347
42 961
607 480
999 295
448 854
266 258
172 329
380 9
395 566
280 316
564 818
79 208
378 843
372 431
881 332
249 189
694 678
473 20
413 898
467 481
808 575
941 876
991 698
215 788
186 169
972 81
929 103
357 24
109 60
45 611
436 506
933 30
752 729
34 11
841 443
730 463
479 633
939 667
416 228
132 387
704 932
218 722
116 293
861 797
766 861
552 419
20 72
364 388
817 820
733 287
3 693
572 730
723 290
579 821
320 102
76 743
52 488
499 240
821 419
735 429
358 911
941 432
995 862
437 37
25 184
27 398
27 583
783 344
670 604
741 244
806 760
942 407
790 724
838 682
109 930
756 954
596 105
12 809
817 204
376 947
838 348
707 707
874 58
325 299
919 822
754 527
970 603
323 603
159 336
443 200
99 168
306 532
808 395
206 526
284 475
598 430
562 336
197 899
431 68
565 123
350 104
113 31
421 37
25 699
14 724
170 923
767 23
428 761
514 501
746 656
510 442
789 836
964 900
82 487
226 103
335 798
164 922
402 410
942 816
754 968
235 953
340 97
873 734
575 675
795 792
968 566
461 721
711 31
92 809
880 976
500 3
955 486
623 613
293 858
653 804
981 513
222 45
383 884
50 917
293 689
249 91
824 496
612 192
643 766
186 542
921 917
195 894
210 546
681 984
210 374
130 615
290 670
912 354
621 979
977 421
740 955
503 126
299 742
512 456
578 697
567 411
332 134
321 442
947 691
217 355
466 670
870 835
554 144
936 904
942 135
950 997
198 241
538 425
552 616
891 112
562 393
858 192
866 540
126 606
686 231
448 423
92 563
799 751
484 661
406 45
240 30
289 965
635 956
284 973
151 375
612 296
973 893
627 974
233 894
456 2
564 24
557 330
800 60
343 955
928 903
810 763
853 178
323 397
617 675
531 576
1000 234
75 72
114 589
282 604
67 460
65 62
140 237
64 990
799 81
222 64
78 85
692 585
300 218
418 134
178 894
202 460
852 137
360 33
730 641
360 490
512 902
120 819
238 230
433 307
888 74
90 300
710 8
989 127
830 135
784 766
661 934
38 593
266 237
660 962
827 873
340 832
454 461
565 408
306 20
304 647
715 160
525 889
153 726
812 566
417 568
805 199
411 209
408 333
506 380
70 251
495 982
118 495
311 631
768 421
240 102
190 396
624 242
534 447
678 545
762 325
679 788
271 745
994 529
609 386
612 776
782 516
246 855
551 486
202 711
970 42
961 892
666 105
359 576
741 748
277 424
53 628
183 254
920 802
52 789
352 831
961 545
620 710
654 12
989 829
191 434
42 88
620 310
692 102
393 290
171 362
991 316
47 347
937 155
367 396
856 518
542 493
504 965
113 736
409 518
498 765
422 545
160 142
905 805
509 355
957 193
830 56
363 475
655 338
878 557
429 814
575 515
73 554
457 22
828 474
766 756
45 228
336 333
189 860
585 167
60 537
299 692
656 206
705 679
765 546
333 91
424 376
167 971
851 352
92 907
101 700
245 982
495 764
372 397
759 187
386 679
385 679
188 123
993 965
65 407
498 266
942 493
162 947
194 657
683 838
466 100
68 511
70 636
878 964
922 473
408 465
806 602
740 45
839 454
23 235
132 324
813 594
17 707
474 662
535 954
522 565
2 953
410 498
866 782
516 61
259 722
119 744
292 521
45 556
524 14
508 90
600 732
926 195
823 686
640 169
254 520
886 531
844 179
430 965
752 461
825 269
101 415
69 311
501 773
997 698
683 442
359 282
567 945
5 868
614 917
317 380
184 378
209 274
440 265
352 584
480 40
379 430
106 1000
777 359
416 653
787 217
956 122
504 905
249 122
290 397
312 328
984 736
556 736
266 553
55 803
480 316
762 967
356 151
945 181
147 479
261 458
751 873
496 230
24 193
188 424
830 982
53 927
497 43
370 194
762 552
416 282
591 16
463 451
939 561
683 487
627 22
692 850
826 352
702 703
694 689
90 225
728 208
379 451
360 904
922 129
367 472
867 749
172 564
510 339
424 386
998 372
873 527
485 887
322 400
350 316
834 33
26 375
265 49
940 779
734 228
53 548
907 448
552 948
399 256
999 103
179 932
172 222
94 511
777 920
609 608
177 421
316 145
692 153
167 451
55 319
2 464
42 867
829 184
152 527
248 493
554 527
965 918
685 261
777 360
271 37
79 368
790 994
868 162
777 560
188 822
525 360
492 733
673 767
822 56
506 366
696 858
312 339
21 433
799 959
538 993
31 967
482 56
301 196
315 603
240 426
415 1000
156 444
276 946
690 486
252 769
958 882
326 39
704 764
371 883
924 374
962 330
906 717
372 161
526 761
744 156
793 489
624 3
270 837
395 1000
126 18
65 722
268 18
714 404
722 817
719 302
3 953
23 699
878 479
748 802
521 20
907 54
148 708
240 150
26 42
47 461
508 3
484 195
437 646
684 274
710 194
650 418
140 728
915 517
61 5
210 251
767 762
133 336
2 492
806 409
168 468
307 627
572 783
958 684
392 631
213 488
901 488
459 397
855 332
573 871
583 488
383 141
847 469
349 594
65 791
914 189
777 833
564 417
638 624
869 142
517 835
996 70
278 482
858 913
53 748
870 617
922 535
953 679
874 347
867 332
563 287
628 288
580 619
251 775
379 749
779 47
604 756
97 404
521 992
328 244
621 896
597 964
680 266
698 912
230 726
351 598
672 371
773 253
177 433
777 910
954 806
983 114
134 794
84 491
543 170
347 793
943 216
282 718
520 281
354 899
109 910
193 201
926 940
171 105
48 108
981 933
307 635
874 988
786 691
566 90
678 369
261 573
996 621
853 569
682 533
87 365
558 825
962 588
383 16
808 725
962 459
528 700
350 717
978 102
968 97
246 401
680 59
501 586
834 421
94 452
686 932
699 368
169 465
137 775
930 169
348 682
365 397
304 283
324 35
41 761
152 155
516 744
860 914
700 639
483 618
78 464
525 536
93 827
591 845
871 219
719 614
189 399
971 653
151 491
139 733
246 332
803 793
161 632
795 838
328 492
478 684
204 387
422 425
821 126
438 310
722 383
231 656
477 596
228 752
852 682
269 708
721 848
520 460
507 528
171 869
787 105
292 529
448 495
313 381
211 906
680 634
476 339
321 581
467 338
326 768
471 778
330 790
931 275
599 698
228 264
334 537
116 55
843 875
970 780
823 670
816 229
845 307
836 919
661 503
711 624
675 628
801 211
672 213
123 463
992 301
947 720
435 561
892 317
325 41
931 520
295 59
883 297
651 360
570 59
867 821
114 358
770 580
465 651
457 864
241 987
772 244
337 369
963 717
402 747
842 635
898 765
121 69
324 77
692 474
279 864
139 232
483 836
436 96
231 692
644 656
973 976
554 296
588 706
860 414
901 393
720 242
127 138
965 466
580 762
647 199
201 133
230 406
194 907
999 785
523 221
170 140
208 788
10 192
110 843
872 498
816 832
97 869
275 511
555 140
618 47
340 905
890 602
499 889
167 961
757 702
990 598
393 955
569 657
532 396
78 916
47 171
568 647
156 516
981 892
236 922
542 260
732 263
706 944
386 704
603 424
429 855
695 256
83 480
312 462
593 836
933 982
983 785
871 318
985 447
196 106
695 940
32 273
477 194
127 22
508 196
588 664
191 540
518 794
367 920
845 523
984 608
265 80
610 338
100 213
664 975
307 712
412 11
632 966
9 936
283 436
224 107
396 791
812 118
3 876
142 205
673 681
913 457
540 650
823 88
311 261
850 538
351 230
396 886
223 116
960 779
765 882
958 663
635 695
307 100
799 254
822 246
947 295
988 838
573 348
238 274
768 693
734 362
954 4
573 341
156 706
600 10
229 8
662 784
183 967
828 838
753 705
993 667
259 317
474 511
693 367
935 664
168 629
196 783
723 99
553 672
879 144
795 325
708 783
497 516
530 103
463 788
209 452
270 132
577 667
2 757
946 546
531 531
742 517
53 615
810 818
776 688
537 247
544 861
873 502
573 637
707 296
293 271
191 575
453 106
638 394
92 606
14 301
281 185
42 958
415 92
479 593
736 596
937 909
511 497
572 133
44 793
26 768
724 446
76 34
703 220
761 745
240 820
592 304
33 468
988 463
588 237
707 705
875 860
559 492
473 89
133 853
862 371
664 10
910 241
246 549
347 426
426 864
367 39
449 972
835 628
365 144
315 482
997 448
840 192
435 587
700 901
772 637
113 296
468 987
843 65
687 409
641 893
849 591
520 165
839 496
928 687
268 42
909 60
613 32
63 568
597 979
794 374
370 861
903 826
878 196
361 716
111 837
977 187
479 767
627 584
388 372
167 743
433 883
809 498
308 16
152 613
862 195
171 115
766 149
959 407
774 46
378 524
996 970
916 534
131 423
528 951
655 872
928 27
621 77
222 652
232 801
468 14
165 443
357 340
320 181
593 146
605 768
485 288
624 350
649 966
549 247
768 410
353 349
355 507
326 983
311 122
443 74
458 196
114 131
986 401
177 750
806 488
938 106
243 801
426 627
768 801
293 359
402 210
712 417
249 120
678 586
753 813
293 658
18 757
214 827
353 339
552 183
685 251
557 325
274 429
971 360
505 289
124 664
806 669
590 247
577 233
412 524
830 619
612 12
13 795
807 748
402 825
645 432
54 145
654 544
100 990
1 933
237 293
953 264
172 165
883 684
963 94
145 695
381 46
138 845
265 389
879 669
870 27
8 802
241 837
149 763
392 660
918 611
131 189
292 609
725 138
565 90
695 383
540 506
78 718
398 727
904 123
382 846
555 393
537 643
543 788
779 462
622 533
865 689
371 433
349 915
600 714
54 207
838 388
292 518
961 553
264 785
474 374
634 688
3 788
257 853
270 696
39 290
447 555
938 39
733 682
589 748
613 247
972 150
487 814
220 161
471 577
944 251
773 973
677 825
54 539
767 296
976 16
74 813
218 45
650 885
810 719
211 254
853 768
642 36
74 708
785 797
895 853
63 733
11 784
46 939
234 486
435 578
13 852
90 937
23 867
888 180
409 920
607 808
430 301
933 427
608 894
357 257
289 885
380 376
259 167
949 261
465 789
494 509
219 4
17 430
542 621
668 82
498 334
609 571
410 150
295 265
175 85
159 198
590 386
255 187
685 75
307 80
546 161
599 720
732 545
806 738
832 148
230 833
925 895
994 573
824 564
79 721
601 576
903 978
612 275
985 374
266 715
270 979
349 369
718 483
63 26
905 135
235 863
343 705
955 573
81 280
241 878
149 744
853 567
93 479
253 592
560 314
48 591
600 478
499 557
171 591
804 135
899 468
738 558
502 232
26 87
182 787
115 844
537 688
796 602
978 869
816 169
622 917
505 127
889 433
402 501
375 402
556 600
971 73
498 817
67 488
413 350
89 55
32 575
676 487
532 897
645 650
118 887
139 249
908 300
623 132
476 50
472 966
638 726
481 807
356 913
646 504
577 241
995 418
607 366
477 432
895 77
190 232
326 280
589 93
130 340
876 360
417 658
728 547
802 472
533 436
425 981
312 665
759 343
994 382
457 625
436 424
756 853
853 965
119 182
726 162
42 58
559 204
591 664
383 311
936 534
95 386
144 805
455 265
160 323
473 634
364 120
345 465
580 169
275 588
788 553
445 742
484 115
704 976
88 873
387 548
624 184
936 761
930 713
269 618
611 402
549 30
394 267
501 97
838 362
471 890
58 943
290 747
928 240
87 309
699 687
110 905
659 327
583 679
765 682
34 387
473 854
136 363
634 155
15 386
233 791
433 345
683 650
125 993
566 698
101 9
40 56
375 454
296 642
725 278
635 279
548 572
704 270
1000 416
309 143
247 988
712 432
346 624
590 873
375 646
535 136
785 982
792 23
486 380
424 321
888 301
483 528
333 934
882 482
896 389
505 239
941 445
256 261
744 367
187 220
791 12
58 915
331 124
873 737
852 817
513 292
234 716
981 878
292 672
902 498
181 90
560 188
266 663
395 342
365 366
914 452
845 562
23 89
716 169
453 263
143 711
181 708
162 692
26 447
706 210
397 847
776 184
665 748
93 17
672 188
200 358
116 696
954 336
383 92
227 455
708 338
289 782
907 312
24 452
697 925
461 28
821 496
722 294
469 665
6 668
407 718
850 318
560 160
444 22
536 395
536 245
924 249
682 764
283 368
941 988
882 679
847 623
776 101
842 52
610 403
213 278
328 324
353 342
606 700
181 77
444 910
99 91
943 781
376 291
334 116
832 380
845 718
431 185
245 615
721 746
978 120
347 537
956 711
991 158
519 493
213 660
811 182
772 497
652 380
973 986
498 13
73 172
963 880
549 468
421 500
381 681
852 90
263 76
578 246
124 775
289 913
362 643
563 986
756 136
483 200
336 929
385 434
792 997
322 23
18 344
622 910
168 415
177 640
929 376
226 145
398 752
382 882
990 442
422 450
242 527
997 752
721 881
643 195
182 758
997 955
133 827
474 245
137 375
615 586
665 907
980 744
735 441
893 440
248 602
867 894
358 902
16 973
465 656
246 664
833 968
713 730
190 583
984 431
617 774
448 832
200 199
673 795
46 186
703 745
88 706
778 743
25 518
830 21
343 368
292 610
995 777
535 158
709 371
224 126
238 54
971 763
741 355
792 51
371 468
411 663
206 330
987 452
858 565
919 146
715 121
652 368
268 795
200 646
195 535
899 57
922 773
945 506
968 40
281 279
510 750
48 345
915 379
919 189
89 901
961 11
157 865
254 466
610 525
339 170
711 604
984 584
788 77
960 237
297 36
500 856
48 824
857 983
30 91
613 554
486 838
942 241
309 130
627 904
287 287
529 34
521 497
815 3
181 446
290 525
457 697
842 724
640 434
235 186
143 564
965 364
665 38
53 474
692 451
266 267
122 354
384 639
985 982
496 403
539 198
358 281
591 374
58 69
310 917
912 297
959 557
992 345
731 63
334 792
201 868
35 354
979 940
282 544
128 755
20 367
968 823
165 817
435 500
780 402
882 968
655 988
732 943
405 59
451 712
618 330
668 934
222 45
491 719
574 389
844 33
538 991
43 336
381 717
909 753
657 67
229 227
104 35
336 281
707 442
145 737
119 472
6 639
492 132
889 923
260 78
496 686
154 260
437 274
328 773
558 911
439 457
134 910
483 903
210 906
101 796
6 226
751 387
318 649
219 184
661 190
877 660
641 773
412 484
580 627
477 770
53 61
720 386
597 994
897 14
371 573
456 547
552 36
866 394
684 228
93 416
247 898
8 990
688 715
913 57
570 717
693 19
842 876
379 136
595 190
345 90
778 335
542 422
465 974
854 173
656 998
626 36
944 686
413 508
494 225
536 634
126 447
422 800
421 42
225 603
750 298
11 315
327 98
694 446
729 352
245 236
339 401
872 276
662 354
284 774
666 896
537 416
953 417
322 794
887 97
992 185
96 535
736 375
906 189
920 961
398 19
502 648
683 340
369 57
731 359
262 445
413 671
940 770
481 548
552 503
87 192
90 780
416 603
574 112
843 896
189 377
402 189
489 296
314 255
316 674
191 132
401 968
477 87
898 423
376 167
441 985
237 920
326 107
903 200
415 5
723 259
347 237
748 672
791 724
320 146
273 719
680 377
336 663
732 126
201 722
413 122
787 16
874 127
861 166
163 469
378 838
625 319
260 821
564 508
494 556
987 398
753 512
976 46
936 691
273 6
628 880
921 957
944 258
540 263
213 334
854 59
592 868
733 251
599 570
403 823
464 593
637 314
27 310
798 875
698 914
205 14
168 403
50 297
527 377
149 159
400 441
544 696
920 750
520 415
213 27
559 515
701 778
277 822
159 736
314 585
551 774
446 318
758 442
418 805
33 372
228 64
229 209
335 646
137 612
168 172
885 912
490 871
107 47
307 875
461 326
853 551
254 502
942 135
239 949
152 289
244 923
674 248
925 302
733 796
662 478
463 512
623 33
164 251
140 536
728 880
133 568
254 958
856 683
140 880
306 628
700 197
90 294
77 961
175 238
425 763
468 965
252 365
299 887
995 135
127 94
82 229
8 391
293 116
955 259
176 721
368 704
623 290
554 822
631 498
362 43
139 969
629 151
808 186
449 601
305 612
572 936
611 626
429 498
714 11
825 104
283 882
359 296
104 399
621 554
527 844
241 700
11 656
152 158
26 696
810 663
941 281
564 686
75 767
413 57
494 298
57 457
236 252
377 908
119 732
873 786
574 413
649 513
130 7
637 914
578 13
69 641
743 478
13 632
232 253
438 780
543 225
299 119
675 325
485 637
356 81
976 591
154 79
524 475
479 543
788 737
208 563
490 535
895 660
81 255
284 971
338 620
400 49
792 265
632 775
620 241
840 663
249 896
693 857
73 680
794 391
862 333
732 250
874 186
798 257
128 866
998 377
656 848
574 400
575 886
812 154
924 690
346 828
949 885
190 116
8 242
19 622
58 605
735 696
611 921
235 799
160 209
894 288
128 992
2 296
968 353
726 36
903 128
98 611
218 526
622 686
1 537
427 751
144 241
1000 31
775 277
502 950
51 276
253 95
35 556
645 89
491 783
190 111
692 257
992 481
450 483
691 1
965 35
321 239
817 346
423 502
78 148
520 452
712 852
314 374
47 773
822 865
369 298
68 578
692 351
653 463
140 77
327 828
835 434
701 360
379 71
708 509
870 360
16 939
231 111
557 589
527 458
870 498
432 721
673 829
469 593
232 238
225 371
593 920
339 237
544 545
216 416
984 68
537 144
486 186
657 528
854 492
344 355
827 163
259 756
747 777
761 511
697 829
159 461
954 627
781 788
280 266
631 509
370 532
278 100
50 233
260 668
965 652
723 304
495 948
439 771
988 757
295 305
952 101
464 764
712 719
178 552
455 75
401 775
994 212
261 293
132 456
330 757
867 492
865 330
841 542
453 327
828 681
55 312
126 524
259 582
525 907
249 400
132 629
125 316
985 324
806 210
533 408
971 905
47 508
209 696
489 768
990 783
89 485
674 387
34 868
737 173
153 808
106 412
616 743
763 142
54 572
226 803
964 576
677 699
769 37
659 938
608 10
865 99
133 194
831 402
292 348
960 193
938 292
37 404
305 601
19 861
128 877
968 560
89 272
450 864
2 526
616 321
573 420
607 395
631 175
366 806
612 677
490 376
802 713
907 952
849 259
309 783
986 542
856 810
605 561
649 433
545 135
551 971
400 326
22 880
32 132
687 477
427 717
14 564
199 934
83 561
503 406
42 998
561 967
635 24
399 946
170 607
390 784
160 706
681 625
632 377
574 153
699 385
416 22
133 588
724 140
453 310
980 73
201 337
359 705
760 210
710 754
598 641
681 969
139 501
928 756
364 814
651 334
937 129
219 279
469 984
142 769
882 503
543 188
650 864
307 170
127 280
541 44
75 112
619 803
281 997
190 888
266 56
590 84
217 758
492 672
840 425
47 191
976 829
680 271
453 36
357 932
784 635
41 53
299 650
378 573
32 904
234 899
443 189
655 474
955 239
940 186
245 789
725 981
33 719
95 35
59 812
477 734
995 545
988 799
902 705
848 775
2 520
901 15
214 503
823 825
168 539
610 508
349 198
83 676
76 805
820 407
571 256
868 417
73 861
53 305
66 164
341 914
495 868
661 355
699 981
957 695
887 829
982 6
830 283
238 74
826 727
808 75
909 224
145 28
121 988
668 747
521 796
655 813
685 781
716 831
930 992
833 710
80 330
32 288
42 469
400 329
545 77
450 247
218 396
116 702
395 247
242 550
586 647
616 768
670 241
497 628
788 670
323 21
827 564
153 91
736 67
656 440
651 856
810 532
88 637
150 130
424 959
365 440
29 887
911 883
961 594
884 424
872 689
340 540
185 138
344 390
561 717
238 367
879 207
552 745
401 42
437 101
390 603
591 443
675 379
4 790
278 127
430 461
54 232
539 804
192 868
341 457
611 531
794 159
870 490
85 310
116 364
979 993
831 20
704 958
522 188
256 858
662 81
758 219
838 124
888 20
107 194
920 68
816 821
397 751
286 442
808 819
226 745
480 885
730 8
174 874
868 176
137 574
416 222
564 824
944 412
843 588
791 669
66 616
415 324
374 135
417 470
961 945
946 515
114 409
808 529
275 294
905 857
425 898
516 928
888 166
317 647
773 924
238 292
338 20
457 23
141 183
87 238
24 919
796 361
979 685
968 406
886 586
71 190
80 719
530 430
419 716
476 512
284 701
134 399
16 816
732 134
506 288
518 538
870 917
840 827
58 922
258 591
7 286
320 16
740 3
842 201
251 706
446 212
891 733
881 703
876 540
50 842
974 41
800 50
10 996
414 410
599 415
62 749
391 690
691 53
415 936
37 775
618 985
881 605
879 647
287 826
191 129
274 834
432 610
275 559
460 74
719 373
178 420
876 903
684 815
968 159
792 38
450 234
624 504
335 858
17 328
374 962
87 949
653 845
568 283
530 672
293 481
802 740
100 674
837 221
72 700
384 885
967 803
618 681
995 527
655 611
618 393
968 887
575 522
457 382
270 477
850 901
243 48
183 983
708 487
472 823
306 865
601 983
541 305
19 213
77 718
145 320
777 27
284 367
548 816
416 242
627 519
285 295
664 448
134 974
146 101
341 62
387 655
309 822
873 295
895 492
269 453
878 930
855 469
603 380
848 525
809 883
646 857
386 413
899 775
896 794
103 955
685 433
842 812
132 633
835 229
205 312
107 37
93 416
98 192
523 125
81 691
469 672
815 547
873 55
661 495
932 346
273 482
86 576
167 826
772 48
491 524
581 864
480 677
622 58
748 106
342 706
378 881
890 257
782 326
66 725
541 343
98 631
882 720
458 835
554 496
295 763
673 146
976 709
83 390
657 512
44 461
571 811
120 16
530 15
932 169
78 400
482 816
251 495
834 175
777 739
659 967
180 691
214 281
173 5
140 742
527 35
475 416
107 201
677 678
132 400
784 556
876 342
215 760
861 652
191 495
833 286
491 342
491 39
425 33
932 50
259 103
847 138
775 987
780 987
175 453
977 230
130 343
476 145
745 569
274 901
755 702
980 766
561 885
173 359
322 888
93 131
777 152
393 717
410 495
8 441
800 148
495 593
850 339
518 825
330 146
153 770
517 422
345 515
573 220
48 979
842 1000
64 961
908 49
125 756
491 627
574 924
136 587
208 679
777 543
11 980
721 140
531 316
661 742
856 803
456 819
390 380
216 400
446 530
70 115
11 264
370 535
558 58
613 587
27 426
366 875
986 844
118 78
975 482
787 686
257 768
1 115
239 457
108 192
630 512
775 868
900 960
56 275
721 709
433 99
641 233
89 143
147 224
721 327
373 772
856 966
621 937
1000 27
281 90
510 961
216 178
813 86
111 876
852 456
630 676
11 923
880 620
586 660
102 664
147 394
893 762
659 959
307 279
221 3
558 943
670 1
653 121
586 289
109 661
998 396
573 272
932 219
506 219
802 617
564 109
475 716
79 196
220 824
291 960
928 844
405 377
213 274
492 459
701 195
716 641
270 537
318 944
106 372
382 55
864 550
348 317
633 31
100 603
204 865
718 350
290 36
942 991
538 892
597 466
142 734
454 90
893 751
602 851
695 805
373 407
388 35
982 706
645 226
147 270
97 738
91 344
226 229
338 393
846 901
632 781
958 97
970 687
938 20
944 220
730 990
669 763
206 25
355 756
696 725
860 750
845 988
626 534
904 678
343 119
47 239
326 829
756 892
632 225
853 882
72 40
708 431
696 276
935 727
713 761
241 816
703 697
840 526
187 1
357 192
31 90
15 289
701 504
312 712
425 886
166 144
50 633
523 809
677 97
718 485
578 467
88 564
573 497
304 912
446 344
615 826
858 753
717 923
15 176
266 668
796 200
454 582
647 846
977 715
461 586
971 891
421 833
766 928
669 869
543 843
236 75
824 196
950 524
841 974
220 764
267 536
233 703
747 53
326 967
229 853
486 999
247 474
443 475
601 780
871 925
220 605
260 546
768 710
765 331
484 288
218 37
105 52
600 857
103 884
279 340
296 759
658 640
104 889
466 666
763 776
412 658
79 472
598 574
29 712
950 495
12 747
779 594
991 696
346 392
778 931
338 734
928 738
88 782
424 296
92 92
419 893
834 427
472 995
659 302
825 771
705 166
123 799
638 570
690 229
158 315
458 690
744 732
591 844
273 296
494 95
896 547
90 338
387 776
64 743
745 514
83 414
383 939
321 618
763 536
411 538
708 338
353 746
400 38
660 16
755 102
843 367
703 231
62 703
166 201
30 635
770 426
427 17
598 795
452 966
99 241
75 416
876 477
102 314
554 917
256 187
104 961
389 327
319 246
817 252
460 534
210 935
350 6
578 389
376 183
846 706
117 279
433 269
158 653
634 290
622 839
217 166
599 191
342 23
498 706
59 66
108 624
389 59
155 815
542 280
509 688
838 742
89 192
998 355
91 441
459 362
269 782
529 714
449 962
861 47
992 978
922 288
606 246
965 159
683 196
241 828
563 661
940 579
935 759
816 577
842 433
467 826
437 554
719 590
260 210
835 512
599 198
736 646
330 617
428 492
877 854
523 537
972 383
953 575
640 785
241 951
732 125
889 195
776 265
292 923
178 541
374 569
25 183
788 732
192 679
929 833
305 987
154 333
927 412
828 260
418 408
168 734
567 630
277 84
766 277
566 623
890 21
568 42
589 19
438 491
809 890
149 294
423 829
824 834
76 582
117 697
295 42
749 996
85 715
768 230
973 13
575 100
485 153
904 227
475 812
126 722
788 1
575 563
80 851
932 463
868 924
644 87
359 658
57 131
749 652
289 775
567 433
958 73
945 57
167 733
739 594
13 521
873 700
543 345
923 893
358 788
453 719
257 669
264 341
915 787
783 945
800 369
323 481
131 311
328 941
915 151
326 259
210 880
72 524
797 959
928 572
127 257
929 53
165 51
788 653
723 18
772 595
69 547
546 542
679 644
209 902
78 761
755 137
917 808
842 512
209 901
464 39
877 527
984 328
543 705
554 440
481 50
427 561
697 509
970 175
681 874
365 203
887 931
346 603
350 512
86 88
652 436
209 846
130 821
544 751
335 847
522 217
213 794
308 35
363 80
645 812
801 832
674 756
895 766
363 593
766 792
972 156
237 674
597 737
573 987
315 619
654 678
525 221
944 962
671 498
827 275
626 942
655 414
818 562
68 489
607 4
132 553
85 316
236 913
804 601
575 186
104 858
187 861
954 806
745 843
973 876
889 622
602 403
476 669
844 396
272 204
997 363
520 129
911 145
186 520
524 773
151 312
215 326
670 460
241 291
49 252
189 147
238 249
763 829
607 276
321 458
907 63
325 822
747 562
196 818
573 248
15 741
909 735
289 854
311 572
938 692
286 653
807 998
224 781
23 51
632 243
87 284
587 227
775 621
595 691
627 88
943 479
916 353
865 743
900 947
494 292
301 489
442 974
339 446
898 168
925 782
847 746
560 170
434 543
244 856
154 373
29 513
943 679
611 770
19 798
506 683
348 884
347 859
524 663
378 417
305 612
909 53
173 434
227 293
150 243
867 120
511 6
281 15
246 184
668 14
268 774
603 504
752 28
507 65
468 377
298 801
878 81
112 103
689 258
697 972
186 503
44 972
115 888
79 241
155 296
520 760
611 758
653 537
298 76
293 507
579 939
325 854
522 549
461 895
683 690
144 303
811 796
511 444
668 258
367 999
326 689
734 589
768 174
34 838
355 677
2 737
552 446
395 62
284 714
180 370
563 834
954 503
243 425
741 897
972 549
305 338
823 346
654 454
300 142
369 136
930 894
569 20
619 736
978 115
29 623
821 754
202 99
830 306
736 646
957 10
755 847
742 305
686 875
121 980
862 687
898 78
223 407
498 955
172 315
876 644
987 68
657 422
135 308
53 914
885 283
263 463
847 162
461 372
524 540
686 510
838 576
158 704
42 633
645 646
436 670
696 897
24 890
463 94
954 669
157 983
735 833
252 104
506 637
86 363
720 430
949 717
172 57
443 102
180 435
763 189
41 137
846 242
675 72
591 706
67 246
944 919
160 7
834 117
235 241
57 942
218 792
846 991
272 835
259 697
99 989
266 633
845 629
399 792
53 934
193 955
803 608
205 284
327 237
27 767
90 884
551 414
75 474
817 550
843 884
510 216
249 527
924 313
976 728
610 706
132 956
726 264
49 137
573 549
300 979
350 53
303 632
455 850
633 660
447 233
476 150
786 435
398 233
785 749
784 388
575 408
714 331
21 625
317 667
606 826
951 978
908 663
587 677
97 939
470 783
303 288
323 305
913 818
832 868
759 533
135 561
142 386
638 626
982 999
279 166
394 852
169 801
467 742
301 913
214 559
465 114
617 804
17 867
650 742
897 791
72 914
116 13
40 17
832 913
881 312
344 344
496 201
673 464
917 289
981 142
668 376
715 117
966 332
44 238
853 478
640 922
195 891
71 602
884 124
41 440
391 238
831 907
769 147
143 623
81 16
539 10
509 77
67 1
788 96
982 921
851 322
661 942
856 24
905 943
186 355
576 751
431 249
772 814
179 441
355 855
560 667
624 792
377 22
544 132
53 960
287 676
642 10
657 826
288 361
401 652
346 702
221 479
481 31
527 42
280 292
22 783
689 226
891 973
526 20
277 272
97 869
637 287
596 823
314 902
338 39
759 514
917 878
160 911
749 394
465 757
351 571
375 887
403 398
108 171
326 206
79 708
454 990
586 667
697 848
258 826
574 241
275 648
425 962
690 192
332 185
945 577
265 478
374 319
585 662
580 929
152 996
848 265
70 771
277 79
863 829
25 422
468 847
662 694
104 90
122 56
780 364
111 477
140 13
731 168
304 883
801 935
108 638
383 582
496 164
198 387
888 998
293 315
189 321
38 676
458 711
376 113
448 979
899 714
498 664
639 777
178 51
13 629
74 660
340 851
732 546
862 728
211 620
448 928
999 64
829 914
245 15
428 162
533 191
454 526
498 640
401 610
702 920
727 460
371 407
879 640
490 819
371 340
928 126
393 525
132 995
667 625
675 660
463 411
780 79
855 283
709 612
393 475
564 905
832 411
878 510
401 269
403 465
663 113
464 236
600 19
196 258
878 528
675 469
567 581
678 955
566 720
697 124
191 877
492 958
462 442
643 929
641 875
782 956
538 263
185 638
270 745
117 829
296 663
317 243
126 647
386 980
115 477
464 473
548 270
239 712
939 953
138 425
399 521
291 154
738 68
253 261
626 535
921 877
904 847
242 84
260 801
113 640
487 643
393 57
671 361
964 269
119 369
716 37
876 967
539 189
529 466
300 639
900 685
103 865
222 127
729 834
903 179
361 625
416 145
165 846
96 427
787 815
176 561
336 565
694 309
676 492
222 248
652 991
452 291
247 561
819 431
562 380
249 606
788 918
649 223
186 392
335 742
532 358
880 369
758 553
63 948
296 752
833 606
903 90
930 642
458 581
558 655
661 451
801 296
305 992
407 949
538 477
541 784
880 856
942 105
111 834
511 547
735 783
138 92
244 201
655 409
959 374
143 728
427 822
472 708
17 582
356 692
348 23
665 284
702 679
354 2
673 638
684 314
439 75
658 875
523 21
170 896
6 659
510 392
971 524
588 223
850 159
534 467
41 869
843 575
582 962
980 851
142 48
8 202
514 3
392 498
517 37
19 960
503 12
556 697
197 376
111 434
734 70
512 850
791 655
299 195
344 729
909 132
870 405
402 593
735 807
852 953
408 258
787 631
954 361
663 243
289 279
296 782
436 312
687 889
464 254
698 14
637 229
748 93
823 214
682 489
654 496
655 201
582 658
729 407
72 363
858 724
616 723
831 90
413 879
69 665
403 168
503 379
956 260
721 207
451 636
984 569
256 533
368 393
255 631
429 872
352 985
698 982
248 867
829 551
711 650
640 16
921 263
26 151
461 968
772 825
481 6
557 634
635 654
391 136
273 536
87 248
299 155
904 344
475 311
209 19
172 801
370 105
776 211
195 244
609 769
238 787
537 204
920 402
57 427
820 481
350 6
472 505
143 65
373 946
985 295
923 744
739 444
443 185
738 282
779 496
150 413
886 822
987 199
297 723
841 837
511 817
493 583
502 314
438 468
360 965
744 108
451 13
244 556
529 457
78 446
689 742
630 542
996 384
144 998
361 613
916 243
185 618
670 317
555 851
711 627
642 504
698 637
90 602
280 704
126 562
269 734
645 995
784 251
688 19
111 113
374 718
89 125
905 803
394 599
767 581
306 70
849 107
830 298
823 336
110 752
313 355
693 138
56 376
261 100
811 70
64 968
866 488
264 851
703 308
71 286
880 382
408 549
207 350
388 563
762 230
94 869
355 437
464 562
632 6
203 434
244 466
659 516
821 498
697 805
732 790
399 960
584 32
823 425
779 57
933 761
819 932
856 597
66 878
781 543
471 516
124 651
179 893
825 395
13 892
836 132
191 879
666 999
86 659
642 753
781 613
536 579
147 802
965 258
984 144
109 776
860 11
911 497
113 809
745 632
236 630
210 823
912 433
142 674
258 45
62 437
542 305
653 593
920 689
220 651
980 522
398 413
832 153
253 116
644 717
691 872
897 193
754 775
415 907
165 394
741 696
572 85
813 421
484 492
781 295
725 361
999 293
466 463
673 912
964 714
718 482
192 180
388 268
140 178
596 678
334 941
773 243
117 802
874 346
702 354
303 390
16 163
407 847
160 269
145 183
742 925
454 726
166 61
237 711
929 890
696 561
17 61
572 454
592 739
245 887
650 501
231 414
950 785
966 986
233 303
39 151
218 372
429 707
647 322
229 186
767 70
234 884
903 961
906 858
989 952
190 300
88 356
718 725
606 123
163 781
459 565
252 422
401 351
386 968
291 291
163 78
912 326
218 679
166 225
941 813
365 593
574 737
536 664
635 5
56 753
903 624
688 103
614 494
850 727
132 574
656 329
919 282
612 795
377 354
640 686
223 33
903 343
196 855
195 527
519 813
756 148
904 76
591 766
775 6
980 683
318 835
832 603
514 750
969 124
901 654
381 727
927 222
379 729
473 732
799 259
224 573
395 979
848 192
425 825
198 247
506 307
5 17
170 41
154 843
521 401
880 26
243 788
173 282
409 711
499 362
22 811
528 230
947 22
630 468
804 24
380 15
849 119
443 456
886 227
329 439
11 906
930 486
220 805
778 983
970 842
844 529
872 392
886 423
551 790
27 456
402 764
447 600
571 551
351 350
844 674
711 300
31 280
897 723
567 331
981 660
964 344
323 767
835 865
850 416
236 409
397 389
306 219
889 737
823 252
473 133
277 692
258 81
37 906
503 951
476 237
118 633
601 875
776 630
833 189
821 361
427 281
262 146
813 55
169 947
101 517
265 195
424 651
260 823
582 888
835 364
676 147
933 119
345 658
908 453
905 815
662 715
125 685
197 879
289 888
272 412
901 946
496 635
541 127
940 861
601 314
797 817
421 53
746 508
890 638
294 660
235 484
869 541
177 382
667 316
792 876
732 854
776 212
949 682
556 734
114 363
966 905
862 591
73 316
318 2
310 389
254 732
264 358
18 295
800 362
958 714
993 221
255 320
245 378
416 866
334 498
534 625
22 659
996 237
344 159
840 409
852 513
268 252
263 476
774 145
560 851
936 112
717 906
40 83
924 604
417 714
474 506
825 263
712 707
353 899
280 134
576 15
44 721
833 468
736 534
560 931
123 297
952 854
234 627
96 397
581 634
545 426
744 326
666 686
659 350
629 409
403 849
623 670
167 606
635 332
387 284
800 646
160 522
38 876
778 416
238 696
617 148
559 434
217 335
881 901
82 333
934 215
240 273
20 885
332 294
516 540
209 255
254 209
80 600
259 499
956 10
601 819
415 579
371 427
539 628
167 284
250 817
70 182
983 253
839 860
99 443
452 45
497 166
651 717
865 290
166 345
217 104
308 295
151 926
766 276
672 61
826 683
253 569
556 181
593 941
224 931
748 68
353 510
171 409
278 64
733 704
623 88
903 122
916 538
785 237
174 181
536 610
252 459
970 710
688 652
220 121
903 907
55 26
133 71
543 528
503 340
107 90
630 528
288 433
995 38
670 145
213 302
745 372
820 875
945 590
986 132
730 114
229 763
149 587
919 873
726 540
622 840
436 41
180 879
203 852
527 858
501 513
34 472
317 689
827 931
459 211
819 547
179 111
593 115
757 801
711 75
398 964
580 348
398 836
360 871
969 795
211 839
630 149
374 994
803 963
384 820
686 292
538 835
101 840
220 228
704 739
30 781
697 688
871 217
819 587
218 759
688 94
732 547
722 637
904 36
99 66
763 52
996 881
879 475
762 501
356 717
956 26
83 175
519 864
577 542
890 647
618 520
970 213
300 640
615 577
295 702
693 588
140 701
644 475
627 316
33 351
739 470
963 388
318 762
438 109
754 835
211 678
521 896
110 25
170 69
959 394
822 609
666 363
435 302
495 473
117 205
106 540
752 631
276 371
143 836
832 438
216 80
95 546
390 105
405 297
230 75
361 263
106 532
441 78
353 88
84 315
589 670
470 599
691 32
751 38
871 519
684 371
437 566
389 130
697 162
965 965
16 456
262 104
213 231
746 925
269 457
611 241
323 143
963 557
741 970
597 254
28 331
67 61
608 755
773 831
954 508
896 606
769 726
684 78
606 98
238 73
399 723
788 748
567 864
835 200
132 20
93 849
776 998
203 234
242 609
535 464
570 525
269 962
640 604
629 880
861 382
395 297
560 830
47 387
266 2
910 566
682 174
951 337
507 794
22 332
961 280
252 229
728 935
701 955
557 339
848 294
778 850
523 733
990 608
645 710
235 524
402 393
47 569
275 949
859 558
243 586
647 374
899 726
172 689
614 841
768 633
310 624
542 494
533 37
907 683
125 173
746 982
73 841
33 812
729 206
154 714
962 485
875 421
572 875
310 883
666 618
786 352
293 487
472 842
834 354
238 166
975 153
152 185
50 940
962 15
866 442
63 335
860 163
245 500
471 613
359 910
72 616
698 967
71 97
72 183
392 186
536 889
724 312
444 795
149 236
921 122
677 387
378 4
568 622
854 507
749 211
822 921
641 2
24 495
20 104
598 244
641 303
592 988
162 556
197 550
267 976
150 269
314 192
444 137
622 902
101 67
237 573
547 652
275 904
484 870
322 460
763 873
557 465
358 80
3 141
70 634
282 353
282 33
850 706
292 982
526 313
858 971
407 196
382 871
192 714
903 950
987 795
254 567
82 326
594 156
727 985
740 205
988 477
228 485
612 943
674 995
569 969
701 683
539 774
688 123
783 857
752 70
205 487
175 876
634 560
732 248
604 618
921 329
825 406
20 273
392 289
414 913
661 469
951 659
130 245
400 735
57 500
103 711
203 439
367 146
340 902
989 156
372 63
660 237
383 587
930 342
358 967
841 439
132 413
239 812
378 272
934 427
164 699
172 495
290 211
236 504
656 400
972 697
438 25
605 409
632 77
438 107
567 346
393 597
990 161
85 861
918 168
306 431
810 191
472 888
836 588
944 847
886 415
537 118
690 926
221 869
667 586
33 96
369 48
129 164
265 266
873 166
899 475
613 452
594 807
586 857
160 600
906 365
191 858
957 923
160 232
186 634
160 748
802 349
62 483
166 955
159 879
180 815
923 443
398 608
765 595
986 547
86 841
235 700
578 609
318 705
977 246
694 863
848 74
417 674
150 130
233 426
751 656
172 384
820 944
253 774
889 275
56 332
150 143
137 219
311 156
718 806
140 288
369 956
377 573
55 168
527 430
371 585
610 917
820 42
296 584
762 651
376 527
805 198
121 512
654 475
671 708
564 372
105 231
9 346
805 347
515 542
163 45
147 377
710 671
329 796
887 101
166 753
761 800
728 112
166 278
810 786
720 431
713 242
561 146
312 735
28 254
517 964
313 721
65 432
93 725
580 479
127 230
696 846
141 237
113 867
821 8
51 170
724 535
852 753
331 761
621 557
300 61
61 75
913 617
966 176
590 607
950 817
906 99
856 676
250 238
952 789
182 742
835 258
330 292
852 328
687 684
664 164
199 144
475 802
516 294
81 569
73 501
190 684
127 492
270 251
674 740
30 456
338 1
937 787
867 116
716 831
21 204
538 218
252 704
112 801
553 278
970 841
255 384
973 447
31 786
403 25
468 205
658 731
432 263
701 556
677 193
609 158
429 760
561 369
715 748
67 760
48 835
153 170
287 543
545 42
624 68
317 56
633 899
36 38
624 818
847 268
538 442
493 893
776 160
55 32
949 468
933 311
697 117
47 403
9 178
428 854
548 466
663 887
575 398
980 546
2 594
824 70
274 143
647 69
469 172
923 255
336 168
820 391
228 450
307 68
797 546
309 50
746 933
254 383
992 4
123 702
503 61
567 807
131 49
7 5
212 548
654 998
646 241
506 39
378 772
869 726
260 909
580 142
771 123
84 270
171 223
632 154
862 309
236 209
583 31
109 125
710 937
119 438
567 630
902 807
938 57
645 744
436 37
298 250
445 438
903 214
561 638
939 238
87 929
415 707
837 953
162 629
793 442
478 654
945 31
216 72
917 876
171 330
239 17
382 95
378 701
770 918
120 625
901 259
691 585
545 381
445 111
261 78
527 296
819 22
46 892
129 456
25 218
368 188
133 186
784 235
889 241
618 518
954 545
164 216
256 78
849 935
615 802
38 111
959 505
142 895
133 182
359 681
608 469
899 566
788 902
696 409
850 177
689 567
134 284
946 933
960 662
567 650
188 296
70 264
930 703
544 767
638 476
796 75
769 75
765 665
798 351
807 406
734 477
37 72
325 628
174 42
674 875
44 429
611 339
603 346
319 97
136 480
922 630
336 892
940 311
76 652
154 893
980 867
20 845
96 25
525 72
833 768
943 893
334 640
460 603
759 331
350 799
182 74
223 548
433 390
354 966
258 95
145 174
519 729
628 1
762 778
912 65
505 142
53 290
607 147
312 270
90 853
759 210
803 763
392 391
121 16
682 530
974 51
289 852
8 943
510 842
489 628
293 350
368 356
710 564
30 735
501 30
154 463
370 705
798 453
938 222
103 442
876 809
1000 855
36 206
64 158
659 447
655 582
685 47
885 626
801 562
380 827
309 586
1 458
680 764
351 815
246 393
411 453
192 910
169 515
377 420
230 340
10 24
251 840
550 180
137 473
919 828
143 463
807 850
806 308
816 531
398 585
197 704
934 847
326 790
80 287
336 358
186 147
563 14
342 402
218 293
970 264
462 659
809 83
412 559
409 39
402 967
747 451
174 780
374 450
887 843
485 532
346 173
692 346
870 503
798 277
328 587
898 439
904 582
482 856
522 840
482 483
831 335
551 686
473 260
886 742
2 340
768 920
558 880
412 649
308 941
597 168
881 269
248 262
461 485
576 677
643 581
746 926
541 387
225 633
959 992
787 81
71 17
329 293
876 663
235 489
532 215
306 227
99 963
469 574
203 352
485 514
511 406
768 922
94 219
585 452
119 512
758 269
671 258
689 811
420 410
768 185
110 854
438 374
48 118
695 638
68 887
56 159
628 564
116 166
706 232
536 736
73 301
800 833
993 280
167 640
207 322
780 393
682 664
799 114
575 740
712 822
119 163
785 677
452 101
447 762
703 56
60 787
837 573
176 965
829 746
844 750
379 206
37 33
417 175
759 813
113 279
503 462
420 499
48 299
294 11
775 662
231 822
119 695
363 811
46 930
595 40
518 708
490 606
829 346
858 499
165 730
948 7
381 151
139 583
534 921
202 758
318 203
265 495
905 124
404 84
507 126
244 434
783 322
764 330
723 170
13 866
274 694
322 602
368 960
981 272
658 591
872 772
724 320
309 252
32 24
863 234
526 451
166 161
262 745
751 107
360 627
570 38
316 162
170 146
858 377
329 661
388 886
689 175
775 997
931 534
390 709
908 91
839 273
171 684
811 328
765 392
746 973
2 414
957 215
565 366
298 986
903 550
84 557
204 638
937 242
852 964
82 322
100 937
358 806
467 947
631 567
117 873
331 982
563 730
924 228
777 302
665 436
815 691
123 404
193 97
513 112
847 391
700 207
950 212
491 292
36 550
297 750
440 791
690 640
632 298
410 186
568 443
86 174
330 852
752 324
601 489
503 318
436 125
125 220
650 538
879 642
600 902
817 181
156 40
375 906
62 847
173 359
161 579
896 312
87 626
779 931
490 989
635 780
676 128
483 650
240 333
785 296
78 34
847 37
483 502
811 740
758 352
775 141
181 632
914 234
310 252
765 3
878 573
302 643
462 719
336 888
688 36
337 415
926 178
156 437
660 824
997 103
105 301
615 467
58 490
89 61
231 898
116 27
204 657
631 913
690 818
20 238
747 440
792 989
169 166
414 421
655 15
917 322
678 359
934 738
506 695
487 696
459 205
234 532
549 794
406 736
256 650
629 565
40 263
333 284
574 719
815 374
181 193
763 253
598 492
602 744
276 649
794 43
361 516
398 924
943 22
380 751
368 510
501 676
967 339
368 116
109 316
503 399
957 744
608 416
759 206
85 535
473 63
69 6
793 591
849 461
196 855
471 31
971 710
51 58
897 667
217 491
590 133
428 432
431 155
291 220
875 700
438 558
783 809
229 234
275 862
865 406
524 885
737 719
592 194
871 594
869 96
313 99
506 290
48 657
643 987
612 80
545 759
69 45
224 471
828 86
320 617
608 920
997 582
674 455
311 867
274 905
35 544
326 483
287 972
146 883
306 663
483 276
210 134
851 245
659 386
329 738
399 497
837 401
785 572
672 623
337 104
490 857
923 893
194 611
487 874
234 788
298 814
169 8
732 537
839 517
841 673
516 398
600 541
769 923
295 110
189 607
860 185
689 857
565 374
941 620
602 388
465 846
254 91
780 300
609 632
769 453
688 668
181 323
540 717
747 93
167 756
312 136
586 30
638 497
562 452
125 572
510 858
670 345
571 963
806 969
184 675
569 325
314 444
53 136
697 514
90 688
25 343
89 481
683 384
122 914
753 333
388 589
133 421
305 731
402 704
799 566
217 587
64 110
734 368
875 869
737 235
569 363
774 782
256 802
293 477
812 650
10 659
201 887
718 732
290 206
4 337
69 692
205 423
973 7
645 464
127 802
915 552
221 957
477 265
806 603
978 703
796 75
462 421
964 472
89 567
234 913
832 806
874 361
507 191
216 656
757 876
545 112
184 33
800 721
966 760
298 509
137 342
618 28
772 163
422 634
799 238
271 772
23 255
93 447
659 172
353 161
960 636
242 230
982 823
665 116
34 956
540 271
146 496
654 590
244 446
805 212
119 434
131 320
663 357
111 917
365 532
409 707
421 65
145 348
215 872
872 664
439 555
405 753
837 463
689 408
126 141
883 638
9 690
206 500
234 927
614 403
154 393
823 93
805 738
230 522
730 534
901 516
303 623
987 724
331 370
58 466
946 424
784 752
901 950
390 472
999 597
244 530
313 202
363 351
630 783
929 113
600 537
625 520
233 624
696 998
635 426
369 396
305 655
970 459
523 974
197 708
814 423
760 601
146 720
325 529
18 417
411 776
296 47
107 732
222 708
187 617
805 373
775 222
730 523
227 870
556 395
50 496
968 166
482 80
773 481
862 596
240 734
395 23
65 394
731 9
813 701
61 500
42 205
883 585
541 651
682 913
119 164
797 341
28 249
51 439
747 311
493 134
545 920
657 270
54 105
897 310
621 226
757 800
664 985
565 572
827 119
695 309
389 1
935 162
58 120
34 367
995 986
946 649
291 751
237 358
28 796
262 827
993 787
163 595
137 665
589 255
387 799
851 513
452 698
943 431
890 420
583 214
677 840
365 453
32 329
816 942
661 156
953 568
230 81
455 591
77 334
107 563
669 236
189 653
254 208
925 685
597 843
850 6
761 235
607 520
295 312
873 950
288 151
626 438
310 83
801 572
682 815
32 710
105 725
957 457
986 938
297 763
913 223
156 743
824 546
983 900
417 739
296 446
205 807
930 60
312 185
234 928
322 564
867 186
655 130
531 909
512 352
52 857
961 23
44 287
825 765
173 240
772 322
101 935
44 556
911 786
124 211
873 205
212 173
444 502
176 475
911 594
481 322
933 271
930 212
634 584
372 332
377 93
866 549
625 448
934 396
843 320
698 769
766 762
872 187
204 139
499 233
986 767
243 697
612 254
933 796
22 633
169 936
540 481
122 277
555 129
218 17
61 655
731 436
770 415
719 356
969 632
568 907
331 324
760 580
713 908
275 545
665 242
185 824
973 206
893 713
235 274
448 322
454 494
350 323
387 724
479 867
677 181
160 769
426 98
216 579
380 315
587 138
33 524
866 276
12 467
129 185
345 316
480 679
949 629
331 895
195 258
378 29
128 394
674 771
112 600
153 574
126 475
14 888
865 14
295 717
985 936
520 510
774 78
691 601
465 956
579 438
281 904
919 699
528 319
102 82
876 70
637 878
126 666
578 722
846 880
117 289
165 238
817 647
977 392
768 46
221 596
268 890
446 118
991 302
623 69
860 869
398 92
147 170
845 562
289 551
729 298
717 298
223 180
957 972
130 258
31 360
750 908
840 250
89 980
905 765
196 395
532 540
950 410
83 618
217 626
514 2
251 37
376 967
775 818
282 541
89 861
480 911
462 196
766 542
914 795
373 609
479 105
407 999
509 169
630 30
244 762
973 216
619 728
533 273
373 200
706 234
71 760
100 169
612 828
47 63
769 66
67 216
985 896
540 991
297 272
667 7
149 203
307 187
954 139
533 455
994 975
180 284
651 779
10 832
208 581
210 116
174 577
35 420
648 254
883 586
44 951
538 364
884 964
411 650
46 550
894 153
589 414
417 538
461 718
954 939
514 878
502 293
146 921
598 532
686 317
885 443
878 79
667 309
162 93
525 501
665 345
730 807
646 541
999 564
78 82
573 322
27 823
238 890
188 592
995 696
3 276
545 807
653 7
303 706
430 646
265 420
418 829
504 553
37 132
864 43
828 574
985 782
834 649
791 731
60 224
666 41
877 260
695 920
155 295
380 236
304 639
624 264
322 601
633 256
43 892
915 725
425 82
464 21
431 242
27 169
635 304
964 790
366 788
127 972
431 407
404 690
16 785
672 616
359 990
931 107
918 476
633 580
820 582
593 26
306 340
81 843
503 209
223 791
293 732
537 261
209 735
871 4
526 435
100 348
859 786
360 826
873 244
200 512
158 395
109 250
556 142
657 906
810 154
253 964
738 772
166 211
570 504
995 842
971 405
169 500
285 871
623 213
817 812
842 951
421 952
146 598
292 25
3 212
379 643
286 646
549 228
949 756
32 321
210 533
230 16
224 785
709 36
145 861
760 189
814 107
907 93
498 503
82 91
192 795
667 156
784 940
991 693
470 834
269 290
891 908
616 315
370 482
236 161
140 209
212 637
125 715
135 466
492 588
367 422
495 134
425 469
629 262
327 982
34 468
185 484
246 359
631 150
830 207
417 39
762 809
344 791
533 191
290 80
673 381
217 185
1000 773
549 279
116 484
669 319
424 803
802 294
68 847
13 57
85 576
724 885
250 478
1 56
816 128
314 989
39 747
770 109
908 569
991 465
397 103
466 753
720 957
250 968
908 186
289 405
109 110
325 491
188 710
889 953
173 836
185 860
200 133
489 168
745 305
751 771
72 949
269 570
274 708
688 26
350 18
243 208
992 32
397 665
513 555
86 731
989 909
198 698
467 739
727 12
617 957
182 773
502 96
270 276
694 367
412 820
898 774
60 988
781 654
755 408
864 941
434 701
990 426
730 801
401 157
842 904
179 173
179 304
86 712
445 87
61 943
287 279
712 143
27 657
156 1
535 926
577 954
797 896
98 260
363 119
505 531
12 661
136 697
62 339
704 827
106 481
94 994
536 210
17 491
648 669
958 39
137 110
500 388
277 906
176 786
459 535
634 606
261 873
351 858
543 670
517 147
614 812
681 450
991 581
68 956
763 938
90 610
682 589
394 546
740 877
609 708
897 310
183 917
587 494
327 31
791 322
308 663
488 799
87 390
676 641
106 313
333 207
72 321
688 924
50 76
57 144
939 706
846 598
485 856
208 820
59 665
885 501
980 104
744 762
295 847
831 252
521 99
916 756
232 885
797 252
700 346
549 908
488 940
392 941
542 760
451 193
520 46
441 921
784 700
183 389
297 387
73 624
107 568
874 834
107 580
905 20
976 557
694 367
215 251
529 222
369 588
4 351
216 32
828 533
485 397
52 1
13 324
1 517
263 690
919 128
823 440
386 461
423 628
334 283
713 566
360 334
6 292
307 500
618 558
493 490
749 754
703 589
147 417
647 825
597 520
977 350
463 177
754 781
256 431
500 655
956 397
814 799
437 728
745 371
910 984
835 950
279 827
200 409
636 306
772 142
966 611
154 828
912 613
80 438
547 831
233 907
738 385
810 799
519 264
469 913
932 887
33 355
675 201
15 686
247 320
711 963
40 937
897 58
531 630
509 311
152 818
499 944
554 736
339 841
59 661
455 104
189 242
740 97
618 819
893 938
84 322
696 128
102 844
62 209
881 787
543 848
888 690
540 613
525 644
956 418
721 534
559 863
768 953
542 774
530 185
617 575
172 680
927 454
741 83
546 488
681 908
896 786
953 798
507 722
193 941
914 580
129 259
446 502
973 820
6 348
581 123
691 621
958 370
612 259
502 447
532 175
12 137
351 564
878 167
473 711
304 665
511 693
260 509
83 773
541 995
220 786
490 450
860 266
474 977
864 209
778 942
812 103
448 971
28 102
740 228
908 669
785 410
185 719
953 403
638 981
862 183
368 512
450 957
466 1000
784 244
98 208
328 778
506 503
279 393
16 416
677 637
94 347
725 623
475 778
240 773
72 653
938 799
531 526
484 68
215 830
696 43
35 286
264 466
495 119
288 259
778 483
887 186
774 481
130 768
434 524
65 995
839 141
112 764
788 309
136 927
43 28
59 286
361 669
755 487
385 647
259 633
50 813
164 91
117 703
178 14
168 175
997 581
725 133
441 324
875 948
862 143
92 274
24 926
326 84
696 343
458 864
377 556
984 344
860 425
281 382
764 447
204 562
803 588
465 678
844 345
369 963
118 530
476 241
391 106
993 467
287 356
194 920
265 947
301 260
637 539
244 229
865 165
558 374
603 927
164 471
424 818
980 546
817 458
826 816
929 418
898 683
568 685
15 937
11 886
768 351
129 105
573 844
503 991
662 593
494 527
428 528
40 431
958 2
422 295
142 511
365 126
218 810
52 547
611 939
847 693
713 83
815 235
45 171
448 822
437 53
762 410
371 9
633 241
327 290
837 271
401 359
235 255
863 450
777 4
397 108
710 841
976 807
728 474
450 131
75 945
330 249
721 810
497 443
637 655
629 322
727 92
433 342
371 948
571 51
985 650
29 830
95 705
246 947
306 845
598 882
977 136
157 142
626 398
228 29
3 185
426 699
490 837
384 54
837 445
286 579
4 740
388 848
418 605
249 904
7 364
816 858
192 995
14 210
126 694
854 887
907 783
589 275
440 547
94 199
842 354
286 780
64 91
9 754
959 710
164 189
846 8
1000 339
354 226
358 895
931 227
398 985
741 401
198 124
281 260
513 279
177 196
397 197
895 5
588 253
78 658
356 626
360 31
607 635
774 950
708 628
859 947
548 780
210 744
381 29
259 314
459 152
346 730
90 990
136 300
717 535
392 475
530 711
971 683
660 612
653 734
952 746
789 336
632 983
417 427
331 143
328 788
83 33
758 532
765 408
947 279
949 75
140 744
631 997
201 724
391 341
813 138
994 575
778 810
227 970
810 75
767 129
759 122
81 266
796 690
39 449
385 135
363 374
723 602
514 443
17 496
520 591
720 827
147 397
192 599
852 342
190 582
385 795
560 637
261 843
812 629
623 883
65 842
15 9
883 535
236 49
475 881
800 368
117 536
786 555
433 185
371 129
339 614
634 93
211 860
544 333
870 115
861 566
195 338
561 773
862 249
171 223
304 606
910 698
469 945
391 818
565 511
648 197
667 618
880 151
17 623
593 319
850 295
537 304
375 14
689 953
459 496
209 5
431 791
530 948
942 678
618 888
346 601
892 1
365 410
173 666
769 454
624 609
449 134
83 155
453 511
472 277
482 778
669 460
496 276
500 486
138 671
12 335
826 328
774 422
826 623
345 421
459 978
22 348
506 258
916 982
454 435
77 210
852 977
8 267
379 470
453 873
960 397
140 806
651 914
406 882
585 912
626 208
752 409
306 414
845 193
523 537
321 180
641 735
368 652
232 531
177 172
132 932
449 39
906 310
152 425
773 367
514 669
610 395
527 870
836 833
371 133
120 981
183 633
802 628
710 363
135 50
497 230
953 215
595 133
414 605
942 597
561 620
341 302
496 335
984 534
980 693
363 838
884 992
910 203
474 609
30 78
204 994
483 597
564 466
168 968
137 125
471 44
644 546
330 195
324 27
275 234
978 512
157 970
414 324
976 9
800 383
409 566
311 986
503 135
806 334
663 854
2 109
722 720
13 311
402 189
54 527
440 179
135 556
57 571
462 216
68 658
940 420
182 690
601 634
886 206
870 946
121 129
409 494
247 184
245 613
4 155
543 916
248 584
434 80
711 944
132 749
346 777
103 362
77 890
25 179
103 585
108 222
36 905
294 774
942 628
802 859
56 390
910 672
970 906
763 308
144 42
424 618
563 219
160 433
766 734
111 284
794 513
992 682
546 764
90 735
744 373
382 210
62 740
235 741
110 31
643 600
435 943
19 79
638 490
895 7
865 199
259 389
735 421
627 807
962 780
172 216
148 881
928 488
431 567
255 666
805 761
745 677
392 577
12 796
835 660
836 902
127 228
614 198
39 645
372 676
653 504
700 130
322 354
633 967
530 590
160 384
573 127
661 922
240 919
44 697
386 252
519 421
879 765
239 784
417 17
627 297
465 280
514 115
642 896
32 551
959 137
416 565
328 969
839 407
426 730
561 71
819 935
265 68
826 106
750 369
277 137
256 822
72 388
207 701
813 521
621 478
119 713
375 963
581 664
231 141
854 432
13 637
847 639
529 220
654 724
107 235
403 758
364 676
313 245
602 975
914 815
816 766
104 213
547 546
85 171
214 915
804 547
959 907
917 282
280 443
717 74
239 846
708 767
766 337
197 674
35 970
89 697
9 421
748 933
750 32
423 202
275 888
564 514
831 522
173 827
292 796
630 412
536 984
694 804
382 944
138 331
11 916
802 63
313 534
426 825
71 111
491 629
6 775
255 358
470 745
536 351
63 844
169 563
64 531
611 373
996 798
626 497
232 175
246 258
135 798
115 65
518 126
217 797
912 253
324 533
434 552
421 120
568 420
199 93
607 782
715 243
705 820
44 75
308 906
116 689
531 559
526 310
851 229
497 273
247 684
547 729
221 95
508 692
23 189
231 612
283 658
828 781
60 523
193 241
302 790
332 140
333 56
203 503
927 940
108 17
525 995
861 329
79 398
341 854
573 182
657 487
6 525
472 403
629 402
463 995
639 465
919 539
582 745
394 668
985 28
337 589
330 634
953 557
190 102
785 179
49 367
581 263
903 433
886 406
100 650
152 121
269 717
27 638
909 82
163 766
905 716
760 462
164 113
359 358
708 14
790 429
675 777
428 354
543 61
879 804
930 129
195 212
338 633
34 214
442 684
527 772
688 660
146 682
941 889
535 211
152 806
550 875
723 11
149 978
204 761
233 319
150 209
913 731
613 958
331 186
405 486
269 862
52 916
269 403
580 305
761 508
98 887
577 917
370 485
648 278
128 198
694 615
960 673
384 894
743 210
727 770
903 616
829 788
927 157
659 545
409 265
550 833
99 352
981 11
494 743
685 799
298 963
813 618
136 370
154 630
918 391
580 303
783 634
703 935
552 166
652 170
677 946
677 795
505 49
868 230
265 617
668 812
386 488
103 554
639 602
406 537
236 500
28 176
813 173
596 613
496 943
414 848
174 59
894 777
583 122
197 389
403 188
198 700
481 269
202 862
131 747
229 441
712 842
806 397
338 160
99 25
478 41
643 810
526 460
762 611
914 467
240 288
338 527
666 706
622 739
528 334
439 228
981 838
203 295
803 870
220 979
132 768
298 666
18 985
405 877
1000 929
19 13
478 167
272 843
913 771
561 96
856 746
568 653
144 966
51 45
409 131
5 318
1000 131
860 964
467 595
769 886
416 644
91 215
198 155
44 134
177 889
346 358
402 539
624 639
389 755
378 907
866 469
724 546
325 19
572 278
286 378
140 976
114 539
961 817
352 963
902 690
700 115
634 21
919 328
453 681
877 108
687 722
558 763
322 654
733 39
715 121
804 221
317 970
710 982
189 68
404 287
15 734
889 49
584 291
686 137
898 787
110 393
987 416
363 405
14 882
759 559
976 436
996 612
396 644
405 693
104 615
931 895
542 34
448 475
804 946
455 927
52 949
66 410
420 655
867 636
255 182
996 100
107 607
286 168
505 703
422 161
985 930
115 924
251 71
666 282
934 169
162 184
125 840
880 696
796 758
309 711
40 915
795 541
277 34
715 216
117 849
369 313
88 405
22 341
734 571
758 461
935 760
104 934
83 227
169 154
546 470
745 886
606 152
148 10
84 29
298 212
559 116
807 269
205 344
836 322
304 672
180 492
565 648
544 152
312 406
643 240
567 373
895 681
931 237
487 971
754 281
595 684
231 655
807 109
384 4
139 675
767 798
372 439
107 224
914 295
308 633
952 707
178 981
816 56
358 538
588 81
830 205
382 817
942 955
745 658
378 840
765 473
821 251
679 655
574 992
622 658
741 325
991 426
490 189
899 68
439 712
84 2
105 513
659 554
307 255
829 555
898 604
993 259
602 953
540 915
767 640
501 465
749 177
681 413
234 277
400 500
726 382
286 201
322 957
531 199
454 339
539 184
120 17
231 929
780 383
531 875
407 537
422 884
27 629
116 412
535 622
991 560
348 796
562 435
121 722
989 688
327 471
156 841
93 358
448 555
765 61
124 488
69 241
753 939
672 697
802 343
635 807
137 241
848 283
64 921
62 743
769 422
662 139
431 951
40 626
91 146
220 148
63 888
194 483
966 391
930 118
146 127
812 688
285 582
818 753
33 396
601 444
248 31
764 384
436 912
505 144
512 213
225 691
797 429
188 516
262 127
779 826
461 619
709 417
931 671
914 376
684 11
115 266
664 229
760 253
516 575
976 517
583 844
453 442
405 974
653 421
784 251
146 39
497 131
283 211
411 660
225 791
433 606
659 119
955 296
906 778
670 833
742 227
216 703
695 57
840 68
148 919
492 939
824 485
792 80
792 77
22 790
790 279
441 758
689 821
641 854
883 672
874 744
89 33
452 207
935 504
156 317
665 473
498 168
523 538
345 648
363 231
307 227
49 470
698 914
181 179
712 929
977 117
408 762
619 663
426 307
669 472
859 211
669 660
187 257
373 624
629 5
204 185
194 981
971 310
902 682
552 466
738 544
310 451
224 538
884 958
178 147
546 736
700 493
591 86
453 398
525 174
226 599
507 476
739 844
66 646
404 742
865 232
430 484
154 609
771 565
362 28
237 23
668 321
415 908
7 921
323 568
164 53
762 828
353 799
583 206
280 783
445 519
496 511
28 915
643 688
816 452
839 611
410 240
150 25
197 895
237 692
634 941
680 523
708 126
413 746
181 613
228 463
216 587
886 191
948 687
123 711
983 912
218 435
945 453
349 626
525 525
330 647
587 919
731 322
377 924
639 869
741 856
151 872
397 340
370 582
127 223
521 582
105 584
787 130
714 878
922 955
183 169
589 667
479 638
100 33
455 798
15 497
920 535
112 705
332 58
931 70
780 603
13 853
333 813
355 962
918 163
222 244
51 488
294 559
309 472
860 801
728 829
662 437
860 131
670 107
309 451
740 310
867 212
792 124
571 333
152 586
627 541
88 862
146 140
501 643
774 319
65 512
331 743
179 785
251 458
156 781
617 57
634 470
357 257
976 348
531 658
244 146
395 803
817 911
683 804
507 79
592 314
29 344
665 726
990 165
868 214
623 86
71 203
407 342
896 954
463 964
373 523
479 627
110 61
7 905
166 184
959 532
693 849
447 872
888 881
311 962
536 295
689 793
791 657
42 343
606 23
573 516
442 1
743 963
34 715
524 732
379 168
545 616
268 388
976 456
162 9
887 479
101 235
889 139
993 292
323 696
295 321
424 565
313 706
374 108
673 214
167 446
251 949
321 517
806 460
454 945
110 717
749 332
597 260
815 214
526 995
770 25
425 470
298 53
442 424
347 182
330 149
248 137
396 230
296 731
481 184
131 498
717 269
569 977
439 545
611 793
405 886
456 66
246 753
202 286
470 338
614 951
957 360
896 716
904 355
196 64
455 960
910 899
909 593
739 639
12 250
846 252
614 181
204 780
741 287
656 280
252 337
712 553
363 607
918 463
455 244
167 142
743 229
143 180
352 729
748 509
771 712
439 959
762 369
678 142
270 961
525 585
356 219
720 259
131 67
34 483
455 426
537 508
441 869
535 870
46 286
555 299
155 121
822 723
135 864
199 504
26 984
663 315
790 770
734 365
333 35
100 543
986 764
440 538
710 802
277 752
61 495
96 185
703 127
243 863
439 628
301 547
663 355
352 917
634 309
530 656
689 127
460 819
215 234
734 305
773 939
385 274
215 652
803 736
796 466
703 715
674 13
890 549
63 443
943 543
617 76
572 314
24 591
163 415
366 300
394 720
94 81
307 756
586 622
965 15
556 272
321 391
406 913
654 832
465 558
133 177
298 256
549 181
272 748
864 299
616 355
333 55
385 347
804 447
33 27
93 6
214 771
177 884
261 834
679 259
198 414
633 948
93 256
180 513
619 517
420 88
884 806
397 798
615 353
907 593
849 677
547 309
370 698
600 985
870 727
679 319
781 418
419 167
627 108
25 124
409 354
37 53
466 797
812 518
615 755
448 541
260 460
447 701
120 173
532 606
153 728
309 443
678 746
563 74
139 52
709 392
240 987
69 339
242 241
513 622
105 937
859 808
184 62
722 381
65 869
791 171
422 766
521 327
961 663
185 694
77 153
623 340
90 609
507 928
893 296
868 318
829 516
973 251
552 237
307 341
60 200
792 361
966 88
211 475
494 408
470 209
217 954
271 664
38 827
343 6
674 436
966 542
20 995
237 767
833 592
626 541
105 872
648 479
880 614
740 775
998 701
177 941
583 423
261 189
68 17
10 780
689 268
670 398
189 582
915 747
733 799
311 590
528 949
349 477
412 136
851 244
440 518
186 658
952 272
794 801
909 27
579 474
218 185
4 655
464 453
919 200
114 779
115 927
322 469
705 379
122 535
904 705
44 644
458 766
291 598
764 246
864 898
674 137
446 505
72 320
381 569
242 132
995 442
909 576
598 138
268 538
251 537
156 438
443 662
536 515
448 856
853 580
685 581
719 543
115 582
115 594
189 561
371 801
733 206
541 993
956 163
44 97
582 288
869 427
771 524
164 512
800 486
605 417
972 436
947 566
435 912
676 883
559 13
170 558
186 207
148 395
204 208
347 640
339 196
13 89
334 614
934 45
530 808
226 15
429 904
796 270
854 949
259 509
523 382
47 396
320 971
688 925
351 874
880 495
243 59
508 719
716 717
342 450
6 399
854 165
609 295
868 965
826 519
608 775
921 954
347 473
834 212
59 39
788 784
443 967
668 223
224 693
467 935
789 400
396 786
720 35
39 811
851 981
673 645
900 417
186 483
693 407
741 689
580 985
243 938
804 983
592 287
467 668
229 478
802 998
540 481
224 241
984 723
991 397
146 215
701 548
436 329
965 845
707 138
196 348
501 144
956 239
247 547
284 226
977 746
677 300
967 284
263 176
634 624
530 333
357 981
334 407
42 938
43 723
290 255
881 687
128 218
242 960
111 252
603 745
895 457
159 531
548 124
347 479
127 96
731 718
11 456
124 586
561 384
528 858
645 433
581 794
910 673
622 736
282 393
576 64
647 101
982 185
435 568
606 918
766 413
962 367
555 375
48 149
434 74
587 977
9 431
719 133
726 644
448 657
167 586
68 800
546 309
276 808
997 24
848 678
223 630
24 176
789 2
243 385
462 128
492 264
32 9
936 385
993 171
945 314
294 463
54 119
327 746
41 776
401 804
383 494
691 756
668 673
745 129
980 52
788 146
515 215
736 960
630 101
821 935
544 76
391 57
966 327
6 130
435 303
367 965
69 334
112 309
486 850
648 133
436 728
293 625
521 471
404 219
955 689
220 599
629 205
931 934
13 144
792 703
572 679
735 354
81 438
304 875
758 132
665 589
425 373
247 12
693 183
169 218
990 349
765 715
761 815
337 832
17 816
275 872
155 615
945 563
379 150
267 981
117 998
804 353
893 537
468 923
719 807
641 117
224 610
601 75
962 985
705 79
148 361
985 29
72 439
502 232
940 351
295 908
825 593
81 41
631 998
763 791
47 63
282 716
623 903
422 927
874 756
75 385
518 442
594 463
740 687
133 370
515 592
686 838
292 3
121 446
807 867
709 694
590 704
575 24
501 740
94 304
312 54
656 360
301 387
276 21
605 592
134 503
768 897
383 677
142 598
90 151
118 937
904 474
75 785
221 728
761 649
584 653
797 17
487 403
715 124
809 143
653 849
922 826
963 467
234 472
197 585
254 764
379 70
598 26
774 850
70 332
844 191
389 798
703 988
104 306
535 766
184 221
92 786
472 608
900 981
280 504
459 164
29 86
334 364
214 247
527 763
880 629
764 869
540 772
352 448
628 950
657 712
505 256
144 20
912 730
356 487
368 227
743 248
597 675
391 162
409 584
599 69
526 833
235 483
60 94
280 644
385 598
145 538
653 775
635 117
378 1
