10000 1000
146 657
514 99
785 907
672 917
375 736
157 405
140 814
933 82
216 665
344 236
797 807
585 34
448 372
122 218
604 727
406 732
670 331
214 231
50 767
589 363
125 799
964 174
537 697
279 912
764 800
781 206
609 172
884 594
133 359
778 17
163 602
237 340
121 182
997 120
49 156
700 758
889 14
581 187
795 859
706 961
406 751
309 412
515 408
248 679
376 10
596 877
376 756
590 775
330 657
685 516
502 448
742 684
659 541
776 525
220 653
409 943
581 878
471 495
579 461
727 175
914 909
169 332
900 655
865 343
401 52
664 485
889 21
450 375
956 948
230 467
314 384
761 849
764 621
411 918
97 706
352 508
369 193
160 608
470 426
743 891
678 224
950 794
451 106
688 231
171 356
318 677
952 227
204 703
896 477
705 945
990 143
963 838
519 300
681 337
694 365
175 388
425 44
733 84
642 543
536 834
104 587
840 635
99 527
640 545
107 429
674 913
641 548
976 179
131 776
844 469
245 560
537 72
531 400
855 257
601 717
731 226
595 27
812 406
653 690
888 992
563 117
973 341
450 842
392 813
510 268
761 518
146 188
405 945
115 148
819 99
101 267
224 390
172 396
227 853
900 198
409 459
275 445
898 941
177 104
170 939
223 529
385 155
709 480
739 414
882 24
921 337
223 929
391 974
68 12
60 872
618 354
901 906
320 118
177 305
87 254
6 613
918 382
723 973
126 948
788 96
670 989
914 148
824 247
80 930
770 261
399 128
175 959
290 126
508 351
803 450
635 972
220 276
155 947
127 426
909 41
63 29
729 770
629 946
951 917
644 243
711 926
308 795
81 579
107 958
734 608
975 838
533 891
69 359
102 968
166 92
219 798
484 543
386 327
714 565
405 84
593 672
385 759
828 387
962 240
957 802
334 673
589 503
638 562
784 110
104 477
678 714
839 418
244 685
617 109
601 4
368 35
281 729
794 289
950 920
609 781
786 514
36 827
821 821
516 433
421 961
16 83
801 524
369 624
710 664
287 923
978 688
106 915
436 342
977 515
74 960
335 682
1000 734
809 309
976 230
225 128
741 873
270 657
743 339
938 989
962 14
266 329
38 655
202 298
152 456
199 229
552 405
114 864
18 431
716 895
309 28
180 264
446 676
603 839
974 262
553 155
848 193
332 495
764 315
544 466
223 14
178 191
81 38
484 758
269 812
853 337
148 206
326 944
130 156
109 605
632 765
462 201
600 608
605 133
277 595
733 986
216 392
428 914
891 763
740 332
11 325
980 988
326 76
349 200
737 121
414 236
20 976
681 327
211 659
507 908
607 256
960 858
411 102
388 836
921 532
59 274
330 459
10 854
593 599
667 664
897 689
445 763
906 456
226 445
552 611
80 195
732 888
497 59
449 177
402 592
328 602
167 657
565 36
878 666
191 325
47 337
996 86
379 770
882 763
874 236
455 447
771 850
203 165
160 331
33 544
479 683
698 796
722 8
169 90
384 781
479 392
274 930
665 631
895 906
37 188
656 403
665 359
516 458
724 86
157 580
267 467
666 374
629 874
699 807
688 661
640 929
610 624
787 611
144 668
721 769
226 824
236 42
589 139
948 689
416 324
977 182
951 835
555 506
811 517
667 126
736 811
191 92
670 315
457 204
769 734
745 577
337 304
799 762
755 764
522 833
853 765
619 855
318 502
338 486
228 411
768 798
284 830
868 305
21 475
271 662
85 476
943 129
483 709
335 106
435 897
222 434
302 211
996 153
271 166
232 803
782 278
708 206
465 573
711 645
686 23
202 152
859 478
604 410
423 22
246 330
181 698
528 810
240 718
426 731
514 906
908 375
971 213
134 174
257 376
744 290
738 239
500 674
155 876
735 266
108 140
100 282
986 479
832 555
540 996
311 485
423 307
734 444
642 665
183 62
26 408
16 86
855 764
604 629
734 111
208 739
557 349
95 786
593 849
351 244
371 711
250 728
727 415
286 49
348 313
565 439
111 203
966 348
303 996
130 143
866 605
656 653
935 835
657 803
218 39
468 85
420 53
171 835
504 152
965 574
119 661
162 855
309 171
642 377
330 993
110 650
209 56
525 414
92 597
857 476
246 105
543 727
919 689
203 958
420 501
273 68
565 557
349 416
822 471
636 863
134 283
313 637
442 688
249 912
299 811
263 821
468 975
665 568
749 816
841 649
923 455
348 650
141 321
911 634
312 568
821 828
989 872
162 513
502 123
955 970
916 974
572 727
204 202
193 770
629 772
101 348
83 85
94 104
672 650
486 619
878 669
420 651
133 418
881 12
187 539
636 748
600 125
566 992
382 705
727 469
815 875
815 496
518 414
405 262
140 535
500 341
845 134
929 913
929 408
366 672
387 775
491 462
701 272
575 194
218 132
963 239
67 344
712 276
859 869
307 725
507 96
992 815
31 355
452 152
430 842
10 420
598 231
895 201
349 799
159 260
545 651
765 770
242 288
502 449
979 647
935 163
940 293
539 130
242 404
230 694
246 977
700 697
602 388
371 292
63 795
516 375
842 183
838 885
218 405
995 373
364 462
650 354
471 639
699 508
721 866
30 501
504 788
884 365
177 973
52 503
212 219
592 610
421 519
669 352
813 837
527 818
976 961
330 834
365 805
210 223
201 588
140 525
276 843
523 426
938 18
516 338
979 719
362 109
307 731
42 148
187 427
848 943
430 776
257 65
245 511
711 690
356 482
328 204
426 470
15 967
277 355
946 766
452 679
666 656
43 531
422 551
946 28
152 924
630 579
886 97
335 390
130 77
152 149
459 396
123 749
834 797
866 297
710 234
671 324
248 747
949 792
144 107
396 682
366 18
257 387
929 913
851 528
364 161
544 883
364 204
78 33
811 450
554 986
824 70
700 988
661 199
705 128
800 232
824 4
218 423
878 711
467 865
402 143
580 965
33 982
699 549
627 313
811 32
276 984
785 163
812 233
144 27
383 38
734 468
94 338
661 117
285 319
579 434
283 11
282 17
141 214
529 157
370 845
121 207
144 875
720 471
262 907
441 103
840 663
843 769
535 4
102 28
70 115
609 907
86 602
462 221
746 529
876 798
20 886
684 205
839 761
117 804
106 32
489 596
395 284
37 110
146 387
965 146
282 884
757 940
283 230
369 226
587 209
142 999
328 883
951 964
335 260
113 66
785 354
887 680
960 614
974 707
535 334
274 953
47 873
360 125
211 534
162 479
805 949
942 553
726 76
935 826
954 947
474 615
33 944
827 997
568 284
6 689
198 909
894 760
743 122
241 223
869 906
841 828
466 389
5 330
30 49
462 266
23 278
330 885
228 243
653 938
234 15
707 646
191 424
911 495
498 176
96 937
929 594
558 553
120 794
977 332
361 98
115 577
183 470
513 19
770 945
693 480
862 861
815 188
539 728
863 615
710 273
429 795
863 23
90 607
850 490
420 270
934 392
966 553
728 618
245 897
369 388
292 574
756 968
609 203
617 748
982 103
557 535
201 925
432 704
716 285
149 551
733 185
61 202
791 561
412 618
200 735
259 675
201 748
164 503
57 89
146 380
714 359
254 249
234 535
987 197
700 11
755 504
317 627
439 464
23 689
179 502
681 590
471 638
732 346
167 875
216 984
740 736
965 439
834 448
411 546
512 823
66 769
986 366
690 854
610 355
205 369
291 231
792 285
957 982
342 472
412 146
740 79
585 305
654 703
551 442
505 245
967 540
631 72
53 576
862 705
640 690
137 402
918 267
285 932
829 306
494 615
475 382
527 558
320 190
317 784
575 505
933 553
689 502
962 270
449 438
784 821
896 373
347 851
563 548
313 179
656 602
396 398
317 702
105 54
433 119
803 697
529 316
968 732
188 812
523 510
376 952
441 720
59 740
156 692
298 914
571 523
821 758
456 853
409 427
320 229
525 316
903 875
453 476
25 1000
786 311
290 829
688 102
663 708
695 407
699 789
243 731
907 419
476 127
226 877
535 915
166 173
571 958
345 684
708 272
601 4
267 454
200 196
508 473
228 320
694 15
968 455
895 889
58 603
350 60
995 500
735 168
330 118
171 956
545 678
629 479
814 928
869 625
428 204
777 176
135 125
567 155
140 489
645 363
974 860
562 493
154 996
225 705
980 254
333 974
64 992
240 252
346 397
962 192
838 28
953 715
969 553
699 491
669 515
237 873
809 908
680 314
55 829
158 711
621 911
545 684
388 178
653 876
284 890
753 883
534 893
298 339
912 262
728 72
429 229
752 372
211 317
160 924
171 901
45 80
988 792
784 223
736 77
981 641
893 383
859 539
597 789
903 295
478 883
856 521
227 320
220 139
826 334
794 649
524 142
622 590
537 857
377 462
529 255
446 106
363 460
926 487
218 246
173 622
554 361
483 558
296 835
507 398
376 456
663 155
652 199
458 904
940 530
236 769
600 546
506 527
392 242
356 167
821 527
254 323
173 750
911 767
106 886
876 701
116 618
446 570
891 96
568 126
973 524
698 912
246 38
25 496
427 191
332 835
462 577
800 947
126 660
382 572
971 553
640 440
214 875
935 212
23 193
24 713
77 302
34 52
274 377
577 398
332 701
807 588
374 738
54 496
108 466
351 934
811 517
861 136
406 502
195 435
986 427
690 480
443 872
532 908
909 381
692 304
508 508
523 545
220 620
333 849
642 705
394 788
528 145
941 876
237 672
608 494
475 293
431 91
55 131
744 272
165 209
177 62
562 434
274 386
320 622
975 926
245 231
687 479
980 237
320 317
586 323
776 246
98 599
989 570
138 710
327 104
836 925
425 688
982 17
43 560
986 224
794 472
95 286
591 269
742 410
548 41
21 398
659 361
344 986
206 118
395 401
143 125
121 922
394 983
632 624
110 449
355 459
745 461
886 477
201 720
238 566
867 290
495 361
503 809
883 164
202 718
666 36
514 54
332 919
462 330
449 360
348 887
714 950
841 623
29 837
645 231
12 907
492 31
502 468
318 957
941 767
823 554
215 607
464 123
382 116
700 1
584 447
436 498
935 777
988 518
97 876
971 82
553 800
527 168
332 24
671 877
542 747
343 770
779 803
911 780
254 897
620 829
165 551
862 616
314 484
304 592
876 372
572 938
468 214
532 158
393 380
490 450
628 166
209 119
436 439
113 18
332 134
663 28
56 527
930 467
388 936
168 703
717 668
543 309
581 91
284 376
595 840
431 595
217 226
277 296
964 771
965 388
224 972
684 24
906 919
9 730
347 732
49 34
180 525
340 541
612 849
798 782
644 540
271 216
988 358
284 69
43 576
571 418
834 210
747 720
649 120
642 869
346 512
277 97
633 253
347 186
122 711
306 128
75 569
33 785
621 290
556 542
239 877
356 628
131 800
500 973
79 425
381 540
422 372
594 52
701 822
981 978
998 438
657 774
672 406
581 895
980 310
551 132
602 610
175 819
194 783
80 237
844 362
58 200
833 225
123 852
879 583
673 863
256 996
441 33
883 347
396 888
394 3
853 310
755 727
316 574
16 206
77 682
838 595
458 720
577 646
277 456
95 449
263 848
769 195
636 280
853 257
812 423
94 584
4 804
458 660
107 125
883 581
421 739
615 893
628 564
72 331
106 328
61 498
119 661
487 394
889 604
725 190
55 89
616 301
406 254
72 778
205 72
965 844
200 721
326 750
200 181
398 112
512 845
914 972
90 143
748 162
993 83
691 76
29 815
249 243
282 661
835 232
448 560
13 300
964 418
796 664
158 689
153 814
978 886
709 422
719 20
687 329
250 87
488 939
172 522
216 856
408 904
85 926
86 956
315 283
259 152
431 795
231 346
819 243
821 787
206 601
238 862
689 929
662 703
354 705
230 401
205 822
937 135
718 165
575 284
856 491
916 11
889 469
586 263
491 449
963 756
709 131
480 909
448 874
957 299
475 160
34 805
536 925
795 962
508 932
897 64
363 972
656 657
169 872
559 241
194 968
866 929
411 918
83 575
830 834
861 956
442 655
328 572
977 891
752 282
457 859
462 849
604 892
533 652
767 59
414 39
838 550
421 307
679 409
569 542
763 971
32 833
480 62
264 168
377 754
944 501
964 938
861 566
635 157
893 355
940 766
440 529
801 477
929 201
761 69
681 777
885 723
693 218
900 741
483 760
767 425
809 702
389 393
206 87
321 446
367 30
575 962
51 751
658 572
80 411
97 856
620 96
190 597
28 767
566 565
976 548
35 232
973 874
197 809
50 988
196 359
355 301
784 430
10 321
258 236
456 122
976 820
864 172
389 254
157 192
190 45
575 309
934 887
819 122
875 521
768 238
798 721
306 97
295 242
986 576
159 267
620 932
149 96
215 571
802 968
81 222
388 37
129 338
558 663
219 655
943 49
720 36
367 971
643 361
637 118
668 211
219 851
257 803
968 244
856 343
237 410
511 512
849 237
605 851
165 199
78 656
361 538
18 86
253 341
846 613
481 43
713 922
565 659
665 399
465 241
196 744
943 884
759 567
284 726
99 512
915 943
890 366
449 371
382 596
474 431
707 461
627 879
544 93
14 539
610 966
497 574
58 244
111 510
810 361
893 511
899 346
846 504
537 119
40 252
493 575
149 705
907 226
147 405
778 637
628 804
959 538
919 259
945 973
45 817
486 320
485 952
221 712
176 336
195 261
85 133
14 982
294 828
628 403
922 218
973 777
249 581
293 2
739 120
620 306
81 508
757 227
306 946
682 218
96 537
94 831
648 974
146 313
566 599
601 24
54 303
603 369
588 302
726 510
61 742
8 19
900 671
438 402
670 771
177 800
630 931
476 590
906 928
47 752
940 50
335 777
554 877
275 222
294 527
97 382
422 852
903 921
597 890
762 558
976 125
522 763
435 124
980 368
586 146
87 524
616 638
759 463
99 531
422 366
133 809
894 403
325 402
344 891
92 966
832 630
497 271
278 481
301 622
590 391
848 612
769 612
914 162
754 289
762 202
786 139
563 339
917 596
642 792
83 689
266 2
655 858
704 954
259 668
398 304
531 362
572 871
229 544
739 742
303 863
928 472
321 405
743 469
951 105
533 287
792 739
381 190
610 866
13 765
163 820
894 186
745 754
167 849
428 273
377 882
399 90
780 103
722 50
74 991
75 739
79 550
952 385
479 10
470 654
320 263
86 519
923 852
546 725
607 628
812 965
86 655
176 656
639 270
725 604
210 442
689 857
111 149
282 692
783 295
885 639
105 595
626 223
231 255
942 669
398 408
511 918
578 451
428 467
735 549
107 58
25 101
681 91
661 52
222 275
902 772
870 636
681 486
145 363
585 914
739 473
588 699
509 139
443 224
706 466
766 5
883 844
726 880
468 737
730 804
620 470
690 57
857 414
343 474
162 444
337 973
995 634
463 391
148 93
611 190
594 342
435 629
149 210
250 251
953 867
588 540
589 526
341 390
102 19
419 406
237 320
512 905
13 54
177 675
422 402
769 171
205 197
367 661
249 21
283 343
712 826
829 684
320 626
942 956
206 197
646 458
786 625
244 277
33 807
57 351
330 180
861 897
602 273
272 709
928 500
667 810
89 813
108 612
589 130
774 434
448 171
214 926
202 262
255 760
736 876
455 404
440 706
472 495
993 698
536 702
577 615
681 519
229 116
810 653
628 646
372 824
996 597
173 115
972 63
64 669
816 85
92 544
857 829
833 405
130 198
230 742
132 207
885 451
627 344
45 334
510 246
352 439
651 628
18 96
936 677
968 433
779 499
742 589
180 235
656 172
462 199
514 239
849 954
96 703
411 911
927 663
818 59
114 141
235 959
382 13
663 431
222 406
65 53
599 203
993 478
517 355
707 868
645 793
601 386
521 92
45 971
951 176
688 396
666 532
790 774
808 306
279 789
82 611
872 379
367 224
272 933
137 314
12 53
534 98
435 134
600 705
274 260
454 18
177 321
113 699
563 993
327 696
650 575
916 136
650 13
740 102
330 489
26 569
838 226
349 844
775 623
453 975
57 800
634 908
411 11
550 987
107 960
46 110
872 854
716 277
750 204
904 228
53 800
203 672
898 44
378 606
613 308
881 676
842 809
765 334
216 49
233 90
325 812
954 324
31 441
347 475
908 679
530 34
467 460
881 312
73 994
246 64
150 661
387 650
301 990
870 640
511 115
514 122
568 244
589 187
49 304
992 689
789 974
530 305
460 548
373 776
58 92
944 451
945 50
267 424
59 751
830 43
481 433
890 234
671 817
518 65
405 731
91 631
375 1
233 895
662 841
272 192
214 122
800 750
406 659
969 935
83 533
331 470
644 483
384 507
95 481
997 400
323 770
301 526
52 481
142 574
723 313
145 793
923 597
942 865
805 641
406 653
149 846
799 929
274 170
644 395
290 654
530 488
876 486
893 805
292 341
1 126
186 182
296 394
795 364
131 244
983 403
657 380
201 708
65 940
706 661
446 900
623 111
710 495
974 894
507 300
557 965
866 661
579 71
502 59
477 871
781 968
634 409
402 35
376 254
426 32
877 164
895 741
958 604
152 191
651 115
415 595
793 705
337 829
511 13
42 172
921 366
534 276
481 147
681 66
785 973
552 612
641 64
430 87
543 478
448 135
786 51
969 770
703 682
519 157
565 846
548 182
688 722
222 288
289 658
335 714
276 912
437 320
920 176
387 104
459 628
759 311
252 944
250 890
671 447
211 85
757 892
884 143
441 730
371 932
571 13
227 554
425 439
200 972
193 220
983 178
849 150
139 895
880 265
705 306
714 920
21 718
87 374
123 665
276 110
271 176
880 764
381 530
97 906
842 409
381 428
992 156
385 780
166 160
958 398
678 690
846 37
846 974
531 333
984 516
913 679
833 949
271 448
69 650
675 33
450 854
67 73
296 239
692 798
672 449
478 960
210 931
125 799
125 159
258 455
483 662
737 659
810 138
833 639
748 843
463 77
327 611
586 129
918 706
136 853
711 338
800 246
171 435
967 805
818 921
379 606
772 577
858 620
784 856
60 651
353 212
453 445
356 856
957 38
299 900
7 104
397 99
37 336
843 636
274 23
957 666
375 169
867 828
503 961
557 653
810 884
756 157
710 937
462 534
513 808
998 920
376 160
465 877
636 926
122 933
704 269
838 372
828 489
969 791
413 763
432 491
378 360
869 886
169 354
319 84
904 373
30 115
396 219
675 191
509 145
430 135
80 168
862 390
908 620
269 619
501 728
169 977
901 889
141 944
646 94
773 930
89 615
294 943
618 59
723 17
769 64
33 49
378 742
588 976
334 540
72 423
776 522
633 31
193 798
483 698
237 55
43 824
252 149
259 531
137 47
802 868
478 747
850 307
791 634
865 107
202 184
968 659
565 200
583 598
408 919
735 140
271 757
590 79
265 343
279 447
700 615
183 878
422 378
929 85
989 665
483 821
425 793
623 463
125 947
675 165
633 812
417 214
403 350
352 630
361 30
993 51
744 204
570 721
625 214
47 31
510 661
396 104
97 933
100 611
134 858
21 716
957 430
2 17
753 196
768 733
851 880
265 8
487 492
876 636
165 517
602 18
82 12
275 387
973 614
863 360
898 572
310 203
58 540
753 115
289 718
390 588
199 647
919 541
120 210
115 808
924 362
220 885
71 328
848 223
690 659
97 117
728 52
613 835
794 574
974 654
68 228
442 364
661 507
460 970
323 275
937 108
693 490
309 328
319 137
556 907
793 541
897 194
728 775
594 514
580 581
425 698
337 783
21 988
462 50
767 863
808 912
142 479
960 750
819 92
769 597
829 95
339 698
15 432
667 335
253 83
768 367
443 869
120 173
622 20
473 510
296 837
232 2
600 692
501 967
544 223
157 262
149 123
639 116
67 486
704 75
943 11
127 238
291 673
489 880
301 884
102 414
983 267
826 48
9 672
21 164
43 419
100 235
916 703
981 730
606 836
487 875
918 747
256 801
217 701
125 328
946 605
261 826
917 329
990 186
936 149
455 614
52 623
980 461
112 236
110 501
598 330
976 399
701 708
787 945
189 434
467 659
886 886
127 779
697 351
413 513
549 698
67 627
220 308
823 834
75 985
833 940
557 57
772 656
793 381
304 437
976 926
459 643
624 879
459 663
155 934
701 524
984 407
874 421
825 345
461 892
428 54
142 414
163 559
649 709
11 23
352 957
592 635
405 903
560 832
601 416
764 437
472 307
506 964
195 763
549 710
700 722
531 796
821 390
910 702
306 950
908 40
10 721
928 880
850 599
406 994
978 6
474 732
989 630
418 98
557 597
783 243
974 797
513 314
103 929
272 478
620 963
683 322
766 945
701 158
993 459
179 436
420 151
823 563
453 462
608 904
339 964
544 584
458 779
293 368
690 393
384 333
272 885
865 796
724 270
433 603
898 148
110 374
697 133
114 427
471 649
469 22
866 327
399 542
224 574
287 790
80 196
806 365
583 91
620 590
453 919
554 977
845 849
415 264
736 575
332 619
50 250
519 20
940 166
564 852
481 501
39 268
977 293
803 269
416 709
166 49
224 428
274 15
259 50
70 995
66 165
316 235
17 286
496 67
200 569
71 338
355 753
701 211
211 201
894 973
36 652
350 28
517 325
633 621
235 208
516 62
109 872
321 851
481 718
744 354
726 649
704 553
744 168
410 738
424 602
271 646
745 486
444 687
380 699
861 420
845 962
184 265
179 270
30 228
276 331
533 721
735 789
928 903
72 140
21 425
39 30
878 711
505 821
417 402
622 53
544 11
729 984
42 828
483 618
456 901
609 196
913 153
105 237
582 374
777 812
630 673
384 248
932 456
267 616
716 446
937 707
449 714
728 394
866 560
814 497
593 550
936 73
803 496
286 969
938 62
493 24
222 561
940 941
383 217
855 136
285 729
392 414
729 129
153 376
409 980
98 532
328 224
833 139
523 664
837 146
141 653
979 97
244 569
978 735
633 362
534 787
156 909
944 988
902 217
716 395
502 440
81 372
613 161
157 17
9 65
639 846
270 61
699 526
800 297
874 861
842 76
903 827
290 930
635 831
330 473
217 770
433 60
627 504
464 699
475 515
182 585
891 519
61 101
6 271
394 545
332 343
592 446
178 663
486 342
223 103
620 417
185 397
258 905
70 544
290 605
539 337
649 354
385 821
642 741
986 756
738 354
576 301
925 384
15 520
736 27
574 98
45 889
499 109
618 846
468 477
362 560
774 276
18 259
473 414
29 845
473 582
153 347
159 768
560 499
87 541
800 8
264 682
115 338
319 664
472 347
179 6
104 818
338 234
898 92
115 92
775 190
699 756
718 844
128 7
337 46
657 741
567 381
27 958
456 866
949 384
340 88
174 411
180 549
817 525
815 317
272 14
143 223
934 398
961 510
564 122
489 865
525 499
28 491
81 326
19 428
886 941
982 246
306 900
535 536
346 629
675 719
399 61
701 144
388 780
851 256
969 273
311 572
475 996
967 625
745 674
981 269
569 93
431 844
377 673
584 36
286 776
957 561
536 535
842 418
716 807
995 10
409 797
187 344
483 234
640 999
612 763
460 822
62 842
966 818
538 547
111 151
28 448
718 619
892 262
84 227
934 326
25 116
11 429
205 763
502 820
304 645
928 280
346 960
837 707
315 680
541 377
597 203
796 980
765 469
681 625
333 885
491 385
773 86
863 401
262 735
931 82
581 844
703 313
518 218
559 144
911 239
450 995
256 975
150 148
98 1000
657 288
581 560
657 864
912 177
694 505
396 644
539 276
929 539
120 303
681 637
171 169
184 461
642 210
314 492
458 513
165 299
172 492
82 570
146 372
672 548
671 614
857 240
180 395
812 394
236 472
433 631
225 719
8 253
116 389
634 537
145 42
478 894
296 324
366 605
174 988
999 87
538 431
781 589
368 6
996 537
825 966
824 530
361 721
966 260
880 324
89 861
106 815
486 634
815 864
520 8
355 232
581 891
815 348
518 314
78 29
531 440
697 600
373 493
452 135
891 572
566 935
189 547
149 1000
756 413
320 928
792 451
323 968
136 535
262 365
566 847
726 592
648 400
451 439
609 225
337 842
293 691
543 798
160 328
282 518
96 985
3 541
895 214
277 741
458 162
176 339
524 509
625 888
388 176
199 330
314 12
832 513
582 852
58 906
834 334
474 31
603 397
200 910
843 674
449 158
778 647
276 509
288 635
246 180
893 577
982 25
186 416
393 28
229 692
239 330
705 36
348 869
363 530
936 195
46 702
864 435
968 19
202 811
851 225
85 564
53 905
543 220
96 636
581 19
819 253
166 958
239 578
408 720
554 215
698 100
88 506
608 124
741 968
187 461
164 423
286 977
243 258
794 803
277 976
523 758
190 413
552 775
683 944
111 150
247 235
278 497
223 703
147 306
511 821
190 412
275 909
706 505
631 131
359 679
495 637
747 278
632 343
508 276
525 423
607 625
91 641
613 787
869 843
977 43
840 202
779 279
440 652
712 702
58 100
639 975
320 434
629 2
456 40
2 77
485 670
642 568
13 838
446 361
553 504
936 458
128 368
802 582
292 347
832 79
443 822
857 555
751 871
298 354
359 226
803 866
276 101
911 355
637 284
137 76
259 470
106 404
445 5
644 249
54 690
898 885
418 352
445 131
820 364
689 927
651 723
365 723
265 100
863 843
235 546
966 938
243 779
102 899
153 715
759 177
102 874
878 990
247 402
963 864
896 170
178 399
846 518
10 385
708 948
409 615
471 416
901 773
594 449
860 597
107 562
413 517
540 426
429 484
827 44
812 905
394 208
677 836
551 336
249 387
629 916
909 263
866 982
727 556
119 359
909 980
675 216
534 221
472 66
446 982
213 399
591 542
954 190
691 518
511 555
875 298
5 844
483 99
731 501
715 895
586 909
615 672
946 831
728 633
43 986
474 853
485 337
724 600
120 900
651 907
556 117
302 236
619 724
587 748
474 940
737 935
764 523
988 111
775 182
941 106
596 107
423 191
115 548
571 349
733 795
197 485
576 41
276 235
583 901
646 248
952 683
618 723
340 690
804 243
138 565
780 487
892 779
215 302
536 352
589 7
768 906
721 459
634 652
508 110
530 670
811 161
891 619
36 291
738 257
21 875
459 229
77 672
57 676
729 530
978 3
81 70
497 329
208 941
859 519
311 565
106 735
610 551
157 482
649 327
646 144
689 136
146 212
153 629
293 494
37 961
612 383
255 808
80 824
201 324
458 899
99 825
689 640
355 912
653 722
472 304
392 920
471 264
136 716
615 351
111 567
204 141
91 387
639 767
230 296
892 566
46 951
58 600
454 18
983 54
964 794
26 653
49 183
871 173
564 157
583 757
175 161
693 293
880 79
546 426
778 719
673 757
266 260
4 724
858 44
181 720
273 875
462 486
944 567
146 294
126 77
649 527
198 459
608 201
76 596
990 1
636 399
441 248
811 272
503 221
587 198
589 926
756 451
484 363
885 960
382 708
143 358
589 205
11 613
45 593
86 153
5 116
556 16
787 744
699 861
597 953
43 944
144 681
541 980
380 949
777 200
317 213
150 239
740 312
358 472
597 758
559 638
311 716
627 352
327 420
16 298
445 674
850 203
356 928
508 350
342 994
659 729
511 51
515 120
5 287
375 579
839 751
493 715
394 920
656 281
453 140
237 824
575 15
454 270
835 539
434 199
467 893
555 714
906 669
646 306
145 338
502 38
163 620
466 409
24 424
563 634
22 120
975 741
163 848
33 969
76 778
646 393
610 907
217 555
824 324
424 851
94 281
628 225
593 429
53 959
464 157
708 76
161 192
392 723
674 582
378 485
744 486
384 723
651 837
989 588
408 478
935 989
198 85
216 4
577 427
606 685
51 957
780 261
70 245
903 49
947 847
761 872
190 461
216 37
399 252
696 734
258 501
997 912
824 205
867 552
412 37
942 411
63 986
106 327
141 238
684 904
398 925
854 420
22 473
207 319
988 767
865 112
815 72
730 970
4 129
155 156
49 539
396 585
158 435
750 761
535 939
871 630
867 720
770 560
576 202
676 978
164 719
872 186
245 111
380 357
115 689
706 184
481 181
80 264
735 177
480 428
899 341
145 469
211 422
116 389
580 966
279 933
519 218
6 125
614 3
349 688
972 206
647 717
42 252
42 727
803 483
41 334
713 874
1 524
477 201
420 441
227 671
289 392
387 674
977 664
650 723
772 835
159 343
202 570
54 455
323 775
232 673
528 73
985 452
735 76
457 88
858 166
788 228
256 867
706 910
627 722
711 407
585 799
340 284
500 527
956 358
946 814
888 435
29 244
812 771
107 715
727 35
583 723
799 365
758 591
899 278
236 54
431 167
685 378
179 629
292 740
260 546
687 686
466 81
608 151
809 549
534 243
16 691
322 193
164 67
635 515
790 187
954 593
249 676
422 774
949 883
850 514
759 9
570 118
310 172
482 771
600 52
735 947
627 254
147 342
164 5
773 455
315 340
855 309
181 557
198 803
745 821
350 31
492 509
988 774
861 531
306 407
9 623
198 108
240 998
539 732
510 939
86 364
363 113
282 793
108 114
237 727
783 859
937 221
227 197
492 911
798 230
680 203
325 838
315 652
887 451
512 866
226 101
245 968
13 266
443 805
684 131
209 396
568 813
433 252
804 50
906 536
409 765
972 735
403 186
727 933
409 155
876 873
441 916
618 941
337 824
651 761
503 337
772 521
419 172
928 962
608 746
550 897
534 649
983 284
291 969
17 182
877 976
774 55
209 950
261 122
56 882
536 358
749 659
333 846
288 951
246 881
606 423
120 842
86 265
800 705
501 677
993 896
683 241
471 150
652 821
895 744
977 816
636 435
572 105
444 139
751 462
161 904
958 129
457 132
184 45
559 518
90 157
447 897
452 774
637 630
569 353
543 654
644 34
599 1000
854 251
722 769
89 329
339 527
96 830
752 333
540 294
308 99
921 306
876 875
534 480
994 493
161 840
661 11
201 785
655 54
498 346
462 359
676 121
11 407
988 208
406 920
826 82
128 1
146 859
679 325
811 374
117 141
251 268
402 258
376 467
238 68
920 109
144 309
466 29
121 103
979 694
537 770
515 803
265 230
541 48
560 904
802 376
991 492
847 900
52 504
426 450
971 522
641 396
984 476
307 477
702 247
308 648
747 964
806 785
562 925
675 633
735 354
540 662
519 741
965 888
117 807
670 862
910 808
819 711
494 499
773 954
545 191
464 230
635 615
475 746
960 27
227 694
405 869
343 792
116 693
605 585
989 902
740 85
55 182
640 343
251 354
34 514
922 223
677 329
10 282
618 136
925 138
413 456
553 88
693 55
529 566
984 598
882 997
725 729
983 813
656 75
758 745
345 31
505 920
653 304
206 102
316 410
231 608
641 270
83 236
77 26
419 239
173 479
702 900
335 697
237 596
497 267
551 320
170 536
775 729
367 795
585 225
784 600
353 319
88 232
27 815
56 241
844 416
908 388
176 924
180 894
977 363
685 759
567 864
990 38
146 338
555 906
34 317
750 354
632 383
1 919
330 563
125 413
123 977
133 374
384 988
444 510
852 699
971 776
45 304
92 31
124 196
978 630
713 297
870 577
981 734
940 730
687 111
995 805
336 995
561 467
62 356
741 635
5 642
691 772
633 224
76 733
629 486
859 942
111 749
65 988
537 966
721 88
986 52
861 217
651 501
999 93
347 5
905 140
356 378
190 38
443 153
918 351
459 272
702 730
115 482
861 115
171 934
889 508
683 568
712 649
469 399
343 476
574 213
335 385
113 114
394 627
796 426
835 70
464 66
451 810
229 879
205 847
644 95
955 483
243 349
166 701
501 241
370 630
735 638
495 531
52 555
217 541
322 859
785 880
291 629
179 503
29 156
110 494
10 127
775 903
809 682
974 126
579 692
358 45
935 919
769 577
486 212
547 226
591 52
74 607
588 607
701 928
692 465
281 962
367 992
53 551
197 968
456 419
167 15
429 344
12 865
886 987
230 357
310 380
707 765
166 586
884 682
513 381
385 415
63 90
2 497
886 595
664 141
684 524
898 98
927 687
440 2
629 273
500 398
636 211
236 175
235 858
866 846
255 143
892 380
831 127
548 26
201 348
712 595
275 250
291 837
922 195
179 740
494 868
113 543
36 693
556 201
99 453
110 201
872 52
333 314
202 480
851 452
750 304
95 393
884 932
618 25
320 11
43 447
594 843
964 553
742 868
674 411
749 693
696 205
250 878
517 593
974 293
25 78
781 713
212 160
463 106
416 141
144 663
338 65
607 958
836 171
827 975
382 110
713 985
273 377
759 580
770 855
637 566
893 656
31 7
952 182
268 620
699 361
666 471
703 356
855 717
268 829
201 63
609 697
760 770
368 741
991 463
470 974
926 195
752 50
99 736
105 501
780 162
645 109
198 684
34 647
154 928
209 360
562 2
745 460
185 206
789 570
352 741
553 933
90 709
536 677
209 190
793 676
166 717
981 466
301 788
299 650
134 816
533 922
550 50
80 231
92 743
640 950
876 712
113 516
607 779
487 888
233 424
535 236
418 508
548 279
710 841
595 117
141 516
599 949
267 182
38 962
393 236
601 412
162 711
448 668
887 13
636 619
404 734
508 491
128 359
377 404
705 427
609 937
678 645
167 752
355 215
369 222
88 894
121 913
730 891
205 540
921 219
192 982
209 8
950 131
337 199
51 770
870 512
701 541
393 481
830 612
477 19
595 994
866 771
751 638
429 627
977 564
597 606
417 746
864 263
591 587
452 691
37 551
414 482
744 337
775 546
802 736
257 60
867 254
158 877
492 964
402 894
306 572
948 245
913 654
697 162
918 884
145 139
764 21
720 608
192 117
126 407
845 84
600 73
369 155
309 3
998 122
769 487
514 229
77 1000
215 266
269 457
828 348
448 703
594 947
44 346
95 234
296 584
231 360
656 563
230 960
133 782
519 880
754 427
440 262
568 856
916 774
811 5
167 893
10 96
526 98
875 425
149 263
756 766
286 852
939 688
561 917
576 588
814 879
798 460
900 911
389 763
358 723
75 357
929 318
774 52
240 584
683 580
384 284
275 120
772 825
817 274
714 522
797 23
659 670
652 945
407 960
621 251
847 799
421 873
617 23
836 397
152 319
62 347
538 970
172 846
968 318
168 800
785 231
908 822
375 381
204 450
864 177
495 312
854 29
98 209
8 25
885 987
991 438
404 870
498 391
223 984
522 387
738 762
126 685
150 106
585 196
78 287
391 755
539 944
244 194
625 693
676 763
279 572
812 462
491 918
232 789
988 895
11 625
142 441
386 275
161 553
553 420
371 177
820 197
489 933
815 583
634 910
631 589
756 26
447 397
725 929
164 723
107 298
657 622
668 708
356 809
343 581
679 267
305 63
536 648
18 694
25 237
453 35
744 639
435 156
496 229
281 89
183 770
749 129
710 500
765 203
612 232
192 61
515 563
34 497
234 778
821 19
937 587
723 748
224 450
701 362
528 789
655 854
64 937
41 236
249 706
327 142
467 438
634 570
702 644
38 503
954 493
834 4
903 354
379 522
846 653
648 637
782 398
807 718
567 663
439 44
267 105
756 822
648 61
463 330
135 548
747 986
48 504
353 2
380 392
781 811
457 816
318 507
418 782
242 763
997 879
912 631
747 720
44 578
867 693
606 447
15 677
235 889
445 763
219 788
463 847
185 633
948 963
278 46
445 831
871 220
112 502
674 280
521 911
653 826
596 764
623 96
156 862
781 756
943 23
231 130
712 990
136 60
300 847
929 566
237 825
102 961
522 838
647 284
277 846
209 102
563 620
867 830
80 255
97 916
641 19
389 845
471 102
713 74
747 539
742 729
236 18
823 155
58 246
687 372
31 181
383 439
137 988
633 31
434 449
936 495
912 807
109 435
741 541
724 373
127 199
356 617
41 868
507 785
721 926
320 673
440 533
639 924
781 276
457 925
330 146
681 927
341 883
776 102
665 901
401 644
491 379
454 701
717 653
513 67
614 646
740 50
199 821
930 301
904 149
523 23
97 469
428 987
849 248
892 725
883 125
761 255
652 424
937 469
6 480
297 1
617 759
770 232
108 365
390 298
328 789
600 286
190 295
561 188
723 732
532 849
547 885
707 790
732 541
79 322
6 402
852 524
778 976
18 401
920 270
629 308
287 438
30 56
57 817
857 392
140 73
493 345
298 406
863 50
810 418
191 162
461 357
520 266
153 129
60 495
522 662
455 10
252 968
671 663
954 268
275 257
682 143
312 229
303 351
333 834
870 823
905 7
529 512
543 13
23 219
697 17
730 967
578 940
127 689
459 843
114 807
479 366
399 204
894 941
930 48
454 190
488 37
429 297
164 283
121 493
595 436
200 783
504 793
232 458
849 691
16 770
615 754
349 768
378 890
654 889
179 441
953 679
425 947
236 430
853 118
132 856
981 806
409 314
748 194
312 933
408 621
424 142
827 38
614 446
916 248
561 914
363 99
726 700
760 809
389 152
380 890
146 144
742 216
21 705
703 396
466 116
486 495
210 437
822 786
896 199
219 558
221 279
969 909
797 13
829 311
80 150
265 382
762 68
988 867
59 468
648 838
423 63
763 370
974 986
150 990
925 838
577 413
204 464
965 63
455 714
440 654
469 128
5 250
604 988
993 277
834 451
63 56
701 94
141 828
301 946
501 994
109 240
957 308
141 613
839 865
675 283
442 981
173 55
575 902
904 345
492 992
469 887
269 314
254 618
478 479
70 415
378 167
326 439
671 651
633 479
456 900
401 625
554 924
559 113
359 43
335 458
990 884
9 167
464 125
418 721
845 3
785 503
749 859
842 658
680 770
366 325
911 103
1 771
224 155
363 264
693 736
832 615
478 199
600 299
594 616
559 374
738 366
430 477
399 464
192 57
767 186
398 143
596 442
316 657
444 595
841 188
874 821
715 48
460 531
17 139
139 667
7 742
478 250
893 630
239 550
320 492
124 362
712 158
847 141
985 132
471 931
290 163
469 658
936 213
24 847
836 136
57 695
273 851
631 910
343 540
157 691
915 596
815 306
749 920
193 833
192 658
344 539
869 655
294 664
440 887
58 811
602 904
990 338
269 755
336 562
107 709
369 113
48 576
337 314
107 647
569 124
873 605
863 179
810 599
150 406
290 69
299 655
937 757
49 926
532 576
310 167
778 476
548 487
855 848
457 802
844 107
39 416
437 141
732 676
690 363
771 908
158 976
426 772
51 527
530 555
700 562
946 595
850 262
436 685
984 500
103 795
527 850
347 557
859 464
896 333
283 628
191 570
893 566
831 817
519 476
898 415
319 511
301 240
845 885
539 108
804 157
11 604
244 286
734 593
395 672
434 670
895 1
65 841
197 113
346 638
854 158
559 596
829 721
886 534
474 64
769 266
346 378
358 54
852 70
775 46
61 212
466 519
757 138
762 200
24 112
492 547
591 388
491 593
140 551
821 635
105 615
828 114
562 923
774 567
726 874
334 435
90 948
856 89
494 679
40 247
774 387
252 513
746 311
982 214
862 330
331 961
475 242
862 201
436 185
429 697
338 178
907 449
665 809
477 683
592 456
621 519
877 227
786 943
559 869
718 379
834 264
967 447
822 226
294 24
601 338
99 731
256 87
223 710
2 745
408 757
413 774
673 910
743 855
415 389
830 936
565 177
720 571
793 213
661 502
956 720
255 616
582 133
801 144
833 604
261 702
905 399
4 168
938 606
3 455
594 108
816 455
458 879
553 394
185 324
69 910
49 816
888 74
824 408
100 909
825 562
579 639
968 578
878 22
802 958
49 11
274 138
764 978
989 373
107 422
199 906
575 778
228 24
428 769
1000 419
737 439
671 160
299 741
750 813
249 73
760 815
977 763
410 57
114 370
463 820
280 997
388 433
92 155
741 745
841 347
863 942
616 684
612 303
797 895
162 864
167 392
100 167
596 240
775 144
467 782
678 442
728 73
487 712
795 432
612 586
361 450
883 49
522 366
662 358
737 597
364 251
112 547
646 392
641 673
995 536
621 358
52 937
697 665
776 64
868 921
378 787
283 109
966 597
462 764
56 173
336 863
924 415
810 34
999 377
712 727
541 200
2 210
584 393
965 366
216 752
216 158
974 756
47 861
735 976
660 687
871 596
185 885
131 531
919 437
534 483
634 616
813 263
738 491
579 664
715 142
694 560
638 496
288 829
358 176
774 797
556 6
981 908
468 392
72 583
605 173
947 740
253 566
187 760
691 384
684 240
331 803
50 56
726 350
424 911
911 168
972 657
351 745
208 612
241 999
171 507
423 705
446 574
235 968
496 152
687 897
83 376
742 644
732 904
768 480
38 129
818 765
48 949
443 704
315 812
169 754
413 88
802 385
456 920
635 406
291 849
485 478
464 200
546 561
53 401
173 278
491 380
415 717
106 754
435 171
499 156
859 218
932 477
288 526
504 603
358 761
380 714
117 911
555 680
713 171
659 514
171 257
54 894
863 2
538 839
404 27
409 557
695 197
786 146
384 855
830 325
714 576
44 387
503 269
245 833
979 849
96 979
564 344
960 609
753 19
185 973
312 839
774 766
973 533
198 615
626 156
587 792
737 211
433 460
868 919
493 282
934 867
788 173
72 979
959 148
157 328
22 90
45 191
441 895
198 506
481 821
598 333
237 619
819 674
389 878
571 950
459 139
636 673
557 119
557 770
221 71
867 681
9 56
725 235
875 208
577 378
41 371
357 466
670 943
222 509
656 704
228 184
408 653
756 604
365 233
381 886
913 819
596 271
346 470
600 764
378 994
246 623
192 985
838 348
941 963
668 117
624 10
112 231
947 646
126 627
99 723
591 774
283 606
502 329
210 764
284 729
688 995
37 40
109 407
505 178
83 294
572 905
959 589
870 954
316 400
171 814
7 181
67 962
788 466
83 719
879 99
315 114
44 766
335 821
33 294
710 244
62 595
598 746
252 887
398 993
363 227
897 341
290 304
426 26
307 895
971 721
996 410
420 776
271 528
35 63
810 949
422 83
744 623
970 966
775 370
976 229
656 565
122 705
754 91
283 927
408 843
604 48
646 97
968 849
103 258
793 12
434 100
488 686
992 28
497 87
32 413
596 485
652 328
590 569
561 862
86 528
851 56
656 267
574 376
837 839
702 965
257 518
40 843
484 245
127 785
314 28
752 401
739 297
654 459
107 413
183 730
771 365
580 341
846 978
301 192
837 954
91 744
396 765
37 635
362 776
804 878
965 797
566 684
468 273
998 302
203 357
578 462
642 374
484 98
111 597
618 639
647 304
663 628
721 207
711 531
243 840
671 771
99 19
250 816
567 942
557 545
533 170
404 906
908 52
234 784
1 957
646 815
44 803
88 31
312 726
208 875
854 499
16 177
562 269
621 333
533 319
233 205
593 115
844 94
104 846
599 982
582 577
327 584
514 522
632 315
985 641
935 555
171 883
287 551
116 675
829 241
324 628
484 737
472 696
986 626
71 676
121 204
749 505
895 392
563 589
510 599
661 672
909 500
339 320
901 797
152 893
348 830
86 245
38 957
72 393
79 847
7 62
194 218
526 286
437 665
30 196
283 148
259 115
864 973
644 32
337 59
687 171
866 643
818 395
685 522
587 951
506 116
666 941
889 96
842 222
26 594
939 952
349 752
659 659
2 366
72 117
211 682
927 126
13 704
185 28
251 503
825 833
443 401
167 168
974 311
824 275
180 451
723 552
190 469
509 719
802 199
942 118
131 745
298 613
919 61
210 651
159 884
512 495
562 655
390 431
890 918
232 924
885 589
869 748
293 562
450 63
537 593
71 315
226 472
704 553
167 587
357 653
321 825
850 73
415 677
968 402
740 582
162 602
164 647
529 317
3 567
401 652
485 99
825 965
735 255
543 800
77 177
474 315
634 750
686 112
395 43
484 682
380 621
759 547
801 881
791 361
118 893
90 557
304 429
334 274
594 791
929 68
673 815
785 694
968 444
444 698
605 105
98 238
698 741
13 593
757 299
344 850
256 931
189 418
530 239
445 132
275 311
725 236
388 293
539 109
93 946
581 930
349 295
938 446
415 869
118 796
495 990
107 623
496 217
843 659
745 306
311 555
411 631
35 288
965 940
431 753
617 72
815 13
916 534
988 610
345 389
986 426
15 833
440 505
199 399
19 904
767 469
946 893
313 791
603 713
420 315
261 416
730 503
668 605
281 109
89 379
650 262
599 821
205 428
239 343
947 126
565 962
602 240
240 508
805 688
710 518
2 114
78 108
146 429
340 712
116 940
376 464
682 886
151 76
50 879
745 673
326 973
881 168
485 515
473 503
544 249
547 799
317 994
232 756
696 900
757 201
885 316
849 97
503 135
945 607
973 450
661 335
407 788
448 442
933 703
491 94
560 986
498 548
295 617
693 584
44 531
385 373
709 572
965 390
395 961
206 94
918 182
971 889
622 371
689 457
692 514
328 778
623 75
500 197
808 849
453 65
918 171
359 885
258 84
35 368
125 242
900 930
573 946
787 496
172 243
140 571
137 839
295 233
372 813
391 235
70 249
774 518
639 667
327 90
598 852
795 62
957 900
21 690
59 335
862 995
952 283
577 930
140 699
920 157
920 463
477 13
907 378
162 655
406 923
202 731
577 876
933 632
516 814
840 310
774 235
867 306
210 499
129 166
229 128
843 422
706 185
757 620
302 523
776 276
371 459
606 793
113 405
410 542
513 272
861 222
448 576
146 581
434 859
715 413
517 92
889 914
753 92
176 638
615 979
608 510
751 963
901 170
248 406
544 465
788 411
621 923
449 861
571 757
961 708
359 585
187 466
281 707
24 646
92 269
390 421
274 444
409 556
151 664
341 303
793 320
309 574
271 388
431 154
799 425
278 292
269 369
823 647
811 944
876 185
275 520
308 302
967 902
985 333
914 194
296 529
541 755
997 529
747 745
164 656
20 665
433 373
694 981
377 597
879 81
447 44
653 695
760 536
22 772
111 774
768 169
930 922
994 26
842 308
593 834
295 494
444 678
346 263
433 757
682 738
478 727
840 608
104 131
122 10
807 359
627 808
248 211
1 612
986 246
102 839
202 56
209 748
815 422
82 136
62 970
505 985
167 857
703 243
718 851
235 404
683 13
102 993
714 786
663 863
908 38
825 435
436 986
168 874
243 19
456 130
301 539
150 927
674 935
444 679
486 119
481 278
841 416
231 931
351 701
468 305
400 530
241 295
185 640
534 673
930 69
852 132
295 104
993 30
423 497
448 971
336 479
694 625
457 792
550 525
366 885
878 268
999 338
408 716
705 603
226 615
531 754
582 103
187 306
507 236
431 63
618 136
180 547
57 932
547 707
52 344
647 808
791 911
8 343
685 568
394 265
612 102
639 252
423 609
889 688
395 508
945 930
842 572
67 548
211 759
671 699
872 363
122 208
934 26
59 280
8 157
46 20
789 614
948 58
678 204
1 506
225 411
973 17
272 537
612 65
203 755
142 231
746 294
855 716
443 550
464 93
106 346
924 931
972 461
116 740
635 543
332 856
933 499
763 700
389 422
111 939
377 286
495 560
466 593
671 757
855 953
648 703
330 743
205 159
609 749
110 66
22 947
553 850
200 418
956 92
776 20
973 176
29 426
418 508
752 652
569 593
81 341
257 252
336 701
263 262
564 69
659 653
664 542
72 337
505 274
767 960
689 178
508 666
87 286
808 165
461 136
837 330
865 514
37 126
28 146
964 842
566 837
249 140
664 210
665 148
544 275
484 840
465 447
718 48
904 819
895 290
672 460
996 503
255 478
572 436
239 240
75 186
598 734
994 151
70 814
749 691
245 555
532 300
454 998
426 330
55 935
505 99
737 432
141 304
147 651
676 999
903 239
20 695
188 207
821 455
682 602
419 119
961 260
317 228
210 412
825 209
236 572
150 185
609 613
392 46
294 176
311 853
575 205
248 464
968 904
10 898
21 135
243 470
163 517
489 89
92 643
833 412
480 506
828 171
430 593
837 440
95 637
220 120
44 644
574 324
507 673
738 330
102 828
245 338
355 583
391 330
989 258
36 707
609 631
677 969
434 926
220 342
190 691
299 423
31 939
822 310
27 555
940 358
941 633
242 291
489 936
880 559
443 233
258 934
585 821
312 211
877 315
918 200
244 424
573 739
265 122
336 979
795 301
520 751
890 782
913 319
742 522
354 577
464 96
537 509
239 955
53 730
973 817
498 599
224 446
841 266
57 218
125 653
944 631
398 20
86 116
546 344
641 652
71 663
812 320
899 721
868 473
492 437
196 703
352 562
138 637
463 606
624 234
323 427
139 1
719 493
456 698
389 757
522 823
502 281
213 928
263 545
991 975
542 876
449 669
633 481
138 115
975 478
252 906
964 965
909 987
410 34
968 120
747 94
737 457
136 175
325 560
821 181
520 102
338 919
828 675
740 268
848 762
545 771
959 506
136 3
149 158
391 251
830 134
843 476
895 68
476 721
395 992
61 670
775 861
472 526
950 1
673 604
749 705
614 803
448 626
933 406
900 177
654 9
203 509
581 245
867 175
361 824
295 281
264 979
452 412
9 642
525 624
912 520
240 976
397 816
111 227
517 237
960 965
816 747
686 939
897 395
557 867
258 891
985 434
749 284
336 499
691 298
675 639
577 376
722 128
990 793
925 132
287 536
667 576
356 457
247 579
352 125
446 918
44 914
522 683
492 697
234 875
776 519
592 278
469 332
609 247
226 679
393 486
948 271
388 532
618 755
918 554
73 892
764 466
937 422
705 900
350 963
962 363
64 191
266 294
435 669
303 751
520 696
115 895
458 691
507 728
594 506
284 225
180 807
433 438
888 22
206 174
161 736
617 739
705 796
443 301
435 682
979 624
344 670
947 473
355 539
873 180
981 525
839 705
849 230
84 707
369 698
313 992
135 235
861 276
285 493
778 837
286 747
573 16
2 312
153 923
630 527
285 353
34 316
522 537
73 969
606 663
92 874
907 946
863 545
56 732
451 98
615 38
259 648
822 33
199 591
238 653
315 888
775 646
841 832
698 754
579 144
357 812
618 86
619 532
482 67
593 221
467 740
570 454
162 154
476 346
333 993
849 224
155 964
711 971
234 999
481 818
151 276
779 913
874 711
401 175
743 330
673 342
661 250
676 95
411 904
481 651
806 480
467 82
725 669
542 800
806 323
149 955
997 372
687 527
252 644
14 234
805 13
519 56
754 812
260 48
830 250
429 252
402 555
514 381
49 98
339 110
219 988
705 4
6 416
698 164
128 630
504 53
975 308
562 402
401 170
10 713
628 960
446 710
143 891
960 73
519 988
526 667
516 528
354 198
65 617
770 450
79 755
673 216
330 248
733 915
82 949
135 362
692 843
374 544
463 846
76 908
88 353
983 274
486 281
537 23
510 933
313 984
160 429
952 420
216 680
693 366
574 124
186 36
926 577
740 74
953 750
382 872
66 11
767 856
762 334
919 793
653 710
62 111
931 435
846 120
520 932
364 696
196 23
819 126
635 693
88 709
149 114
615 228
392 145
405 678
721 495
851 651
55 132
610 941
40 85
105 156
114 988
409 443
116 718
106 904
370 676
347 352
4 267
14 408
855 92
401 453
602 996
710 53
347 581
187 284
536 684
459 809
702 81
732 206
678 74
335 419
155 759
412 875
981 951
11 781
528 475
795 180
966 334
822 80
865 403
987 491
650 30
836 405
197 953
5 137
706 353
475 277
134 95
267 310
744 560
326 514
212 917
276 220
411 996
149 363
913 757
233 171
942 965
882 538
878 95
189 140
465 525
117 880
411 907
320 625
853 213
768 623
834 885
394 115
739 142
514 662
692 43
254 690
836 513
743 255
697 528
451 224
738 214
501 444
603 572
579 301
829 471
751 820
571 960
783 691
613 45
518 737
57 270
656 466
205 160
778 109
919 941
599 956
245 522
292 39
773 96
109 113
214 468
93 553
357 448
667 139
602 159
503 661
224 708
721 594
48 68
315 266
190 807
978 40
731 331
593 619
81 385
637 789
314 782
898 511
970 588
436 739
872 198
823 505
737 7
672 691
773 84
954 976
192 597
930 149
962 128
691 599
992 878
43 970
289 476
732 885
913 396
220 692
793 241
669 429
533 982
30 395
997 816
1000 990
476 271
849 745
412 458
133 147
185 784
384 63
825 775
901 532
602 336
106 357
372 185
762 585
155 834
841 724
422 801
372 693
987 190
39 30
1 279
348 351
396 53
371 852
52 333
300 186
238 961
983 70
889 285
668 110
675 642
91 661
570 293
878 91
84 73
826 259
471 617
442 108
305 487
844 657
585 296
785 505
628 318
761 511
33 437
13 147
757 286
876 63
592 838
270 194
502 976
812 857
176 471
670 945
88 525
91 966
368 671
725 184
316 559
906 457
851 921
356 368
42 942
746 216
929 476
21 465
764 203
172 910
459 705
792 614
578 24
512 796
706 619
407 159
254 884
625 338
311 697
762 277
921 914
455 610
547 341
10 745
379 499
514 172
256 312
57 500
870 998
620 42
230 739
279 111
355 782
382 364
957 782
597 699
618 491
721 620
704 571
317 800
573 454
630 731
575 667
63 449
812 249
54 984
564 646
397 774
449 732
898 695
982 551
671 672
981 304
763 503
927 541
815 232
305 198
313 825
737 410
212 39
173 32
7 31
484 639
674 894
291 126
404 649
153 204
103 54
315 401
530 601
81 499
14 425
391 307
370 768
101 37
8 646
216 268
709 142
422 859
76 535
126 301
860 52
822 149
694 613
667 703
792 548
253 838
676 665
631 339
673 143
947 541
97 468
453 331
498 269
939 220
941 423
971 887
186 615
909 627
402 491
133 385
492 191
826 652
800 802
114 712
719 254
460 233
673 859
996 247
573 740
706 880
885 336
659 918
735 610
959 517
941 498
369 198
814 507
659 383
483 82
599 201
730 749
542 713
71 570
877 495
870 403
852 666
114 809
517 649
666 774
459 747
974 41
512 817
110 350
453 455
915 188
942 630
404 965
19 821
971 545
545 851
806 795
247 983
742 642
762 745
531 594
793 694
926 737
201 15
365 194
826 306
306 981
232 760
733 189
707 870
374 144
519 996
187 947
917 729
992 580
96 716
866 910
457 708
891 376
532 186
258 150
529 186
720 719
779 510
947 317
708 482
886 136
239 161
727 827
501 430
648 750
89 148
600 50
188 143
135 656
289 73
693 499
946 638
11 849
625 256
488 213
560 195
189 192
482 570
858 76
575 729
575 16
540 40
451 959
809 479
689 712
425 620
318 559
277 678
941 667
737 390
155 998
718 9
298 584
247 879
322 429
204 751
188 666
729 945
750 788
944 970
713 17
779 148
214 780
379 243
941 365
860 233
92 55
406 866
806 521
246 81
961 358
490 18
951 180
185 318
462 193
313 402
880 937
375 991
716 1
883 644
491 936
113 951
267 176
737 632
128 473
711 999
518 751
67 521
328 295
227 926
340 534
749 766
269 810
141 975
248 967
541 233
343 371
287 482
529 514
301 458
160 154
26 145
489 656
895 252
768 234
775 244
249 59
658 174
144 19
902 36
882 708
57 530
138 902
929 890
565 963
340 761
982 164
544 247
891 866
740 723
733 686
325 389
404 873
619 890
601 436
753 956
131 82
728 703
75 897
324 621
639 589
293 267
58 149
416 194
634 796
700 63
866 225
638 611
166 199
197 523
521 758
558 105
618 752
153 993
482 197
970 653
440 767
409 962
413 167
434 281
969 638
230 951
700 421
32 133
877 462
729 648
639 776
21 730
127 438
724 15
263 393
762 857
326 698
759 237
662 841
815 76
493 129
210 27
340 473
942 435
155 980
536 481
291 266
831 863
578 149
889 641
131 805
516 497
11 485
183 524
37 827
78 579
815 403
113 435
235 357
565 605
79 179
889 959
589 740
715 840
716 220
937 456
813 81
344 374
103 727
753 784
491 557
719 535
320 902
986 144
184 42
430 188
249 674
997 48
30 847
249 790
684 563
899 275
117 190
759 767
296 467
797 568
935 96
578 359
263 338
589 337
484 662
770 815
434 89
962 798
917 466
873 192
306 530
175 58
572 411
784 292
688 678
572 196
721 523
15 803
500 373
370 214
829 75
168 126
969 41
618 968
834 725
140 470
542 498
358 981
784 200
243 941
150 2
253 452
441 686
239 899
128 113
138 23
797 137
801 33
334 249
748 143
29 80
585 457
97 778
558 4
387 949
337 755
610 998
880 289
791 2
257 888
978 285
387 477
779 638
75 65
729 705
537 522
967 692
912 224
586 114
569 368
396 339
424 140
116 962
550 913
316 558
317 73
610 689
335 255
647 356
856 965
995 41
863 560
975 967
649 899
225 658
510 248
36 233
50 970
29 598
453 7
879 225
932 790
192 262
990 925
114 2
799 269
915 514
16 732
645 908
629 618
230 259
766 780
9 319
86 53
156 395
423 576
8 862
845 71
820 802
846 503
171 432
208 905
49 554
403 131
369 448
963 301
482 404
375 965
181 966
173 323
473 144
60 837
400 482
848 925
351 463
49 558
650 783
44 610
501 899
217 631
508 908
723 909
44 13
715 738
15 644
750 774
21 485
402 591
661 95
77 614
992 589
326 393
583 430
690 135
168 781
536 487
957 457
229 297
12 262
849 635
296 779
936 301
102 155
171 365
409 76
948 565
447 658
645 752
170 93
730 640
433 94
210 347
556 582
914 641
530 936
74 320
583 474
470 712
478 40
70 248
412 745
350 151
493 680
695 299
836 604
692 974
448 864
198 243
217 588
417 158
639 274
276 793
771 602
605 24
148 998
619 150
828 199
706 629
945 598
939 531
892 3
833 591
429 42
748 632
317 217
442 382
354 188
57 647
703 425
567 884
889 252
978 161
179 284
824 552
211 500
289 799
739 355
159 157
809 557
229 593
687 679
301 747
171 350
953 41
680 617
475 548
884 979
244 200
784 426
905 255
579 499
41 439
111 123
937 671
170 919
904 710
351 389
59 445
715 961
474 231
744 193
233 992
5 865
120 979
963 952
636 747
346 497
291 579
626 835
780 14
978 938
205 736
725 116
715 730
432 924
398 362
998 474
497 113
212 584
262 123
245 663
57 146
350 200
120 324
739 284
249 752
313 981
332 37
466 738
237 20
748 199
843 65
874 682
940 805
361 456
479 207
956 486
24 806
921 48
663 41
106 965
713 911
413 144
990 511
101 465
193 306
606 658
764 172
596 227
57 30
669 151
482 631
834 125
785 78
315 47
161 802
136 990
211 619
72 756
474 718
886 216
104 932
47 502
302 395
557 108
584 700
87 799
758 707
623 260
717 539
162 191
844 263
204 239
936 682
969 768
304 112
53 47
841 202
405 58
643 591
612 310
154 837
767 815
742 500
49 315
347 59
400 927
242 1
518 297
86 638
233 876
464 223
67 287
44 5
530 150
490 166
745 943
757 179
606 439
127 569
410 659
331 504
20 639
946 671
190 98
487 838
406 208
939 906
303 335
129 932
781 18
779 210
804 617
547 805
698 735
915 226
361 787
366 465
782 816
740 9
509 876
730 370
426 101
40 585
969 799
801 391
39 959
342 139
366 828
67 483
405 192
281 55
910 971
155 759
31 328
225 703
481 95
439 786
316 257
815 660
609 487
403 399
86 124
996 391
94 382
590 454
526 521
297 321
930 220
506 584
805 569
391 250
284 329
247 471
140 846
368 396
296 512
431 371
652 353
708 112
244 593
291 325
758 546
484 926
427 44
467 78
50 907
321 9
998 44
297 848
867 260
852 168
372 969
389 99
448 374
982 5
185 11
778 680
316 91
72 368
851 989
926 400
854 540
660 908
949 607
805 149
616 897
161 928
368 234
166 951
475 836
522 550
459 983
947 199
216 317
119 743
177 542
324 943
127 382
409 83
507 266
403 502
427 895
778 965
857 187
953 495
675 418
905 428
356 434
310 803
770 711
592 889
830 336
196 177
567 752
249 519
319 486
20 60
236 421
740 749
993 245
534 980
634 760
418 285
499 774
708 306
698 361
28 712
793 474
958 600
205 114
339 479
905 442
919 502
84 163
897 850
78 263
125 181
439 150
205 395
465 186
628 222
601 340
842 843
562 668
355 299
225 533
463 699
850 294
596 132
338 506
943 171
915 785
855 762
163 709
210 662
893 398
150 807
806 678
162 483
825 886
754 754
324 567
910 139
81 810
67 758
390 809
944 497
861 627
619 36
580 84
370 884
142 722
354 635
649 217
988 974
982 776
179 662
237 34
887 632
502 198
932 597
896 392
868 531
565 934
409 113
36 643
708 55
543 655
633 484
571 668
16 990
514 491
486 934
716 902
762 801
377 251
840 312
705 959
313 992
500 760
673 947
490 394
464 678
277 404
58 945
58 376
943 474
124 662
83 242
377 785
655 558
163 464
230 703
719 543
873 347
993 964
468 530
319 322
607 577
930 889
21 122
224 404
808 874
516 329
283 50
684 557
983 343
730 197
191 651
972 14
603 873
637 103
289 620
753 34
391 569
621 838
779 384
300 231
667 815
787 349
821 263
534 753
792 93
240 363
985 562
744 535
872 220
46 826
184 475
394 306
386 996
206 892
826 498
135 908
697 288
880 720
945 776
150 285
612 767
597 73
78 86
617 223
598 11
470 798
729 494
482 658
631 964
797 482
796 880
328 8
680 205
11 332
192 413
44 513
787 797
223 71
469 814
65 39
343 894
164 730
61 141
351 507
183 113
955 280
864 90
254 629
322 926
452 464
809 334
281 526
299 887
936 941
86 123
447 248
874 453
825 471
59 489
155 428
296 921
287 670
247 201
820 762
135 716
915 877
204 596
660 539
766 838
743 252
282 219
772 441
728 505
379 987
3 24
380 85
428 798
433 757
512 731
247 799
693 158
265 986
993 438
845 824
83 377
620 154
168 456
150 515
255 537
812 704
445 900
213 278
354 591
113 148
411 858
49 812
822 396
13 143
624 172
972 782
962 128
112 785
456 626
119 668
825 661
131 317
434 484
987 472
811 476
648 91
216 30
65 314
81 30
71 716
146 998
962 180
972 827
714 369
458 407
374 342
77 526
233 707
449 233
632 578
421 6
973 178
335 629
591 328
974 261
904 321
510 85
477 498
8 291
58 192
647 425
155 48
563 370
20 488
586 826
347 828
914 219
968 394
993 161
379 318
413 911
566 191
484 752
143 568
262 391
880 168
310 830
847 938
724 723
150 974
389 151
628 14
538 901
386 562
973 105
510 893
583 710
875 821
677 7
912 574
846 711
693 968
847 953
849 749
535 809
662 804
915 192
955 809
555 100
585 354
547 333
535 155
307 794
967 467
152 378
174 293
224 955
911 88
754 159
873 152
68 186
157 890
587 429
385 452
327 998
223 883
635 694
670 610
417 713
288 338
541 602
115 356
621 716
729 473
783 514
799 787
859 1000
425 81
261 191
389 335
429 861
251 179
302 451
972 41
186 813
560 952
252 246
78 11
116 585
240 34
871 689
604 62
541 170
284 592
41 45
495 818
381 528
430 300
579 644
423 721
53 261
294 151
637 670
47 51
158 66
85 299
89 28
103 602
417 896
293 815
400 911
903 878
279 783
366 781
474 793
217 48
58 290
890 927
905 898
567 619
241 976
633 396
766 843
584 437
47 610
365 886
937 174
414 162
380 131
541 999
972 747
794 216
497 786
829 934
695 155
468 691
103 81
539 45
308 311
791 97
407 121
178 454
60 752
651 14
323 291
955 448
119 704
608 385
82 455
317 774
703 799
392 723
591 23
828 903
101 551
373 918
522 700
798 814
105 687
822 42
316 343
966 778
613 506
213 1
470 968
684 590
802 905
779 883
377 577
378 385
40 635
776 922
999 291
8 150
825 651
863 111
615 871
768 404
61 329
408 538
644 621
938 166
535 46
875 284
718 72
831 379
77 219
819 279
902 463
241 342
779 826
815 588
797 27
328 703
856 619
769 643
844 175
221 198
990 511
434 813
797 570
266 734
549 528
883 276
127 526
55 887
303 566
253 609
965 892
814 681
941 730
224 860
383 269
327 335
247 589
87 38
718 233
51 361
39 121
921 193
443 186
748 184
21 278
737 654
767 17
178 908
428 805
46 885
147 263
687 72
354 855
122 104
529 900
731 132
451 998
846 511
321 482
559 369
166 986
803 844
827 354
397 231
285 988
74 55
282 349
933 681
888 462
340 554
566 932
65 215
537 88
897 429
377 671
16 962
305 523
36 434
282 680
22 555
528 344
980 985
108 40
473 563
952 880
428 988
694 671
197 507
26 253
187 899
691 360
640 564
902 343
67 288
507 58
485 830
534 680
613 939
647 958
60 452
658 199
706 550
488 567
39 438
981 527
42 313
256 508
206 341
221 936
408 406
310 696
50 874
230 380
995 589
757 410
941 590
39 58
422 760
612 851
359 850
890 549
528 520
406 742
266 255
239 310
867 869
435 82
734 399
96 36
984 192
949 49
468 625
654 962
584 371
763 4
182 743
393 136
788 999
111 763
844 562
147 231
141 4
659 968
608 387
836 649
780 419
47 204
714 867
391 885
377 590
636 808
467 299
754 78
983 62
307 917
349 700
361 981
5 267
693 67
144 760
475 105
797 470
947 852
886 886
410 149
32 241
7 241
791 200
822 289
103 213
688 315
804 271
793 263
435 178
705 714
431 244
876 910
277 138
634 592
848 921
255 937
941 869
244 606
752 285
412 800
838 20
504 277
585 986
628 445
431 962
976 853
611 826
959 856
931 229
547 905
88 692
551 938
329 649
996 968
928 426
325 956
595 772
202 347
724 414
345 567
130 209
776 413
574 903
365 565
511 425
54 981
494 487
65 630
755 877
445 285
806 728
367 764
294 716
871 670
894 177
288 550
555 450
755 609
255 821
124 519
385 261
988 446
883 923
741 775
899 625
929 463
810 454
212 999
496 629
149 141
574 181
105 881
450 826
968 145
327 115
430 157
634 50
763 907
502 479
644 204
145 757
344 117
381 84
299 152
8 325
22 688
860 977
957 648
359 979
768 133
700 225
290 479
65 399
21 660
159 99
629 438
589 570
72 744
614 794
548 84
774 558
233 112
984 605
859 332
939 131
409 869
952 791
297 30
878 907
698 242
599 984
408 531
912 615
963 558
773 848
488 765
122 503
359 531
395 194
499 924
765 413
221 274
979 390
714 113
394 721
712 236
709 420
197 709
593 308
704 841
882 423
94 162
829 504
118 795
916 23
893 216
317 926
595 979
851 333
85 208
715 54
801 770
745 577
140 291
929 242
751 376
46 398
694 675
182 90
520 480
267 988
370 808
740 648
532 97
138 324
850 123
787 724
852 692
107 551
486 669
86 159
553 380
191 61
712 32
389 172
140 720
680 953
977 860
240 817
39 810
7 683
609 59
874 626
985 539
819 164
282 660
762 421
133 771
111 685
453 426
746 854
986 173
180 295
378 205
915 628
123 752
706 899
491 142
438 296
632 806
538 666
680 527
324 236
563 359
782 205
972 592
286 608
35 998
326 957
365 994
332 566
323 162
995 243
295 198
913 942
666 429
783 192
297 678
924 98
579 575
938 397
589 658
311 683
590 579
70 859
395 19
460 369
756 824
715 555
733 451
450 677
854 352
826 54
532 625
19 545
318 484
541 541
272 944
79 349
883 636
228 513
395 345
817 659
264 435
817 443
341 995
953 564
612 272
996 956
849 225
407 648
10 788
926 838
893 851
486 864
522 138
201 376
733 50
773 815
582 737
893 532
472 32
838 931
629 683
723 987
904 805
346 959
513 993
693 406
757 338
50 988
132 804
292 207
697 952
15 698
302 724
327 933
109 817
842 955
528 347
937 58
945 677
756 639
779 930
219 775
135 629
373 535
496 394
469 174
872 955
504 662
664 300
672 518
52 558
164 922
573 184
622 481
733 265
691 694
870 288
103 433
732 69
78 299
510 93
156 269
457 329
214 481
709 463
95 655
894 848
268 186
524 824
248 385
483 386
993 710
732 697
409 746
242 672
230 151
974 11
106 477
236 28
835 406
492 615
644 321
481 318
499 218
301 109
425 760
347 247
805 639
436 823
873 476
411 824
579 548
713 606
78 884
345 27
822 834
197 459
376 507
23 96
943 571
129 390
368 480
582 560
287 735
678 153
408 814
822 460
359 584
934 277
744 677
409 854
976 366
120 195
1 749
200 446
482 587
911 644
869 745
563 797
88 928
563 368
540 416
491 661
521 685
653 313
432 741
699 109
783 995
606 368
993 311
826 832
619 164
31 53
65 809
562 631
655 321
954 882
271 35
731 281
937 482
22 41
759 317
495 25
773 664
158 784
423 762
423 255
851 742
906 995
306 914
579 157
820 666
211 489
273 694
677 106
328 239
746 132
428 294
325 649
849 326
792 757
372 797
398 418
673 119
982 477
210 347
950 815
583 660
854 700
880 625
401 543
557 829
664 349
927 751
558 453
396 931
748 111
166 168
287 338
397 577
685 667
97 484
348 717
608 757
155 228
966 852
23 497
904 155
712 393
160 265
585 950
236 937
211 212
783 764
202 685
599 771
887 190
925 509
972 1000
680 887
755 272
554 71
712 743
601 825
146 234
536 234
390 387
723 807
476 350
38 375
392 309
895 653
514 101
520 487
846 783
414 442
677 951
36 603
291 744
241 895
967 23
773 300
829 68
424 86
191 68
300 251
552 521
118 583
432 920
897 689
955 210
242 676
130 500
597 543
392 335
279 870
877 272
194 166
215 449
364 876
892 606
456 991
554 897
979 954
456 287
160 427
58 665
125 767
560 332
36 619
391 753
939 276
239 317
988 121
115 562
261 123
812 805
858 332
174 622
374 357
442 819
941 870
115 669
54 402
97 361
689 408
217 848
733 323
658 367
917 91
689 464
845 330
38 495
578 256
165 207
264 472
958 507
121 633
782 260
813 173
68 841
404 69
132 835
862 779
823 381
947 350
17 354
292 290
898 822
160 157
294 684
103 571
213 167
187 931
659 809
474 129
889 255
182 682
26 682
556 978
223 503
409 337
308 440
608 113
345 898
533 642
513 597
717 879
534 439
683 679
659 569
29 364
97 472
141 943
691 221
698 306
113 550
84 124
697 611
267 89
577 289
856 440
735 954
481 387
577 308
154 306
493 470
791 448
954 190
860 333
989 141
965 18
430 648
493 720
472 345
987 505
924 237
433 621
534 548
668 391
663 268
847 342
105 158
711 885
798 271
608 978
602 217
86 138
996 327
149 500
921 236
435 42
585 637
792 523
264 130
365 860
14 369
354 258
696 771
421 369
365 902
210 200
825 9
318 427
813 395
979 104
125 684
352 522
57 841
718 745
677 341
396 248
432 843
811 550
185 925
786 374
637 72
19 967
762 701
164 36
328 858
568 404
259 615
92 859
938 218
538 152
803 107
441 5
861 192
114 651
532 562
109 115
208 823
538 213
678 566
801 621
950 62
578 985
611 839
350 212
406 455
204 375
740 6
236 466
659 970
768 263
617 964
646 640
653 969
559 484
444 43
539 374
157 110
467 846
53 587
182 726
876 984
636 765
791 845
374 80
380 720
532 820
128 226
733 838
164 473
235 947
52 564
316 944
287 226
578 523
402 19
332 135
797 349
59 213
20 344
790 158
143 731
774 961
178 173
859 747
974 804
541 410
70 417
899 841
3 850
968 536
457 735
393 777
904 774
488 36
67 184
940 891
972 673
7 343
38 843
78 137
538 812
621 482
635 531
105 332
402 247
971 350
874 520
868 547
44 468
99 436
61 932
881 42
644 836
910 693
404 782
880 279
104 736
675 658
402 865
692 726
146 712
77 12
781 469
477 950
460 646
621 460
665 348
619 176
909 819
923 827
421 941
777 38
632 248
384 594
403 627
518 880
637 981
533 42
819 782
388 104
405 300
692 772
671 464
884 167
969 806
518 881
848 649
215 717
27 84
547 874
374 978
350 739
74 663
684 128
955 132
106 675
329 783
722 516
975 200
259 270
39 934
135 159
53 80
844 612
343 149
924 722
708 676
20 534
961 804
112 175
21 534
158 958
103 766
134 85
714 853
529 429
496 42
327 342
36 316
647 595
406 50
251 699
779 739
961 738
987 158
643 853
753 756
304 818
719 945
121 662
719 326
413 460
683 586
605 285
45 324
536 98
968 267
520 724
957 902
692 741
815 932
940 516
992 70
984 253
937 200
674 143
454 860
670 820
960 798
641 724
905 225
512 282
955 144
76 557
914 526
461 329
205 879
412 412
761 68
935 697
982 363
88 96
872 69
327 292
551 111
36 884
407 641
221 450
713 10
566 183
552 969
836 909
933 174
721 651
516 215
684 797
141 771
110 970
171 747
989 908
112 227
444 515
855 718
9 562
481 400
79 881
265 169
378 849
376 808
5 539
393 718
279 530
382 895
121 500
889 85
314 205
124 373
915 643
274 911
844 427
139 546
325 939
124 558
342 38
821 992
935 515
193 785
856 550
505 815
843 942
90 939
613 589
594 298
401 763
903 68
788 4
240 488
834 45
609 214
360 235
812 883
912 540
979 585
368 883
327 700
59 160
204 598
470 806
754 323
828 124
166 470
83 821
751 603
21 784
217 211
416 808
781 179
46 44
511 276
982 760
583 973
945 963
617 197
605 215
45 545
926 909
7 828
168 6
544 746
854 778
915 812
639 829
369 831
995 221
85 428
746 294
249 602
869 494
840 696
771 993
41 331
886 830
922 310
819 303
571 877
782 37
879 369
555 627
887 847
254 806
942 569
92 179
565 75
880 1
889 407
631 578
384 426
604 887
832 204
797 905
592 20
260 105
637 194
262 368
783 547
80 415
353 473
285 801
980 776
441 356
164 290
377 852
378 460
1 392
672 831
605 323
552 352
24 100
62 168
872 54
897 980
639 745
654 6
308 279
389 194
856 304
178 834
178 383
933 403
987 186
602 822
291 733
98 560
642 32
489 98
159 749
318 257
541 611
589 775
473 134
488 416
485 900
330 190
800 289
475 238
420 140
159 41
799 824
319 476
98 740
134 472
357 203
116 618
249 997
295 172
532 684
822 42
913 232
924 215
277 916
83 157
788 942
526 512
385 283
861 932
353 288
181 930
569 386
286 120
523 359
443 990
430 571
845 313
459 916
936 363
425 559
965 769
49 449
799 460
882 598
246 89
462 461
447 97
604 689
57 105
172 658
489 987
222 178
975 836
675 761
63 876
946 914
929 473
565 155
346 484
465 489
305 874
922 482
794 716
100 576
534 31
323 325
425 845
684 234
747 891
698 686
656 825
114 981
56 21
71 830
119 184
774 468
910 351
515 583
464 123
475 808
158 322
760 816
164 827
672 577
994 750
430 651
211 106
56 537
105 101
239 929
719 960
466 504
318 904
827 452
473 94
776 104
664 208
203 739
713 830
563 969
170 950
777 553
121 616
156 965
580 482
381 533
513 293
916 444
743 158
433 281
227 926
851 208
941 251
109 975
576 645
196 457
765 209
626 894
160 922
230 561
650 755
994 89
325 206
444 432
620 528
133 647
728 298
173 504
299 138
253 235
705 736
723 442
314 649
586 676
410 320
351 917
658 480
277 949
892 755
218 997
538 174
840 901
999 402
957 81
180 773
779 215
997 319
897 170
786 558
271 386
991 90
742 410
555 945
22 873
925 468
983 682
474 88
57 819
952 583
67 106
311 844
703 843
75 858
196 731
195 166
499 945
341 240
899 799
496 295
446 541
8 746
881 767
365 527
840 10
684 791
727 307
821 336
450 400
643 730
982 108
87 627
150 655
358 715
855 764
902 288
196 234
205 628
306 932
978 650
349 361
274 868
490 132
980 896
371 716
309 38
238 774
686 580
6 886
713 546
192 794
911 774
56 983
420 10
50 473
633 369
169 760
218 69
251 437
550 220
954 234
2 942
885 247
910 409
549 557
166 70
336 823
210 657
10 564
654 524
847 999
163 964
834 807
692 811
594 943
50 517
671 583
449 475
513 137
289 155
722 229
125 741
247 189
495 79
298 458
762 355
979 941
135 276
626 983
169 508
7 657
393 985
571 244
322 644
804 763
437 504
661 92
623 1
43 347
287 970
601 383
840 981
589 467
781 560
281 302
568 978
851 364
521 346
757 210
461 248
669 237
181 970
326 772
467 497
438 946
432 665
94 309
25 757
989 938
197 448
837 630
345 469
228 294
932 591
493 616
315 754
349 968
934 361
486 972
761 877
623 577
268 437
441 812
756 696
588 233
448 460
24 631
204 467
29 193
897 505
731 415
867 743
122 835
450 539
996 357
529 630
766 455
274 156
11 10
777 504
744 672
700 973
113 679
866 862
627 628
16 839
576 125
141 89
502 686
824 258
712 590
116 379
523 879
75 648
530 65
472 11
659 735
347 234
592 72
753 877
855 807
922 968
435 556
289 783
624 377
336 61
346 222
161 748
303 246
574 128
840 864
169 235
77 38
69 643
678 97
459 520
570 827
598 639
980 451
32 297
977 557
378 252
203 776
40 369
889 414
667 348
101 183
637 896
508 486
528 16
410 378
416 783
227 823
132 465
915 115
905 1000
79 105
679 880
218 17
418 282
913 326
834 949
999 830
875 328
410 510
982 346
884 364
918 251
91 355
380 608
889 474
532 906
620 469
438 999
943 379
589 144
928 518
355 202
216 838
107 301
750 758
830 392
588 430
527 531
256 895
991 283
445 762
481 345
983 9
295 371
283 37
411 506
236 246
63 883
935 854
774 726
96 503
552 202
451 640
2 151
172 316
908 114
431 770
985 493
497 742
586 964
764 63
620 729
631 175
581 56
132 86
811 828
713 247
629 248
319 34
576 783
790 544
531 133
935 898
539 412
928 499
400 832
476 697
958 915
817 504
909 530
896 775
658 981
144 736
332 99
210 732
623 236
862 469
156 189
230 323
527 472
814 216
768 553
98 36
179 834
80 689
464 248
553 47
163 131
925 362
485 698
796 663
673 413
949 459
856 937
595 508
685 752
754 373
626 822
15 943
914 325
422 411
292 842
769 56
614 669
416 235
408 197
211 466
261 442
754 112
814 401
454 861
470 244
517 411
566 823
761 66
139 956
930 348
123 624
496 178
540 644
305 973
309 588
537 973
675 323
61 150
806 454
159 518
569 412
205 105
453 125
498 357
854 416
260 318
309 643
852 715
652 990
641 679
101 368
69 273
948 569
78 780
416 582
639 400
934 393
548 879
494 534
930 601
420 895
196 88
552 73
583 637
110 405
87 897
367 728
303 389
455 419
158 347
869 803
669 778
725 826
370 5
945 676
703 493
652 412
955 355
710 748
632 615
251 408
659 172
52 988
680 713
676 697
420 281
291 861
681 396
311 639
773 28
143 519
771 97
494 84
184 709
446 724
31 657
610 584
974 382
354 812
767 829
123 652
48 152
189 114
987 750
523 185
519 875
894 773
661 501
611 272
635 768
192 207
725 235
395 595
271 9
947 593
780 826
869 906
10 183
232 996
756 153
73 399
982 26
992 168
301 50
641 9
941 396
956 599
104 318
542 459
590 133
566 730
319 486
600 621
643 102
238 498
562 924
801 489
685 737
316 999
883 559
738 622
260 167
323 283
954 841
363 991
427 792
59 679
225 99
630 876
18 14
789 52
40 271
772 911
977 49
403 690
312 188
701 159
778 499
236 508
818 244
459 719
415 452
691 329
465 369
559 232
239 862
127 818
59 682
953 753
60 425
715 250
651 265
643 477
695 863
407 808
929 656
925 396
1000 632
525 238
671 366
769 159
730 374
876 869
533 430
656 344
973 265
230 582
348 319
650 967
297 835
677 681
630 931
185 517
736 340
801 672
435 940
438 59
220 694
834 676
932 881
305 363
804 313
307 222
979 861
660 453
698 167
901 214
561 927
320 338
887 289
951 654
301 666
869 251
283 959
483 295
803 253
589 122
489 898
83 306
345 35
953 551
721 236
791 711
962 852
217 235
11 421
63 801
438 216
351 344
233 719
926 31
55 770
419 934
213 491
700 906
381 105
799 718
454 713
307 813
273 800
892 529
830 994
898 471
589 87
930 953
342 496
428 906
737 782
779 237
239 228
664 783
255 680
744 216
433 726
625 735
167 197
697 451
175 808
823 362
723 702
560 429
120 786
531 194
746 659
845 89
943 181
215 256
496 719
387 168
531 907
578 653
259 210
544 673
782 53
798 857
214 277
400 751
89 771
109 758
89 960
826 482
645 383
239 613
206 886
832 459
787 97
797 791
445 583
106 739
532 931
232 221
720 892
786 972
392 453
769 23
63 982
913 366
26 385
562 895
211 286
127 386
521 519
978 38
206 716
870 578
247 393
340 380
72 195
335 78
334 23
856 780
538 475
154 687
829 851
151 109
470 277
497 862
854 557
186 224
925 210
980 917
385 959
210 352
262 635
726 84
33 673
744 172
820 865
741 12
190 589
342 279
792 493
333 350
384 604
651 32
994 312
709 604
314 958
258 192
651 291
551 318
403 468
851 770
4 367
99 197
205 288
583 5
375 645
803 610
377 50
343 587
685 718
328 39
464 740
141 213
86 91
690 812
483 623
608 723
635 710
355 346
435 779
635 415
717 622
388 659
376 969
917 986
286 61
205 559
509 363
329 677
815 76
64 623
745 66
223 185
127 884
781 140
871 238
225 990
778 790
718 16
222 584
542 726
214 883
460 731
392 899
592 434
718 149
679 430
670 717
977 251
490 667
793 762
809 385
321 153
724 943
483 561
658 920
177 990
812 18
341 739
369 658
810 147
843 94
33 441
625 785
845 513
91 122
360 236
321 269
675 816
189 536
434 846
292 616
750 835
144 170
145 703
761 898
301 457
559 727
910 472
58 668
675 451
51 593
145 635
176 681
368 444
900 738
268 40
972 559
613 139
699 737
687 40
943 954
251 970
201 497
20 556
193 257
211 914
696 457
252 190
733 189
335 444
841 147
463 637
730 632
950 304
723 217
807 277
587 378
483 232
634 994
557 444
295 245
822 917
148 433
137 893
840 625
304 224
636 597
597 383
239 264
874 497
418 297
842 782
781 122
685 522
512 84
704 760
531 89
171 924
966 193
617 160
673 166
411 944
222 463
374 830
818 105
488 958
440 97
167 435
877 211
402 57
709 55
318 577
157 270
954 216
311 289
67 655
441 163
321 372
598 898
72 592
347 90
776 720
955 937
990 317
940 196
177 83
128 49
485 333
333 595
875 399
245 306
263 443
255 144
305 109
540 428
285 63
755 491
259 246
757 402
399 690
985 61
778 722
561 76
447 678
196 353
919 659
106 691
901 347
539 765
739 802
536 71
588 274
176 276
815 240
405 363
250 109
380 471
413 341
449 967
763 731
560 894
549 628
5 740
222 615
517 299
623 123
731 267
77 249
60 478
774 990
619 500
192 155
486 761
427 173
231 66
513 261
796 796
949 288
271 693
585 864
822 337
198 217
372 358
696 501
894 848
640 233
480 678
712 454
366 531
10 160
835 318
642 498
309 66
687 633
798 391
694 36
525 287
855 211
859 266
342 429
391 946
99 488
714 120
387 324
844 109
268 488
933 193
45 924
716 760
700 638
716 184
389 293
98 669
714 185
417 13
230 113
598 453
553 123
123 105
991 407
936 751
937 356
662 46
970 938
426 943
267 743
736 955
175 499
645 156
696 955
508 658
448 433
507 95
841 650
699 524
702 423
738 82
415 677
876 706
441 45
806 126
692 668
611 29
571 676
983 291
975 410
726 150
469 46
702 10
827 974
440 110
655 626
43 357
152 865
249 134
315 684
305 149
423 470
675 319
129 234
791 602
913 988
878 251
667 798
407 645
303 509
892 761
210 914
490 704
707 898
381 923
982 342
313 580
565 116
866 498
249 692
917 89
333 531
245 512
76 139
31 353
582 369
494 700
320 550
928 92
872 111
998 976
724 934
584 204
348 526
943 709
116 426
642 521
660 383
393 349
743 301
165 860
159 258
438 959
71 759
659 496
632 905
318 717
837 801
877 363
822 789
442 353
569 77
68 537
692 430
164 466
237 306
17 56
890 190
308 891
633 667
597 204
106 462
844 715
375 97
592 283
539 703
108 388
144 43
149 17
783 874
781 904
700 44
203 197
776 39
569 286
998 860
149 464
422 120
336 161
212 541
602 372
185 398
780 920
329 894
772 897
204 986
573 62
134 666
228 769
968 932
628 674
572 401
355 196
588 870
107 871
195 781
362 692
690 25
90 300
333 165
106 34
788 894
291 772
739 116
123 278
754 214
29 734
637 771
200 761
964 913
92 629
397 81
712 109
621 89
726 161
299 497
813 267
277 263
558 698
153 347
688 875
686 179
477 499
960 56
970 438
567 343
971 196
736 642
292 622
499 413
849 989
523 889
167 980
665 907
265 305
746 702
748 784
4 453
443 472
533 754
955 187
444 698
784 146
334 607
639 663
314 124
306 218
741 789
47 661
576 772
121 304
885 205
174 29
141 187
287 317
629 624
219 889
707 209
444 209
686 280
448 449
388 993
793 615
666 373
942 127
472 266
64 423
858 80
381 483
176 645
337 530
454 323
696 519
429 621
269 65
32 661
279 771
184 81
446 756
713 321
730 9
891 43
373 990
193 272
12 945
981 964
369 719
962 313
524 189
257 500
621 416
789 495
884 685
671 214
154 746
642 26
669 475
648 121
736 486
515 475
48 655
285 55
800 373
633 788
126 715
471 360
148 640
244 885
208 519
271 783
540 744
365 831
238 461
583 691
705 774
351 451
75 925
286 998
637 907
529 555
190 49
607 529
824 648
181 375
810 458
346 388
812 662
595 976
246 824
784 769
625 142
277 280
356 732
2 129
648 569
524 942
565 880
586 469
659 120
576 725
850 981
951 573
922 796
99 678
19 843
412 308
215 78
230 416
779 619
569 289
834 272
873 582
266 599
502 846
20 57
350 144
320 272
414 283
175 475
741 647
415 910
434 250
283 439
312 45
184 762
673 13
322 742
440 602
549 110
285 538
203 873
885 279
229 91
560 149
114 914
745 717
313 361
810 5
301 664
357 942
476 490
652 893
64 181
386 354
398 974
23 220
913 371
991 746
855 222
972 787
787 433
248 304
946 381
516 69
934 145
396 747
222 609
169 177
812 300
157 630
133 598
218 729
709 596
500 970
176 546
938 950
98 160
257 774
752 809
121 232
933 363
166 77
854 81
528 577
838 308
635 279
771 166
216 915
855 565
626 733
816 190
794 676
1000 496
812 769
45 325
192 240
506 876
714 971
941 697
929 142
999 940
836 244
375 110
736 856
455 183
427 445
357 163
453 983
684 840
801 128
240 745
833 980
182 766
263 349
425 906
357 295
86 148
54 45
137 638
650 739
350 769
574 905
377 799
50 375
606 272
305 947
162 774
796 372
903 736
560 555
596 819
931 885
619 252
419 346
722 527
631 129
819 875
580 506
211 940
937 370
294 664
699 459
985 810
130 113
583 507
218 214
158 499
763 838
367 356
314 132
689 224
942 244
94 862
11 206
644 913
770 370
101 529
703 38
151 184
106 634
413 893
511 484
405 645
798 380
904 189
947 170
462 321
375 898
263 857
773 911
306 406
886 246
50 17
733 646
236 989
972 727
178 312
694 15
115 494
962 54
552 566
455 748
193 403
122 582
46 148
977 797
591 68
700 934
525 754
566 75
910 155
624 128
413 347
247 855
71 72
481 524
911 855
308 538
442 244
272 837
220 215
63 446
282 578
532 186
414 244
657 419
959 688
479 997
965 679
922 690
905 122
203 943
635 593
156 133
946 454
895 481
480 19
936 404
747 896
910 435
694 717
262 128
669 575
936 967
533 714
256 674
73 132
502 742
118 642
399 860
632 17
417 73
299 110
923 366
299 638
883 240
148 207
294 265
347 877
139 357
522 158
264 510
856 526
508 129
903 492
59 687
892 235
654 325
987 114
552 604
249 437
890 761
352 153
511 38
550 828
825 647
686 682
498 62
461 113
668 496
382 918
250 598
991 38
220 37
586 279
175 614
613 643
51 231
34 580
107 735
696 434
504 310
800 903
807 979
496 812
662 732
876 321
139 106
712 369
133 106
383 163
505 21
815 586
166 264
763 14
953 749
712 314
138 889
256 219
909 524
530 391
59 52
599 212
494 218
655 20
168 563
218 328
940 648
640 226
436 198
434 777
634 887
750 209
182 648
614 872
534 369
81 35
593 520
449 31
820 174
460 888
989 8
500 621
739 559
583 369
43 360
575 660
148 981
506 201
349 483
899 982
561 610
855 214
746 672
754 770
203 790
872 827
677 185
228 698
195 450
700 993
134 615
738 72
233 200
909 8
965 858
846 179
239 544
580 634
285 613
544 637
533 323
169 927
495 95
586 200
621 970
831 809
594 642
36 43
504 927
430 865
272 358
519 441
639 73
174 398
571 821
933 537
922 643
345 468
907 825
774 781
794 262
617 994
112 200
827 247
738 10
445 761
557 958
30 270
728 263
455 75
875 123
872 773
904 209
456 280
345 39
792 291
705 598
256 738
545 532
106 243
245 209
138 234
525 346
492 845
941 418
270 567
741 324
121 201
849 850
180 717
569 345
321 514
339 2
550 611
652 147
974 863
123 500
574 98
47 427
576 483
595 744
499 732
121 65
632 374
236 992
431 226
44 344
488 480
526 243
99 492
466 487
433 276
883 836
936 91
874 1000
346 258
948 859
878 130
623 963
302 514
561 73
952 79
497 819
318 431
404 488
893 365
465 535
441 41
294 248
384 221
449 17
531 769
447 626
776 655
864 985
218 551
97 88
751 373
89 978
945 190
388 137
734 759
403 707
353 718
290 8
702 390
1 302
745 888
796 581
400 573
579 116
620 629
642 282
101 762
466 741
243 637
14 343
557 681
487 987
798 515
105 741
667 280
156 159
606 175
259 237
870 763
440 354
117 570
30 456
400 696
814 365
323 541
723 608
331 923
718 88
385 657
410 965
814 810
289 981
137 103
277 161
363 9
296 861
44 64
357 59
962 423
780 713
65 221
274 838
862 565
198 41
475 943
558 98
119 413
648 631
747 223
233 913
445 47
753 836
609 598
677 194
