100 44
36 49
13 26
15 60
15 5
16 60
3 6
2 6
22 25
30 7
39 13
5 56
31 19
10 18
26 63
41 29
29 41
5 10
26 62
3 70
18 69
13 21
40 11
32 34
28 8
34 23
21 16
40 54
14 13
21 30
5 7
42 6
31 47
8 10
17 67
9 27
27 38
7 23
3 35
27 67
42 44
35 29
16 35
21 47
35 33
38 31
40 41
8 43
26 63
8 69
9 30
40 22
4 4
10 2
15 14
7 24
6 37
22 54
8 23
43 65
1 61
24 44
17 64
27 1
19 44
17 28
6 25
44 68
3 63
11 68
5 32
33 27
3 19
14 30
34 50
26 7
37 66
35 42
11 44
11 13
4 8
19 16
25 26
18 47
19 14
32 54
24 18
8 64
34 33
15 3
13 11
10 55
22 61
3 47
10 57
44 25
31 15
7 49
36 36
21 59
24 52
