1557 722
288 995
197 177
240 292
703 426
374 548
708 325
88 15
290 430
667 906
294 216
199 321
565 309
427 345
461 831
108 838
688 403
396 711
690 993
643 333
434 181
313 264
141 321
74 130
349 449
390 561
384 333
305 473
100 970
441 704
273 826
560 169
105 967
115 266
546 108
677 77
433 140
568 634
533 873
82 92
657 270
653 960
276 461
277 577
439 251
30 326
200 71
523 338
233 30
397 628
285 938
251 637
292 494
143 220
1 284
109 5
504 471
644 557
450 569
105 952
268 702
210 436
568 927
48 91
517 273
168 693
543 531
399 371
320 108
134 117
418 250
493 894
559 659
18 586
371 56
123 551
213 605
712 425
43 659
77 612
586 623
233 734
135 432
33 985
526 556
342 374
204 339
616 509
314 275
192 535
504 267
671 660
237 224
404 221
62 466
610 963
583 552
345 837
222 808
584 639
656 576
416 413
253 56
200 260
139 829
600 850
591 528
567 345
320 373
292 64
82 421
540 946
572 956
93 332
382 899
11 331
108 647
572 980
639 72
650 667
413 275
522 509
12 321
224 933
383 902
37 363
439 378
200 576
161 563
413 891
60 306
469 775
107 929
520 386
561 963
43 64
281 956
481 495
524 61
26 1000
126 418
364 220
418 603
605 645
363 662
619 992
139 915
17 970
376 15
9 640
310 354
315 677
266 457
472 80
713 620
16 19
513 929
274 373
493 447
382 729
638 868
460 541
11 224
20 940
701 8
331 453
342 52
639 833
189 496
247 560
452 375
39 389
712 619
421 310
534 455
24 173
9 5
48 49
364 792
669 54
124 100
551 400
172 793
105 404
621 379
562 16
232 573
403 318
543 513
259 917
232 161
442 768
385 434
370 165
560 660
438 294
158 163
14 652
317 849
659 783
95 817
264 927
299 870
594 622
532 90
464 932
498 399
548 378
410 850
348 647
352 946
118 918
118 550
286 542
441 652
347 961
565 531
294 653
435 362
203 934
648 94
71 810
212 1000
172 699
42 93
434 289
235 724
111 534
228 691
473 88
8 883
487 122
242 903
262 315
409 689
298 805
607 910
289 879
484 221
541 612
124 187
344 50
289 625
451 660
152 581
352 545
525 397
439 426
116 151
176 615
6 308
613 891
714 416
304 212
485 444
504 948
12 588
408 842
43 562
351 538
565 153
434 201
226 562
230 266
59 50
337 187
152 18
208 136
241 574
4 823
74 655
515 483
31 169
510 314
65 541
56 887
210 680
29 904
281 923
122 768
80 297
446 623
349 532
459 861
132 967
464 762
51 141
434 794
148 257
437 961
241 908
224 771
367 811
51 887
592 566
228 966
584 434
335 913
46 232
40 217
527 900
621 5
66 470
668 695
216 940
171 199
108 127
579 951
276 889
209 989
611 789
462 4
135 839
268 819
536 944
688 828
260 652
579 54
522 347
244 780
166 531
57 108
309 516
184 841
594 995
193 58
692 472
412 752
498 215
256 444
645 643
525 366
223 303
403 279
632 467
366 880
169 677
651 9
655 213
94 915
8 79
131 326
364 285
384 796
233 107
228 588
181 897
644 192
179 597
439 135
459 614
474 68
386 418
403 757
82 297
69 356
270 447
559 626
717 646
272 975
536 873
538 131
267 619
180 377
86 790
365 878
420 908
269 390
475 906
83 200
662 328
340 805
694 914
235 85
182 786
404 121
708 235
44 154
219 832
679 305
79 539
121 925
236 254
228 368
134 174
647 82
187 938
389 901
691 128
481 719
130 625
257 379
232 376
13 784
521 320
683 568
170 723
509 699
584 307
333 410
504 684
167 180
646 192
110 652
516 218
54 896
65 75
371 788
710 289
422 741
513 603
147 855
669 406
391 904
54 339
298 578
247 702
120 941
674 449
382 210
561 823
699 713
183 913
18 76
534 580
445 450
67 937
365 853
406 940
484 764
643 70
572 506
532 772
604 565
191 261
148 935
212 39
86 489
286 130
267 683
100 187
704 957
123 283
579 402
627 158
104 799
409 85
507 985
438 116
586 36
284 500
186 604
158 882
567 264
5 374
377 394
474 454
334 728
398 216
625 870
128 83
93 362
700 823
200 367
467 200
59 787
27 775
20 768
532 33
633 886
627 254
714 872
184 171
464 379
53 656
11 530
598 259
576 548
243 404
390 780
247 759
567 16
614 141
217 715
566 227
692 556
41 601
459 581
45 276
195 420
264 924
159 229
239 647
162 853
195 700
161 489
467 9
412 45
499 366
288 214
716 112
259 921
205 151
671 617
141 991
306 773
491 211
504 767
204 877
695 198
648 752
119 581
105 743
642 290
498 754
254 496
97 840
387 517
99 968
404 316
214 791
232 429
235 837
540 200
691 319
310 558
520 975
665 368
47 567
130 733
373 10
722 433
282 804
408 784
396 908
342 375
121 401
88 116
267 90
48 625
298 437
213 197
364 833
128 66
721 75
505 152
327 173
217 625
61 82
438 275
550 396
127 833
353 191
66 962
147 3
685 113
705 869
380 219
405 710
128 828
645 427
61 586
606 563
330 88
314 380
70 325
136 559
282 683
136 519
104 40
227 110
527 256
218 425
411 657
649 879
331 845
143 925
325 100
120 437
279 951
686 642
647 782
192 853
166 395
511 644
477 485
440 173
666 822
561 560
84 701
358 578
692 893
274 715
552 708
24 193
705 413
214 826
699 230
404 23
433 571
634 435
630 377
226 904
461 532
559 66
269 369
315 130
410 437
219 700
414 836
341 793
704 402
372 934
170 926
16 307
336 850
89 814
603 421
44 429
52 817
94 607
543 565
679 716
63 915
538 336
505 899
127 596
374 631
696 685
79 221
150 923
109 472
409 579
619 663
641 374
663 829
523 424
306 655
396 202
213 849
283 544
685 497
583 251
24 363
555 591
32 619
528 47
276 454
19 421
388 129
525 250
220 480
250 452
666 969
562 442
421 238
567 234
415 879
291 972
39 302
16 133
589 809
451 933
307 411
601 113
174 299
298 505
699 243
679 659
270 962
30 830
86 891
302 112
720 516
227 945
481 672
5 30
100 69
643 631
98 655
325 737
266 499
481 68
700 997
550 805
1 42
405 886
460 446
81 90
42 368
409 201
628 9
576 250
345 609
37 500
415 90
703 339
251 779
399 386
688 222
531 843
649 978
683 168
5 425
549 166
128 427
101 597
125 170
276 449
546 260
326 116
323 445
425 146
581 618
430 307
351 302
64 932
299 185
611 462
706 236
342 894
563 574
17 747
17 570
642 804
118 431
298 775
208 534
553 211
332 320
560 863
26 110
254 904
127 967
245 951
8 661
206 241
17 496
62 117
300 345
522 418
314 768
237 270
625 159
682 192
507 973
496 615
508 405
19 64
183 196
119 428
291 190
300 247
358 641
480 227
507 112
84 675
290 513
140 880
188 360
114 415
177 602
715 401
497 275
686 354
158 576
566 923
233 150
32 41
487 409
355 323
90 341
79 47
384 401
671 549
113 199
653 587
78 942
41 487
571 360
335 336
9 740
33 806
647 365
32 317
276 289
348 879
245 234
440 63
277 753
152 110
105 366
164 673
326 793
620 569
701 837
496 642
539 727
148 60
424 163
168 637
495 424
84 238
153 615
523 465
373 535
201 298
647 524
672 835
512 740
487 837
701 129
63 718
58 177
257 950
334 305
220 161
524 662
563 304
433 610
626 647
577 301
696 865
102 865
607 591
659 797
496 877
327 220
650 166
372 987
695 826
329 782
586 615
5 675
472 669
19 269
470 753
458 610
63 603
478 950
471 512
61 742
434 856
195 102
685 393
161 460
439 26
620 450
391 497
348 808
526 574
147 679
168 637
24 591
591 720
555 970
83 187
278 983
76 966
421 664
329 815
660 276
89 789
474 261
247 622
388 779
99 26
317 560
40 157
257 250
624 9
391 733
284 578
53 150
527 64
95 760
474 584
146 419
277 124
307 232
219 342
307 894
489 881
19 113
310 464
46 965
117 605
57 175
54 700
381 901
360 877
156 481
315 509
435 306
684 245
71 338
80 346
538 265
634 355
129 576
289 927
120 911
89 180
120 41
394 265
120 875
424 101
408 64
202 933
597 351
41 778
471 539
600 784
189 778
71 977
188 807
144 536
453 873
208 911
470 9
284 297
148 360
164 424
266 471
353 424
393 724
677 602
699 812
163 634
382 3
673 674
688 822
415 277
121 762
406 588
614 154
22 205
368 940
408 607
307 524
685 599
598 697
661 645
130 315
336 392
717 651
134 206
447 995
306 973
547 593
355 437
293 193
718 732
181 104
280 120
563 578
415 232
350 348
596 156
7 402
226 560
86 987
399 173
4 424
418 680
31 201
590 714
291 407
556 486
237 651
621 805
218 22
32 93
176 431
33 886
459 920
279 124
583 905
710 712
528 460
488 55
283 783
350 801
556 837
128 115
494 205
566 686
261 698
424 645
146 769
570 355
517 774
237 387
113 583
235 46
687 55
250 33
217 301
579 404
556 74
623 308
611 863
115 209
142 660
29 241
148 442
672 435
4 859
376 933
226 340
491 519
341 290
230 830
541 442
714 442
338 775
545 32
323 143
514 640
443 735
89 720
354 147
119 439
491 702
461 195
145 760
57 4
267 603
91 574
341 838
28 283
573 994
276 943
108 399
354 778
380 48
525 601
380 522
77 942
74 826
547 923
308 100
538 27
4 828
500 962
252 753
527 143
15 45
447 801
348 799
433 279
721 320
508 935
632 369
313 152
141 748
289 903
590 943
386 190
198 877
661 232
111 124
283 31
11 439
189 735
180 717
554 112
388 16
162 71
247 48
316 61
35 94
333 919
94 217
415 476
339 476
254 771
478 158
9 594
501 464
712 488
597 339
638 236
698 855
504 275
495 773
616 86
379 951
635 945
139 722
637 974
410 147
526 248
119 751
149 136
291 641
78 252
101 1000
625 643
151 166
521 282
666 554
209 42
461 319
336 23
118 627
35 546
458 857
244 656
143 47
591 898
585 121
418 555
704 860
255 133
192 339
331 708
639 886
406 441
705 622
482 864
564 579
562 634
51 86
364 12
528 207
391 527
143 376
307 822
39 15
261 98
182 672
196 873
147 545
44 315
408 405
44 196
629 626
712 21
566 306
620 827
185 702
119 326
521 454
287 164
399 850
692 851
405 732
704 306
436 732
429 697
641 715
707 148
640 560
214 220
59 990
711 390
107 732
177 834
12 972
631 757
578 540
176 831
681 968
188 166
531 46
257 858
630 608
375 758
126 702
222 118
142 865
608 659
474 865
142 952
152 536
691 65
388 797
249 743
73 738
169 269
466 639
25 534
311 812
58 685
43 899
86 362
698 659
89 684
266 134
122 66
584 212
451 185
654 126
214 929
561 532
483 680
715 623
350 821
389 592
235 854
473 367
16 619
692 877
180 904
494 810
654 559
452 960
182 268
497 309
156 823
526 277
223 573
94 158
694 880
709 315
247 98
432 314
564 134
57 38
454 55
89 829
55 311
660 850
197 418
689 876
503 792
135 630
330 574
611 533
683 653
147 837
588 450
29 957
456 285
392 118
96 34
491 551
67 507
21 820
59 827
570 515
485 116
191 805
218 498
396 923
228 111
327 143
604 845
645 190
651 975
268 565
150 720
624 401
452 313
672 757
530 328
567 832
627 228
435 892
295 786
440 632
126 347
688 711
333 499
566 831
515 516
396 939
264 897
693 706
94 155
204 709
486 56
121 5
715 279
58 370
581 253
19 493
89 442
81 63
520 589
567 80
612 108
194 97
321 645
658 682
228 536
395 797
495 747
480 473
642 693
594 992
53 243
279 449
520 653
212 774
654 338
475 655
471 792
519 230
584 997
151 297
495 97
697 388
330 153
493 644
321 846
486 596
624 124
211 532
105 99
715 341
622 834
152 62
583 895
541 442
349 64
150 840
660 901
618 370
364 227
48 182
326 962
111 792
504 424
104 670
554 173
73 235
436 717
502 164
218 777
228 14
390 278
553 22
105 580
39 471
621 840
455 576
571 466
529 899
378 128
336 720
168 713
408 991
618 19
29 458
661 982
35 817
536 663
570 475
422 518
441 660
459 552
149 441
296 717
136 942
79 987
532 328
74 993
333 52
551 285
708 862
142 967
431 779
18 468
48 31
682 867
462 919
13 531
257 945
151 315
545 111
67 881
362 720
188 196
489 263
337 906
142 490
519 283
74 828
694 883
116 683
377 196
383 155
150 26
593 617
298 597
412 96
402 578
620 496
330 427
242 810
705 162
510 109
392 642
706 956
428 238
490 558
20 440
97 829
412 516
163 335
229 866
134 536
622 23
683 862
667 436
322 532
82 678
412 767
243 892
522 84
497 717
670 560
439 511
60 774
8 113
448 725
561 242
574 856
34 823
538 820
508 977
692 813
130 477
384 593
508 882
477 619
258 326
403 834
626 682
232 391
152 105
523 451
119 981
627 886
107 762
220 729
245 241
687 973
399 351
181 386
240 419
113 529
37 755
245 282
249 31
515 647
578 765
370 455
227 732
676 956
419 289
223 797
40 581
447 69
526 972
713 938
43 591
391 711
662 923
397 218
250 744
328 599
203 692
223 259
679 501
78 665
665 274
169 753
668 123
84 564
69 12
521 905
351 47
143 291
340 22
46 665
407 637
554 989
468 302
719 798
332 98
456 998
160 679
308 668
170 989
239 258
501 272
341 152
497 865
703 215
477 997
546 192
15 132
303 331
176 259
245 16
581 219
624 497
536 928
561 574
183 546
619 639
253 415
103 814
610 15
664 531
708 183
459 797
6 63
72 576
628 268
359 105
150 758
174 476
487 443
563 351
692 930
504 340
32 617
169 555
376 784
557 749
44 260
650 194
643 133
257 516
377 648
577 650
25 549
587 550
441 570
522 159
566 646
302 320
587 111
1 159
648 925
166 303
521 828
700 470
511 734
220 240
20 951
394 90
495 79
101 264
241 580
112 719
670 101
42 819
705 936
405 819
123 284
371 40
235 200
481 666
