2464 331
42 251
222 49
292 817
328 156
277 472
110 17
120 758
115 183
238 150
278 156
131 782
95 911
304 104
205 567
279 316
13 810
39 773
36 127
93 760
225 397
282 760
236 849
94 964
227 980
155 31
201 475
153 472
192 77
47 608
228 289
115 486
4 149
257 846
250 440
297 421
182 897
221 743
162 77
28 90
8 453
114 520
139 29
83 433
272 95
117 982
321 766
92 39
321 907
97 270
145 996
6 426
228 648
230 429
144 836
179 15
197 673
116 456
244 51
183 602
252 476
258 468
207 743
291 464
32 301
278 542
239 179
100 735
73 34
4 483
63 750
87 43
45 160
209 408
31 4
104 953
327 859
257 2
147 810
128 839
168 914
200 653
66 318
283 210
246 776
52 240
172 804
230 902
59 602
272 655
209 456
76 424
317 39
41 886
71 929
155 646
269 994
171 780
143 260
252 485
273 688
215 308
303 612
76 456
149 896
161 629
237 424
269 127
7 301
41 746
62 716
2 84
22 981
139 321
129 117
93 999
194 36
280 959
215 968
84 530
322 129
239 386
244 507
318 852
140 215
268 589
129 825
169 194
122 99
327 670
61 89
82 256
37 588
197 42
200 23
121 803
133 757
126 126
180 609
314 321
94 340
90 63
320 650
248 679
228 605
160 266
193 193
112 296
39 454
303 956
35 338
66 988
81 84
254 186
77 562
78 85
222 340
216 737
232 766
117 58
240 242
317 517
301 332
152 880
84 428
223 789
311 335
221 635
79 871
290 869
220 630
73 913
187 639
175 321
105 518
96 190
159 666
11 440
96 338
321 719
271 613
126 69
33 80
17 714
132 197
308 151
84 726
43 227
294 326
304 609
284 528
207 544
50 990
298 74
248 819
50 469
41 921
265 917
259 885
318 248
183 30
284 136
136 889
257 133
156 792
252 1
28 726
281 674
284 596
112 923
95 688
120 683
41 769
210 972
61 132
169 789
101 762
232 705
113 951
160 238
75 149
258 375
290 503
212 162
153 742
176 211
72 280
191 751
261 820
112 234
159 487
105 986
197 346
25 249
204 993
278 94
317 917
2 381
225 875
131 211
47 988
33 651
5 979
139 755
251 562
227 327
202 805
220 813
235 892
202 24
268 822
171 910
136 905
234 802
233 219
234 330
127 972
19 457
250 513
260 687
245 747
189 100
96 678
149 496
223 355
130 359
40 574
26 405
135 144
245 14
174 174
47 857
206 912
233 975
321 435
322 185
41 208
213 896
256 498
145 723
190 76
158 972
20 465
297 283
253 538
251 841
118 292
204 423
9 199
217 325
328 664
28 531
131 39
331 179
271 954
36 540
187 697
83 625
20 631
300 544
105 199
83 820
151 157
5 164
87 513
223 625
12 720
102 772
249 282
1 325
165 741
313 325
149 592
285 741
21 273
142 309
294 80
5 398
160 730
291 608
72 559
264 629
78 915
104 628
151 857
242 239
68 11
120 933
246 699
295 361
79 62
330 969
140 180
13 279
329 945
260 908
269 167
23 120
305 810
162 139
181 650
329 600
145 421
283 492
323 34
148 651
206 974
71 948
288 275
322 992
214 5
55 967
266 899
226 650
225 980
112 594
61 871
259 848
234 753
24 323
314 339
312 701
207 986
170 846
93 934
51 888
260 483
211 833
118 82
250 372
165 561
228 808
83 759
41 559
162 609
277 393
17 168
106 247
272 921
18 40
246 843
302 687
234 940
255 762
34 173
169 141
302 977
84 13
290 826
213 222
315 364
82 230
146 168
217 607
179 283
178 16
154 380
210 869
8 129
159 395
197 779
306 333
51 597
212 122
280 617
134 428
28 27
260 914
120 348
149 967
141 264
330 489
247 352
61 970
74 81
255 227
103 700
318 396
86 916
314 693
62 163
157 465
114 413
126 597
132 970
82 582
60 56
187 688
20 544
283 839
245 349
90 970
86 464
105 267
73 526
310 400
251 640
240 645
229 122
140 296
230 268
4 940
39 660
148 70
291 618
240 307
246 635
222 944
269 679
171 233
41 163
129 683
187 144
172 393
146 898
278 26
97 441
162 961
306 307
209 492
314 272
270 806
70 205
163 910
151 642
243 798
93 452
159 132
157 195
118 116
23 69
120 779
102 178
254 358
26 942
249 577
37 25
92 441
134 154
179 731
171 536
284 298
143 880
328 29
187 794
202 262
89 596
95 180
92 397
247 898
238 651
293 934
111 222
225 67
96 98
170 287
18 465
104 133
232 759
255 157
243 644
60 239
234 278
269 612
119 332
159 853
38 796
143 857
271 214
319 372
323 150
174 826
128 446
58 528
303 129
325 476
72 762
102 928
292 547
319 355
191 238
227 623
150 752
303 84
311 112
331 932
309 149
271 77
26 861
314 882
237 111
137 546
5 450
45 520
46 299
251 121
56 716
71 25
107 143
242 414
72 783
152 971
171 151
59 279
197 488
218 932
186 352
281 960
156 694
155 543
166 767
60 783
270 340
146 962
130 170
32 664
145 848
65 698
108 52
196 352
41 455
222 28
19 476
116 989
264 925
178 565
156 990
112 315
265 480
252 58
53 55
268 496
202 565
153 920
198 165
270 128
58 368
252 604
316 147
193 465
168 327
196 835
11 712
178 607
135 559
21 194
145 80
4 720
308 581
298 541
168 73
313 112
182 29
2 691
111 486
89 101
12 397
207 136
166 558
106 43
53 889
19 784
27 293
51 207
285 8
20 218
248 952
318 71
17 941
229 585
231 164
76 919
54 902
29 716
141 446
167 261
325 247
286 654
188 812
248 237
51 382
91 294
211 578
118 637
46 736
105 375
62 677
16 569
169 962
216 943
129 474
120 903
198 720
139 771
240 351
34 811
263 264
49 585
259 688
211 507
253 862
199 540
218 297
33 891
61 593
254 706
330 674
188 368
226 436
280 592
75 989
111 288
8 973
155 835
99 904
331 351
64 848
95 184
292 185
34 747
54 219
167 956
246 284
151 992
65 147
4 315
138 558
9 908
138 381
232 396
76 860
269 819
215 29
66 371
181 812
94 75
274 529
60 877
289 658
278 504
197 934
324 894
238 155
51 231
284 744
321 941
321 596
74 638
32 261
55 638
183 914
244 378
177 722
7 141
83 923
110 142
36 932
110 825
160 658
264 738
161 663
91 413
205 262
232 569
53 465
312 471
16 235
278 952
7 367
320 725
101 175
81 197
27 573
255 834
159 13
58 316
280 417
288 364
135 52
252 858
209 296
69 664
216 864
163 917
17 70
82 588
286 942
246 258
15 489
117 899
199 612
68 261
258 182
79 155
322 157
76 195
148 546
162 433
155 728
137 978
269 609
80 834
32 945
307 214
68 953
98 283
174 773
175 413
143 646
160 768
312 617
75 835
102 239
20 56
96 163
186 654
176 295
312 191
99 535
290 634
166 188
28 618
87 130
71 829
128 162
104 61
39 577
113 859
169 439
16 815
270 361
130 217
278 800
321 68
312 648
246 829
19 442
9 872
295 858
228 571
192 873
158 178
317 668
174 617
255 259
38 989
210 603
65 604
136 661
314 888
108 36
253 399
88 427
263 310
26 141
150 866
105 11
265 813
324 290
124 479
270 890
251 442
153 920
142 541
161 708
133 963
252 388
165 625
63 760
257 91
283 852
326 135
103 369
128 416
48 883
19 780
93 604
297 375
87 448
12 750
82 8
151 501
69 639
212 762
239 832
174 359
45 989
163 283
222 897
321 282
56 40
162 649
136 346
33 563
111 267
248 286
169 78
127 423
74 701
134 82
301 955
114 658
140 730
281 783
312 133
315 227
327 384
86 212
276 426
128 766
168 818
159 806
4 263
157 895
325 551
100 433
74 921
161 293
140 675
103 322
32 644
207 340
33 723
319 119
151 990
79 184
98 540
177 605
67 372
223 760
316 891
153 823
238 707
274 423
224 630
135 957
168 479
137 995
9 729
305 985
285 742
165 938
304 681
18 179
164 660
83 759
323 611
157 637
152 807
67 928
67 205
214 678
33 484
55 338
205 907
210 475
186 496
125 482
206 625
96 456
306 103
163 630
8 895
242 546
219 288
299 753
49 919
182 615
65 605
35 905
130 375
171 643
114 158
118 555
195 933
290 892
215 838
161 795
24 77
70 103
321 667
34 896
127 916
92 959
185 673
86 70
45 879
96 491
80 191
49 74
103 788
70 992
130 320
225 489
62 175
273 82
241 569
117 183
51 285
187 639
181 409
179 691
3 515
229 611
92 299
225 984
165 54
283 667
11 101
267 213
47 972
87 437
96 435
306 701
277 928
177 181
319 68
6 903
65 561
320 497
51 98
7 630
146 756
221 253
22 869
97 385
156 180
76 799
69 584
108 443
106 727
142 291
35 937
12 114
26 907
162 247
24 237
89 859
304 236
84 543
42 369
72 787
112 391
144 24
168 177
274 935
292 530
200 432
277 499
158 701
249 384
109 147
165 67
212 672
181 432
115 95
184 175
274 629
122 982
229 345
2 124
261 107
237 535
47 132
168 279
314 974
131 185
280 816
300 836
83 971
256 351
330 575
250 785
110 871
189 104
325 184
175 907
38 231
176 880
292 392
25 351
311 255
197 444
56 515
164 497
76 390
35 754
307 582
302 943
202 711
88 381
190 183
56 141
263 617
126 412
44 571
17 578
30 439
259 59
299 438
31 817
166 544
35 615
312 997
125 447
275 575
277 6
6 478
178 315
98 947
14 275
157 109
165 400
100 559
218 445
208 512
240 692
295 521
238 184
59 755
57 59
70 646
271 81
91 947
29 267
328 412
256 358
211 590
327 273
29 310
145 250
146 905
160 610
5 738
96 212
143 712
185 66
247 629
193 616
256 680
103 415
212 180
4 243
109 39
288 198
178 580
138 915
210 681
124 755
44 482
227 916
166 588
170 204
282 98
126 90
178 340
4 886
295 171
313 564
13 871
306 622
251 233
80 519
52 585
278 664
88 817
170 22
174 287
94 794
14 791
41 872
46 375
188 161
196 418
31 929
286 486
221 985
316 557
110 558
101 912
251 392
16 823
73 620
87 762
272 539
237 307
105 73
291 282
96 966
108 568
14 648
115 52
57 959
193 313
86 664
48 942
29 163
223 636
63 677
151 116
126 535
243 127
312 4
290 732
166 615
300 757
26 267
83 858
71 425
215 260
48 470
92 83
220 650
291 577
303 874
53 917
317 198
98 641
116 372
322 757
309 563
245 441
245 641
137 342
47 398
291 622
8 214
66 760
312 435
280 229
59 385
326 630
280 521
138 491
44 398
29 893
311 346
102 957
157 90
226 171
27 646
282 936
86 491
42 684
238 568
80 217
30 172
192 77
49 238
291 444
6 68
325 452
246 349
205 808
131 455
164 974
244 689
118 937
312 442
82 879
1 225
9 107
104 658
247 60
72 983
215 909
248 757
185 155
277 867
227 130
259 582
310 304
181 688
118 817
64 140
222 457
234 84
193 501
48 324
324 514
114 172
279 116
2 673
297 145
318 308
301 740
230 817
136 690
232 642
133 944
223 738
219 747
126 691
154 502
236 232
220 520
15 875
69 955
78 760
69 454
226 816
176 332
267 680
207 923
318 783
250 134
274 227
145 332
11 197
178 518
5 16
127 429
234 910
11 921
173 307
13 403
137 16
71 236
280 985
50 980
311 80
169 540
154 880
218 324
281 266
256 398
46 155
99 937
34 124
212 255
205 73
100 263
259 211
110 859
85 854
192 995
323 587
322 825
304 103
323 755
14 370
100 77
143 602
160 644
288 557
56 139
221 810
114 250
319 777
147 522
319 710
12 682
24 538
205 789
211 330
226 346
142 774
111 891
155 955
78 62
312 602
134 751
60 839
1 852
241 754
278 312
279 921
82 80
24 596
171 393
123 1000
80 352
130 213
13 8
134 392
111 688
89 530
80 578
283 62
243 494
315 583
299 420
176 48
76 526
190 530
141 436
253 809
267 541
186 87
209 757
304 720
155 801
41 869
174 21
175 233
202 886
216 255
194 89
287 154
44 818
313 802
1 206
197 662
317 409
162 765
52 8
163 340
159 177
234 787
252 646
28 767
172 334
162 530
295 836
246 999
25 902
112 774
315 447
84 518
34 973
209 230
213 291
161 722
246 601
210 84
235 815
64 105
19 302
252 1000
79 567
174 871
5 449
248 293
115 255
14 657
21 248
267 946
280 678
91 4
155 191
174 545
89 543
137 918
252 12
296 74
322 473
276 746
159 35
319 720
225 663
199 55
280 570
94 545
84 231
130 137
327 725
120 665
302 455
293 958
52 226
182 695
269 578
58 305
157 309
197 942
87 582
122 961
2 252
95 715
70 864
230 658
47 586
44 965
221 941
104 705
239 695
324 919
95 962
168 795
87 702
42 686
43 492
277 366
88 164
278 201
186 280
134 397
202 511
96 187
199 555
297 855
28 507
87 794
81 522
305 296
60 118
283 275
187 306
327 22
36 92
203 378
301 751
127 180
34 147
94 413
195 752
19 489
16 599
181 121
44 593
92 281
185 461
331 794
31 678
262 169
155 115
187 430
111 478
52 510
307 614
8 458
43 949
163 510
214 529
102 818
224 23
281 493
109 428
187 877
228 866
124 280
23 682
257 14
139 780
40 300
6 872
152 490
260 752
331 974
114 44
214 352
48 668
286 340
46 778
183 123
30 550
192 521
62 367
59 408
95 273
197 908
179 625
17 118
60 715
98 841
274 901
172 632
277 417
113 478
305 327
261 452
282 568
105 510
53 868
112 462
119 773
29 728
5 698
106 61
155 429
14 112
148 493
2 980
222 421
183 923
300 507
18 96
224 802
307 799
315 40
53 312
175 137
115 775
233 210
93 519
51 167
206 290
322 821
199 298
147 560
231 60
92 247
6 128
185 299
193 34
257 36
254 268
297 180
148 402
4 841
4 572
248 375
15 567
287 556
139 780
123 459
197 336
36 465
103 459
311 171
188 65
175 534
39 700
297 318
14 79
226 376
55 284
149 783
287 768
90 674
179 922
179 476
75 831
78 916
170 729
324 459
312 411
199 752
297 215
43 607
155 912
73 773
174 920
297 686
20 147
25 976
45 386
105 173
169 370
296 917
45 10
239 545
209 616
84 993
58 749
135 551
270 100
45 610
122 423
272 148
304 482
22 333
294 374
289 469
261 848
233 349
229 767
103 7
312 177
83 682
86 998
185 159
31 28
118 486
52 874
278 930
283 485
309 601
48 221
172 733
190 33
153 61
217 311
42 557
301 981
152 977
117 491
172 126
156 198
164 354
303 15
315 727
150 986
122 796
75 624
90 404
45 861
310 660
170 522
24 513
272 708
141 480
148 251
89 469
78 948
60 853
267 584
163 539
67 771
26 462
221 509
88 737
45 580
229 915
242 536
253 893
124 774
282 766
326 702
206 874
23 397
115 615
209 476
205 310
147 583
330 112
157 782
35 671
98 143
308 688
274 914
206 544
94 508
112 36
192 845
139 591
42 18
231 336
114 171
42 593
91 382
81 585
131 746
157 115
327 885
97 101
105 311
68 890
168 957
277 64
305 511
93 963
59 449
261 376
182 942
48 251
131 592
73 546
75 722
167 391
297 822
247 153
263 839
136 948
225 977
70 708
161 236
220 46
255 180
215 664
24 396
243 500
2 390
242 977
10 908
53 234
229 923
112 421
291 835
160 228
198 496
298 40
68 252
246 265
92 770
275 975
109 669
249 724
246 863
307 872
106 738
277 500
194 411
17 279
79 657
135 652
134 435
141 258
105 375
141 427
80 220
311 613
4 225
142 476
164 579
211 758
169 699
226 37
20 238
193 953
221 611
45 348
76 696
8 524
48 966
78 444
64 976
247 307
168 832
16 587
105 323
37 483
327 344
34 326
137 652
82 626
324 96
173 834
99 969
47 76
243 896
104 308
37 464
263 215
116 195
258 761
119 357
121 896
162 967
70 78
164 157
259 346
58 625
290 272
196 54
26 829
281 917
116 156
114 299
156 867
297 41
79 326
222 611
47 395
106 738
80 61
65 266
25 314
91 612
289 397
326 29
172 948
138 982
174 674
268 626
132 478
238 186
82 443
53 700
1 886
218 760
19 251
87 242
55 265
167 507
294 801
292 224
46 179
197 785
149 24
69 427
303 505
43 927
186 71
132 193
105 617
236 825
170 273
274 45
282 887
61 901
66 980
108 318
29 617
104 248
54 822
8 656
31 851
224 103
164 610
222 400
177 410
37 750
10 126
21 724
251 620
245 235
45 791
208 880
264 846
44 979
325 306
242 560
141 428
241 26
239 532
202 315
13 795
32 870
311 170
265 510
295 753
290 764
106 329
214 484
73 834
21 456
202 134
317 972
271 748
326 488
277 398
113 706
124 643
266 777
311 798
64 827
241 709
98 215
275 570
46 876
241 878
57 377
311 513
193 818
44 235
283 346
58 663
62 35
95 714
151 167
198 192
136 867
279 536
15 991
142 75
94 167
148 153
161 581
15 491
286 692
139 594
35 462
171 951
223 408
247 833
258 465
255 810
35 774
283 642
98 953
233 571
290 557
308 547
211 644
56 469
208 273
97 192
104 870
215 742
93 56
12 47
24 686
14 995
79 405
48 620
131 751
142 826
288 735
255 396
245 342
205 182
116 850
50 109
140 466
62 277
171 51
305 484
226 774
76 972
209 615
263 404
317 376
166 480
235 76
33 181
32 228
246 886
102 629
222 818
63 48
91 155
205 249
188 984
14 89
237 36
197 540
108 325
261 468
131 349
225 620
72 893
305 125
310 717
238 156
317 317
247 362
59 56
178 395
239 723
31 712
11 619
166 37
184 844
4 547
73 930
141 471
21 572
62 393
133 980
301 390
324 856
42 359
57 996
284 904
270 990
161 746
59 449
203 673
140 138
284 430
324 462
34 654
323 354
85 489
132 665
141 828
276 610
215 927
330 576
192 176
282 736
287 295
88 342
181 912
258 32
319 652
223 721
13 279
31 560
281 52
283 543
28 148
46 276
216 187
254 435
19 564
262 705
26 431
223 331
322 386
97 965
66 557
200 300
305 685
1 525
189 713
208 67
103 896
87 253
264 226
187 901
307 466
93 266
172 883
279 399
81 743
67 610
217 865
200 630
80 221
112 513
293 123
66 6
32 887
255 341
232 748
58 910
310 348
327 490
102 282
134 858
18 16
32 469
266 873
16 719
235 144
85 884
227 655
273 9
63 490
190 740
126 985
241 639
283 177
183 897
208 84
275 300
4 756
307 296
124 836
110 479
217 951
42 807
61 239
89 555
91 327
161 706
274 946
161 319
108 386
233 375
316 385
284 110
120 356
201 194
156 90
244 366
101 241
29 465
217 434
5 909
13 520
99 904
153 109
167 454
272 790
93 661
84 402
274 783
191 710
313 756
169 611
304 157
97 887
164 234
60 104
8 397
124 572
91 701
222 348
91 988
172 165
136 609
125 989
97 599
318 100
162 988
83 640
1 379
323 543
212 266
119 634
225 805
142 28
159 289
110 231
176 842
19 519
147 853
56 301
102 175
113 125
123 580
252 360
236 520
300 67
107 42
63 86
300 540
293 902
327 901
98 700
289 559
207 748
47 201
303 175
12 765
240 97
305 51
185 483
225 253
17 874
90 89
225 150
307 338
316 660
89 823
309 29
164 187
234 725
247 235
122 300
17 635
277 241
279 81
166 698
184 504
128 724
301 471
262 521
94 296
189 77
171 233
206 473
270 382
6 721
315 293
86 189
289 208
285 659
237 695
270 75
101 843
30 538
268 644
3 128
292 925
174 530
1 634
85 656
108 609
122 456
27 870
131 409
149 373
329 233
7 980
76 464
92 686
26 3
94 489
74 882
248 953
215 394
113 931
241 971
56 195
196 338
41 590
303 641
150 808
52 803
272 216
251 272
198 431
113 327
6 165
166 999
49 876
270 732
275 19
185 9
272 460
134 176
264 662
222 491
323 491
188 551
252 387
310 604
28 544
91 318
178 904
239 743
151 47
84 275
270 458
91 530
294 412
87 9
218 836
130 553
226 414
141 183
243 798
235 474
242 16
50 649
312 723
180 90
49 824
179 300
310 8
320 934
251 892
108 5
45 90
316 290
165 727
184 450
235 672
142 332
254 295
144 863
99 964
318 401
222 201
283 689
185 941
271 662
88 515
89 789
214 432
246 367
310 416
303 344
242 177
9 178
283 214
77 48
116 469
45 875
159 266
1 688
328 778
218 352
158 9
69 767
205 828
248 934
213 168
158 938
165 265
256 66
102 347
217 748
324 109
94 336
311 121
192 668
285 430
109 374
93 798
179 381
210 896
304 137
233 423
193 646
126 561
182 182
104 808
65 4
311 501
80 849
97 224
78 18
155 913
118 320
54 123
313 175
127 627
147 703
69 701
269 878
57 951
200 564
22 973
19 542
87 851
96 428
203 62
197 268
1 788
111 20
297 102
45 387
304 861
7 681
233 963
164 162
285 262
267 543
32 280
246 972
306 753
25 667
232 899
193 72
18 109
197 564
70 794
265 35
186 871
2 157
179 536
140 576
200 715
176 724
86 915
37 230
132 398
22 62
42 760
146 977
239 54
175 751
181 588
169 734
25 248
270 301
140 260
115 266
119 519
195 381
70 229
53 714
84 867
201 675
28 116
321 924
29 470
85 781
217 758
202 924
228 480
41 160
277 543
254 959
285 979
158 281
114 590
21 970
214 214
172 532
144 143
169 779
144 590
14 775
142 382
17 181
69 167
22 822
148 322
180 967
127 390
52 984
32 647
234 517
1 169
310 400
185 57
99 28
243 637
268 708
161 247
103 354
15 613
217 632
202 508
151 155
185 929
54 74
79 702
61 651
190 275
317 95
122 923
119 266
261 467
241 124
312 22
91 522
115 875
286 861
271 997
298 273
68 386
216 640
307 805
304 285
297 405
179 978
85 483
272 106
214 624
230 351
22 685
48 389
18 928
17 549
23 334
164 891
67 755
112 345
313 220
117 82
172 533
60 783
7 923
6 662
296 756
244 317
331 282
111 139
297 493
20 888
130 925
259 313
78 427
182 845
327 313
9 890
157 357
247 592
