719 179
131 204
146 496
108 791
113 911
172 613
90 664
160 815
169 780
152 953
46 787
82 908
96 174
112 853
99 405
142 668
123 449
19 15
110 323
68 372
141 500
20 114
149 555
107 529
5 138
64 317
44 961
116 527
102 162
59 484
123 971
101 948
132 975
125 692
70 21
44 965
130 47
107 306
128 125
20 382
42 352
43 508
165 327
56 237
27 621
33 502
77 521
54 247
109 100
77 845
130 887
57 896
75 650
66 398
156 230
26 686
130 916
136 670
101 172
163 262
90 119
40 483
50 429
83 149
129 504
117 64
3 895
172 551
140 612
71 828
60 999
130 474
7 24
30 540
124 680
167 178
94 441
159 763
35 594
25 646
50 796
97 544
171 319
41 809
58 14
152 790
16 374
56 721
171 620
158 932
52 772
126 418
45 626
60 919
105 853
118 746
167 7
15 602
95 710
132 438
63 846
97 748
58 501
174 451
160 198
163 680
52 695
129 677
117 418
138 885
101 584
149 682
44 945
91 400
60 45
77 23
94 166
118 340
32 732
8 560
167 608
17 704
76 9
37 579
67 362
64 367
132 834
20 405
161 10
105 257
30 923
7 155
168 877
132 744
31 369
41 1
148 441
129 858
2 386
72 525
60 737
165 29
38 843
71 459
152 723
160 909
126 1000
96 626
124 484
148 111
140 414
102 101
103 625
69 632
109 179
69 393
146 855
34 597
98 587
6 805
26 491
88 964
59 468
60 484
71 601
1 585
11 674
45 204
65 792
58 225
154 595
156 889
105 36
63 505
167 683
99 545
12 666
54 23
106 511
35 577
47 614
164 294
11 101
69 406
24 335
89 837
124 274
103 524
4 416
129 400
56 562
92 801
122 896
166 477
3 194
38 626
167 306
43 423
89 440
65 476
25 821
114 173
104 984
40 459
154 636
156 99
21 800
152 173
112 773
175 86
39 732
35 758
169 38
44 651
56 778
97 524
118 570
100 983
117 54
146 132
53 975
163 512
39 621
103 315
42 394
125 506
43 245
136 909
177 296
131 554
123 419
10 353
77 46
157 901
157 418
69 745
68 561
94 929
120 850
62 93
177 350
63 362
107 238
25 104
119 498
143 333
54 691
171 736
179 82
33 679
68 311
61 154
87 571
170 541
176 326
5 322
26 890
82 269
70 917
51 726
87 819
173 442
86 194
179 587
178 101
94 227
95 258
120 661
146 924
168 556
85 497
109 802
162 412
112 475
162 100
47 543
120 948
85 259
111 361
95 448
171 119
143 427
141 484
138 316
30 172
149 647
111 195
27 462
6 974
65 972
66 746
114 395
61 547
89 63
112 15
34 353
3 209
105 622
101 414
23 326
52 475
75 341
146 461
54 364
30 295
175 641
54 944
147 115
170 762
60 191
1 708
43 286
40 537
157 852
48 103
97 195
135 609
153 126
19 926
120 950
173 743
46 625
42 637
151 957
139 728
60 322
5 849
172 861
88 689
83 550
114 80
116 707
119 239
37 458
94 318
26 395
89 591
46 708
147 873
140 931
10 70
138 7
150 349
130 488
60 256
130 962
88 615
43 319
160 276
83 362
44 37
106 652
6 54
8 898
127 164
131 429
90 10
39 305
170 600
128 726
160 823
67 218
36 454
165 758
52 144
56 44
89 396
171 920
138 780
67 788
65 46
164 81
105 126
149 733
91 234
52 360
163 276
136 830
91 732
158 704
125 964
10 667
163 226
140 415
165 529
53 217
30 752
130 137
133 921
159 597
153 564
148 788
111 657
63 84
169 306
65 245
117 447
171 20
138 223
127 761
32 862
11 273
41 505
36 692
123 924
133 360
24 556
26 372
122 430
134 974
122 958
153 534
153 769
20 512
115 547
163 150
27 129
105 436
19 681
22 762
166 221
5 430
41 516
59 951
56 857
169 891
45 282
47 682
139 602
12 944
35 951
48 679
2 404
94 195
63 161
131 740
113 886
151 191
14 556
108 566
123 468
139 267
38 221
37 433
174 498
141 771
156 18
68 627
62 647
107 141
101 951
28 161
36 294
19 924
31 106
67 895
17 638
40 431
12 623
154 275
89 146
62 618
97 524
129 258
167 376
75 354
42 13
130 201
53 990
95 484
159 88
130 588
91 487
68 798
44 809
4 937
54 929
79 331
80 365
107 981
147 385
18 330
127 850
1 172
2 396
118 87
10 349
163 964
96 783
27 160
168 770
91 370
51 871
168 952
172 150
84 82
106 153
171 46
73 671
134 491
56 10
69 942
141 673
107 48
90 151
29 157
75 106
148 830
84 973
157 48
5 862
145 963
118 128
29 773
98 459
87 628
16 743
179 479
22 893
44 118
64 214
95 421
31 489
115 726
45 345
96 283
177 805
44 360
11 495
97 287
20 718
1 65
55 28
143 124
44 943
49 112
132 548
89 337
150 224
162 232
177 717
98 258
26 260
161 951
54 69
89 348
162 552
89 298
21 655
57 964
74 593
94 861
122 497
153 896
68 438
57 718
79 857
157 612
69 617
146 354
161 634
61 477
109 441
87 701
84 498
162 696
144 987
157 477
132 486
119 610
178 843
118 431
102 475
108 657
85 518
146 488
174 926
151 41
116 258
120 700
132 932
40 175
83 843
114 889
81 562
10 48
8 63
8 44
152 221
113 921
158 730
83 921
178 970
85 216
50 122
114 694
153 957
40 449
155 443
99 600
22 453
102 681
140 635
28 299
147 846
127 285
149 942
125 733
61 901
5 642
51 945
110 75
116 230
37 542
115 602
1 298
176 488
138 125
46 165
163 350
103 942
154 548
25 408
63 733
30 623
72 736
139 840
91 804
30 286
178 534
1 384
177 295
75 273
69 36
175 16
149 108
86 254
9 878
12 618
72 200
33 416
34 721
83 309
123 568
23 541
88 650
81 118
24 952
78 386
106 318
74 217
171 390
162 948
170 987
124 411
112 830
36 656
66 541
104 122
70 7
26 99
136 809
78 699
82 500
113 490
63 660
119 649
74 930
6 394
105 828
88 180
179 968
152 600
98 84
174 358
153 329
45 201
62 387
141 311
100 587
148 770
126 893
152 73
63 418
176 904
84 335
37 675
81 237
38 127
46 639
1 594
135 799
116 110
154 872
66 290
58 125
57 449
64 681
137 728
157 302
129 932
64 270
179 130
109 709
93 902
150 933
175 213
96 359
177 50
42 729
91 124
79 867
49 174
58 625
162 391
179 884
165 952
52 609
25 520
82 904
