6212 603
497 574
65 279
60 235
120 485
435 973
10 430
602 844
501 684
471 196
211 756
530 214
271 971
12 742
339 54
460 382
90 232
288 146
140 952
6 75
252 704
550 220
432 143
28 992
460 592
285 914
318 537
83 907
190 973
272 815
234 202
79 768
314 124
117 282
217 640
284 429
558 338
147 183
478 487
147 855
224 300
130 907
191 717
115 883
82 455
457 155
322 974
35 981
106 799
365 69
221 544
319 67
560 507
573 524
374 967
461 586
538 583
520 943
17 249
453 46
309 583
400 154
402 921
419 933
397 482
171 971
348 455
181 60
383 67
62 381
389 670
317 32
62 369
420 759
236 779
347 565
18 463
203 37
490 916
13 833
579 452
362 612
50 85
471 912
499 619
592 442
278 188
225 137
313 770
337 314
158 557
313 119
274 902
257 875
494 390
488 951
225 29
603 529
208 979
341 728
66 34
216 969
405 529
413 213
312 219
83 584
70 710
170 204
302 165
507 60
145 358
137 729
370 181
486 273
125 127
202 875
91 872
563 508
401 94
522 877
589 3
98 266
424 134
399 844
131 435
434 88
371 223
371 535
68 645
32 492
409 979
82 529
221 949
332 698
162 625
85 967
52 874
153 407
57 574
284 352
261 704
240 224
318 734
18 15
125 291
443 42
458 230
42 42
72 746
44 35
135 524
368 230
253 864
488 95
545 709
296 679
211 476
560 307
200 141
276 995
371 713
40 644
30 225
148 982
567 918
251 111
470 879
139 631
108 894
551 698
14 195
193 721
165 327
307 705
466 603
480 274
189 815
329 553
72 555
20 550
31 713
290 919
585 584
191 819
434 619
243 240
394 504
156 38
175 2
105 602
546 616
301 476
196 443
250 769
111 692
203 121
547 787
601 370
20 649
266 811
58 415
139 738
517 909
217 207
486 612
324 791
85 636
528 217
97 151
461 156
407 452
544 544
390 653
14 232
447 9
10 990
87 835
501 71
238 993
147 747
14 21
103 798
214 888
558 594
28 898
573 659
506 843
323 857
491 590
514 314
308 200
226 285
513 373
327 879
207 460
579 2
414 886
175 593
82 11
571 382
404 300
155 541
300 674
130 982
11 550
271 302
327 447
170 710
73 455
110 339
1 198
596 965
218 558
344 64
563 37
185 277
365 534
367 818
204 784
528 838
273 533
175 750
224 957
584 43
276 864
155 146
563 560
26 90
597 205
383 225
234 286
144 272
448 511
269 914
369 69
505 393
518 644
446 577
118 658
271 923
326 977
291 316
493 568
82 715
369 979
38 670
399 167
260 158
236 543
145 94
217 698
389 440
234 698
425 736
220 86
292 199
584 929
42 633
262 617
489 7
517 328
498 886
571 279
4 399
551 878
329 861
27 685
188 898
436 935
44 626
312 801
56 325
93 623
22 817
39 760
170 39
64 661
360 898
298 902
402 83
381 269
433 911
57 776
365 599
383 403
487 886
301 484
502 95
530 734
267 773
33 662
56 641
250 417
601 560
108 372
151 218
389 122
90 124
437 266
429 247
185 167
339 351
201 798
524 708
599 459
161 636
233 636
344 599
595 36
362 626
511 842
334 173
413 72
24 533
20 844
433 938
412 2
511 2
265 575
115 421
25 984
573 918
414 401
37 16
558 407
297 79
39 887
495 35
215 92
200 761
315 669
286 561
372 404
279 97
396 320
71 472
541 972
199 516
599 126
406 245
148 625
201 895
539 691
464 12
268 823
174 656
377 813
525 923
94 757
578 835
103 776
127 487
422 375
151 533
415 41
54 844
199 290
514 195
135 846
381 513
504 122
297 2
399 548
463 257
151 318
91 520
53 703
578 137
258 505
568 905
352 444
302 831
228 802
516 914
56 993
69 336
458 660
370 264
414 610
280 777
588 854
458 960
404 293
77 926
164 83
336 592
327 790
358 78
98 825
318 308
427 203
159 795
167 230
354 761
302 544
343 485
33 773
439 820
364 290
384 263
242 220
450 466
303 144
563 847
180 792
454 705
283 452
589 514
200 342
348 69
491 597
238 556
240 59
192 923
181 175
512 435
236 868
223 24
241 56
456 828
117 374
516 818
246 796
187 547
336 606
506 332
344 737
318 366
103 329
441 445
130 443
453 98
108 19
467 1
465 904
478 876
225 323
441 661
550 500
258 632
5 933
74 935
479 925
542 684
553 582
308 131
362 279
488 228
112 26
262 429
65 439
74 383
445 840
245 829
54 915
361 416
322 91
509 237
593 295
181 220
561 178
520 747
3 25
132 714
572 360
328 525
156 541
490 997
578 539
284 239
419 289
575 971
569 81
334 614
385 441
541 241
186 317
142 815
49 139
415 731
340 133
588 872
599 979
575 559
251 918
276 796
407 734
253 417
118 254
404 842
509 970
249 704
467 384
52 30
324 764
455 135
455 434
326 974
575 248
445 236
256 81
506 533
240 875
103 931
530 346
2 386
596 787
587 626
322 378
11 473
525 748
5 662
603 437
474 239
320 772
114 580
504 178
355 961
396 655
522 728
500 709
116 517
321 971
58 544
399 619
590 247
309 668
281 961
253 744
33 796
307 47
480 503
578 763
375 569
567 586
29 544
559 407
469 579
22 218
509 353
316 211
588 352
227 202
293 543
423 434
580 323
149 434
561 998
218 475
172 499
307 229
338 356
177 33
426 444
449 88
533 693
364 699
118 764
37 288
573 424
493 92
547 806
238 180
404 120
580 866
296 889
517 438
533 227
524 626
281 729
31 269
273 541
587 273
102 875
127 470
452 228
532 893
519 933
231 605
245 653
244 113
316 722
585 591
227 141
342 235
314 81
389 682
284 600
572 920
45 702
242 802
163 628
29 781
560 990
418 581
362 261
203 6
139 838
285 183
168 514
556 770
540 876
477 702
347 374
297 509
198 372
48 822
494 839
486 876
352 443
332 317
497 625
507 419
8 350
574 895
247 106
471 665
104 458
247 817
104 727
481 154
437 325
600 313
29 525
348 58
103 211
300 427
434 888
243 432
125 113
28 821
440 782
98 855
376 956
176 668
247 428
161 837
572 513
275 955
41 214
266 880
343 838
315 690
282 890
95 371
88 623
424 859
502 701
300 252
397 361
76 893
247 731
394 65
537 33
126 621
566 251
252 133
461 37
123 183
556 656
482 334
56 616
572 88
437 903
410 137
87 857
89 526
259 902
210 731
2 828
372 454
201 546
78 185
42 998
161 403
551 464
378 320
522 221
358 69
66 845
452 253
93 820
584 334
26 117
130 461
95 442
442 422
515 854
317 476
385 563
104 383
189 596
543 249
355 789
111 800
61 365
523 40
447 843
180 926
138 958
264 29
487 580
326 189
453 788
443 871
72 492
441 994
536 147
349 842
527 32
313 379
207 273
271 770
68 757
280 221
142 963
23 574
561 976
286 67
413 886
282 249
143 615
79 781
570 222
512 329
464 86
333 981
535 809
121 964
131 602
266 163
449 947
176 965
140 752
274 361
146 306
489 242
231 102
526 238
218 323
191 960
447 88
45 743
531 339
409 292
595 146
331 112
250 950
564 171
323 36
518 574
240 554
572 851
378 680
434 975
176 164
206 519
188 908
191 319
538 545
241 52
365 246
489 988
440 765
7 33
182 722
70 874
360 814
535 210
154 493
273 615
10 16
247 868
70 236
119 575
93 658
356 716
271 317
502 256
298 823
541 118
416 284
66 590
233 100
292 825
54 238
236 287
127 600
249 953
506 48
516 694
118 534
133 514
17 807
209 795
364 244
125 683
400 681
207 705
47 710
149 855
127 641
569 29
437 330
128 413
278 278
582 357
546 501
46 520
374 884
15 509
367 700
302 686
59 577
17 99
339 467
404 253
432 304
499 491
330 800
286 856
386 288
46 779
139 880
64 333
20 197
510 183
329 936
388 761
269 348
35 404
91 708
208 345
387 411
110 464
239 378
552 354
461 501
226 767
98 830
557 849
173 521
353 655
419 606
490 291
105 59
248 285
428 543
140 325
535 872
510 508
293 182
507 444
542 781
424 132
158 463
588 845
497 528
153 359
131 920
402 301
285 53
342 364
267 262
205 177
282 977
99 472
43 294
418 77
164 769
80 863
575 876
512 480
152 970
10 630
364 534
560 53
10 738
50 19
48 976
32 907
71 533
342 59
311 977
91 461
399 48
32 986
518 820
231 730
217 920
420 21
598 542
592 853
595 715
56 802
286 606
302 805
438 932
572 477
316 607
375 157
196 554
185 851
324 942
249 651
335 465
160 107
489 834
84 988
382 102
110 367
594 510
48 374
240 207
38 662
469 656
391 612
189 831
503 581
73 613
564 12
42 309
313 928
326 537
262 19
527 517
117 692
530 722
377 494
30 940
422 127
215 53
506 858
584 160
148 781
527 990
332 980
270 956
537 556
318 99
47 64
548 255
491 624
319 121
451 429
560 805
242 847
482 973
279 799
406 524
552 445
160 19
416 987
424 399
38 207
494 897
183 437
232 317
252 963
379 603
418 220
382 2
201 806
436 400
119 499
400 843
442 316
357 211
141 521
445 117
132 370
98 362
10 657
198 645
436 678
422 65
148 258
199 121
559 76
46 478
168 271
357 301
228 666
369 942
494 374
112 166
580 196
243 766
276 925
367 793
50 168
453 850
468 335
503 4
267 522
108 8
263 146
464 283
392 159
135 829
157 803
86 395
306 5
329 349
542 543
573 121
117 193
508 494
420 739
228 298
558 390
558 85
142 220
256 659
25 92
556 422
94 767
198 218
26 702
207 896
535 193
271 91
498 113
261 493
575 879
164 235
424 154
163 541
348 230
80 983
80 664
476 243
242 803
455 781
515 685
247 5
374 778
309 841
357 688
457 904
180 426
283 264
243 142
283 272
435 183
306 855
373 299
78 540
279 13
264 219
71 300
306 582
73 739
353 730
301 567
69 998
282 260
29 735
89 264
313 407
362 767
267 617
446 589
16 967
197 991
237 541
137 394
285 923
492 274
84 630
539 269
407 759
455 894
355 434
528 442
205 153
545 270
149 999
9 983
331 374
362 96
17 25
235 584
187 690
533 401
276 53
127 554
128 627
233 302
584 905
358 899
83 510
279 196
420 272
514 856
595 984
155 552
45 449
233 125
183 589
90 407
573 880
438 7
59 435
98 686
555 290
92 980
476 367
309 226
137 397
60 648
145 485
113 160
407 524
521 17
183 291
453 173
142 158
296 587
584 774
459 661
12 263
402 235
77 762
163 831
485 668
55 415
79 333
454 199
599 243
470 436
92 828
358 873
319 335
468 174
471 436
116 548
187 783
223 138
18 649
81 955
408 527
152 278
210 913
385 741
522 956
80 406
93 401
117 469
476 932
567 120
254 685
551 937
582 274
281 384
530 307
190 279
335 805
210 860
338 880
145 650
591 321
55 248
114 409
280 608
543 67
494 657
44 858
442 334
370 761
548 373
357 33
369 33
491 630
311 553
269 658
492 95
355 265
98 937
296 604
141 107
171 94
541 898
4 98
286 899
415 882
130 578
12 809
585 371
360 987
573 597
515 48
111 226
521 885
461 481
353 482
430 220
375 852
310 922
236 781
40 966
258 543
479 830
171 941
427 781
47 611
455 465
462 368
118 541
564 827
575 201
526 603
285 13
96 830
512 122
165 971
472 385
28 328
114 249
1 420
147 709
466 470
416 732
252 332
522 904
562 517
31 839
452 368
576 317
155 219
112 616
270 981
7 683
106 915
369 339
103 47
87 949
283 284
498 702
556 212
94 177
273 74
571 205
311 240
537 581
62 594
506 278
296 938
111 420
431 538
367 813
356 468
481 500
593 358
597 959
279 358
328 450
477 339
245 362
104 204
4 3
136 702
590 203
278 954
437 244
581 468
175 918
32 573
382 218
543 434
363 744
72 572
454 650
515 838
339 175
312 450
149 577
386 188
301 199
368 125
34 788
550 785
111 566
274 42
373 584
389 507
112 728
512 813
599 449
197 717
549 563
10 244
27 902
19 982
16 947
314 940
362 955
33 274
312 965
182 449
401 860
251 590
159 479
87 329
385 864
5 983
292 302
45 353
596 714
518 763
209 933
453 277
437 265
599 582
390 844
5 284
183 672
258 4
489 158
38 353
94 734
111 469
480 344
60 65
389 86
209 947
215 471
177 819
336 958
122 557
387 890
431 658
399 836
26 302
352 715
123 947
431 811
463 357
419 953
201 845
478 825
9 494
31 369
171 635
600 291
560 967
96 327
13 571
501 62
277 691
155 88
335 265
414 247
519 177
448 946
593 420
565 971
73 757
556 177
306 454
349 607
237 172
430 451
296 247
465 472
461 292
350 308
466 42
184 819
200 176
82 338
444 886
360 476
223 447
69 857
112 485
339 978
87 989
64 319
574 375
598 25
493 63
263 88
285 903
141 21
189 667
15 489
575 755
387 469
104 452
390 272
101 127
521 429
336 33
10 129
568 482
390 569
446 734
116 314
40 911
180 688
55 736
523 912
299 571
158 437
254 277
309 678
388 989
107 142
529 808
373 139
186 504
20 161
142 536
266 628
603 506
211 569
478 489
111 669
142 343
520 580
177 320
121 844
95 165
377 367
99 427
440 693
212 145
594 135
15 333
254 397
310 544
344 113
432 965
288 346
40 814
441 442
145 463
448 345
158 777
557 143
161 41
600 997
520 310
270 5
355 142
345 182
51 937
317 705
574 709
258 862
135 528
292 88
430 417
177 637
580 600
66 79
123 674
508 789
43 526
411 347
257 538
230 685
219 678
87 320
389 319
148 218
222 358
338 709
352 759
141 648
484 59
231 45
50 574
516 852
528 841
387 631
64 977
233 476
402 830
436 951
37 101
31 381
424 583
357 241
498 800
121 922
534 944
239 723
321 549
484 67
66 519
602 939
282 803
47 410
81 641
281 292
176 278
481 607
79 523
279 116
289 532
74 596
387 89
478 601
266 656
260 560
495 881
577 686
590 857
358 928
460 592
403 881
445 795
129 760
414 770
378 527
474 859
109 45
470 685
406 541
502 910
566 173
445 934
281 872
373 762
264 100
221 969
574 957
317 10
542 544
526 213
54 665
276 45
178 141
153 501
351 121
171 647
280 417
442 78
509 313
342 526
591 760
269 574
3 496
24 925
512 864
244 258
330 274
596 451
233 717
386 807
92 524
292 236
143 756
582 602
258 570
384 845
141 867
345 727
233 531
88 275
364 39
70 611
35 386
459 492
331 420
334 21
20 198
360 228
457 623
557 776
383 410
87 280
33 342
42 306
501 501
35 125
276 261
536 712
445 626
319 240
8 786
574 710
362 359
309 591
156 233
76 250
38 537
327 437
288 519
131 185
134 446
212 113
30 931
297 111
75 929
352 639
526 167
524 922
266 552
7 509
572 714
281 431
357 960
210 366
586 760
369 891
366 190
544 617
157 999
575 234
409 903
36 930
437 756
474 642
304 1000
123 94
176 866
65 544
261 590
130 475
207 785
493 504
286 894
128 780
370 195
277 184
430 828
397 56
516 511
177 757
88 751
540 435
258 618
545 491
559 267
103 322
337 984
94 273
345 812
549 91
67 790
399 401
355 249
84 409
410 426
243 363
210 285
271 131
237 65
200 42
309 703
375 525
421 247
26 220
310 658
464 892
496 401
241 182
119 477
290 566
367 421
167 276
194 539
504 974
68 639
293 996
286 538
251 683
61 876
361 163
166 104
532 985
471 203
409 294
135 736
269 949
40 494
359 25
248 416
425 813
254 756
428 130
135 957
94 372
156 906
330 141
517 244
380 889
385 140
283 577
266 58
173 256
249 103
590 473
459 396
363 407
72 569
232 411
60 215
265 593
458 462
533 979
65 920
328 701
600 740
522 959
97 12
307 687
387 575
324 668
23 408
140 268
267 493
303 518
58 528
448 201
231 786
580 988
191 619
195 11
524 459
193 113
51 573
386 824
229 806
519 426
472 746
602 180
556 136
398 582
362 121
589 148
586 301
136 360
57 53
542 325
581 946
378 485
272 957
30 109
460 525
4 20
37 420
264 159
93 810
102 936
33 377
485 970
511 175
289 439
250 47
82 786
197 400
46 29
570 476
250 405
525 994
177 521
464 221
126 446
150 788
376 254
78 448
80 988
447 512
270 241
255 608
422 771
483 141
84 297
171 475
53 944
257 560
367 433
502 902
356 600
91 28
124 807
574 438
598 33
10 561
278 671
328 904
430 502
146 514
558 983
340 905
159 422
393 612
310 788
499 942
317 669
309 28
30 395
132 667
508 513
557 9
581 432
291 575
481 445
178 765
565 569
17 78
95 352
329 751
148 419
301 612
110 510
587 612
377 626
591 896
315 68
376 280
239 164
231 254
478 439
178 824
55 494
519 642
133 413
481 506
598 133
268 931
264 714
124 242
467 981
118 564
515 811
534 118
74 196
241 835
446 717
55 26
468 38
306 854
166 573
526 276
282 410
411 976
458 657
159 184
557 667
424 351
323 812
407 724
8 854
28 536
97 285
317 548
339 898
100 305
248 65
446 173
156 394
93 165
369 211
267 605
180 252
131 274
266 505
324 57
561 372
268 733
67 233
270 773
279 265
552 787
558 463
315 22
344 630
597 569
172 344
33 722
417 136
210 364
566 114
450 693
150 998
376 40
6 776
73 805
566 243
158 300
24 913
477 358
162 340
266 284
520 545
447 973
228 32
258 541
458 93
225 904
90 306
270 451
537 267
332 532
133 256
285 293
15 606
537 477
492 399
46 326
592 109
29 264
417 187
127 861
302 548
306 411
127 938
360 797
550 48
574 818
164 57
478 485
440 767
186 563
298 228
94 456
299 676
261 354
527 465
603 708
489 470
153 909
236 373
347 806
555 113
316 624
544 20
509 260
163 707
488 408
546 45
393 201
180 903
395 3
358 74
262 595
123 540
311 622
478 99
521 175
246 341
288 253
255 555
100 258
148 721
217 485
84 736
179 873
325 453
426 700
441 263
22 697
31 36
39 646
284 541
526 847
454 325
444 17
275 566
174 192
520 748
126 225
274 895
26 880
235 670
243 84
198 575
489 846
204 344
376 518
156 193
396 22
296 159
323 773
392 811
586 117
281 705
450 333
304 194
406 231
425 778
152 83
569 146
369 891
588 303
228 413
77 73
179 308
300 997
415 47
478 444
200 193
62 506
15 703
53 375
199 421
431 145
210 833
252 121
32 902
516 921
231 675
282 156
193 914
269 102
225 641
206 40
87 780
218 46
407 609
566 8
489 130
301 204
37 895
470 18
412 137
516 151
523 536
450 11
153 23
27 643
119 234
293 311
249 79
224 701
296 42
550 804
468 183
377 514
219 932
503 559
427 364
503 224
432 717
438 501
442 683
270 394
113 555
139 586
594 352
202 519
399 578
350 828
598 114
35 611
350 328
230 807
447 589
420 908
201 809
197 314
152 782
552 821
323 499
235 640
259 842
357 93
250 146
597 246
58 877
135 320
99 83
211 947
194 166
199 595
190 908
383 506
274 624
100 883
320 642
449 609
429 210
348 302
266 960
568 532
474 919
454 432
149 838
214 473
442 966
286 182
148 727
53 525
419 250
139 549
216 864
284 861
538 834
50 706
209 926
38 637
457 977
203 635
591 720
76 419
356 949
438 628
110 616
183 220
237 195
289 265
588 189
65 852
217 992
545 882
458 932
237 410
130 202
97 433
391 945
454 72
53 852
359 77
91 25
188 678
173 892
261 281
587 530
327 199
431 375
545 636
290 888
164 193
76 177
133 947
574 497
340 89
469 161
574 169
405 745
126 931
56 971
199 204
538 190
259 877
192 764
444 706
392 76
74 252
247 49
476 639
412 537
480 861
381 222
230 728
352 905
494 924
194 442
536 91
84 585
515 791
297 593
352 915
573 575
80 210
458 119
563 367
187 631
248 435
302 323
502 595
80 543
475 431
459 960
39 396
448 876
187 475
451 436
196 112
511 201
297 539
238 869
479 395
361 221
504 454
73 446
95 769
212 885
113 222
583 117
66 737
583 429
115 35
28 456
279 912
365 115
532 136
569 218
174 673
386 931
358 667
4 321
566 603
53 274
97 649
111 34
473 545
519 38
490 198
365 922
433 467
272 100
160 512
454 758
199 315
466 23
129 68
166 435
137 15
268 111
437 982
551 726
360 405
123 478
137 220
273 220
97 625
555 244
346 547
56 97
354 208
259 371
345 232
208 396
335 687
303 626
362 591
232 585
497 180
143 798
335 150
411 732
140 890
500 547
189 153
16 404
391 248
74 62
440 391
194 29
589 346
193 205
496 691
185 275
41 613
96 573
447 683
44 844
338 239
403 633
334 435
407 830
355 196
212 753
269 481
86 508
470 832
428 847
534 146
550 757
130 3
411 187
416 35
464 732
260 399
395 567
289 24
236 335
118 786
88 146
65 519
9 27
428 610
341 897
253 460
235 301
106 755
356 48
357 294
212 34
168 218
38 668
36 904
215 287
364 884
253 219
399 152
386 145
601 471
415 521
465 658
224 557
97 791
291 436
600 52
190 896
285 32
423 456
326 443
108 855
351 898
573 275
214 692
39 903
534 255
485 177
142 675
253 709
141 861
534 560
567 238
205 573
379 330
36 692
37 842
106 334
135 450
548 610
298 91
292 892
287 234
582 904
277 631
201 323
11 992
39 763
363 235
198 114
347 503
67 735
492 388
25 292
412 166
25 577
215 206
245 648
347 993
293 287
441 487
574 609
114 85
501 605
512 20
596 885
514 359
229 169
71 193
567 898
555 477
454 479
164 268
230 843
56 435
327 988
572 690
3 110
303 382
319 655
582 231
332 224
298 115
567 714
74 897
219 990
146 535
64 724
584 693
70 725
46 520
327 97
56 168
602 762
207 201
248 79
154 126
332 306
204 153
180 571
54 605
242 386
379 933
280 752
206 345
458 615
31 256
477 622
307 281
451 598
561 377
111 631
429 1000
442 764
602 195
496 26
313 92
27 589
499 917
181 724
523 969
575 848
449 620
481 425
495 653
493 305
496 867
123 670
263 125
2 780
62 377
188 441
449 910
466 232
521 785
97 15
103 780
108 224
65 954
225 420
239 37
77 923
257 89
276 277
445 494
404 84
504 449
523 312
383 363
474 938
194 289
548 969
315 906
230 304
214 956
80 965
199 192
495 844
412 313
186 755
373 217
419 955
602 85
245 349
591 300
246 227
107 843
445 322
496 276
598 207
404 610
466 255
128 990
341 237
16 846
33 688
110 729
524 714
582 972
426 834
167 312
227 331
156 809
150 779
405 904
221 981
565 154
9 111
334 632
593 388
227 261
444 172
114 187
384 559
119 254
144 766
251 871
42 426
236 562
537 835
480 208
1 930
460 446
272 415
222 636
306 828
170 536
74 151
13 496
499 180
461 211
90 721
320 193
212 329
559 294
55 906
553 779
94 614
233 965
476 438
245 380
531 970
589 637
128 698
183 17
99 976
398 332
471 260
450 111
289 935
493 966
395 552
456 986
377 658
309 368
462 524
34 328
270 919
132 415
546 68
180 925
342 820
11 552
56 877
434 87
15 532
54 928
38 302
421 147
37 613
103 5
275 73
384 766
358 364
241 739
195 645
587 116
283 918
293 95
369 390
125 380
129 608
513 238
569 786
302 824
257 263
216 918
526 590
139 336
510 592
496 299
322 486
52 591
483 936
5 314
410 575
240 27
396 564
350 200
489 838
83 528
152 185
572 242
355 594
106 621
1 572
2 341
189 453
483 981
5 169
458 103
424 662
185 421
528 791
118 188
428 106
115 940
318 986
320 665
312 421
271 981
24 814
4 836
336 532
208 430
129 954
370 328
281 229
482 59
215 969
19 668
170 44
462 291
243 506
85 700
596 895
290 944
490 792
186 269
291 242
37 586
103 601
312 332
45 643
326 188
302 547
584 719
57 678
114 676
387 121
14 186
570 473
586 167
14 57
349 770
590 368
6 450
451 1000
543 620
420 232
200 577
601 563
359 5
158 823
296 386
601 103
485 659
283 282
385 657
437 513
362 889
444 133
41 476
487 870
289 974
577 541
449 112
203 203
397 583
588 816
22 410
520 29
191 679
31 890
366 910
595 73
363 269
101 489
588 978
7 596
216 812
211 953
321 539
149 546
20 955
252 599
422 198
128 834
504 647
168 777
427 887
427 904
311 555
364 116
79 756
160 568
314 798
274 452
266 401
311 489
444 107
298 62
560 101
569 974
435 97
562 712
490 667
285 502
214 485
162 86
412 752
496 932
370 858
325 526
184 219
594 998
348 479
114 788
290 407
216 994
49 263
144 262
419 730
179 491
245 258
175 624
472 744
30 695
82 98
499 103
185 991
422 659
449 733
584 201
563 820
581 60
139 473
93 443
555 300
177 592
35 642
520 273
587 227
212 562
92 701
333 416
457 631
199 928
386 327
507 358
283 845
235 382
29 941
105 383
15 697
598 923
255 53
495 737
6 289
520 739
178 891
168 888
94 90
4 619
392 428
487 922
355 409
444 184
296 789
484 675
435 362
262 254
514 492
375 713
337 931
182 4
479 84
386 240
558 961
411 166
330 540
373 237
270 208
195 584
84 216
489 758
310 926
484 609
149 206
56 455
278 736
1 332
23 881
518 694
468 274
395 496
342 80
174 615
153 682
130 408
241 367
6 784
200 885
129 10
309 579
63 861
71 752
563 579
102 193
101 796
1 223
301 177
379 742
94 473
564 392
245 943
70 448
419 521
56 232
394 43
185 579
162 186
563 531
175 298
423 676
308 329
548 271
83 225
209 344
283 714
576 577
399 477
425 637
369 234
393 773
197 691
258 903
471 295
315 658
435 24
412 203
472 501
31 642
131 817
343 414
457 962
556 733
84 499
273 949
282 18
21 622
327 922
379 838
118 19
127 467
55 997
457 844
586 377
510 873
223 24
414 574
212 369
590 972
255 895
360 928
269 353
583 859
71 617
570 944
196 942
336 32
14 193
602 289
120 243
296 371
544 718
529 466
568 176
430 143
420 803
183 543
399 607
251 754
273 319
413 117
269 544
24 521
289 645
102 713
187 421
240 952
218 907
359 977
477 22
215 277
510 575
340 489
449 93
29 229
302 460
505 318
539 361
389 292
443 208
73 381
136 399
182 632
401 1000
221 435
209 683
539 526
121 457
215 974
589 650
436 555
161 584
522 722
126 178
291 379
466 474
367 228
581 559
75 324
446 828
521 377
544 991
44 571
37 291
367 710
413 566
226 44
143 972
251 641
327 386
116 173
572 651
231 189
563 855
387 131
496 423
148 401
235 939
566 450
387 868
255 570
420 850
195 464
180 502
44 75
514 105
76 674
42 844
489 195
239 182
331 757
178 290
28 765
513 285
480 829
465 884
135 441
553 964
211 424
140 728
68 593
230 344
565 371
223 580
97 931
342 76
332 730
181 571
356 589
408 151
258 531
247 732
329 211
584 470
187 443
197 698
195 962
333 837
419 47
19 459
325 599
309 858
532 147
5 532
333 727
156 121
138 709
320 210
70 696
209 999
321 817
485 42
502 998
296 50
103 686
135 169
589 878
44 911
341 535
332 676
118 237
326 961
310 17
197 440
504 360
285 32
291 955
303 906
286 549
593 286
309 624
180 279
488 536
339 811
454 286
583 900
448 526
68 585
345 273
323 782
557 380
107 367
63 288
290 937
412 200
571 450
431 53
97 820
52 901
535 926
183 976
127 850
481 26
197 336
171 692
416 842
123 739
267 782
486 952
389 568
34 934
348 469
366 694
537 40
449 62
183 432
179 686
391 736
19 938
187 567
228 795
17 78
117 750
492 508
360 307
172 13
262 471
524 943
460 194
407 723
280 370
211 74
492 399
6 118
327 821
27 764
360 101
103 41
574 243
130 250
88 753
86 818
10 563
425 992
408 650
528 198
248 305
175 307
232 211
121 266
139 683
410 857
14 289
280 419
213 308
397 542
441 611
309 62
456 763
343 552
593 804
535 192
464 12
141 91
492 442
413 750
129 868
101 525
336 938
290 972
528 128
456 474
519 848
146 449
28 870
117 912
569 186
467 777
559 521
165 659
205 397
368 289
392 640
393 848
109 29
177 165
487 87
227 109
468 360
390 340
258 540
432 511
219 651
570 969
418 146
397 850
235 818
456 611
500 568
319 571
372 620
97 885
516 530
271 984
315 332
348 814
495 125
229 653
453 263
512 993
181 126
603 104
477 636
590 852
268 19
475 381
173 158
601 956
248 448
44 57
8 202
161 39
115 306
1 747
260 135
499 680
261 910
1 477
366 832
122 581
293 105
72 134
552 643
443 451
507 969
456 546
89 844
506 799
126 146
226 55
167 626
158 766
248 25
368 954
538 936
494 933
502 955
118 270
318 587
146 257
267 397
424 67
51 98
431 790
61 533
325 747
444 504
595 803
476 503
411 29
63 586
516 980
276 768
366 278
383 527
601 814
335 901
227 482
548 330
486 29
229 259
372 302
239 337
143 384
363 232
487 160
404 32
497 730
121 568
113 885
103 302
485 314
573 904
584 593
509 566
525 547
449 109
471 577
37 13
312 220
538 196
38 443
120 674
193 928
179 83
9 699
436 336
103 781
221 590
93 662
220 37
303 817
537 290
314 459
386 749
509 847
469 420
534 956
526 566
106 45
496 881
414 168
557 309
52 712
211 527
598 140
126 583
39 549
354 778
183 644
544 528
113 121
476 327
305 789
359 454
380 361
257 675
373 621
517 134
46 634
593 668
601 240
487 764
143 577
29 485
13 284
108 463
170 651
153 85
540 589
40 849
182 165
500 592
311 929
241 66
178 395
543 635
435 220
447 685
300 828
45 860
131 291
564 392
593 124
413 438
156 588
148 440
398 183
600 360
518 276
333 385
92 204
199 526
390 87
62 489
305 214
448 318
134 522
398 333
552 892
591 819
256 35
217 369
564 569
340 332
186 830
436 627
278 356
482 885
127 241
311 712
308 488
213 75
571 568
526 413
530 283
537 707
156 440
190 382
21 250
507 507
231 352
529 609
1 715
525 350
218 266
183 131
477 369
34 443
569 261
266 72
188 714
233 70
81 373
302 470
157 859
328 685
27 848
224 434
368 793
243 83
402 563
350 49
457 161
297 199
240 218
482 271
81 248
418 325
395 282
395 42
24 498
58 74
344 832
559 326
483 622
59 515
106 691
439 729
125 936
287 246
526 29
34 288
542 949
214 614
30 277
285 920
48 513
42 578
48 872
238 230
27 307
198 631
434 138
258 134
367 863
200 408
144 488
547 758
498 1
417 643
588 480
321 394
321 968
171 950
199 958
180 72
274 487
73 453
123 528
270 957
555 348
76 757
64 82
414 838
228 837
115 724
129 394
510 335
583 621
568 821
565 804
317 198
454 882
331 503
585 134
213 840
38 681
425 174
38 380
579 913
303 664
467 511
249 227
282 199
587 130
248 431
523 689
491 535
7 813
465 660
326 707
528 270
108 854
442 602
108 805
462 792
531 66
442 150
436 228
221 107
190 862
410 733
353 510
83 708
116 478
447 780
390 183
553 151
21 249
326 937
104 941
463 778
590 571
502 320
138 516
582 810
509 873
420 62
596 225
70 883
269 799
416 872
332 242
297 908
285 980
364 987
62 940
267 183
303 228
183 941
386 19
268 364
363 155
229 586
218 412
136 6
501 808
384 175
307 781
180 939
456 670
422 1
367 362
399 568
523 172
376 501
478 305
440 97
556 437
475 137
76 158
86 948
341 183
264 449
470 887
271 886
121 359
129 314
394 840
341 436
284 891
575 377
319 526
518 954
346 254
409 947
296 615
4 902
257 622
68 342
238 176
534 997
273 632
203 606
421 165
53 891
517 169
365 608
224 347
390 222
346 262
598 753
302 88
282 275
35 828
425 863
442 456
245 46
42 872
419 861
240 401
387 853
179 927
479 602
67 743
223 413
233 405
62 306
456 32
3 586
190 305
103 266
69 48
232 923
368 167
294 152
198 653
201 19
383 868
326 832
546 626
524 327
551 628
597 494
544 887
96 134
6 318
480 777
480 759
80 715
10 965
555 718
523 783
271 843
115 360
139 776
109 653
108 125
540 874
178 710
94 413
551 252
42 737
19 52
379 205
97 342
166 867
176 23
143 753
300 751
325 507
582 716
481 983
32 206
503 679
567 241
441 83
374 718
277 932
357 817
532 346
67 380
291 520
291 635
47 274
225 463
207 638
257 83
83 104
325 210
498 4
369 575
113 776
490 35
398 791
517 882
195 623
502 166
573 52
514 523
254 723
505 145
431 79
401 414
576 176
42 25
30 647
571 152
474 748
416 163
23 944
246 398
63 931
451 475
501 431
100 662
47 563
79 711
55 785
94 68
391 16
131 772
477 698
430 564
311 783
533 70
522 425
440 422
327 886
527 939
391 241
416 916
557 217
527 920
248 889
389 12
489 350
139 546
525 796
400 556
96 282
68 525
86 585
198 856
560 656
294 7
454 995
176 469
512 952
77 508
570 601
241 497
258 772
285 739
283 510
480 407
599 204
540 767
335 256
596 222
532 170
508 421
473 60
516 162
521 117
288 852
309 759
217 680
148 178
237 463
527 679
307 845
475 221
85 988
512 343
494 479
53 835
87 863
260 509
193 282
588 522
325 527
305 302
43 867
94 966
469 903
75 246
336 95
503 421
478 628
63 148
278 139
357 155
52 661
208 612
543 341
139 430
286 765
262 787
328 777
374 762
553 770
413 230
86 348
292 461
225 280
411 865
264 739
66 235
156 69
422 139
117 619
477 41
333 110
450 192
367 650
2 821
552 336
545 100
407 964
159 515
104 407
407 286
561 902
297 601
368 161
405 873
128 93
322 779
295 651
111 771
501 630
184 695
96 841
456 930
38 663
357 17
68 361
402 481
416 348
520 271
115 224
496 806
262 242
562 5
419 274
406 726
573 830
107 361
499 446
444 103
544 621
492 23
77 198
1 980
371 29
532 468
397 114
603 163
456 474
134 278
179 965
73 641
127 105
511 634
179 909
475 227
49 375
239 355
428 215
513 454
298 866
426 113
435 928
174 671
300 157
62 974
345 628
368 338
455 23
347 90
52 497
305 750
398 956
140 959
288 931
484 39
383 946
41 444
346 632
441 738
322 852
580 926
327 797
82 299
233 305
79 1
269 191
154 73
325 101
326 986
549 474
61 439
401 541
96 311
542 92
204 636
370 374
78 805
126 330
445 371
157 133
570 895
524 744
268 227
11 800
76 165
367 717
39 143
65 883
323 473
457 587
69 270
35 747
31 578
356 626
483 651
67 365
244 789
600 789
346 860
248 31
336 70
576 106
153 54
148 52
108 539
535 942
532 902
535 443
591 680
464 957
74 321
219 472
30 202
33 981
491 652
100 929
311 231
570 11
424 356
229 705
285 219
547 804
81 230
276 311
124 364
600 196
17 151
330 199
119 54
504 177
3 884
244 846
319 79
178 783
18 186
527 361
497 579
36 965
244 254
164 366
36 664
23 838
530 548
365 785
344 298
192 351
403 323
227 47
373 38
413 607
587 583
220 557
191 170
513 673
414 204
40 896
506 907
514 971
521 401
443 742
441 261
577 993
42 585
482 234
146 389
496 377
495 659
143 291
476 505
363 824
300 978
552 765
371 901
78 859
578 140
9 318
316 663
294 406
397 119
374 881
601 587
228 679
455 54
90 709
20 782
394 315
138 95
466 350
212 886
386 143
237 935
414 753
271 504
326 807
49 811
558 724
444 64
132 352
585 928
490 514
566 11
139 625
544 411
155 266
391 991
212 357
183 945
277 808
553 417
3 218
33 367
237 417
289 924
101 845
51 50
578 666
388 431
427 450
46 535
302 801
176 159
273 15
162 331
294 802
410 280
41 113
111 850
232 570
122 656
102 21
340 779
342 774
435 635
327 687
327 554
77 291
194 686
325 93
459 867
294 855
96 647
18 827
322 565
427 142
567 515
299 63
117 843
382 437
93 902
584 310
105 420
177 33
535 765
351 85
81 115
12 663
559 958
169 209
4 711
167 285
464 157
131 366
276 355
50 783
46 895
446 785
335 629
210 562
76 859
22 409
376 858
334 643
136 635
552 297
135 311
185 800
128 302
57 711
179 386
62 196
118 889
245 312
311 430
181 574
578 943
533 312
394 49
184 738
10 368
474 597
427 656
175 205
27 407
295 572
569 320
2 37
282 25
59 161
199 165
191 821
20 396
26 386
392 390
297 460
37 916
105 204
210 831
154 286
527 743
41 52
222 813
213 937
421 953
526 334
107 933
595 576
424 63
217 32
23 331
217 250
14 743
92 646
152 918
334 387
388 470
93 295
98 481
393 144
556 192
417 878
251 307
603 606
248 290
575 945
596 575
296 258
298 762
49 180
318 740
182 810
17 244
599 653
36 213
546 882
180 142
343 705
514 80
144 735
440 44
158 421
360 651
246 14
477 483
82 501
194 937
293 869
141 330
400 319
153 704
69 464
38 771
221 816
567 85
385 539
411 605
55 788
426 981
112 286
15 692
9 497
481 853
583 827
206 366
469 836
442 826
96 512
145 144
381 217
457 17
355 811
132 725
43 574
233 879
596 912
287 277
462 224
516 537
386 508
559 354
128 4
17 692
511 356
14 236
50 366
229 405
215 502
440 973
480 156
196 880
532 374
514 36
566 235
476 132
536 57
575 22
374 79
448 5
598 532
558 967
226 30
331 151
484 972
502 860
275 13
72 881
179 399
126 659
203 849
49 86
182 672
504 992
130 398
220 756
161 966
286 937
241 826
368 705
150 141
41 690
397 26
365 808
246 939
24 905
522 258
222 999
411 35
161 522
519 536
288 924
440 956
486 371
73 681
441 626
146 826
1 984
305 241
202 455
550 978
451 910
292 286
332 600
204 130
285 163
95 373
80 330
592 45
176 380
262 923
407 586
69 810
145 861
289 572
506 45
51 581
558 819
129 142
491 704
90 739
59 908
278 613
459 256
152 194
566 300
413 232
341 322
420 61
504 616
573 666
181 859
308 979
236 743
482 561
559 607
177 264
18 939
185 401
511 509
530 89
205 723
282 784
205 665
329 323
522 244
454 387
149 223
268 524
19 946
239 303
127 734
79 216
207 290
132 200
467 649
47 564
230 386
127 372
136 935
294 581
394 846
80 448
253 67
589 641
389 652
103 976
312 179
371 675
258 912
121 802
271 493
140 162
378 848
249 555
446 52
396 850
173 256
457 856
542 646
128 240
135 605
406 821
78 160
293 730
8 261
522 24
349 415
59 307
364 941
245 397
59 368
424 538
240 489
215 891
93 577
371 211
374 774
2 917
337 356
450 171
206 786
292 672
590 705
24 528
287 561
401 723
99 380
180 397
599 553
548 105
148 186
10 905
224 174
451 688
85 944
105 608
161 686
406 212
172 811
252 656
396 421
457 299
405 591
465 356
28 112
292 58
481 563
79 123
45 669
272 806
79 771
289 769
295 985
308 747
582 35
80 515
329 256
198 959
362 530
477 694
389 231
290 423
166 947
227 311
535 924
598 856
70 837
601 620
122 155
24 446
50 939
125 49
270 842
304 55
507 355
347 563
388 277
322 807
235 698
56 783
275 706
75 4
413 726
104 315
97 317
339 699
218 882
234 699
529 131
184 377
533 556
84 972
523 250
269 946
34 737
399 123
151 47
400 733
307 622
412 293
4 6
55 868
394 800
329 263
547 340
67 583
332 572
560 959
353 463
243 305
76 95
552 921
479 779
48 1000
580 550
138 162
460 446
47 609
563 270
352 600
104 332
390 112
146 459
233 470
91 707
581 123
162 596
193 587
486 511
307 359
382 861
217 379
73 253
250 336
274 122
316 867
89 859
449 276
286 874
320 120
247 429
130 32
315 240
423 944
302 409
545 888
12 939
265 846
362 388
448 539
486 694
596 561
428 265
393 395
422 168
47 62
90 832
578 904
143 532
290 688
252 283
291 517
278 288
549 821
395 554
8 816
79 994
280 323
447 919
67 134
169 525
49 926
422 81
252 300
190 543
432 947
318 933
268 534
392 677
276 104
397 319
57 762
526 660
509 416
527 468
508 820
219 721
448 842
45 770
67 338
583 353
325 178
454 469
361 65
161 601
267 781
27 307
249 278
331 398
536 465
540 568
343 301
258 293
449 217
151 402
380 116
532 810
68 468
388 221
319 608
474 260
87 310
534 431
522 486
44 407
499 804
117 12
336 890
581 863
143 300
300 537
343 250
336 891
10 497
494 4
14 82
32 159
379 858
501 905
236 505
502 551
152 387
586 462
505 570
272 833
601 129
134 303
372 202
390 779
464 490
211 378
112 1000
171 688
27 993
145 507
124 695
115 135
398 725
379 64
557 413
151 907
358 66
71 165
29 102
442 962
90 333
1 384
181 992
422 113
567 164
424 181
339 880
539 525
546 714
396 433
287 83
374 987
592 606
338 914
230 221
144 568
167 124
557 13
528 588
431 801
141 105
583 837
173 85
453 667
341 67
210 578
50 428
405 955
145 590
416 310
35 727
154 566
299 814
57 993
573 307
457 873
66 514
18 989
64 109
137 104
497 815
72 457
291 489
583 642
209 360
387 178
542 437
319 851
317 484
414 172
197 534
87 823
249 711
379 788
383 888
340 373
234 910
91 96
551 257
388 240
514 214
177 997
522 878
279 767
166 101
428 510
114 171
586 485
445 886
463 211
223 86
37 193
45 440
251 302
310 36
352 438
359 271
118 606
422 514
254 258
186 777
408 848
539 140
103 603
384 297
543 88
526 448
532 468
476 710
297 212
451 363
210 243
119 372
153 384
367 497
329 61
584 664
116 497
93 64
427 71
385 255
156 749
577 253
541 574
253 175
173 344
594 92
167 335
193 363
582 312
589 92
225 471
399 394
185 353
163 295
578 315
470 392
514 409
332 861
186 111
451 3
543 44
441 385
2 978
293 454
480 136
224 665
430 584
477 672
471 201
228 962
58 806
485 5
148 756
274 40
405 928
323 42
182 159
324 146
212 517
319 604
215 751
487 994
194 976
436 985
312 1000
512 264
15 536
535 829
214 839
380 927
203 472
230 644
303 282
547 21
98 927
583 790
579 829
412 807
213 704
477 165
383 878
303 953
350 809
83 480
103 609
396 73
398 167
595 562
322 971
86 772
10 360
9 674
293 626
148 838
203 391
495 652
122 403
334 677
542 858
391 262
221 898
423 878
230 638
268 139
570 788
195 246
146 984
15 962
79 703
356 217
417 69
195 759
229 647
385 109
190 586
180 327
275 74
174 351
162 180
421 864
354 564
45 387
114 111
188 653
199 771
182 543
316 802
499 213
437 643
348 632
171 529
297 900
510 2
352 18
39 673
393 95
331 36
225 475
337 822
544 68
272 702
391 256
347 903
85 206
533 742
49 54
52 79
476 428
253 521
586 137
417 165
32 354
229 875
301 631
303 292
408 205
389 809
324 989
121 379
150 427
356 657
131 119
202 869
114 359
248 831
175 843
78 904
178 840
56 368
543 894
372 866
181 610
141 395
535 613
535 422
301 90
105 778
473 868
585 114
120 902
257 996
48 121
568 835
69 521
566 750
125 728
219 286
187 682
148 291
547 792
178 568
350 221
366 243
214 596
125 830
342 488
151 153
385 185
433 453
500 246
364 610
326 598
382 874
136 366
522 788
168 782
349 682
229 628
206 691
578 583
291 554
321 189
561 189
126 237
90 726
60 678
180 950
126 943
134 589
347 452
100 539
373 928
304 539
544 541
550 706
486 685
48 620
220 373
468 888
506 749
326 135
514 113
460 936
45 211
279 439
200 702
589 730
435 276
46 267
47 26
125 449
477 23
79 470
566 744
380 362
464 111
501 919
288 95
328 115
498 666
76 937
138 971
419 824
583 868
355 394
137 370
460 886
18 20
568 639
47 927
103 676
208 141
91 718
43 321
418 244
464 812
300 274
317 532
356 869
301 192
346 601
490 877
212 499
481 828
36 936
417 993
4 676
358 789
335 900
492 846
585 469
479 498
138 530
81 687
327 969
191 6
394 663
584 675
574 696
300 767
9 791
335 582
100 588
574 906
222 465
169 38
521 437
290 603
502 465
263 814
176 333
86 280
338 116
189 845
243 219
327 334
208 46
239 759
596 820
167 569
596 974
378 913
595 796
296 239
588 616
596 976
219 752
571 717
484 960
479 122
273 150
161 104
539 173
60 827
194 794
85 644
31 362
276 640
386 666
150 231
480 605
385 318
4 642
159 373
295 204
486 546
346 24
520 237
14 146
589 706
59 272
167 642
324 909
509 273
22 344
11 873
526 170
180 470
559 948
315 49
336 591
587 533
433 921
287 197
285 943
185 580
272 557
336 395
307 232
140 110
330 205
87 191
520 519
224 650
25 557
477 16
105 65
584 148
569 418
581 393
383 339
539 457
226 106
231 711
466 385
326 479
524 249
267 145
545 522
585 425
390 452
341 794
85 714
58 422
54 122
257 471
135 918
484 874
161 813
212 111
332 202
71 210
346 460
75 709
264 909
162 84
145 220
337 911
283 43
328 427
521 705
539 714
600 992
444 550
18 432
572 762
427 883
94 817
581 391
79 637
339 879
476 329
525 218
562 711
303 659
479 100
571 423
261 639
364 138
198 101
182 58
96 928
74 906
585 91
420 257
374 32
541 96
345 698
165 640
244 827
97 618
258 567
456 460
461 295
75 987
47 440
217 939
513 449
429 761
507 545
112 538
440 302
536 129
463 622
21 285
473 674
600 168
134 38
228 993
411 411
587 371
56 86
261 924
191 502
296 159
62 649
404 666
82 407
220 713
447 198
25 401
90 173
308 30
541 865
83 437
439 402
6 722
496 567
91 740
134 62
402 788
486 917
187 546
2 668
382 712
517 776
576 172
337 962
240 538
466 590
205 512
188 685
529 393
72 475
256 371
205 617
534 929
146 228
263 897
364 972
602 718
397 478
585 47
261 499
252 879
275 959
245 523
343 42
99 799
103 82
56 65
406 848
3 948
554 222
273 535
118 199
247 724
490 679
366 793
418 151
197 426
259 27
337 557
319 307
497 364
286 989
358 559
537 937
402 847
236 100
472 460
133 214
20 128
299 932
471 618
499 438
44 405
34 586
4 134
259 439
160 289
589 371
566 644
382 662
374 306
408 741
428 73
71 928
63 157
543 603
475 723
59 897
91 814
290 764
497 558
341 63
427 740
138 364
46 376
531 750
445 683
21 769
455 245
414 717
487 848
407 390
329 531
328 455
526 720
494 890
50 494
323 249
352 943
204 289
174 507
123 866
15 620
562 512
426 464
72 173
258 570
228 732
243 121
152 912
317 536
77 27
544 708
398 807
578 9
339 361
381 366
416 880
195 212
155 371
39 738
247 40
108 20
58 62
573 920
100 852
49 176
237 287
542 946
324 392
76 955
345 596
457 623
456 10
459 187
216 760
228 132
494 279
407 565
432 594
76 453
334 283
256 486
347 839
184 848
393 749
427 603
294 634
28 425
85 839
460 610
570 210
227 589
220 841
110 254
365 354
135 786
73 638
520 317
173 569
442 100
597 316
338 939
192 915
300 481
243 336
492 983
34 654
529 205
272 670
547 469
194 573
563 550
26 492
407 714
459 399
131 648
200 951
420 195
117 40
401 16
134 355
400 164
91 389
585 965
489 423
188 548
512 452
323 841
540 158
38 678
439 848
410 531
417 797
448 985
601 520
372 327
55 98
162 73
464 56
598 203
348 970
509 618
154 493
82 523
374 570
302 482
493 981
544 261
21 630
337 871
164 683
183 341
335 605
338 516
184 390
313 401
464 913
113 831
68 690
325 581
463 170
78 149
1 101
332 575
99 187
379 612
103 130
428 315
504 642
130 279
66 232
553 318
571 124
102 68
355 802
555 518
90 613
555 368
411 495
513 568
222 275
68 704
36 444
21 591
153 747
580 769
495 12
80 331
374 1
127 736
259 414
391 422
540 171
534 801
339 710
97 616
75 646
262 379
387 681
393 435
335 527
557 178
245 844
485 102
583 362
555 163
598 836
455 998
30 749
100 138
337 399
127 111
261 132
536 238
601 217
61 990
534 350
147 562
414 591
458 881
115 750
588 125
403 526
199 437
333 473
193 490
370 956
296 813
48 678
479 496
398 396
525 129
485 304
596 274
107 925
327 331
327 397
549 879
507 147
333 770
90 818
207 354
243 60
411 387
326 883
403 913
278 443
570 834
270 454
573 777
567 743
441 157
447 447
486 271
533 916
386 48
425 541
3 464
132 103
57 984
332 387
334 33
400 733
388 171
444 231
376 95
137 212
473 725
412 789
535 583
334 535
423 316
18 283
502 326
152 261
559 868
571 118
313 185
451 458
146 675
207 987
568 669
162 492
24 973
33 838
173 775
102 78
150 136
230 933
598 699
87 87
158 712
405 149
403 912
295 875
224 338
204 50
343 674
70 551
525 812
360 986
267 469
572 384
516 915
74 570
429 808
356 44
224 819
112 159
123 62
404 599
119 745
287 677
341 926
591 222
377 243
550 754
408 163
301 566
445 181
7 754
64 243
426 4
256 645
548 28
74 668
588 606
77 311
388 571
376 705
83 688
362 216
23 309
477 440
581 486
509 790
112 606
246 406
415 264
283 854
186 684
583 464
391 160
117 796
132 628
108 91
359 181
400 445
491 451
192 668
423 410
303 7
9 61
515 544
451 102
571 206
399 744
504 948
489 502
411 456
48 336
264 301
26 701
19 625
469 852
341 520
452 897
347 263
11 551
518 138
46 96
526 566
580 375
42 519
568 918
49 412
164 928
192 494
352 728
285 285
124 336
256 339
262 164
477 414
400 924
127 554
363 501
20 445
66 737
196 506
228 26
398 295
348 235
174 382
79 895
230 119
274 752
285 117
241 857
124 941
497 509
408 202
234 974
134 748
3 654
119 36
219 770
129 89
302 193
68 582
344 689
557 553
419 19
593 790
395 34
292 763
327 224
542 649
346 898
82 153
186 111
142 556
439 916
280 690
394 275
452 333
61 631
488 203
181 393
47 519
101 927
102 479
24 831
335 504
56 657
254 46
509 802
376 501
230 778
519 99
23 999
182 243
421 263
365 643
319 819
256 638
282 806
387 820
322 530
413 861
24 723
526 226
551 546
533 284
410 211
256 970
8 839
57 856
89 971
279 707
287 559
278 557
566 417
53 247
268 55
258 18
202 304
106 277
94 700
599 347
435 175
595 706
80 602
27 204
127 866
515 329
341 335
242 396
514 910
314 666
393 608
167 878
397 633
332 256
19 730
547 137
99 239
203 152
96 641
200 656
418 836
150 800
488 555
160 233
128 224
412 580
456 428
4 554
98 573
323 985
526 970
517 750
424 729
474 29
371 810
489 363
567 778
550 821
298 857
498 654
376 716
3 221
242 51
147 460
439 996
353 2
413 126
36 562
196 495
74 674
284 223
223 757
56 379
231 954
80 555
430 962
338 884
265 797
212 54
419 382
296 606
252 531
534 806
428 310
210 665
515 726
304 175
28 111
161 551
587 702
40 496
472 917
479 78
450 125
223 956
252 567
168 772
473 626
326 872
447 761
70 501
145 850
565 619
484 615
149 702
328 689
78 424
247 160
593 877
231 372
597 149
142 296
51 293
541 201
22 206
238 747
510 397
126 4
61 353
54 615
439 353
198 651
486 635
485 674
249 798
583 522
573 969
340 503
335 905
455 383
457 823
396 4
388 256
54 862
533 563
37 87
569 679
165 245
493 762
67 955
234 771
222 240
248 217
384 62
244 889
151 548
120 196
162 557
94 166
203 655
127 529
270 597
439 136
401 798
597 836
327 635
101 10
214 332
41 931
547 652
437 899
190 505
350 707
216 565
316 920
489 768
337 945
126 51
350 844
170 182
384 633
169 771
254 294
448 736
111 529
421 594
496 153
286 917
386 206
145 620
62 764
507 487
70 269
55 504
167 812
507 221
524 626
106 362
437 876
594 452
87 323
404 486
140 307
472 432
569 36
85 483
586 812
559 854
219 844
58 28
308 54
505 108
481 414
60 64
274 78
455 230
31 471
252 938
440 295
577 618
592 150
27 376
436 992
144 404
558 598
589 816
268 28
107 26
161 476
566 669
204 450
209 912
427 359
520 245
17 527
76 83
338 442
588 253
169 894
537 625
271 547
388 858
166 870
343 455
306 175
87 457
181 715
52 969
471 522
174 15
149 994
84 372
111 578
550 921
449 976
373 542
326 420
208 220
514 202
294 747
408 660
326 325
490 574
159 121
438 672
35 633
169 752
309 92
16 829
387 397
399 637
297 2
39 392
6 966
263 274
371 359
268 221
102 704
37 781
82 392
383 946
572 394
277 241
101 675
305 331
287 368
255 397
100 421
235 991
74 86
454 21
372 594
517 401
264 131
441 382
22 175
57 87
338 290
592 94
122 266
555 973
99 977
512 41
462 903
314 521
147 70
37 420
549 556
438 368
157 292
442 740
38 605
435 79
56 673
456 558
109 8
443 778
411 51
467 751
579 873
462 775
125 965
388 917
214 789
487 475
7 381
409 524
76 490
357 242
414 48
248 745
211 221
86 402
122 443
192 641
547 722
34 560
45 443
491 850
212 350
305 488
150 189
251 328
343 655
579 8
234 750
263 368
139 641
99 301
497 907
176 455
381 474
485 956
234 361
61 986
580 894
370 273
355 484
274 838
100 674
148 10
33 779
451 649
394 565
314 196
286 970
84 319
332 409
25 227
345 621
336 221
196 909
271 893
301 667
405 649
31 317
492 375
531 143
176 478
104 639
32 878
274 448
329 987
540 376
274 710
220 649
8 196
354 43
27 413
66 313
112 158
464 8
403 560
294 27
318 558
163 313
168 243
471 549
114 666
563 261
277 316
406 181
194 78
301 33
580 24
492 558
148 951
164 1
384 715
543 934
133 474
585 139
219 995
554 258
19 940
350 251
269 909
406 791
179 667
255 806
20 206
20 610
175 747
553 234
243 866
260 432
150 304
136 971
456 839
561 198
383 138
108 423
458 450
140 121
17 947
139 82
162 567
290 262
396 194
384 106
79 404
366 777
568 890
208 19
56 94
162 185
462 226
333 106
89 169
502 882
602 991
149 278
460 267
75 472
497 428
6 737
96 841
218 554
433 472
41 354
537 872
529 636
166 310
430 429
265 676
252 914
54 85
585 496
21 243
169 706
185 266
444 31
504 874
87 290
587 208
262 488
84 413
250 389
383 254
596 255
96 586
310 729
460 632
196 314
237 726
523 108
277 435
541 421
464 414
415 145
91 636
401 550
34 822
320 230
9 72
401 137
398 884
230 264
530 533
188 531
269 140
413 660
568 335
225 322
360 861
104 311
356 43
129 994
454 666
404 270
299 398
555 905
397 856
271 398
37 605
499 748
173 814
298 772
272 62
97 334
106 391
106 149
9 101
589 311
477 793
16 942
130 407
246 969
197 264
97 723
123 905
382 219
567 834
66 587
154 761
139 706
550 444
246 906
343 82
464 554
245 875
321 324
10 307
155 728
528 219
204 624
471 784
442 794
440 378
17 113
295 639
169 884
538 869
435 30
455 699
59 36
387 265
156 562
322 691
509 135
199 554
585 916
547 779
14 456
105 630
56 351
296 968
469 622
543 769
547 937
11 247
428 806
151 898
205 151
470 93
581 572
340 611
460 807
202 968
148 894
19 788
35 548
177 420
95 792
291 705
538 356
384 558
177 335
234 734
560 828
396 35
111 673
378 120
66 385
50 577
414 506
229 606
343 992
241 924
560 176
547 483
61 758
519 129
279 335
356 949
265 408
377 453
198 309
511 649
56 578
449 565
269 582
295 611
172 779
505 199
27 720
398 585
279 567
290 334
168 159
85 216
492 475
386 249
299 192
585 540
376 939
334 252
358 153
47 603
403 606
442 525
351 735
133 458
50 399
