3978 359
237 406
299 877
138 21
164 761
272 595
162 923
159 563
66 159
302 68
148 823
32 168
260 54
240 293
96 662
342 471
57 131
27 252
24 415
82 870
237 420
193 485
341 749
103 362
57 61
301 597
172 229
44 753
172 987
106 586
77 70
219 254
341 243
312 401
129 19
292 551
80 442
36 206
94 602
126 729
111 662
81 238
278 151
20 297
260 251
4 271
201 656
352 236
258 22
304 717
289 922
337 311
313 204
325 494
140 290
252 559
32 658
177 150
341 636
99 424
256 646
196 987
33 583
96 345
89 796
132 849
80 965
43 302
309 137
293 102
27 654
259 300
160 402
47 894
60 581
115 687
96 28
301 830
28 32
41 46
51 549
106 148
209 595
320 932
147 521
257 605
333 253
140 704
247 605
183 212
290 97
217 493
73 206
264 361
297 292
320 234
256 273
155 775
175 821
142 962
309 932
261 83
350 215
345 291
234 75
269 898
302 448
155 563
343 171
206 570
238 900
319 525
139 273
285 696
182 745
277 663
27 698
201 16
289 660
113 318
336 196
48 352
80 498
280 575
94 739
111 171
192 591
44 975
235 100
224 593
116 521
158 643
143 804
258 245
60 405
39 360
62 808
109 124
82 935
261 435
80 302
70 436
39 877
181 473
248 466
57 721
148 996
214 623
129 233
174 472
354 865
302 913
226 800
160 520
68 504
345 542
349 173
241 811
10 271
184 330
187 803
205 912
281 11
342 929
114 25
183 580
124 648
146 826
269 171
68 706
343 580
43 408
99 583
317 682
290 292
284 906
141 504
60 727
57 932
271 587
246 685
305 438
37 546
288 586
335 802
100 557
175 667
132 658
217 596
21 192
272 364
96 137
39 888
166 804
269 289
141 164
170 316
103 391
294 832
354 608
28 283
328 22
252 382
329 331
338 148
214 709
32 447
250 184
99 659
5 121
72 401
321 333
278 830
151 848
331 561
57 295
338 528
126 375
8 107
252 907
215 800
117 17
219 294
81 214
345 986
118 166
133 365
83 948
212 707
211 536
209 125
23 52
122 16
327 279
313 964
239 290
236 967
342 157
31 239
44 939
264 571
163 281
212 371
277 523
73 187
289 824
240 357
289 273
54 75
317 86
10 193
288 657
139 881
183 784
38 188
281 295
129 192
52 836
165 477
163 194
44 311
143 934
36 831
326 93
46 146
352 332
268 552
177 38
328 846
93 378
37 885
244 51
50 321
155 94
315 50
111 895
305 574
263 284
245 317
125 352
210 588
246 682
314 595
247 643
359 47
281 668
133 832
217 470
212 300
169 287
165 130
314 372
182 520
321 217
264 398
19 747
149 153
109 215
225 89
183 1000
317 75
90 572
207 583
263 592
308 947
9 656
229 326
300 352
91 126
98 542
119 139
147 612
220 905
210 851
17 946
344 747
16 466
192 660
19 65
211 841
320 445
357 768
102 805
240 707
47 183
211 185
153 274
150 885
122 629
253 934
270 287
120 822
243 668
150 492
177 126
20 298
278 194
189 639
312 727
355 333
254 811
266 60
16 669
73 830
284 388
73 441
255 30
201 528
347 970
157 818
257 191
8 201
119 498
222 221
168 844
264 255
264 98
154 214
225 19
70 645
326 326
83 531
321 825
356 337
141 91
49 392
160 19
125 929
309 526
341 938
120 5
11 928
347 116
355 559
256 941
132 684
8 691
172 740
329 559
197 618
293 847
210 917
37 130
130 351
70 261
109 63
24 545
143 520
346 90
66 776
326 361
343 378
11 948
318 620
218 841
347 122
188 998
229 689
95 268
353 381
233 895
147 563
265 800
337 199
131 923
201 96
156 937
44 87
240 447
12 564
36 878
15 513
31 401
123 724
343 282
7 425
145 44
224 854
77 906
235 862
336 799
169 927
93 125
219 444
226 246
140 115
71 606
12 735
47 871
90 631
352 762
30 390
238 341
162 105
31 584
188 956
229 679
248 333
123 283
58 575
170 849
149 569
176 505
233 261
355 664
85 705
351 286
120 865
234 73
33 395
115 577
332 281
11 562
7 283
60 853
203 122
30 518
342 958
23 599
235 945
321 836
171 626
265 942
131 324
156 728
64 236
286 877
51 742
311 824
245 56
283 722
354 653
270 503
123 787
107 593
278 510
353 164
159 211
124 248
204 5
46 699
162 620
45 852
192 9
144 289
97 100
55 74
22 574
338 627
277 159
352 734
118 257
288 919
174 474
272 990
106 407
240 912
339 612
303 775
52 820
163 205
121 327
345 365
226 423
231 603
227 154
122 510
89 859
271 493
327 817
56 407
121 415
228 393
325 250
279 45
313 182
65 685
186 170
61 572
54 727
301 589
243 740
224 866
62 269
24 774
314 576
258 723
44 566
358 654
213 208
340 622
172 336
302 560
69 83
156 790
310 838
270 203
311 158
262 536
318 70
312 835
228 693
161 99
141 877
139 37
76 918
252 218
133 824
248 982
331 373
273 603
87 453
159 260
75 631
21 778
14 783
146 603
150 634
237 590
258 731
36 528
49 962
239 498
167 552
277 696
85 301
312 371
113 994
211 784
109 663
189 440
153 702
213 614
218 382
96 644
144 561
141 158
75 414
85 892
134 40
94 45
16 444
354 775
349 871
61 384
263 286
174 72
23 253
339 4
92 513
87 317
118 805
185 919
30 209
251 875
278 374
75 349
30 19
109 894
196 427
305 891
90 853
277 156
89 683
225 302
221 371
261 314
273 825
317 395
16 691
148 308
278 308
1 768
347 841
301 288
66 127
259 321
268 11
141 499
248 16
272 315
103 717
247 729
148 188
110 187
235 189
128 760
359 761
169 534
190 599
89 733
263 682
159 554
248 840
56 493
243 573
142 267
100 742
33 772
55 175
53 774
355 749
299 128
75 141
253 160
48 515
138 582
202 372
203 719
356 589
68 850
130 137
25 142
207 326
122 195
29 1000
158 748
358 45
128 419
263 32
111 533
209 799
133 466
226 901
240 334
297 440
216 691
354 92
280 413
219 838
313 148
65 57
232 142
14 933
119 634
238 771
77 789
261 82
19 569
120 629
233 386
44 747
75 807
132 206
90 151
157 580
44 273
148 305
152 882
2 459
220 499
169 309
129 897
165 181
59 404
185 613
19 952
83 781
192 542
259 63
242 492
108 890
138 281
341 465
297 770
227 769
210 976
250 462
352 624
346 166
11 57
216 820
146 769
158 751
10 665
339 120
137 588
200 1000
231 916
78 319
321 917
78 302
47 992
24 734
58 106
161 79
120 194
225 810
8 518
282 239
64 703
218 512
274 592
231 452
124 11
111 789
206 916
154 594
180 260
30 678
199 775
244 135
219 406
179 416
154 494
129 991
160 96
196 400
15 823
16 232
134 437
104 914
295 382
136 358
105 146
226 925
190 855
122 286
95 54
205 53
252 170
115 662
305 668
265 558
354 593
74 443
4 466
163 519
103 354
250 745
166 100
237 459
168 523
25 637
98 432
16 137
303 856
114 837
224 107
316 108
146 558
291 549
342 138
285 986
199 299
224 43
203 801
346 697
206 882
220 163
280 390
201 100
228 922
329 938
174 310
171 889
187 559
36 182
276 869
27 149
213 606
115 196
228 978
341 13
141 908
244 224
249 263
280 22
57 383
15 583
301 108
26 485
125 315
259 351
219 908
34 207
355 917
149 396
104 741
328 993
98 586
43 372
331 700
48 80
350 671
31 507
321 349
142 545
151 762
83 879
307 62
1 409
25 359
188 188
4 268
65 396
324 267
294 528
227 76
134 833
73 891
237 47
47 994
185 436
269 684
55 486
55 308
175 889
237 124
73 723
311 318
143 847
341 655
222 715
324 974
251 81
286 354
225 393
131 953
251 718
201 714
188 157
336 60
27 601
84 532
203 290
5 507
239 424
310 862
208 629
159 597
52 137
57 988
79 347
223 988
207 367
257 555
175 154
156 472
167 304
316 200
350 815
127 756
52 577
28 337
1 70
142 870
79 320
98 665
252 229
125 755
68 816
149 471
30 983
297 191
182 855
36 183
157 884
222 552
242 514
352 870
146 743
44 299
108 654
40 898
292 117
143 332
43 943
16 774
290 140
156 857
314 340
52 113
132 344
275 239
345 241
18 423
244 126
157 107
153 659
46 910
44 925
349 465
129 558
116 417
156 207
111 503
343 921
149 567
131 779
332 609
135 680
336 228
135 534
277 270
24 591
315 317
303 115
264 537
295 301
300 143
293 746
344 168
144 5
46 831
52 598
111 927
150 990
247 947
12 924
199 324
322 723
73 839
114 778
34 628
313 50
116 80
273 588
293 108
285 353
255 643
283 743
240 672
336 643
280 710
47 145
332 94
122 918
273 652
339 919
285 978
86 759
301 572
235 749
282 803
304 299
344 954
15 320
110 164
67 39
51 52
170 262
170 379
17 104
226 733
337 612
268 756
212 699
54 836
259 733
163 437
330 789
156 141
357 937
166 451
106 395
177 413
163 546
307 555
134 202
219 353
340 1000
195 513
58 318
28 815
240 573
355 579
182 798
331 843
272 648
155 342
237 798
47 170
144 470
60 358
327 194
270 417
71 203
319 657
320 857
347 893
276 452
51 268
327 871
220 660
261 175
358 436
7 880
350 105
306 456
180 885
30 258
270 827
294 693
267 805
163 451
28 502
178 138
244 760
245 70
222 800
120 525
223 613
266 905
118 740
176 10
42 503
253 698
182 249
128 831
337 564
343 4
101 987
131 736
70 520
345 845
65 31
311 994
331 985
287 498
71 771
213 795
79 404
269 712
185 194
310 608
82 966
125 532
200 875
291 156
45 123
154 91
354 202
130 287
183 161
127 458
329 836
200 236
229 164
287 318
40 318
1 88
210 83
83 900
301 846
270 576
166 345
273 640
2 432
254 771
12 764
129 761
169 169
98 395
38 848
87 443
97 414
209 679
261 187
255 491
36 812
267 76
155 738
212 405
7 977
83 14
16 394
84 440
55 25
246 410
162 31
119 367
141 489
256 862
185 703
342 977
6 398
309 694
294 327
101 697
134 757
80 112
12 435
47 501
231 548
99 232
206 809
333 131
327 7
299 916
31 894
292 638
195 971
6 960
63 862
68 252
170 693
49 673
51 384
40 170
190 475
327 165
156 423
124 973
351 1000
359 113
198 664
9 682
258 515
358 993
136 337
232 566
67 184
3 770
250 840
232 950
166 572
170 218
354 823
159 511
141 821
119 597
23 750
140 702
53 38
151 729
58 424
309 192
258 606
64 322
231 243
330 426
297 497
91 974
14 803
330 841
56 621
227 841
60 62
177 953
130 853
147 968
189 737
358 409
40 96
57 417
250 817
328 405
289 506
188 441
146 706
52 137
256 136
162 628
124 802
82 580
239 727
27 207
195 990
26 865
2 308
243 88
63 403
249 294
239 605
94 883
113 453
73 513
164 878
124 398
329 330
349 701
260 284
216 461
273 846
162 728
180 316
207 470
170 511
39 144
329 652
253 293
185 690
301 712
218 624
142 983
233 916
25 310
269 940
315 370
179 993
201 471
199 760
289 867
285 279
108 584
25 198
251 726
92 331
287 942
291 500
255 464
198 274
358 654
274 328
31 903
63 552
236 541
358 958
128 991
352 843
37 288
209 523
292 422
297 495
198 348
38 236
290 904
8 123
265 205
139 791
295 802
20 146
55 394
59 688
308 867
349 505
328 367
272 636
335 101
141 895
168 472
124 152
17 935
111 39
173 524
136 985
54 605
278 183
115 870
41 245
142 485
18 347
26 893
148 727
118 732
308 986
107 532
16 510
1 709
185 934
176 994
36 558
268 264
226 911
78 330
279 989
52 439
291 768
97 930
100 766
235 57
237 631
239 544
39 224
195 195
31 537
190 119
304 775
297 233
247 283
180 893
201 720
229 169
56 353
330 423
178 817
278 975
236 649
217 850
251 429
89 32
30 983
321 315
216 699
235 498
41 505
267 815
174 383
178 329
306 916
173 187
118 166
84 555
199 29
259 668
47 958
88 604
167 320
76 63
124 66
289 34
350 195
23 792
1 57
255 145
140 467
192 78
323 247
338 334
119 85
243 133
313 921
324 23
3 477
266 721
226 676
215 425
352 857
344 689
5 222
320 904
240 341
228 704
178 147
73 1
171 152
133 125
70 664
181 978
57 741
255 155
50 722
2 479
145 977
100 665
191 599
45 630
59 459
315 690
66 490
93 67
236 926
137 876
100 538
228 652
138 592
102 21
297 315
237 381
271 997
312 984
289 866
302 468
242 755
58 387
231 509
242 565
216 839
19 403
244 399
57 213
359 318
72 397
66 423
211 450
164 524
217 278
340 577
38 680
124 207
176 307
295 674
348 157
149 44
316 897
19 24
35 78
205 431
61 517
258 231
30 246
296 646
44 116
143 867
146 116
19 766
86 363
48 675
116 333
314 572
76 134
219 340
261 989
212 772
115 516
200 697
290 242
34 732
308 585
72 569
101 224
28 849
298 417
88 304
42 548
332 15
276 619
328 147
13 324
220 292
260 458
327 367
153 244
283 453
203 549
60 954
348 866
76 830
170 511
204 631
275 339
26 269
269 855
40 757
194 354
257 55
313 824
65 864
322 734
150 329
17 480
71 197
281 420
264 743
30 348
220 810
262 48
170 151
76 194
247 323
257 184
41 222
91 613
254 621
356 544
16 952
285 219
135 397
298 605
186 203
280 57
91 152
171 93
203 84
100 196
120 347
30 228
176 639
120 713
236 972
213 392
54 355
225 13
31 127
220 141
339 210
105 53
297 793
123 113
41 108
56 541
249 48
269 480
130 28
1 788
303 951
351 408
91 280
77 374
189 653
282 365
332 877
64 735
168 326
114 604
162 751
342 174
186 751
100 3
86 253
251 23
39 29
58 143
18 585
81 118
206 534
151 788
281 579
128 890
249 333
298 111
218 438
320 742
5 953
137 486
162 768
350 992
233 991
355 429
24 774
122 870
65 362
228 266
120 444
80 875
141 520
233 345
301 520
281 949
76 7
201 879
178 407
221 690
12 139
231 722
40 189
308 189
134 553
198 39
300 208
170 812
352 135
344 554
333 61
201 236
87 824
147 160
348 809
94 114
293 899
240 767
132 920
277 579
267 316
196 19
243 856
194 892
72 168
325 154
229 590
338 834
144 973
260 80
129 30
351 697
293 406
202 739
25 486
238 680
46 770
65 727
310 763
280 859
285 781
102 242
74 417
352 23
244 908
340 80
262 334
153 208
337 637
70 838
95 647
319 861
107 179
323 690
187 153
32 593
27 357
28 409
194 928
73 275
4 567
62 86
299 874
332 750
266 534
305 377
317 524
249 721
122 160
38 788
60 778
245 223
291 728
277 831
224 770
41 86
84 221
79 388
210 609
142 124
331 499
93 354
165 836
252 124
359 615
130 414
331 303
290 492
159 431
312 612
91 560
61 729
73 582
286 81
186 11
8 344
51 891
196 347
10 743
237 318
174 802
279 775
116 855
34 536
206 464
318 873
353 224
318 643
239 699
338 390
309 481
45 908
237 47
224 924
41 565
230 240
207 152
223 335
157 434
179 804
306 301
336 268
60 908
171 148
226 763
274 474
127 10
219 351
14 597
54 803
325 758
240 97
86 698
235 478
176 560
174 174
143 270
65 568
75 227
43 189
186 894
167 764
285 870
37 265
165 415
161 490
129 331
18 121
328 759
140 261
136 578
160 616
342 353
344 778
86 14
84 588
133 188
66 855
27 197
145 243
229 124
195 392
54 371
217 248
174 655
296 978
156 775
248 817
27 376
65 843
257 756
12 19
304 862
300 1000
342 119
76 308
245 597
202 517
143 927
315 895
289 42
355 343
349 383
180 242
231 810
143 124
347 444
145 746
73 451
329 593
51 877
227 996
319 48
23 9
306 917
208 349
44 888
129 596
341 746
84 457
224 591
49 156
103 113
100 543
256 459
87 497
342 318
1 811
285 39
106 141
68 479
123 898
230 746
104 303
173 345
333 280
359 200
6 756
309 304
181 172
93 70
279 928
230 706
271 889
60 169
51 376
238 500
94 86
216 311
173 986
154 954
99 254
161 452
77 250
79 771
240 456
98 100
249 998
204 162
358 783
339 391
318 994
342 820
17 866
358 903
219 44
21 904
178 316
129 995
100 752
87 289
124 83
290 302
192 124
327 556
20 548
182 671
207 828
198 816
229 620
230 786
129 397
185 544
205 345
30 229
351 189
327 610
283 374
293 59
310 985
110 530
197 849
147 739
325 940
299 767
282 279
54 233
168 502
93 91
157 685
1 818
47 946
227 830
225 383
250 452
245 885
323 524
189 380
297 618
295 100
70 177
57 584
201 563
97 630
96 586
270 928
351 611
214 573
273 358
292 200
246 135
246 448
107 224
177 807
299 637
66 12
75 510
151 617
200 136
346 517
159 108
27 778
131 199
209 360
234 897
39 913
199 102
312 635
347 504
340 409
329 138
192 538
21 110
352 760
328 201
210 611
89 826
287 812
2 54
350 786
312 919
25 56
258 872
82 613
303 771
213 586
20 227
172 64
211 514
72 176
341 884
56 880
26 282
3 501
94 33
128 131
337 280
328 151
151 645
73 286
296 777
137 299
158 711
331 21
222 777
74 174
178 211
336 981
180 438
240 957
213 223
352 540
267 789
67 261
129 22
131 246
142 186
138 531
213 719
264 665
36 764
159 684
288 358
45 49
135 245
15 372
272 40
50 900
239 661
235 714
88 538
111 942
169 487
277 826
185 809
86 220
292 225
170 256
288 491
178 404
232 160
71 99
90 228
194 883
75 928
145 863
158 105
143 757
295 183
138 672
44 375
196 967
217 98
158 885
95 492
296 743
188 317
110 321
180 875
184 129
198 718
63 330
236 299
25 859
54 122
119 46
159 976
348 17
175 662
187 560
185 648
85 201
166 190
40 798
172 646
43 79
266 856
2 789
21 457
318 736
135 417
52 850
96 669
328 522
334 933
81 827
349 719
41 298
86 610
196 859
197 36
74 588
224 293
76 688
319 706
317 453
44 138
59 710
72 612
182 235
95 384
3 908
240 857
239 786
178 666
97 750
340 669
142 56
18 429
46 889
265 630
45 281
171 543
266 66
226 7
228 250
301 629
3 117
129 871
85 666
8 492
57 257
305 370
247 923
106 393
114 402
273 37
230 980
61 288
114 716
57 413
115 905
277 839
195 414
341 168
8 824
312 586
214 651
332 602
16 670
317 431
41 930
164 664
179 166
163 507
94 366
206 383
308 808
347 467
174 53
219 452
233 894
198 875
68 725
64 69
14 167
91 449
167 697
27 117
169 704
82 938
34 623
353 755
106 637
37 426
228 636
58 660
216 140
295 615
21 597
253 955
247 289
347 422
290 191
280 902
277 545
153 132
208 263
128 587
178 282
49 653
313 266
117 950
156 912
103 815
93 837
7 836
67 97
282 215
67 901
54 139
138 705
215 425
338 903
63 46
333 246
166 995
338 272
232 956
187 844
281 554
118 645
250 265
59 568
144 906
258 722
66 626
219 88
230 490
318 750
356 677
198 609
303 492
191 620
278 485
3 343
308 568
172 955
25 265
21 839
249 177
89 102
143 805
305 239
217 805
318 668
290 638
186 467
69 993
93 160
211 82
116 785
265 465
347 345
320 252
101 781
43 107
131 778
197 283
165 301
288 292
329 465
80 771
343 997
91 657
45 307
33 801
306 419
310 390
127 374
100 75
226 539
123 889
318 565
146 949
213 258
261 742
196 902
203 915
186 310
182 964
269 142
187 204
338 203
218 606
263 458
41 173
291 319
108 554
309 135
291 841
61 823
14 796
265 138
207 303
329 254
282 426
158 127
230 587
322 635
314 865
3 157
207 498
123 251
342 389
313 216
242 697
304 434
232 93
63 997
339 829
355 926
81 556
358 352
194 4
161 115
218 351
345 608
36 490
279 270
250 485
187 640
101 300
218 285
240 537
214 239
199 343
134 564
186 872
22 640
249 313
26 305
274 673
110 346
322 477
99 729
95 175
280 688
147 866
25 215
272 288
63 392
224 380
61 146
222 680
342 16
221 697
47 591
315 246
279 195
331 580
200 18
313 93
11 127
114 52
128 401
294 978
274 433
110 461
157 64
41 372
144 318
250 324
303 348
68 294
158 35
173 262
50 499
54 398
349 357
276 945
53 761
251 432
315 209
199 88
55 20
326 786
52 388
153 314
33 152
64 417
148 763
198 435
205 811
138 250
331 787
39 81
101 233
71 841
207 825
138 743
158 832
46 572
319 441
175 188
146 356
301 248
236 378
157 644
240 50
11 137
77 288
122 468
290 936
157 69
114 887
174 465
216 91
8 177
197 118
283 233
74 471
295 442
130 400
23 440
71 241
58 372
93 172
51 27
9 839
149 725
132 437
345 703
86 381
297 649
202 465
77 841
219 217
252 775
350 934
53 15
234 919
278 370
138 727
114 900
235 308
243 359
259 786
8 239
304 246
124 493
10 652
85 557
215 98
178 855
100 906
183 561
45 60
120 19
74 121
334 18
98 665
67 61
196 326
338 371
77 815
284 852
249 566
79 547
278 458
1 291
292 582
102 958
316 80
229 183
36 803
148 162
312 925
14 311
253 986
359 890
140 543
348 238
16 776
96 493
224 18
193 674
192 769
334 31
261 636
351 23
100 444
148 589
74 921
317 643
306 533
264 661
184 54
337 227
125 216
116 234
210 369
145 148
339 484
139 139
265 807
110 666
132 92
8 540
195 603
266 403
204 927
166 298
207 469
318 252
78 464
116 435
310 783
188 569
59 389
156 986
206 441
232 680
64 588
37 718
68 797
117 926
36 568
335 179
285 786
327 759
245 391
355 79
131 445
302 434
285 406
185 197
29 290
263 337
311 611
242 844
208 878
160 620
149 161
243 231
293 919
90 630
206 686
108 661
256 818
94 573
209 215
88 851
287 131
299 414
284 624
329 76
205 79
338 534
278 640
156 183
14 740
215 97
153 235
330 696
168 310
268 628
280 342
187 780
273 98
307 598
229 14
194 440
279 959
45 682
212 383
186 257
81 935
302 222
229 256
21 93
193 409
188 519
48 765
234 816
83 858
254 745
38 362
315 255
184 725
211 26
102 190
231 783
37 946
301 575
194 868
135 334
338 476
92 332
222 571
160 519
29 264
354 968
178 238
192 65
122 244
165 509
19 523
274 80
176 900
245 43
236 480
309 722
87 357
149 165
214 600
247 706
209 909
218 49
1 313
188 391
47 369
278 652
85 984
203 813
295 605
28 410
106 842
196 161
6 126
106 993
95 372
79 712
78 162
266 190
206 531
214 488
127 534
332 222
44 364
47 684
75 397
236 613
16 972
24 323
304 919
262 985
160 192
259 90
64 646
82 238
97 29
171 508
23 753
315 819
203 839
319 343
293 685
194 747
253 253
354 25
297 726
275 851
120 771
66 694
178 946
239 522
308 605
51 435
246 621
246 979
210 466
359 565
322 868
205 980
296 894
280 842
225 621
99 81
225 725
224 142
223 844
237 424
141 485
33 246
191 783
39 870
153 956
286 23
80 618
5 936
240 5
162 78
255 171
186 474
95 558
214 49
276 342
313 506
231 461
172 300
13 481
352 725
205 221
21 43
192 680
142 599
191 188
183 382
162 104
31 775
260 383
115 751
93 487
151 759
225 483
208 709
327 858
27 351
196 229
282 475
140 356
208 306
269 594
34 992
148 805
132 70
241 447
315 273
204 120
101 752
164 97
193 313
174 410
193 140
73 85
1 431
227 160
255 80
179 519
53 630
274 97
273 705
257 22
203 485
266 167
20 452
38 870
229 688
130 881
252 853
48 931
183 541
223 180
98 122
85 220
179 135
119 92
181 951
341 589
92 965
121 310
169 930
84 202
280 371
221 776
280 816
298 378
35 455
116 998
346 718
320 704
124 644
320 446
191 449
103 362
300 681
48 956
164 517
115 606
26 9
336 518
49 527
38 487
351 659
157 560
91 974
339 131
208 372
125 463
93 549
30 519
312 503
215 353
65 154
229 928
90 451
34 643
339 770
2 883
83 780
284 625
254 457
181 309
75 943
280 984
270 621
282 771
236 929
170 990
36 907
164 162
329 535
116 239
72 15
307 647
53 159
215 569
156 895
92 143
327 21
304 792
72 672
167 271
198 854
299 594
57 575
286 444
224 143
281 307
83 296
311 194
87 334
243 232
125 177
245 696
20 662
185 439
220 894
187 241
34 558
92 357
316 438
153 908
281 234
133 518
100 412
182 829
274 831
110 551
358 390
275 200
226 651
158 566
290 496
292 547
112 922
74 287
324 824
162 116
113 224
352 840
116 179
73 342
3 805
68 381
138 870
293 215
162 771
341 172
278 381
157 781
230 728
165 593
226 726
330 579
269 506
193 385
58 174
136 223
72 925
254 498
142 481
43 862
49 574
208 281
153 349
267 733
43 770
116 162
31 375
86 153
162 447
112 194
107 859
31 263
141 977
291 575
264 743
238 428
94 524
167 733
55 216
311 101
252 1000
154 826
348 331
179 375
9 191
42 90
325 764
125 534
147 959
85 354
75 137
151 625
35 222
88 312
63 703
112 492
239 664
187 793
53 434
302 131
275 394
105 769
105 232
321 773
223 970
354 957
228 782
305 709
326 483
60 571
184 433
128 794
57 516
170 224
73 877
342 647
154 961
320 383
146 288
172 451
154 335
140 592
329 799
284 529
286 827
274 613
336 438
47 287
188 403
244 933
63 699
194 170
108 827
240 845
76 715
235 56
189 160
90 585
317 554
283 20
67 471
218 167
137 70
153 724
58 221
246 819
105 420
244 157
76 80
167 498
240 505
61 812
320 891
84 458
134 41
280 326
278 109
39 823
165 458
221 328
58 451
288 623
322 904
211 991
35 80
253 982
201 234
221 368
122 635
27 18
220 371
252 679
43 63
346 575
337 209
208 611
52 379
110 618
264 408
127 192
259 4
201 337
96 798
107 106
239 53
263 257
283 960
102 816
85 565
29 670
201 259
36 181
54 879
245 269
263 427
11 720
60 442
58 4
27 38
50 676
135 27
250 807
38 1
163 248
204 781
221 196
289 832
285 295
22 447
174 695
36 113
202 935
317 780
49 878
238 705
221 366
266 131
81 605
129 652
297 135
321 761
313 658
153 889
236 432
141 993
189 233
122 59
195 206
222 658
356 391
226 647
250 718
268 416
205 466
66 28
167 549
315 288
23 14
97 621
210 944
171 583
139 473
202 287
137 148
97 178
2 112
27 521
350 430
306 975
197 238
298 430
179 859
193 378
323 554
91 188
359 680
58 872
5 89
276 991
176 825
253 366
343 631
184 45
249 797
10 210
136 882
261 851
349 504
133 807
159 942
98 518
24 950
132 756
270 576
310 42
345 670
243 861
72 166
184 245
293 43
58 207
185 596
268 876
4 556
24 944
78 792
22 220
298 924
21 4
163 359
254 697
289 346
202 960
345 364
321 553
140 233
154 441
121 54
209 456
11 343
155 716
359 178
276 556
201 865
224 942
300 148
286 562
323 765
237 669
81 682
282 439
230 742
20 173
52 384
352 119
359 314
277 795
252 891
250 369
114 254
75 900
326 745
300 935
351 967
267 78
75 502
131 385
32 122
97 933
50 224
353 730
149 276
301 622
128 987
222 184
246 546
223 918
144 549
5 935
52 360
90 490
111 682
171 334
102 213
122 536
292 384
92 552
25 389
315 963
220 235
352 362
337 900
137 186
40 760
72 91
297 513
201 889
185 653
180 614
80 208
202 278
282 343
343 681
276 213
197 428
97 82
2 504
12 575
265 378
125 603
296 314
310 185
335 780
162 576
218 585
27 833
57 159
358 333
95 485
230 805
256 32
251 272
133 385
152 672
239 933
315 53
82 627
277 912
345 978
300 689
236 664
154 106
253 572
165 642
321 325
218 300
30 264
58 749
289 798
65 705
4 315
197 382
16 617
107 879
50 691
198 330
51 282
73 987
11 772
214 895
270 551
200 34
260 419
126 833
87 557
235 897
235 325
141 774
89 193
293 21
238 103
148 362
63 807
320 138
340 927
213 835
185 941
61 815
12 904
174 365
91 608
242 704
356 929
353 926
220 485
200 874
177 47
338 970
151 720
146 177
120 109
226 166
179 87
81 588
209 906
255 640
186 214
272 742
94 369
56 861
155 972
162 630
92 753
332 408
342 52
218 359
140 207
155 121
21 891
65 904
151 214
175 218
316 392
180 652
314 661
154 315
28 310
41 353
53 912
27 526
79 971
55 157
325 548
184 114
303 603
266 987
195 262
85 660
318 164
325 937
314 515
333 744
53 19
66 932
14 737
100 555
26 685
198 625
255 4
214 987
64 982
98 669
158 593
155 21
107 220
96 237
218 541
202 533
324 564
276 182
263 773
122 776
2 794
147 125
50 559
147 340
187 484
188 463
327 247
115 573
243 239
191 56
101 842
328 376
253 688
323 647
219 229
46 276
78 203
30 656
125 190
261 523
267 750
100 560
280 8
160 132
290 590
294 203
220 994
38 59
44 247
63 544
215 656
8 166
108 119
41 986
233 600
93 482
211 363
87 232
226 61
270 395
177 15
213 701
344 534
95 798
32 969
221 935
179 159
324 177
114 606
20 764
73 461
304 176
313 163
63 951
12 381
288 496
6 164
145 478
8 12
333 559
53 87
212 678
303 768
347 746
46 9
347 301
333 493
259 741
314 14
354 382
63 728
291 565
249 540
240 159
314 254
251 48
209 232
4 277
154 341
11 923
148 806
268 501
339 257
320 513
98 789
145 540
112 511
49 186
18 695
45 934
56 548
196 288
56 348
338 898
317 621
132 634
97 359
283 556
26 776
34 381
265 118
61 57
215 696
252 773
181 78
45 821
326 148
18 584
19 235
301 351
313 712
347 938
1 300
329 562
109 490
82 400
29 579
84 317
45 829
35 512
344 752
300 787
273 1000
302 254
154 870
359 139
216 87
159 976
338 467
5 888
58 935
10 866
60 292
231 937
334 741
80 722
210 845
6 57
24 15
190 260
148 388
326 726
319 713
121 998
39 206
207 61
139 912
29 740
172 551
110 339
320 265
269 11
24 101
212 654
338 793
169 465
312 469
78 409
231 310
139 91
256 660
195 146
36 748
134 388
127 518
96 334
46 192
196 452
358 233
359 609
95 415
47 429
117 562
196 522
289 510
139 311
277 949
213 13
279 811
51 708
354 904
60 783
1 594
9 596
58 480
211 253
149 144
55 401
171 49
6 259
281 434
325 898
346 609
55 960
139 805
217 28
208 453
311 664
332 983
248 739
75 842
60 15
292 828
126 468
333 660
171 364
105 193
221 573
331 865
78 330
342 659
186 114
208 742
290 887
102 655
158 1
96 575
39 913
328 587
108 630
261 26
327 11
172 579
195 727
231 780
191 75
234 252
122 424
23 522
328 527
262 379
71 398
118 144
279 714
289 413
235 751
233 588
4 154
82 928
123 528
331 74
96 508
191 760
128 189
229 945
354 333
112 754
104 91
11 420
332 202
203 939
60 192
264 8
348 304
184 624
225 288
261 380
97 180
237 423
323 713
193 299
164 227
124 812
188 655
84 275
274 481
285 468
125 360
117 872
200 61
189 548
298 840
108 241
3 395
316 466
43 452
118 457
55 519
134 585
54 410
302 77
192 976
80 760
351 847
127 171
152 610
166 987
308 791
37 849
311 801
114 72
271 359
28 857
131 403
172 722
219 829
155 3
200 670
19 64
342 293
283 122
43 845
190 374
75 493
112 420
169 471
88 313
65 545
207 837
31 735
80 166
11 631
206 732
211 803
14 355
341 971
169 828
68 984
117 627
202 874
43 650
318 339
136 117
102 162
210 125
129 65
116 861
223 720
219 240
102 432
181 929
55 568
196 704
312 458
200 44
142 879
97 484
251 655
253 69
275 67
213 815
294 587
267 744
131 848
64 439
346 387
213 306
281 420
176 833
262 372
212 392
1 827
355 545
180 203
314 264
289 634
133 477
117 828
299 293
212 391
355 394
138 166
183 326
315 71
210 148
342 741
24 151
182 774
345 321
286 981
334 574
258 49
96 510
193 413
33 694
45 158
101 351
346 144
134 134
37 954
63 979
234 997
172 450
191 888
52 205
104 871
254 927
108 696
267 914
342 836
97 347
226 548
357 497
161 58
353 785
330 275
170 325
235 980
251 872
193 914
350 123
343 672
205 228
316 109
249 650
351 763
18 658
186 266
268 893
319 986
104 655
298 268
218 954
159 122
271 25
325 83
211 157
238 352
296 308
66 546
317 373
290 641
162 205
8 238
90 925
324 666
273 25
139 301
206 626
53 632
337 709
296 907
279 107
157 848
135 879
133 974
338 515
123 263
180 691
15 626
56 311
54 489
276 86
182 236
185 438
301 149
336 229
207 346
154 771
111 919
186 989
93 761
150 852
308 963
212 36
139 29
125 453
190 136
184 590
252 419
296 757
155 841
114 312
249 681
27 615
233 277
130 231
313 459
166 304
42 343
245 1000
73 471
310 119
228 390
355 265
151 617
327 487
86 317
8 398
21 191
347 990
9 2
293 284
62 957
1 576
139 586
179 1000
251 977
69 899
10 571
74 191
232 415
169 308
121 512
150 151
196 588
311 992
354 175
105 292
36 630
50 915
235 957
259 731
346 865
94 419
17 199
53 257
67 171
183 101
143 562
311 532
164 689
123 973
114 555
58 751
185 206
184 402
38 382
56 593
15 225
270 918
198 698
69 230
56 679
15 41
27 419
123 483
121 220
88 94
169 710
108 686
340 78
25 219
264 943
343 579
80 625
317 733
131 621
160 294
69 162
137 56
91 803
82 718
12 967
104 82
50 984
93 376
220 988
141 160
99 919
82 519
344 311
113 550
122 471
65 834
160 12
37 202
262 427
280 661
310 97
165 521
188 257
78 805
347 186
108 984
282 831
44 255
280 349
192 571
95 1000
120 1
300 6
129 928
93 538
193 982
255 787
42 268
350 90
220 853
86 192
44 99
52 405
113 754
147 706
315 291
43 856
90 819
110 679
359 945
295 480
260 899
334 787
255 386
62 298
61 457
191 180
210 202
218 595
261 369
79 454
246 983
251 464
163 832
158 751
128 725
320 950
312 675
137 627
29 787
80 770
252 256
186 200
120 332
104 856
165 946
48 218
216 381
326 903
330 976
221 214
127 101
310 859
31 367
38 762
170 583
84 704
120 354
38 923
124 225
133 173
212 735
127 117
332 127
9 133
221 524
105 253
331 631
92 831
51 805
37 265
32 926
235 414
175 855
31 781
99 313
155 872
222 16
189 95
119 372
238 43
193 939
352 83
246 365
338 786
194 775
201 270
160 713
291 603
147 896
204 294
228 108
149 835
179 395
182 16
87 845
83 799
57 389
293 720
81 334
53 812
260 52
149 379
240 559
268 871
322 44
38 47
160 243
285 237
29 794
23 568
141 640
49 475
265 907
96 820
47 779
123 702
301 164
217 271
124 112
25 3
334 275
314 871
212 941
143 375
108 108
174 944
92 855
108 110
315 596
326 272
332 674
245 951
23 296
191 691
334 53
134 422
342 13
70 958
340 66
215 567
342 649
39 783
17 633
43 617
97 200
315 331
235 821
211 55
5 959
296 253
342 700
60 744
346 443
145 717
279 971
121 255
285 25
82 645
328 30
277 818
136 975
339 181
246 436
156 191
269 705
167 15
20 527
45 201
25 924
331 514
351 399
14 270
150 861
288 763
88 671
5 147
120 937
290 446
6 77
83 501
245 6
295 200
228 998
204 378
273 776
170 783
270 54
247 269
86 740
106 384
342 387
269 444
222 263
109 343
200 266
261 547
141 487
277 569
201 455
