2595 249
206 391
85 124
191 480
33 834
199 518
6 268
123 58
205 531
28 552
27 878
9 953
210 921
146 706
37 168
182 364
141 480
73 298
39 247
164 278
38 535
19 268
152 519
118 84
31 370
143 428
59 389
185 789
137 29
226 786
154 215
141 60
41 311
182 912
102 562
38 910
36 483
146 132
129 42
212 114
68 256
1 948
179 900
151 923
99 105
186 20
103 974
12 767
26 620
75 449
202 452
67 794
139 463
182 496
21 99
240 763
128 509
14 919
41 961
64 469
89 580
32 297
224 331
88 77
224 121
196 61
56 853
216 170
112 441
32 831
157 524
141 111
53 161
4 389
145 238
13 154
146 62
127 666
191 312
82 231
72 933
9 157
19 949
100 476
120 83
106 786
48 757
88 678
34 213
133 94
244 914
154 34
209 656
197 430
24 163
8 532
216 880
163 592
145 621
104 258
14 988
87 464
160 780
16 433
45 888
112 914
186 566
235 629
40 632
87 982
108 95
152 884
207 723
113 950
17 300
149 227
94 948
52 704
228 563
191 167
158 402
130 154
103 352
165 404
154 176
174 952
192 665
192 264
208 245
23 703
64 962
73 223
120 996
177 405
94 769
174 736
4 499
171 269
39 170
173 214
80 872
177 814
97 147
55 199
109 758
175 92
49 680
65 407
39 515
92 108
5 446
136 740
104 868
62 867
41 763
145 739
239 438
232 759
172 836
148 664
191 406
206 404
70 940
5 34
165 577
206 47
14 155
191 596
95 308
105 917
75 555
71 459
129 612
178 819
192 612
21 182
167 806
234 551
69 208
45 104
178 966
38 525
144 654
55 615
209 987
143 610
217 467
46 143
117 321
106 475
144 203
217 310
37 884
93 277
243 180
175 57
50 171
126 294
64 42
77 605
164 338
35 546
222 594
114 358
246 389
41 238
191 922
38 266
230 971
129 863
127 790
60 238
66 599
217 778
9 436
46 294
176 575
213 221
198 632
77 952
189 793
144 284
81 168
2 369
225 912
242 956
59 968
16 709
79 154
230 218
138 205
156 763
225 828
38 820
77 261
243 774
145 691
80 557
20 173
150 11
42 564
163 460
166 761
18 504
191 828
50 613
39 142
242 162
42 120
155 693
130 146
228 806
211 565
127 906
84 113
118 185
38 104
108 679
25 529
135 623
233 878
191 851
162 838
36 62
137 788
159 170
176 366
134 258
58 367
209 634
249 917
238 449
221 555
114 502
70 96
169 520
91 983
14 29
39 197
232 924
64 238
247 659
245 985
184 841
78 399
111 997
44 528
144 605
134 854
196 72
81 695
248 957
179 503
132 705
204 876
190 933
186 624
137 582
129 571
41 204
20 975
230 443
28 754
84 397
203 311
141 205
36 389
213 533
221 742
241 9
28 802
81 858
139 442
72 181
123 821
196 361
172 486
15 76
72 595
10 743
149 216
229 805
131 346
10 8
166 61
82 508
210 431
238 698
63 274
151 87
162 878
91 690
246 124
72 993
198 716
98 29
31 616
104 105
220 223
108 775
2 155
161 195
211 91
210 142
246 554
85 308
180 678
56 158
60 313
185 569
227 252
11 614
112 895
240 80
211 290
140 705
125 728
171 693
216 438
65 292
22 745
31 653
87 581
111 662
12 190
239 301
207 435
95 82
8 534
85 250
140 861
92 390
118 844
22 162
136 825
51 166
69 695
43 512
248 252
163 440
124 874
130 299
22 105
193 305
99 332
176 935
113 376
27 566
223 720
15 338
49 787
131 379
95 348
44 919
169 777
99 750
249 661
205 53
114 927
179 708
28 521
204 384
139 849
245 378
56 227
196 197
82 501
216 996
238 417
20 722
142 878
223 368
54 920
236 994
104 676
81 322
52 53
39 316
86 250
122 912
81 493
224 564
31 117
224 327
22 805
101 471
220 867
213 828
6 186
30 114
207 120
200 379
205 848
76 99
105 778
1 2
126 470
2 814
182 397
13 494
39 280
90 224
65 918
224 612
18 595
181 246
193 723
116 728
247 315
249 773
57 569
113 648
67 999
233 819
122 332
167 712
151 154
74 316
22 785
223 287
135 171
137 229
103 974
191 863
215 781
92 587
228 471
200 264
113 615
238 691
144 794
89 854
130 12
193 843
34 515
132 549
246 370
176 295
69 208
162 890
164 247
224 212
202 757
61 500
38 678
235 247
90 736
40 366
80 165
145 70
111 725
180 166
50 457
46 940
25 817
165 633
242 959
184 472
95 970
6 195
106 812
177 718
12 820
30 146
191 725
89 571
27 333
55 915
176 759
91 845
84 281
71 706
3 327
102 527
72 406
127 981
104 466
67 584
105 368
195 81
145 741
105 572
205 621
212 459
176 612
107 969
187 289
162 887
171 470
166 786
174 42
206 443
237 559
162 694
225 356
164 731
171 883
106 857
36 204
163 550
108 481
25 328
59 72
69 191
89 220
45 832
178 348
239 4
73 555
121 766
169 158
221 705
109 561
159 392
209 522
21 612
154 613
105 778
133 678
37 330
127 762
93 217
93 622
122 336
228 134
58 602
135 760
208 514
220 94
51 907
100 216
136 318
131 360
193 528
206 956
142 825
111 303
143 997
197 56
186 399
200 969
103 58
196 705
49 614
206 395
131 417
167 389
225 267
20 234
150 408
184 832
160 458
45 3
104 613
194 328
90 985
56 723
187 844
208 57
189 269
247 694
113 162
160 801
186 147
195 99
65 116
62 68
71 647
27 670
226 688
101 312
212 303
144 476
139 594
218 385
144 472
143 689
110 647
11 52
99 382
42 316
29 212
239 15
188 319
228 281
213 326
91 927
207 288
175 756
97 523
229 632
134 470
64 812
57 158
35 23
178 765
57 204
246 982
96 762
5 211
62 826
30 599
102 797
248 925
49 556
3 215
204 206
62 287
49 909
174 937
16 329
171 23
83 763
38 628
99 163
182 746
167 155
196 564
41 146
89 132
141 483
44 646
124 907
225 339
6 182
241 360
115 970
43 820
195 978
39 469
82 604
206 244
219 380
237 484
201 495
31 631
179 593
229 113
237 231
107 707
93 598
48 145
200 282
61 477
232 943
160 146
61 740
222 177
162 99
33 7
67 131
191 813
17 806
195 511
171 827
9 166
151 909
131 798
225 522
154 736
165 796
105 913
98 844
197 17
159 690
160 70
146 638
123 246
148 659
37 32
118 718
43 764
52 283
180 958
31 425
111 663
100 321
152 700
127 970
9 413
148 536
73 247
25 329
54 883
78 231
218 261
240 968
59 253
155 465
69 985
28 15
120 321
2 260
88 674
71 344
32 756
153 789
93 924
114 818
183 435
120 82
214 740
123 442
58 730
103 14
80 304
205 588
21 263
111 7
245 91
199 901
201 734
12 434
62 404
118 99
128 422
183 532
32 711
67 59
235 946
30 674
108 81
184 705
219 255
177 857
64 784
12 802
78 692
167 142
241 504
11 972
6 276
45 38
139 541
45 171
162 245
171 429
150 430
95 708
238 459
145 394
153 584
132 61
142 740
212 417
15 822
195 371
97 589
166 999
113 687
25 762
113 155
146 272
36 287
26 951
3 746
199 803
123 243
207 680
9 704
50 547
47 624
141 450
31 234
111 463
86 100
177 713
74 109
165 834
60 810
125 434
215 85
188 858
236 489
28 611
101 72
229 301
127 109
38 352
13 722
123 982
154 563
23 934
229 425
242 923
166 721
212 475
174 26
62 937
140 387
76 372
70 330
58 702
65 446
115 821
185 590
153 93
15 935
147 755
36 882
133 876
7 275
210 468
8 819
20 256
85 303
219 653
150 872
113 318
205 745
170 369
223 996
26 418
11 277
20 952
93 317
239 699
224 24
20 220
229 960
161 285
240 224
176 380
82 809
18 925
29 800
32 325
137 558
40 176
248 271
239 531
50 180
65 778
211 553
20 988
134 671
96 74
189 163
151 868
7 5
70 987
236 602
240 216
214 539
126 260
151 92
171 54
112 5
120 232
179 4
140 706
124 882
144 534
42 49
236 522
221 29
84 385
192 824
22 802
227 259
22 568
190 116
180 272
60 514
47 758
43 235
84 616
92 552
45 857
16 459
172 768
97 479
135 606
198 752
57 796
151 783
191 738
50 15
19 369
194 51
66 235
62 478
122 773
64 633
1 468
209 880
23 293
10 45
31 739
239 772
56 844
97 997
130 773
9 118
217 42
48 422
172 478
216 227
124 209
14 413
95 661
155 881
241 113
128 598
76 718
156 923
55 700
60 1000
92 854
70 336
138 841
171 685
88 370
142 492
117 117
163 13
54 902
85 20
180 572
154 723
176 161
65 582
179 364
123 341
109 63
144 141
106 680
204 415
178 940
190 96
84 744
108 832
76 743
235 363
245 63
78 499
186 403
213 851
216 706
143 813
141 542
72 966
178 791
57 197
170 558
84 951
152 802
228 62
162 950
27 53
117 577
74 166
85 204
236 988
224 336
224 457
135 62
73 745
202 412
210 301
134 95
100 994
159 571
227 895
99 453
26 890
201 378
207 268
246 789
115 152
91 789
87 960
175 604
75 240
179 113
21 817
154 799
205 288
220 28
214 556
142 987
235 907
13 682
150 45
64 397
122 864
174 929
175 410
70 609
63 426
204 613
233 528
45 678
160 297
235 364
41 212
20 232
45 247
53 402
7 394
97 76
240 138
1 244
131 208
53 22
214 304
141 240
194 827
222 237
238 861
38 419
84 319
30 85
83 166
76 673
21 170
220 186
237 256
238 431
153 313
93 962
211 601
26 619
33 800
192 363
14 940
204 825
134 61
147 136
155 576
145 943
119 581
138 1000
211 769
213 137
86 589
177 318
80 125
135 181
31 673
117 472
13 295
8 511
222 727
8 547
133 246
96 452
109 68
246 612
209 422
217 578
165 388
192 880
219 180
233 198
115 637
53 60
144 821
142 844
126 612
182 117
111 759
219 265
57 797
242 344
214 69
157 739
48 543
20 490
9 102
126 414
167 549
10 712
150 134
199 736
103 684
69 999
144 755
46 813
151 562
231 964
40 640
78 290
67 52
69 595
242 20
235 597
7 295
242 475
199 107
102 731
49 560
6 8
223 2
249 560
151 27
249 374
186 598
51 329
140 157
62 700
192 429
188 780
44 77
101 205
235 763
118 910
104 750
163 424
203 700
72 818
61 582
100 304
45 992
180 48
130 306
21 707
249 697
63 322
129 806
241 471
43 774
165 911
74 360
55 183
171 42
245 140
69 453
199 985
52 316
187 797
165 785
179 578
138 328
48 952
249 602
128 351
210 36
85 720
122 957
246 669
2 603
167 509
243 207
134 833
103 652
27 50
128 316
50 168
72 587
224 900
214 90
67 711
31 253
137 937
15 382
31 499
40 888
145 245
231 452
220 17
111 999
80 886
207 674
66 486
60 673
164 328
207 253
182 54
31 922
237 472
193 137
144 288
5 191
145 60
209 789
102 472
188 54
137 817
77 595
145 258
201 106
199 459
75 539
229 5
246 834
78 327
123 912
60 396
38 458
69 163
36 592
165 214
217 207
142 723
130 736
36 926
239 335
32 733
36 356
130 59
163 821
70 829
141 906
8 616
114 896
233 585
79 311
226 331
52 676
18 989
134 784
242 785
118 606
54 183
230 89
51 71
146 620
95 187
49 520
206 883
190 913
28 478
78 569
137 232
48 748
96 662
108 939
126 508
69 1
119 671
120 913
209 396
133 246
240 663
38 736
68 621
226 54
173 906
167 215
87 651
158 448
191 982
212 249
160 349
26 240
57 71
213 116
24 999
16 587
7 187
221 60
135 6
181 678
177 238
19 848
98 999
6 238
236 398
237 75
3 614
139 713
119 711
43 730
27 466
50 587
93 62
154 636
174 30
1 521
89 841
112 604
147 313
105 32
31 772
3 167
154 46
42 894
73 765
104 908
236 60
91 662
115 736
24 438
163 950
28 919
163 11
197 507
190 826
7 373
23 730
210 287
9 750
235 830
147 523
242 25
30 349
210 701
102 282
173 956
59 189
137 265
87 13
112 517
40 483
92 270
19 616
104 187
105 628
204 209
247 888
61 753
50 373
190 591
168 571
154 517
9 827
71 806
90 717
178 539
160 667
220 313
200 476
110 553
56 642
32 903
236 292
200 364
118 669
230 924
247 947
121 129
2 561
193 638
50 173
60 340
160 659
244 504
11 1000
53 435
30 127
46 505
94 376
216 155
2 412
173 989
223 330
153 168
54 38
33 217
108 468
15 944
164 913
235 802
149 131
1 832
235 884
17 182
110 435
242 765
91 986
238 617
244 545
37 235
17 586
154 944
38 75
138 656
81 471
18 168
222 533
131 176
37 599
33 62
216 925
209 50
140 968
249 528
71 567
176 313
87 277
155 929
165 672
125 794
220 380
196 208
112 630
48 780
168 98
176 994
195 214
119 218
245 268
205 474
189 804
83 890
112 799
70 782
177 269
36 64
226 968
104 244
63 943
175 59
13 828
99 816
131 286
4 166
237 944
82 231
75 1000
190 430
114 1
137 367
170 417
71 826
244 396
204 627
149 591
110 645
117 134
64 394
142 654
91 284
6 499
125 184
113 772
134 694
159 898
149 738
218 653
151 526
165 303
175 238
39 542
128 618
177 606
104 175
42 765
104 543
98 438
174 540
15 239
13 17
212 338
155 145
17 359
214 734
76 473
42 763
11 277
20 410
50 22
160 216
126 187
151 100
89 543
148 155
92 809
100 991
14 306
22 91
21 201
35 593
188 282
189 932
167 730
87 702
135 317
53 11
213 481
172 476
10 536
13 510
168 794
30 712
194 640
187 401
165 898
225 327
109 499
215 432
133 935
161 893
2 100
59 986
136 302
25 128
225 425
212 556
197 651
15 477
96 110
18 153
147 523
57 736
1 818
71 664
4 860
194 552
47 329
105 453
113 170
244 143
77 64
70 493
134 570
31 429
198 684
188 285
148 178
91 765
235 513
182 114
159 439
40 197
187 246
110 258
5 565
30 858
35 751
17 41
198 329
228 648
156 800
202 884
126 249
93 605
120 48
107 608
173 546
217 718
79 274
47 819
222 576
156 535
183 213
210 224
161 152
239 887
188 468
217 694
40 647
214 64
99 909
177 769
173 460
188 50
213 245
247 871
91 57
121 104
128 546
86 867
83 637
16 912
148 151
14 188
72 509
151 319
99 562
218 918
79 317
246 961
136 416
176 782
159 698
92 4
134 902
16 409
13 530
120 861
176 169
179 781
61 250
187 185
230 518
77 973
61 125
152 236
41 458
11 952
207 571
75 260
193 562
101 82
69 590
177 253
33 547
88 265
187 453
206 950
203 161
60 1000
103 341
53 426
1 467
163 678
46 322
207 486
244 885
10 375
247 90
36 97
137 51
230 1000
239 625
33 302
201 556
83 286
166 244
159 507
56 411
138 383
41 449
125 916
81 367
32 919
125 556
141 447
225 315
195 19
165 675
148 225
128 446
111 208
237 866
52 671
173 835
205 139
95 671
239 541
186 776
4 738
14 894
156 857
144 931
229 664
107 181
244 8
213 63
105 836
145 232
234 286
51 618
166 187
176 772
42 914
231 505
140 200
149 607
162 998
97 65
84 426
7 782
169 562
64 615
16 548
91 428
34 785
173 848
148 149
138 593
234 793
15 209
182 465
126 455
180 367
86 367
197 630
219 86
53 471
41 543
58 191
47 768
25 191
55 205
189 331
116 532
213 756
209 432
166 150
79 311
218 802
209 828
152 349
189 349
106 520
243 333
90 30
101 844
98 225
145 306
46 564
165 583
87 250
93 567
187 982
69 318
215 801
57 376
212 600
69 420
7 539
198 971
164 671
213 126
128 181
120 46
31 393
113 74
23 755
144 36
76 777
174 628
115 708
158 156
109 358
71 762
136 434
95 745
5 172
106 472
128 277
101 977
237 49
88 203
65 32
233 409
15 376
86 761
88 889
222 150
146 264
75 327
128 421
197 77
184 900
93 169
68 808
75 603
164 444
135 780
226 472
44 645
83 18
237 478
90 634
101 408
75 900
239 859
233 906
114 801
85 776
219 9
221 950
169 893
7 786
113 220
214 539
55 513
185 791
21 882
95 390
143 705
23 340
49 519
70 459
207 316
188 526
40 864
204 912
248 158
145 547
103 659
92 49
141 843
58 463
140 933
91 765
8 738
177 903
76 730
209 719
233 14
57 336
181 591
85 237
68 110
158 360
208 874
29 467
160 477
50 467
167 543
94 751
176 530
74 717
222 636
50 950
237 368
229 365
239 13
249 301
85 341
157 832
147 544
58 832
83 623
218 609
233 801
225 981
214 385
156 535
76 501
162 96
193 273
62 374
30 138
12 152
219 4
226 867
193 445
184 624
48 431
113 555
137 714
32 46
103 703
172 668
57 558
141 974
100 417
178 137
128 87
166 638
233 490
141 385
180 649
127 211
204 863
209 273
130 10
63 186
180 524
61 924
7 310
186 775
11 792
66 168
107 874
82 536
33 375
97 139
220 468
57 986
186 566
111 929
156 913
101 1
161 705
94 199
98 149
86 619
177 439
204 579
133 493
164 533
3 347
38 712
23 191
23 468
75 628
45 981
144 496
60 84
94 693
225 678
247 811
200 419
114 557
83 320
100 608
43 341
88 695
138 288
33 193
135 745
74 377
23 100
86 605
117 834
13 424
159 376
113 313
44 750
205 962
98 513
105 233
243 89
208 922
201 676
158 634
20 281
77 270
51 102
196 674
18 171
118 755
192 445
13 918
241 196
61 310
66 348
107 882
248 600
115 524
137 842
138 283
209 93
83 786
19 220
161 287
152 71
25 589
157 157
35 674
234 21
42 689
122 852
67 746
17 762
108 93
190 100
247 995
185 692
183 165
201 276
72 954
139 383
44 782
126 57
127 349
109 441
72 740
136 542
218 505
112 407
215 462
81 778
182 178
117 110
101 199
146 184
141 989
40 818
10 606
39 343
183 88
60 897
225 958
208 444
174 319
246 144
231 806
241 650
135 32
80 219
19 649
54 208
3 871
175 440
105 245
101 113
161 354
228 252
183 384
23 596
31 909
52 643
77 973
149 254
207 822
31 476
209 922
208 394
156 297
10 666
248 316
93 303
149 195
156 2
210 832
7 921
179 130
101 266
113 635
132 917
21 418
20 903
231 274
184 992
106 337
83 654
230 802
177 959
200 427
237 820
96 472
141 960
7 30
19 429
238 945
183 455
139 398
241 895
10 874
150 633
1 129
123 318
22 175
239 699
134 715
136 960
200 583
4 411
70 226
28 858
247 854
4 588
128 730
51 633
157 576
83 685
140 360
78 489
90 260
85 714
57 410
200 912
238 269
44 424
26 724
181 595
10 562
78 693
188 252
108 847
118 694
34 597
32 446
186 368
75 480
39 228
233 744
29 36
143 187
30 266
109 462
51 143
225 885
205 865
159 742
82 687
77 323
89 599
119 972
136 705
48 603
81 498
85 622
21 258
110 200
195 798
80 592
109 478
29 16
235 400
170 527
117 219
87 384
20 805
130 465
118 870
123 149
140 555
169 722
233 140
112 172
223 950
4 944
230 41
198 690
181 602
136 87
162 763
95 307
25 359
79 213
206 446
38 222
175 159
160 478
39 265
6 663
54 448
201 344
222 855
112 995
197 984
87 631
197 133
137 222
181 763
63 544
241 442
180 63
11 854
15 225
193 673
33 762
156 95
74 967
95 904
183 739
104 657
197 350
131 611
100 33
2 27
78 883
167 824
4 951
230 417
50 996
43 676
19 723
153 896
232 917
51 628
248 427
240 861
51 420
180 572
15 930
52 86
82 461
133 626
115 294
194 839
246 653
174 779
43 796
201 605
24 34
213 676
141 842
235 277
97 265
60 977
148 499
244 244
9 246
38 24
209 717
47 512
56 438
131 837
51 77
206 684
205 359
38 702
130 296
195 495
199 469
93 248
32 563
86 542
227 294
191 112
106 826
82 892
96 814
94 378
140 164
13 440
187 627
152 380
48 261
92 405
162 113
172 619
85 58
235 778
114 830
59 244
103 415
210 612
148 206
129 403
144 731
158 198
92 510
69 110
173 634
41 583
73 404
245 289
84 112
152 234
241 133
8 595
85 396
45 102
118 284
130 767
160 73
205 784
80 569
96 498
210 470
228 427
35 542
85 83
143 166
144 310
200 683
239 629
53 359
131 60
57 546
60 558
203 422
10 284
107 426
92 938
163 473
18 187
1 592
138 927
216 547
88 836
240 808
41 922
25 434
169 598
2 639
5 584
100 611
164 357
102 339
177 901
204 171
207 806
110 929
81 255
213 791
73 326
31 477
105 931
218 276
11 802
113 516
183 109
121 879
101 928
249 116
171 371
188 165
13 460
227 977
248 578
170 354
52 27
247 144
235 863
217 797
153 186
144 703
41 454
153 186
111 71
72 459
9 933
215 541
66 733
228 208
84 705
31 149
59 307
100 771
181 294
247 558
105 837
169 170
38 874
184 284
90 753
237 938
177 618
203 622
65 874
81 575
214 722
180 967
60 983
15 286
73 328
5 389
116 492
75 524
13 865
186 526
209 646
110 152
40 18
181 965
183 890
63 476
207 927
225 544
9 101
117 335
24 430
138 420
235 637
42 846
50 964
109 110
44 558
107 93
195 445
18 164
182 877
127 41
98 191
56 993
210 783
60 416
247 887
178 619
128 274
185 695
117 289
110 151
212 346
140 737
120 748
141 161
70 500
212 494
140 226
46 240
149 229
157 784
173 27
73 360
140 298
43 166
70 978
74 342
199 49
95 349
157 21
76 39
109 397
110 201
22 65
9 271
88 173
59 824
59 218
165 229
85 965
20 14
93 727
189 4
146 427
244 832
53 410
235 603
187 746
57 956
80 939
50 405
207 521
197 102
171 621
139 417
127 732
191 164
154 470
190 618
15 16
119 986
178 235
176 847
56 586
179 646
94 848
45 171
18 184
46 508
158 739
160 396
242 30
190 786
156 225
98 951
135 361
47 12
203 870
61 729
237 606
141 39
81 944
100 256
43 474
236 913
10 564
44 167
224 259
207 63
55 239
159 796
189 701
82 500
113 69
102 316
162 789
132 768
193 228
247 371
36 632
157 925
64 737
225 112
52 259
111 459
4 432
3 767
115 860
36 500
33 855
156 341
148 686
164 151
189 955
223 167
1 152
28 57
33 128
184 881
202 711
216 454
178 444
227 714
193 478
32 172
206 668
99 861
87 508
203 254
13 325
71 153
30 924
193 516
77 707
6 202
48 37
189 793
2 804
177 12
142 844
247 370
181 509
63 981
95 956
178 581
87 794
154 555
109 52
106 478
7 209
60 449
180 848
31 91
219 815
145 397
9 877
119 568
141 233
44 732
111 128
211 442
236 579
123 364
203 342
54 271
140 299
18 336
216 781
90 860
124 93
207 534
193 129
77 797
224 536
95 571
66 311
117 879
133 359
78 780
58 828
191 328
118 463
14 806
151 725
31 868
232 127
96 742
31 104
62 17
86 122
160 304
114 953
15 275
202 542
220 715
216 973
31 8
34 423
81 19
39 913
220 980
178 884
160 125
74 403
6 780
95 623
89 277
198 838
171 550
180 344
177 434
151 713
186 615
101 218
187 607
176 640
133 579
74 803
73 395
189 297
168 895
73 816
