3928 961
124 223
165 697
116 382
554 72
373 985
583 261
75 609
400 939
244 891
810 681
931 63
172 217
796 138
407 201
419 476
205 149
594 915
350 931
253 687
702 605
655 363
408 523
669 651
49 910
793 808
190 174
781 677
928 37
488 262
38 2
453 4
124 511
762 786
782 916
329 403
849 433
948 522
730 576
708 231
323 600
271 657
476 707
530 991
143 185
360 934
383 115
629 862
3 873
507 37
311 900
228 994
34 549
162 899
432 76
40 896
897 730
3 37
457 751
860 292
496 477
937 961
500 482
453 756
86 290
268 194
802 315
922 621
45 712
138 343
408 775
254 339
421 875
269 316
952 962
703 924
215 223
692 839
595 729
54 109
779 843
819 915
290 818
917 386
168 866
557 831
477 330
166 178
694 587
2 487
149 508
798 576
467 713
784 112
290 536
899 369
12 162
40 767
605 544
895 852
695 116
489 802
82 771
513 300
710 906
854 581
816 846
123 158
384 202
602 509
609 909
126 89
777 465
220 735
251 53
233 592
848 244
303 984
124 956
768 177
731 936
771 14
471 791
67 232
567 658
853 589
141 290
138 948
125 271
909 282
18 858
706 583
293 140
80 410
564 709
789 641
628 46
240 258
221 495
145 237
489 874
865 304
952 430
845 850
174 53
635 400
775 254
745 154
136 131
598 271
377 508
24 997
741 979
701 122
373 118
511 230
453 369
144 550
821 921
186 595
9 473
902 1
783 433
245 696
408 570
112 999
733 491
107 644
179 23
636 133
953 789
118 522
675 79
830 72
285 395
678 95
701 269
285 533
796 291
737 194
367 48
924 66
24 849
451 390
768 227
427 115
162 107
279 465
496 980
674 989
603 949
599 399
561 776
390 61
149 853
341 182
650 700
884 312
483 31
49 43
424 262
181 460
90 544
60 187
98 385
21 333
373 86
825 570
389 547
542 472
954 237
490 990
509 273
752 298
75 691
56 404
931 208
184 457
61 924
313 464
817 348
91 656
700 158
874 616
543 28
375 782
729 909
313 497
569 916
802 143
665 975
326 896
531 577
277 552
737 56
899 201
401 208
818 863
809 382
115 482
19 93
467 407
468 741
711 1000
841 999
521 39
495 90
121 479
635 345
234 91
51 987
443 973
29 690
882 705
492 36
184 679
826 341
268 28
4 115
438 105
240 577
594 35
918 436
864 953
531 889
500 842
146 933
84 804
5 275
341 366
364 122
367 935
527 101
592 220
277 993
198 486
852 42
565 282
506 966
866 647
742 112
884 715
157 351
546 711
23 300
676 214
831 288
589 106
800 331
667 391
858 886
796 86
547 186
91 492
45 615
741 904
208 246
96 792
216 863
258 916
893 516
855 482
155 476
825 753
916 297
767 46
562 274
405 746
397 402
938 433
548 23
371 772
33 876
570 872
707 695
367 405
362 892
666 337
534 496
505 682
681 126
282 703
513 238
197 584
457 129
62 121
267 982
514 564
954 200
569 867
860 878
392 970
146 250
444 667
365 379
425 23
266 115
610 948
813 145
809 290
171 287
860 573
770 309
461 406
918 532
30 402
940 389
900 641
924 344
188 712
553 629
500 776
739 334
89 69
774 859
146 335
942 644
84 956
835 147
127 852
619 800
532 212
268 162
724 180
892 573
520 641
569 358
37 547
659 145
794 920
928 428
362 207
290 57
340 982
741 520
957 613
207 202
286 969
201 911
556 634
438 889
572 237
897 215
425 354
708 763
917 119
262 892
905 323
445 173
797 12
907 452
511 218
954 524
239 169
299 323
946 315
401 733
821 420
396 743
354 828
750 573
391 857
877 908
205 762
443 432
527 485
815 368
428 257
388 13
94 821
915 975
936 136
737 248
359 358
723 542
903 353
379 549
648 926
155 995
221 92
383 147
501 593
136 459
486 852
809 69
187 508
692 801
89 207
740 818
780 684
360 885
175 378
185 317
928 342
774 393
682 177
622 756
684 656
481 973
47 426
89 909
223 190
518 91
660 34
419 531
509 325
754 778
577 982
207 996
657 546
932 519
606 274
313 485
706 346
316 318
423 260
916 619
687 651
79 20
837 512
591 939
325 657
210 759
287 973
424 234
879 529
896 20
382 126
629 805
816 888
359 551
504 97
648 305
256 444
388 277
285 2
227 483
402 152
533 460
917 55
943 624
776 59
196 352
140 741
655 373
286 985
142 78
749 344
102 903
524 455
739 68
23 903
455 418
693 683
711 623
762 749
847 413
742 745
939 411
726 391
154 564
238 221
524 901
620 876
78 779
211 518
485 387
55 807
245 865
683 377
440 90
464 461
486 657
523 273
20 237
514 653
832 218
816 637
583 244
139 802
803 639
249 73
245 33
150 674
898 486
648 730
484 460
799 273
764 540
121 853
69 399
895 286
212 703
518 344
932 553
259 364
629 378
454 958
870 687
478 64
67 803
638 790
786 653
293 873
373 839
455 116
668 752
404 954
731 195
494 878
894 582
859 697
680 196
571 551
274 348
562 978
471 823
396 854
468 301
951 379
394 569
247 655
376 481
364 17
338 751
208 375
54 938
742 681
714 254
500 139
509 31
594 783
238 490
209 609
267 725
275 369
701 370
922 108
591 280
838 532
634 970
566 323
925 702
475 236
178 430
607 35
40 747
222 263
589 789
559 223
873 356
360 874
555 762
300 733
34 783
728 762
887 524
759 755
201 944
505 883
13 894
18 493
118 261
465 971
627 103
455 800
303 602
699 702
837 722
40 946
94 701
159 539
257 733
864 438
658 506
37 293
114 838
500 915
7 535
930 217
788 392
890 525
77 144
939 782
432 409
255 1
715 626
86 255
537 574
442 324
317 139
956 706
251 596
534 596
832 175
311 891
789 528
15 285
939 436
679 1
222 39
121 908
33 191
684 39
490 822
942 910
152 235
200 122
32 610
406 440
230 384
704 593
588 864
707 744
563 352
655 823
352 972
705 746
595 114
55 601
69 453
758 411
636 443
516 606
69 335
744 424
731 591
656 489
268 182
684 798
166 484
70 224
255 569
494 267
260 389
259 656
788 196
896 3
676 514
746 749
847 211
909 75
416 966
840 125
114 956
95 976
950 550
896 549
860 509
195 807
946 880
705 41
22 657
127 902
64 400
831 287
405 758
368 249
484 12
266 124
771 298
684 861
699 120
358 684
408 488
450 7
655 969
723 462
752 598
256 692
500 925
633 916
85 65
258 410
760 825
485 710
40 734
630 645
273 233
729 295
132 706
477 186
541 530
828 93
701 162
461 654
640 962
49 437
594 467
705 943
820 813
262 204
694 90
573 904
750 793
801 902
539 980
906 352
645 274
91 552
70 390
275 315
852 534
26 713
181 564
354 950
679 569
589 92
684 309
738 279
652 424
98 903
856 437
409 818
506 177
881 927
245 736
830 755
97 505
719 672
805 621
668 930
50 388
48 728
188 775
437 809
946 135
389 604
930 421
611 502
148 32
507 664
823 290
601 375
394 19
726 139
200 605
53 168
325 38
286 615
491 505
248 894
263 685
492 860
801 852
679 438
240 278
521 773
144 996
45 510
619 677
851 552
75 492
451 697
737 591
507 922
717 994
482 438
96 322
607 895
442 235
632 161
463 995
859 301
827 180
584 896
431 917
518 761
404 538
162 686
171 496
426 184
16 74
444 882
181 439
462 446
34 689
178 120
884 335
217 129
350 620
100 341
629 294
106 221
730 855
565 862
812 784
546 753
296 649
682 585
77 690
952 272
663 734
494 98
611 210
956 15
427 971
770 845
814 965
791 269
54 372
810 146
556 143
498 661
4 816
298 395
521 829
958 837
757 106
834 591
260 197
949 961
657 921
195 753
345 339
559 151
656 600
773 760
545 837
770 676
166 286
604 352
769 688
802 853
470 350
370 935
367 79
583 262
724 606
157 288
106 1
843 693
683 843
795 858
593 435
222 607
437 939
252 625
622 449
448 56
784 593
223 378
503 808
26 471
235 723
262 43
956 918
516 974
549 470
751 239
606 696
873 477
390 647
250 365
851 274
767 247
733 627
200 129
900 177
477 106
466 943
123 200
860 827
384 3
81 128
702 495
868 332
21 534
431 266
719 988
135 538
364 721
288 980
672 635
577 937
854 873
108 546
871 953
744 766
504 603
621 289
538 443
403 511
500 707
775 365
413 662
128 105
480 119
294 61
566 272
628 120
933 27
148 836
307 893
99 529
915 725
368 481
891 618
860 554
16 922
408 615
162 212
201 399
524 751
942 781
955 776
43 214
208 121
597 14
365 556
81 435
397 892
491 112
831 764
521 324
496 589
487 985
308 429
753 621
949 307
2 796
791 244
111 44
655 41
683 207
615 591
687 741
527 885
124 183
418 689
64 61
952 68
39 881
459 321
490 122
308 442
387 602
652 339
300 256
100 917
289 919
734 404
819 757
695 26
73 157
252 490
392 701
303 293
699 593
923 128
157 614
88 908
188 472
532 757
392 196
64 164
821 847
177 925
928 117
281 314
809 330
579 942
938 757
852 602
216 904
916 627
24 122
908 42
680 605
487 763
93 824
654 478
781 389
795 810
173 348
2 221
402 431
565 13
543 340
921 634
891 542
510 65
472 236
421 707
317 297
29 331
407 330
897 620
712 699
144 97
176 946
951 739
575 259
23 679
740 58
283 845
24 76
10 706
774 598
774 39
402 140
228 487
435 316
194 149
609 920
795 412
83 672
878 197
493 438
741 885
700 440
233 723
114 225
610 390
940 952
518 638
118 719
614 527
779 165
100 697
479 925
368 282
609 221
750 938
451 864
930 429
667 268
211 21
871 733
824 558
552 728
719 976
631 649
581 337
218 957
606 576
265 704
63 27
755 57
571 738
502 281
130 145
608 808
913 10
361 424
380 745
644 768
500 110
499 26
809 791
341 597
773 955
511 923
821 784
480 604
825 773
28 234
927 169
810 795
9 602
446 987
909 255
673 247
624 71
72 938
882 176
865 875
953 553
800 974
779 431
508 951
426 132
174 138
91 51
870 110
730 710
629 252
565 904
36 965
622 28
315 106
892 236
817 954
613 994
650 975
401 362
760 441
437 206
62 913
454 473
297 711
746 533
610 373
436 349
231 826
848 379
251 401
682 235
945 391
140 662
361 424
588 161
114 114
661 291
644 416
923 114
934 96
554 15
948 118
294 581
831 31
650 334
452 351
255 942
785 731
577 558
271 168
817 482
8 242
63 67
2 597
1 230
368 840
532 700
894 709
580 320
133 363
739 508
690 20
861 764
608 95
449 953
559 735
314 879
91 810
67 391
396 82
451 46
585 328
304 372
647 284
420 822
478 710
627 149
513 241
741 157
769 186
11 95
577 21
924 31
820 832
679 558
916 903
853 689
695 742
148 712
434 970
437 24
594 785
675 842
838 365
703 945
63 52
831 560
98 867
126 762
2 375
252 928
929 922
589 167
627 148
904 95
399 583
930 261
793 10
136 721
788 728
209 41
502 630
243 365
180 848
469 457
814 196
33 686
323 781
326 800
934 105
430 665
27 980
33 893
24 691
455 325
307 66
952 332
253 247
947 789
635 412
77 434
248 528
474 422
393 615
45 765
702 846
312 79
844 384
580 112
841 67
762 707
390 420
260 986
510 239
149 904
939 279
535 695
613 196
202 538
721 752
498 909
51 121
213 87
919 499
111 399
845 83
179 924
812 188
45 804
927 222
157 86
639 786
653 248
397 119
592 145
151 345
461 416
763 300
66 475
151 685
806 385
775 434
859 865
308 725
365 968
891 460
830 912
427 884
458 235
687 402
816 756
957 736
567 558
3 278
323 59
608 215
879 382
608 8
164 121
256 724
543 672
141 898
159 460
254 525
433 866
135 755
892 89
60 263
838 128
163 576
805 293
317 599
326 134
47 301
173 260
603 939
657 964
396 287
637 261
665 6
161 508
681 764
420 138
382 438
444 660
268 440
778 331
54 896
918 74
810 377
706 723
733 408
275 714
413 828
312 16
419 685
792 305
464 956
803 78
655 187
883 972
264 88
442 52
773 15
677 961
270 413
377 101
463 894
5 108
800 79
378 46
48 916
311 450
108 588
446 806
75 872
275 664
455 320
938 392
865 925
426 227
739 712
188 714
211 530
475 849
469 722
858 768
27 170
786 909
925 434
838 113
876 284
29 806
269 46
417 111
731 235
39 777
784 906
689 378
379 166
208 809
308 476
467 981
674 936
367 844
459 640
324 974
557 727
108 280
786 84
551 378
753 952
252 201
440 292
876 46
759 400
220 12
529 773
679 630
589 268
157 951
477 701
884 408
44 226
241 629
448 344
940 504
208 293
96 717
872 388
38 796
226 978
118 683
39 782
613 513
952 368
433 724
650 289
457 604
899 395
870 926
488 933
538 321
134 256
310 12
255 452
128 926
30 572
513 637
444 909
952 976
317 924
634 429
798 541
858 596
492 420
581 105
516 240
2 54
694 691
683 503
15 291
589 308
26 812
778 914
367 348
145 738
653 854
93 41
205 552
867 487
913 276
526 944
161 971
636 382
786 181
755 444
543 754
476 724
425 756
229 75
855 899
754 768
63 928
679 528
443 802
80 597
34 868
617 978
559 765
171 849
347 54
328 445
745 680
172 856
696 411
421 158
645 912
464 176
788 345
417 171
152 627
229 430
157 163
287 31
62 214
598 751
893 503
296 233
682 709
767 807
699 906
291 509
756 29
193 268
497 769
868 504
909 468
261 51
65 537
571 752
630 678
931 944
848 735
566 305
169 545
620 993
338 831
16 967
768 385
816 955
27 424
914 73
656 100
481 147
232 22
886 500
468 334
925 261
153 886
698 827
209 580
752 767
860 372
46 141
684 196
318 494
793 143
473 894
499 843
524 526
151 282
333 379
550 669
299 701
354 980
573 193
588 263
85 728
306 440
951 774
276 703
195 507
108 877
600 997
847 417
947 116
370 566
454 205
132 795
668 424
12 689
29 922
481 185
570 892
494 748
379 545
119 265
102 460
802 170
137 56
583 543
146 366
766 401
553 723
872 928
585 143
787 814
514 159
715 602
327 467
436 406
435 489
666 170
566 920
110 550
15 246
609 699
818 435
909 275
709 651
862 205
185 152
138 882
293 166
783 355
445 854
342 888
620 587
395 506
874 199
495 898
66 311
631 600
850 355
708 621
1 192
433 649
739 941
872 350
885 265
643 874
514 411
753 185
798 745
8 761
38 466
192 189
726 900
839 595
662 798
355 422
360 151
508 508
945 238
486 456
475 343
429 825
43 964
433 426
798 306
426 616
414 200
671 159
385 283
97 589
487 781
22 278
137 937
14 294
276 921
240 42
307 569
729 671
338 641
754 185
7 814
354 574
680 377
759 41
302 638
416 551
698 591
921 933
346 471
187 256
859 96
197 963
513 653
415 349
311 920
250 552
900 661
377 139
797 221
117 625
258 589
961 792
433 964
491 347
14 848
400 785
937 914
681 595
866 221
381 506
18 619
656 70
322 576
585 592
612 565
956 137
442 374
457 561
95 565
230 377
639 837
510 825
133 919
768 107
436 592
283 526
795 513
631 700
889 262
135 164
580 280
70 288
475 243
377 896
889 296
65 62
654 724
58 608
551 375
336 618
311 423
483 601
846 642
817 40
618 719
164 543
325 118
739 407
159 323
501 567
40 39
260 666
577 871
557 655
548 803
644 680
81 656
337 531
638 679
57 716
931 828
530 257
915 519
210 277
281 318
809 157
797 929
251 126
486 981
260 661
255 954
356 749
208 61
544 805
925 31
623 911
334 907
615 227
355 980
188 577
282 405
188 635
44 295
247 921
791 62
225 298
878 260
210 882
261 293
609 990
173 226
846 386
629 678
324 907
206 596
758 878
117 463
702 423
604 727
343 19
42 595
644 670
845 234
619 805
914 929
394 534
954 144
63 899
563 180
787 75
297 607
666 177
537 668
929 531
599 379
159 940
25 259
240 410
625 795
481 592
959 327
836 46
934 185
633 868
262 318
108 259
863 581
187 980
599 332
178 358
909 938
463 444
351 406
336 341
116 223
527 579
740 369
123 396
488 942
95 924
343 915
635 241
449 407
586 102
579 559
197 224
862 125
255 852
470 20
547 935
808 494
465 980
703 94
737 170
458 518
264 708
505 331
237 247
222 620
948 47
713 838
686 402
217 475
959 547
518 342
588 801
797 24
130 141
744 399
688 439
421 50
24 842
787 926
5 180
318 572
64 895
402 544
128 467
237 403
453 193
625 563
152 617
88 686
15 653
836 986
392 20
46 376
516 816
603 220
342 520
703 255
342 663
244 477
60 267
922 760
168 167
934 123
882 793
375 999
96 892
86 361
229 56
78 2
928 805
320 366
91 940
545 870
260 70
753 622
444 42
647 87
350 19
17 662
899 216
459 587
543 539
208 875
283 451
431 623
908 450
439 83
907 670
745 527
3 876
42 146
784 329
691 194
512 255
172 421
833 359
335 907
160 265
479 41
341 861
903 839
654 677
20 675
735 329
464 469
316 529
630 289
4 631
136 432
833 955
670 414
110 500
209 189
478 134
186 257
130 974
79 747
709 680
386 366
218 138
790 981
376 230
847 107
664 892
31 569
702 213
346 307
955 257
688 219
278 98
250 509
678 295
247 994
513 762
108 485
148 242
570 681
643 114
119 744
392 992
32 405
327 199
233 172
638 589
655 357
794 86
720 668
84 951
609 268
278 324
762 887
545 10
428 143
380 581
913 609
256 188
818 861
54 136
185 543
527 569
106 457
114 457
732 871
505 590
440 273
559 556
480 412
426 81
171 345
307 344
780 165
953 454
254 920
632 616
902 358
46 195
290 313
232 75
885 628
361 805
554 569
729 396
332 213
469 895
197 671
11 369
571 900
283 857
430 566
145 744
274 448
300 877
207 572
538 156
438 53
67 138
737 741
365 475
102 408
894 605
413 455
404 114
165 79
787 682
495 727
438 598
599 429
105 566
10 882
432 228
289 97
383 239
24 316
754 281
74 719
543 858
10 195
750 106
774 821
817 226
195 940
744 308
595 814
429 575
741 83
781 996
780 305
312 403
900 911
949 295
393 594
939 62
291 490
481 210
611 582
529 186
133 660
772 770
234 170
287 574
448 952
78 667
554 171
513 687
851 52
330 36
93 103
877 809
537 445
601 361
296 754
69 409
904 935
262 798
668 985
231 789
42 832
103 418
57 81
616 10
394 5
507 248
479 88
62 603
243 842
225 334
477 177
576 408
599 237
423 58
191 555
438 115
635 771
324 111
768 234
541 980
827 41
67 979
906 940
776 917
466 187
751 52
713 548
534 669
608 919
763 885
600 513
880 457
910 2
634 916
135 383
759 901
833 888
935 630
591 651
651 574
180 559
370 536
682 306
320 50
550 452
219 975
877 2
391 997
949 908
485 40
772 822
147 509
113 499
669 864
133 693
833 767
220 463
122 588
543 683
219 822
252 740
305 945
915 470
722 313
260 545
189 987
845 129
885 37
227 193
183 49
906 115
727 462
300 73
613 671
659 584
330 762
182 464
55 337
909 141
568 293
928 969
216 46
447 599
488 916
935 530
399 73
741 596
328 829
57 7
90 329
416 736
782 300
610 54
88 793
62 40
414 351
22 548
842 456
808 841
719 82
276 454
857 449
371 896
462 923
77 344
112 18
158 227
397 702
586 240
699 889
876 437
762 753
515 163
121 793
675 437
623 208
430 453
123 592
390 120
806 192
728 525
429 603
902 721
573 175
478 301
643 327
568 142
13 657
105 325
381 697
787 501
367 980
571 248
776 358
488 482
504 125
145 900
654 611
240 26
105 535
772 14
517 653
445 347
737 594
333 898
204 545
885 520
444 704
716 366
272 491
152 560
607 888
489 143
170 122
326 887
571 799
834 945
946 66
564 114
129 737
328 987
766 95
900 695
818 563
554 423
645 392
686 809
778 267
439 333
746 288
79 391
442 542
440 184
263 46
837 277
506 552
269 830
923 245
793 208
644 734
658 636
825 628
413 254
123 758
443 446
302 246
711 506
361 300
66 498
418 449
651 99
779 246
116 853
649 675
99 349
573 88
815 444
659 343
397 533
860 343
471 379
440 899
278 17
813 329
441 80
454 724
571 757
698 699
141 296
553 759
814 45
338 529
367 375
611 217
531 992
420 336
410 139
25 111
238 867
278 382
793 545
765 238
924 617
185 119
320 805
328 507
40 809
312 665
844 13
388 739
206 239
140 144
465 934
387 675
407 680
758 130
12 868
897 439
274 17
517 803
544 774
53 598
65 223
627 1000
474 135
556 12
328 600
693 911
832 4
811 661
297 104
778 413
824 812
535 472
115 668
942 846
450 986
625 600
257 569
302 735
215 715
858 260
184 909
148 422
866 878
258 527
226 387
730 535
480 822
135 728
123 58
344 944
757 361
916 498
853 182
504 21
527 579
267 203
788 133
59 276
226 243
153 848
586 402
77 881
289 164
166 559
100 268
961 353
69 603
98 859
134 519
742 930
956 327
437 906
207 824
442 185
101 331
630 721
632 516
235 849
629 117
292 77
937 177
725 954
218 169
81 883
769 762
238 223
916 85
730 496
598 142
283 245
775 886
699 849
496 313
291 394
725 961
38 986
873 721
951 362
318 754
954 978
913 337
585 378
75 199
893 373
697 400
261 184
880 69
828 168
451 442
480 529
632 688
728 543
330 980
551 641
257 622
266 785
399 451
354 253
672 220
208 489
245 253
402 163
278 975
400 710
522 798
338 863
565 163
633 179
46 603
67 631
371 486
575 542
793 985
567 999
800 148
731 269
108 453
634 693
182 972
774 787
861 277
366 965
884 265
256 30
623 476
176 653
473 809
707 492
255 977
641 785
536 912
418 560
221 281
628 286
2 628
29 440
566 215
177 402
945 218
681 169
630 434
254 874
571 334
122 16
303 61
186 434
490 719
696 138
333 503
822 783
350 144
545 548
251 188
826 383
321 190
839 923
222 522
654 862
348 480
483 651
637 900
748 306
851 953
698 763
457 1
67 615
830 135
702 607
258 341
765 186
895 742
642 44
494 197
350 993
176 724
451 478
257 55
739 409
720 870
734 332
457 710
800 342
794 849
399 153
3 353
820 957
788 689
360 348
539 452
471 660
958 644
649 160
710 996
876 175
833 487
214 796
50 199
512 356
592 766
283 723
474 145
807 47
122 407
538 651
50 374
919 742
263 919
540 666
398 125
505 965
520 186
713 699
154 931
505 810
230 775
249 548
341 203
508 209
227 136
936 602
586 132
753 839
171 157
732 418
869 625
147 626
586 857
50 897
44 634
635 462
385 618
851 100
442 265
219 977
731 77
405 728
765 780
188 119
328 71
366 530
669 993
430 342
183 652
369 247
682 44
729 202
223 722
634 988
25 218
141 777
164 573
112 677
699 760
944 767
597 259
125 73
696 227
722 746
396 945
706 812
7 705
542 686
852 516
414 386
338 614
123 664
84 696
614 698
397 687
167 934
302 331
299 807
53 153
159 596
132 906
649 584
701 354
107 568
497 273
896 632
612 590
316 150
910 591
538 389
433 929
246 980
149 30
755 421
590 418
483 262
64 710
908 611
301 886
652 162
366 290
645 877
103 672
311 228
105 672
320 600
530 95
644 113
259 309
869 450
342 183
748 255
689 773
782 318
805 973
284 203
312 302
99 410
94 654
900 505
596 365
412 723
47 248
593 974
751 807
719 966
596 863
67 536
237 600
66 48
254 263
601 595
163 790
470 285
438 1000
714 189
224 317
592 444
876 516
510 882
756 580
560 545
241 313
68 928
410 190
385 33
281 429
118 499
436 544
470 416
452 420
415 1000
444 705
698 997
209 595
806 957
182 820
19 180
843 840
552 239
889 607
115 833
238 726
248 145
522 518
476 963
529 828
724 219
613 399
368 541
744 438
854 544
350 247
927 957
634 265
285 349
745 763
471 385
364 490
431 463
121 271
791 4
744 703
294 77
159 889
725 4
825 900
747 385
141 46
505 246
913 670
633 898
812 707
186 248
352 178
394 125
548 60
220 509
672 461
728 686
900 63
306 499
664 765
907 946
771 344
535 479
743 957
291 703
130 181
650 774
714 148
352 865
140 499
686 173
749 767
339 830
951 207
242 976
405 665
620 506
683 5
920 918
604 153
677 475
616 267
129 307
145 490
908 261
326 534
87 228
3 995
815 886
506 467
220 229
782 33
292 106
608 102
380 149
55 351
961 598
123 69
345 936
788 180
364 568
754 756
500 314
432 451
72 580
607 745
488 394
571 291
811 248
655 225
937 739
675 801
497 441
73 209
432 171
630 216
62 594
722 110
101 776
252 191
702 459
669 28
67 101
480 545
883 558
258 768
340 80
471 973
427 130
902 889
146 119
739 344
652 772
115 458
488 549
76 501
289 200
368 593
591 616
921 131
789 819
913 883
882 165
417 470
90 643
145 20
806 697
481 339
342 461
482 154
57 881
217 367
249 452
639 354
593 458
899 935
472 944
407 536
911 305
139 593
28 203
418 314
909 707
442 681
951 805
37 837
374 660
64 908
27 344
845 526
517 155
550 119
359 995
65 601
509 636
303 384
523 251
325 204
164 131
815 794
95 668
870 763
795 847
882 380
678 515
543 741
32 260
76 58
492 422
775 885
408 510
789 817
814 186
209 41
738 108
911 759
624 330
162 157
116 745
460 664
686 486
23 951
518 443
512 568
537 176
24 724
149 448
118 119
620 152
911 105
578 611
206 511
405 192
211 186
507 746
201 22
593 287
447 77
725 818
720 858
350 130
244 711
43 560
217 503
435 885
655 428
361 258
16 706
529 213
496 370
559 3
711 152
551 840
225 958
622 329
629 375
782 394
43 212
876 768
540 443
941 721
852 50
898 623
444 256
794 450
429 381
357 522
59 166
203 592
687 298
727 934
421 879
461 874
258 965
902 72
570 569
885 181
503 724
342 524
729 546
406 605
55 540
455 425
299 518
377 536
70 633
105 891
233 394
826 106
575 329
720 294
706 956
114 840
445 369
504 713
270 743
239 912
727 118
57 23
701 906
956 470
593 900
809 615
952 721
71 1000
705 409
30 564
511 361
774 962
689 602
364 20
352 343
793 122
501 955
199 997
552 881
716 596
713 106
64 154
446 587
566 638
499 604
505 545
876 146
684 28
800 669
762 367
592 515
559 435
953 659
497 233
24 987
164 41
534 819
487 644
343 368
638 106
208 290
248 885
79 605
607 916
430 828
280 777
9 417
361 964
169 631
790 933
597 793
30 725
82 583
426 446
5 384
842 807
866 251
58 241
234 477
411 388
228 798
628 371
872 195
149 691
599 334
69 425
940 433
441 121
317 271
184 759
621 508
747 10
224 239
365 396
429 63
93 363
822 51
689 347
208 769
719 146
908 64
936 427
172 653
316 988
569 954
947 31
933 482
318 997
434 311
840 294
699 181
426 618
127 860
643 315
326 617
801 433
30 413
710 373
185 397
515 542
804 112
909 567
100 884
810 119
225 370
906 111
723 534
339 448
829 136
30 474
495 165
821 534
833 710
735 454
451 831
332 999
817 298
114 814
228 994
874 440
262 272
571 200
346 818
845 989
173 783
119 89
43 612
174 387
787 466
502 606
378 877
910 536
79 350
219 572
471 218
295 360
287 634
559 936
702 17
45 617
588 241
935 662
12 622
85 975
115 217
650 557
781 750
159 224
217 318
553 945
961 990
842 496
831 462
219 807
568 692
497 636
907 574
180 435
352 891
180 722
46 619
545 724
863 674
192 711
618 489
536 829
44 357
306 95
38 622
699 317
161 218
843 759
134 15
783 199
516 548
110 541
539 337
443 242
803 266
280 421
210 472
519 353
45 232
609 645
685 258
338 218
307 515
494 1
537 699
336 555
698 408
441 567
479 65
658 855
61 788
689 907
202 265
776 772
204 701
919 98
30 40
353 735
52 519
58 690
907 162
423 5
150 399
417 464
614 982
893 611
893 722
279 671
331 438
617 678
261 766
676 767
804 282
705 731
123 407
490 299
700 541
202 703
651 370
477 736
606 53
836 463
72 908
952 252
490 783
438 224
584 122
543 627
381 823
516 903
217 586
835 538
439 219
819 144
116 215
804 151
179 568
609 218
797 296
274 831
147 266
855 25
476 753
300 822
872 783
375 1
73 64
199 1
86 676
37 737
84 144
723 190
612 741
238 900
179 384
766 777
416 609
880 593
489 124
556 704
894 939
157 619
366 193
19 831
879 568
437 272
401 604
85 852
832 406
300 294
692 539
139 947
557 659
929 976
568 778
901 634
159 897
738 956
478 646
762 917
212 24
781 927
75 60
177 153
213 339
339 150
371 9
531 132
643 88
543 902
927 379
444 859
81 795
889 700
110 414
70 194
169 602
120 373
740 655
359 358
611 794
223 758
672 355
411 493
895 336
915 332
667 991
19 115
188 376
27 796
525 961
526 894
721 232
714 547
220 564
346 850
143 613
208 725
606 335
729 60
416 404
284 457
429 519
456 714
666 913
608 699
443 167
484 409
567 18
478 199
950 94
405 677
396 595
646 524
442 911
758 611
888 99
820 365
535 185
141 777
148 421
868 913
855 281
48 891
42 78
637 331
267 618
358 327
45 37
288 41
833 803
668 505
217 245
528 57
556 920
371 463
566 772
185 958
447 422
951 325
772 286
889 678
620 778
920 97
94 497
526 14
913 825
48 39
548 178
938 428
538 745
743 980
665 414
615 627
473 766
513 438
840 233
627 185
220 485
403 209
729 649
556 227
458 299
268 51
810 435
44 718
520 325
933 488
313 171
545 238
838 529
445 110
216 151
845 178
201 995
812 521
652 780
891 638
808 712
567 463
72 959
25 487
917 669
937 164
902 76
375 601
164 800
628 782
94 329
521 451
245 36
312 833
418 643
351 73
164 952
244 666
818 270
107 455
638 48
644 599
495 32
905 44
541 618
81 972
232 526
313 219
140 521
254 911
262 380
953 691
96 20
281 124
614 304
763 175
177 247
585 889
508 239
80 829
705 143
839 410
875 510
647 411
893 57
44 453
865 929
594 652
130 187
14 118
879 238
452 630
953 40
594 442
788 546
117 486
232 639
939 215
740 305
155 721
158 620
569 282
408 185
67 804
619 157
188 263
209 695
270 412
135 837
267 379
473 655
661 974
417 147
509 564
893 440
345 455
445 659
515 14
437 269
220 68
862 482
659 623
553 83
880 394
483 917
52 91
78 520
168 165
646 826
890 240
301 89
134 52
749 332
184 786
466 539
719 659
566 522
939 878
869 579
687 62
457 528
264 714
899 997
159 220
710 396
543 227
122 446
117 561
670 617
208 60
703 501
811 785
244 790
387 989
493 5
633 338
238 583
291 617
545 692
446 482
648 609
478 621
786 7
170 316
94 649
711 398
816 90
875 158
44 973
12 515
441 475
392 830
102 89
536 126
270 479
6 7
227 354
37 494
680 554
460 511
40 989
509 184
291 578
703 339
884 815
358 616
937 516
743 64
435 774
758 883
173 477
80 467
352 950
49 295
238 929
815 433
806 604
60 112
243 998
29 847
316 509
244 748
3 153
167 338
265 454
11 175
679 318
376 431
222 765
415 743
453 227
270 34
417 894
404 232
523 205
158 634
436 542
70 976
122 576
766 107
102 914
794 411
153 986
322 618
823 183
487 838
169 856
122 971
204 747
78 215
600 607
324 605
732 554
901 962
146 307
566 811
383 129
189 445
378 946
27 548
675 621
336 181
765 585
911 731
705 379
717 381
880 572
705 894
571 625
68 701
76 705
870 83
903 283
176 87
604 493
152 669
850 46
395 962
938 997
555 426
273 831
310 43
572 461
667 55
553 467
94 462
105 851
398 361
780 560
294 176
933 955
212 205
557 298
787 647
445 852
41 504
339 718
333 944
663 769
789 871
36 889
314 766
517 31
938 807
894 225
625 49
585 925
378 469
296 705
718 587
521 758
149 246
619 528
857 636
424 224
812 919
245 946
502 502
140 207
952 781
759 604
314 944
82 338
382 92
171 52
902 151
188 284
156 115
507 101
199 519
230 250
239 614
17 830
664 165
476 563
434 41
884 451
585 631
685 34
829 275
418 18
576 530
34 212
639 767
726 150
69 41
805 160
703 531
714 646
895 244
676 673
803 525
548 342
15 469
286 221
144 368
316 595
327 452
531 832
684 402
507 122
939 907
745 961
332 689
401 297
958 105
127 539
269 808
7 363
676 499
229 307
303 909
568 919
822 885
798 200
210 837
159 705
283 964
427 501
743 309
803 615
575 478
304 128
293 874
768 644
57 807
96 869
625 89
462 7
603 13
720 706
177 407
648 220
267 852
821 676
420 689
1 456
196 290
796 128
182 172
289 208
280 307
304 330
910 972
642 922
77 133
20 608
844 184
427 1
718 708
450 231
675 212
142 12
72 742
35 3
386 252
841 159
574 374
675 858
160 855
612 280
955 820
607 97
737 336
757 938
906 91
118 301
896 814
519 724
30 520
466 266
9 404
74 90
772 289
548 390
766 937
170 81
939 578
369 269
711 1000
149 647
333 473
7 918
724 375
556 375
809 282
130 364
616 899
172 1000
53 891
248 404
419 818
98 446
141 248
585 637
313 871
961 926
664 390
329 250
255 976
698 965
684 323
873 145
574 682
923 841
71 219
434 6
767 802
413 278
170 380
543 392
935 525
639 273
639 547
913 322
899 464
443 615
103 867
209 97
531 616
933 229
525 892
736 676
518 178
64 505
497 40
184 894
205 794
275 591
475 430
404 852
823 919
147 988
456 99
752 781
887 773
327 717
650 251
181 508
199 976
465 343
786 507
852 719
210 927
682 896
568 697
88 459
229 661
717 196
655 946
960 212
711 521
89 936
273 490
507 40
693 438
722 281
728 222
441 251
451 363
469 940
200 508
578 588
388 419
864 223
373 888
34 142
640 420
924 246
74 448
480 623
521 300
856 166
933 640
347 75
337 302
59 260
664 221
781 288
215 648
54 301
471 445
541 579
507 591
48 927
271 373
907 913
337 888
250 150
351 737
64 974
743 824
551 303
291 702
822 552
364 28
945 87
759 634
55 68
87 713
553 380
793 609
431 950
926 700
69 665
337 833
121 629
380 946
747 301
822 974
845 923
949 504
319 268
484 254
542 304
637 930
477 219
878 389
378 351
10 231
277 344
185 984
35 558
158 203
39 575
365 213
181 938
851 170
351 212
91 777
692 247
949 187
204 494
906 288
611 43
792 361
298 210
174 127
30 219
808 51
606 787
876 4
421 187
332 268
308 704
154 307
249 178
158 203
649 101
37 634
900 346
291 211
554 431
698 173
746 619
766 618
724 819
755 434
416 440
486 165
943 975
211 45
914 295
584 26
346 254
745 971
116 805
143 660
622 319
871 10
88 430
792 153
345 638
658 903
773 96
21 950
420 145
943 645
281 304
292 576
423 435
530 620
698 715
576 148
223 419
695 95
811 261
202 575
774 149
863 875
173 804
119 654
578 126
503 254
262 612
412 573
782 435
364 988
715 580
367 683
251 978
371 226
37 439
152 268
765 695
79 710
48 482
858 596
871 958
393 349
667 764
196 810
555 351
827 171
726 432
547 682
105 692
265 645
946 804
691 384
752 643
521 833
938 836
442 731
629 866
745 155
600 550
524 310
