2348 861
578 825
370 303
727 679
628 481
124 23
492 60
480 52
386 996
363 267
224 817
666 968
582 809
199 889
544 892
325 73
336 191
358 319
480 994
722 285
849 466
364 65
544 15
419 527
504 167
510 828
413 794
313 693
50 3
391 846
495 581
216 380
176 20
813 308
594 232
155 201
353 222
329 578
363 70
655 969
128 254
170 277
819 757
616 65
407 473
232 707
174 306
112 990
545 36
800 240
731 937
839 28
607 301
653 370
750 40
549 474
825 16
789 701
486 732
418 444
308 962
553 550
735 89
2 199
540 536
743 987
354 774
833 783
747 319
406 561
18 646
308 515
501 797
468 844
743 174
527 942
849 294
452 817
640 900
702 551
487 471
431 910
628 61
2 785
837 141
19 295
442 134
806 107
279 149
379 954
165 259
770 776
237 773
212 587
471 579
199 6
518 81
578 216
3 448
419 955
828 830
355 93
652 106
259 466
845 561
224 151
526 796
762 169
577 79
382 685
515 644
259 269
206 390
48 153
851 87
693 179
845 858
595 618
664 929
778 592
544 40
230 676
210 128
156 761
664 213
832 485
240 625
659 691
779 391
542 721
261 176
581 331
474 217
492 302
96 115
284 166
656 978
72 560
521 719
176 256
762 174
815 605
562 57
711 896
724 410
722 993
198 869
309 642
268 380
510 194
369 121
231 883
437 584
268 884
258 593
554 311
295 178
357 836
689 572
834 565
297 842
854 536
635 661
490 40
129 554
45 132
267 953
804 335
502 544
235 142
251 583
192 381
335 466
582 386
35 890
577 480
748 780
784 6
13 552
222 382
656 411
593 990
68 614
729 546
579 452
84 856
182 376
723 778
23 853
261 488
673 412
571 331
696 33
617 427
600 86
495 883
64 367
77 863
327 357
697 541
661 827
307 537
841 556
333 519
117 355
265 157
157 833
566 390
684 138
355 536
371 984
265 599
324 183
357 240
726 399
573 631
696 206
833 393
396 531
188 458
418 804
447 553
231 97
464 71
161 286
103 404
613 285
627 258
152 386
350 408
386 493
226 776
701 636
653 961
729 622
548 213
203 241
466 124
245 252
185 320
434 78
369 743
143 357
389 564
53 600
64 623
642 430
814 392
216 661
58 687
784 532
284 543
193 776
353 775
608 459
793 552
666 224
103 426
174 513
128 374
222 153
291 949
417 266
86 656
192 9
366 173
465 965
316 153
780 299
390 761
803 125
148 871
28 886
22 931
25 152
483 759
43 846
163 986
561 2
366 486
227 296
497 27
377 905
481 306
512 338
524 274
602 98
55 774
139 431
612 852
861 482
59 136
854 294
161 703
319 213
477 285
710 299
324 159
314 425
373 658
374 491
71 298
40 690
628 891
841 475
625 684
674 663
513 655
381 833
716 979
419 539
629 666
164 297
177 83
468 332
691 17
850 736
147 98
500 838
50 184
394 467
581 724
853 975
702 310
805 383
91 894
676 340
53 551
607 658
724 246
567 362
599 79
638 608
247 816
5 349
504 813
492 310
487 98
613 923
311 468
347 241
590 777
641 89
174 658
758 982
803 184
598 107
546 597
770 587
80 687
460 327
532 464
716 532
797 784
529 994
784 225
834 670
733 962
792 664
804 622
370 230
739 130
208 520
663 858
489 410
755 316
301 949
659 123
609 645
363 205
111 564
541 590
27 926
756 155
63 715
142 352
858 369
773 187
327 783
737 22
230 259
324 824
539 157
659 685
462 874
255 930
219 106
66 266
700 545
698 627
799 938
235 306
666 495
47 307
465 323
557 137
855 432
61 300
452 361
91 310
408 578
304 165
814 330
353 725
688 704
186 867
704 619
476 586
533 953
723 898
246 969
428 476
594 977
592 759
251 648
610 815
603 653
441 712
659 838
670 15
609 802
68 282
244 408
518 467
600 237
754 360
519 115
443 526
35 556
724 866
378 163
601 14
318 923
132 474
76 726
858 1
74 135
637 504
729 232
217 530
674 93
48 830
66 791
854 495
720 555
656 459
458 568
107 901
609 133
461 212
771 880
858 297
346 151
53 589
772 627
52 464
795 513
663 899
677 815
277 96
167 37
634 108
614 537
661 468
839 249
140 764
714 126
681 769
156 387
88 449
357 194
207 854
391 527
390 183
657 835
738 879
697 850
18 740
418 5
817 641
500 649
96 132
365 815
16 313
750 298
57 325
58 180
560 883
522 153
142 883
556 345
511 542
536 307
382 652
69 629
237 150
526 701
715 795
595 547
217 231
514 340
247 792
334 9
184 736
224 886
235 246
175 235
615 828
690 582
701 506
187 815
299 98
598 739
165 466
84 874
439 141
284 521
21 530
810 465
257 499
568 366
770 320
633 112
493 18
438 757
765 688
515 477
99 573
707 317
536 672
644 941
573 690
211 178
501 236
22 485
585 230
254 81
333 377
335 385
246 614
470 560
757 837
653 455
215 335
164 962
683 820
2 755
841 142
845 846
736 116
661 539
19 944
147 848
665 978
42 660
295 738
136 829
15 753
29 131
384 81
333 522
523 153
860 868
589 10
482 453
165 412
401 245
139 66
226 666
156 89
404 587
243 758
146 454
597 813
735 947
649 442
375 542
451 852
813 985
78 709
318 567
40 123
771 75
302 322
696 479
643 560
199 285
368 176
217 874
736 72
268 6
324 898
213 381
546 663
149 897
97 863
156 885
461 714
676 19
436 322
698 136
711 895
202 347
682 298
768 993
496 858
148 156
194 202
510 95
786 968
713 395
207 368
641 566
857 24
124 79
237 489
51 99
52 932
570 507
556 115
326 468
242 971
511 21
606 265
115 812
439 586
691 586
62 465
714 122
226 621
730 686
159 704
168 834
219 385
656 983
603 219
712 697
109 636
805 898
98 599
266 197
23 234
829 731
263 265
720 97
549 121
528 504
345 101
223 876
336 5
212 54
700 266
493 386
557 780
522 794
796 284
394 449
432 930
582 936
118 656
346 868
838 852
703 702
723 954
84 474
298 800
215 672
456 113
462 239
629 635
721 173
794 352
452 872
538 41
565 136
166 366
175 762
229 791
793 439
558 662
403 914
61 851
159 30
659 839
407 974
47 89
677 323
356 12
407 938
127 919
280 931
786 451
415 411
162 785
293 267
547 794
76 510
268 5
324 167
303 244
657 457
485 959
610 525
626 951
235 640
575 60
853 978
63 88
366 560
761 522
280 370
614 156
129 734
334 878
105 779
84 512
837 55
630 931
328 706
91 257
446 536
554 89
760 267
552 932
703 871
280 411
49 301
309 958
833 320
145 702
417 850
196 156
738 808
422 511
122 362
640 923
291 468
672 389
9 336
740 48
313 554
696 34
792 986
499 823
191 238
323 197
822 725
447 31
45 485
604 787
47 757
238 548
785 452
792 928
785 681
384 978
69 728
741 25
102 547
817 448
595 695
686 484
747 547
528 249
427 372
288 677
844 68
465 92
634 606
574 890
650 676
845 900
95 378
771 607
285 72
265 919
604 907
2 226
606 500
321 115
347 463
643 55
43 166
412 227
69 668
548 44
440 907
217 197
391 38
447 221
260 31
245 502
347 634
585 663
691 896
632 883
329 30
474 392
316 987
120 617
1 685
747 773
340 637
15 141
479 758
438 682
358 250
801 108
177 405
567 548
129 240
432 787
38 535
719 449
142 900
332 927
393 34
405 45
666 74
157 909
504 609
304 174
696 696
629 242
800 107
163 992
405 523
136 218
144 156
495 936
155 7
535 620
805 593
74 220
51 314
843 508
413 784
420 785
210 217
645 102
368 324
499 339
178 513
275 9
501 980
344 255
31 694
180 488
250 92
580 147
509 478
94 674
484 177
334 907
574 510
324 370
347 841
582 805
817 250
785 254
744 159
431 245
137 120
226 996
581 882
359 633
588 445
102 519
399 214
757 69
54 486
778 29
376 408
550 702
845 63
726 947
26 334
466 146
519 326
362 966
250 651
632 102
173 279
160 764
230 206
282 518
538 9
762 936
471 539
617 975
145 375
79 368
580 751
780 167
648 150
457 912
265 912
726 114
634 301
68 999
39 418
115 966
715 391
288 937
39 97
673 199
752 554
642 51
343 964
853 363
228 378
505 514
143 464
325 462
855 381
562 90
234 264
496 902
636 64
101 650
88 819
627 807
186 712
156 422
671 253
83 830
92 721
160 970
309 891
30 297
498 841
179 949
610 122
334 764
841 781
339 730
491 544
843 93
583 890
64 936
833 912
78 568
435 268
567 274
557 217
761 371
160 905
697 278
825 519
502 778
840 981
780 538
504 711
184 699
556 567
380 545
679 415
405 754
384 897
244 585
96 115
419 468
362 259
207 127
198 232
854 951
60 65
68 504
201 395
338 568
224 935
751 681
667 241
759 67
47 786
836 847
140 343
728 949
259 721
431 183
276 83
780 868
262 31
318 366
8 569
784 92
226 298
267 913
757 702
6 59
220 959
340 613
612 480
298 93
793 282
653 646
740 666
578 120
708 665
710 715
404 155
238 288
591 713
28 416
212 367
831 474
102 438
500 217
672 35
432 588
344 230
297 597
18 660
807 491
441 630
479 247
786 920
829 138
831 946
724 534
681 147
811 73
417 681
27 765
38 721
237 499
782 134
795 235
56 82
576 101
831 814
696 43
405 872
406 892
746 328
187 195
24 690
196 503
272 751
209 345
776 403
179 496
661 392
68 552
266 378
493 14
113 898
419 46
708 275
325 126
328 464
529 552
397 980
170 908
526 112
282 755
134 960
571 333
653 974
2 140
397 38
150 223
804 25
414 8
300 258
674 670
805 835
24 748
152 913
139 536
533 836
714 381
115 921
780 465
855 663
645 160
859 397
486 847
382 483
40 121
463 676
177 854
79 738
711 775
714 18
256 772
424 172
822 358
6 940
715 181
820 900
303 522
406 320
456 830
623 888
521 522
470 545
679 981
761 452
483 346
570 510
23 638
229 207
819 614
48 435
411 327
123 996
526 941
56 677
91 573
355 312
176 850
174 538
455 675
430 178
192 435
72 341
351 280
654 541
609 182
841 837
276 721
261 223
72 702
652 534
226 130
308 60
719 105
408 165
750 369
336 578
537 412
623 328
829 730
657 726
733 580
170 898
502 578
485 445
481 94
446 498
528 863
719 587
673 983
398 868
348 22
453 958
475 324
498 550
436 250
3 619
858 386
98 235
776 339
485 38
323 870
807 506
246 299
101 133
815 757
65 526
686 730
71 285
306 652
809 359
278 722
412 835
804 448
147 631
457 234
207 419
195 757
62 892
73 415
639 587
497 354
102 124
683 293
726 168
166 682
355 803
391 473
426 526
448 532
210 718
631 265
472 67
744 396
496 154
435 458
771 524
655 822
850 45
26 727
125 661
500 888
401 10
854 696
96 564
418 184
86 720
641 863
564 990
337 337
377 283
372 300
814 104
396 137
705 913
13 513
475 110
773 582
824 869
202 397
166 910
817 795
792 518
576 509
49 173
356 958
266 800
257 965
564 687
193 108
28 176
238 114
634 866
409 714
162 523
467 818
799 915
88 341
775 503
707 881
472 646
443 458
415 615
705 469
494 994
319 646
369 954
337 442
672 378
156 54
328 412
632 822
36 51
232 910
573 675
809 229
124 859
246 357
397 106
76 789
818 335
104 343
394 232
342 914
232 716
745 401
762 329
767 225
601 567
316 959
269 930
153 224
232 340
474 440
214 992
469 236
15 608
501 735
505 193
258 129
765 970
138 499
413 849
711 68
737 973
42 711
695 333
309 3
482 7
179 298
819 786
195 2
560 573
128 575
637 245
442 991
105 795
257 852
619 252
494 838
604 791
620 742
22 962
641 4
247 470
45 323
229 310
717 552
56 988
106 246
84 76
267 108
649 7
119 437
720 946
124 183
449 188
282 661
159 987
379 613
850 400
745 795
455 606
283 52
166 487
200 556
520 271
393 145
501 87
498 141
311 667
72 855
835 237
258 131
45 296
519 446
753 381
120 131
466 497
125 192
822 77
611 617
548 21
112 420
212 994
628 940
395 216
6 303
87 504
621 80
824 239
552 237
200 614
504 617
860 832
281 371
381 902
719 14
605 854
237 783
595 224
745 106
821 16
293 574
565 215
367 196
234 154
565 772
110 457
572 23
574 233
107 662
745 179
813 778
5 611
836 138
379 57
381 880
469 475
582 644
792 617
303 199
473 112
339 865
251 848
827 189
519 158
454 144
739 467
4 149
457 834
690 35
473 14
118 157
676 170
518 449
281 751
242 442
189 273
418 463
203 866
561 945
564 694
19 33
706 526
721 799
197 189
304 292
428 446
551 737
820 684
363 286
434 760
717 556
152 166
37 915
267 368
612 293
116 330
740 569
691 180
593 9
708 900
737 204
360 857
233 325
684 641
466 522
367 851
602 741
731 814
747 567
161 681
477 656
439 208
203 288
20 326
7 98
282 909
345 835
485 679
374 135
313 433
462 685
534 123
275 590
94 681
189 866
478 869
450 818
609 698
834 15
131 90
244 594
569 410
269 170
555 49
702 273
647 316
501 551
637 765
262 70
555 287
593 876
3 860
368 532
773 31
460 653
605 562
340 641
379 890
226 135
689 630
706 322
234 635
21 513
364 523
88 109
788 153
821 533
453 134
383 685
140 952
34 210
534 486
34 512
773 933
694 949
762 790
225 259
472 885
301 753
518 516
300 171
430 398
193 190
135 420
836 869
139 251
268 807
641 668
434 774
600 883
711 49
545 961
531 139
501 626
479 249
293 384
583 64
418 334
297 950
278 757
129 892
831 434
264 90
667 198
703 371
765 205
825 716
566 160
518 761
629 27
827 625
247 15
152 437
794 889
152 357
266 609
367 131
89 660
461 765
64 19
207 79
761 514
96 527
740 762
345 312
406 303
448 103
460 234
674 281
846 376
547 355
606 745
306 936
24 402
746 375
627 315
362 387
525 522
17 369
392 439
408 389
737 462
488 877
278 832
184 188
94 769
292 569
281 523
639 661
125 42
722 169
101 7
227 494
680 398
196 890
572 919
510 826
53 384
125 58
706 993
289 807
390 278
106 774
600 905
179 754
390 326
170 442
656 278
300 432
809 372
538 3
281 19
395 462
221 261
376 607
55 701
550 873
419 327
429 242
834 571
833 669
563 965
670 50
584 544
453 529
261 558
474 587
787 553
50 617
418 310
465 394
843 413
533 170
431 874
284 189
274 327
509 248
68 672
797 193
209 637
532 258
613 747
774 210
833 684
517 507
512 418
341 61
746 960
805 946
415 201
173 320
792 959
834 194
601 661
109 623
339 14
687 162
187 436
751 320
14 1
535 981
634 673
577 703
366 934
827 537
768 715
783 450
495 874
102 955
34 686
550 293
709 161
269 49
239 984
770 69
722 906
61 494
733 652
366 536
754 207
54 48
335 385
638 835
577 576
745 500
239 586
779 386
692 88
321 383
777 14
424 106
809 173
737 614
642 218
339 361
443 396
10 230
274 281
520 59
666 146
433 324
807 258
483 886
670 3
389 109
154 633
88 310
116 284
516 997
715 451
56 897
625 892
249 99
252 85
83 195
859 494
591 363
384 444
177 586
195 608
696 410
150 566
477 258
319 479
55 228
710 775
654 760
405 695
550 160
183 532
82 226
4 678
765 593
222 962
14 548
516 713
780 270
335 103
224 100
237 604
307 306
362 910
618 870
437 910
527 675
780 622
114 392
3 193
42 655
47 459
845 102
329 437
473 465
670 683
3 78
212 389
353 911
839 281
679 988
338 591
75 366
158 212
373 461
441 656
564 404
526 272
272 303
773 476
2 140
287 114
220 263
705 729
409 772
29 487
406 641
62 148
240 889
855 309
452 562
482 658
201 824
273 239
139 464
252 287
391 973
530 100
88 63
129 881
775 135
561 776
536 845
539 772
677 226
83 9
294 198
752 527
828 667
564 402
278 256
695 141
389 335
715 658
266 95
410 3
134 538
560 173
473 336
114 528
350 387
777 456
248 65
367 327
332 69
692 376
843 679
283 70
442 415
555 835
635 829
758 625
261 236
644 221
418 787
251 854
559 947
705 483
745 412
789 658
53 639
223 130
575 877
515 986
470 815
82 431
694 635
308 498
445 870
710 8
234 893
75 848
417 730
623 705
46 101
387 505
735 576
192 342
93 162
237 705
456 333
85 463
324 857
628 455
340 983
193 278
288 670
590 653
769 641
396 90
532 774
500 675
134 233
433 158
240 39
459 84
709 196
558 489
467 85
120 118
97 382
754 248
836 566
363 190
167 758
104 166
283 246
594 832
360 208
428 249
157 11
680 994
460 409
306 679
333 153
509 137
396 982
211 108
738 382
152 490
830 491
136 653
699 78
662 577
272 751
145 136
450 62
238 756
387 30
591 808
841 4
292 999
240 812
226 524
330 300
116 72
429 312
149 768
605 492
518 380
637 373
673 41
651 769
758 392
584 761
408 373
654 422
503 680
389 946
203 208
143 818
755 139
466 563
5 734
385 154
497 467
686 634
683 478
531 962
759 336
235 485
280 333
457 624
518 861
651 599
859 318
591 400
393 680
241 678
50 888
328 695
354 22
548 687
223 910
763 931
611 723
267 703
834 880
569 769
433 405
347 267
709 592
112 236
57 753
393 496
499 436
346 356
24 731
725 507
142 722
817 931
483 409
228 737
710 206
381 401
650 616
314 758
535 821
699 256
584 5
219 409
460 52
489 663
739 620
326 430
533 721
141 331
860 531
160 361
237 767
781 176
454 870
441 953
461 629
764 155
70 420
368 330
57 175
224 626
215 720
758 576
605 146
375 154
143 432
91 329
63 292
340 406
374 536
574 795
572 801
149 966
33 870
328 81
627 525
207 156
103 31
34 762
268 744
804 400
222 792
512 129
398 540
853 492
556 645
171 844
364 279
771 807
192 252
291 264
111 663
31 198
729 297
224 586
200 704
825 853
382 651
378 607
54 303
515 529
33 477
47 268
801 569
767 200
663 877
467 390
426 92
620 238
592 663
465 986
535 116
826 801
443 577
482 165
268 757
229 613
635 264
854 348
519 183
851 184
412 297
76 796
527 620
135 270
19 704
664 954
120 98
27 909
814 211
350 754
805 959
614 649
738 287
471 363
522 575
336 495
653 616
337 537
532 831
818 421
522 868
628 856
440 645
328 32
503 552
157 975
213 924
759 956
179 337
435 209
25 771
388 518
137 867
353 421
839 14
489 892
130 940
46 614
607 730
837 122
671 481
707 994
560 916
487 702
728 990
83 215
174 842
12 20
516 729
746 392
803 536
335 561
428 623
673 347
99 163
180 12
495 340
491 197
690 184
55 863
401 558
23 563
713 260
248 713
225 74
326 402
518 981
366 350
525 365
634 23
815 30
5 484
389 691
202 175
698 974
847 896
59 250
242 247
782 722
272 501
289 726
517 532
715 941
46 547
132 654
458 131
805 38
678 572
29 45
422 497
59 632
554 767
52 321
253 786
109 410
378 177
601 694
426 389
498 489
614 950
567 58
206 22
75 720
859 315
839 274
784 361
398 558
631 774
611 787
80 893
425 918
547 548
651 641
515 541
649 63
141 289
328 538
767 976
732 662
222 890
770 995
178 625
117 134
800 109
686 160
322 615
461 742
105 806
403 447
234 645
371 945
419 722
363 429
263 441
276 302
22 888
484 6
305 304
118 490
208 914
658 561
399 448
547 216
271 311
739 721
419 484
582 831
222 460
606 891
666 226
666 499
503 181
694 462
338 639
713 745
637 359
66 253
297 552
792 910
8 424
43 101
624 394
846 143
692 660
42 477
813 881
468 130
681 753
261 24
723 540
265 99
338 803
130 700
778 791
730 431
675 272
480 997
711 935
63 235
156 692
564 233
554 777
415 13
803 436
347 893
97 633
756 560
243 886
715 14
119 990
225 163
658 511
209 928
301 363
289 890
636 747
650 281
353 991
16 802
765 391
761 54
37 653
797 785
119 617
38 76
644 644
49 323
529 741
684 151
255 71
750 549
524 681
302 797
446 276
501 220
443 769
767 178
142 497
205 437
737 370
360 860
507 521
442 261
746 523
112 216
660 986
585 546
564 518
9 19
8 857
740 688
605 834
477 73
351 83
519 196
130 323
96 593
579 133
394 651
497 327
205 245
764 60
399 851
79 163
155 117
235 101
214 680
451 635
199 244
467 717
286 751
17 612
61 696
324 489
826 245
732 131
679 925
493 566
828 375
584 863
116 690
4 801
780 210
332 26
236 642
168 414
457 956
80 27
200 954
224 556
579 305
58 911
126 985
282 367
22 894
112 146
489 154
267 827
355 9
474 473
241 611
162 335
304 389
264 130
673 240
817 622
759 617
182 969
605 1000
773 191
646 241
802 76
549 565
166 717
637 954
31 999
751 495
836 918
412 177
782 328
191 377
689 952
816 500
245 979
428 833
390 990
222 911
662 110
71 188
156 350
578 911
541 461
640 415
716 685
554 41
118 717
808 638
273 80
671 738
411 468
441 935
457 300
819 760
36 591
778 94
557 598
547 542
54 82
45 833
140 483
308 819
195 610
251 661
329 984
289 796
