6799 133
17 143
48 794
6 548
15 895
18 83
5 526
81 122
59 286
71 167
115 905
84 977
115 566
80 1000
52 55
128 192
43 564
71 771
124 775
2 252
54 830
17 76
113 333
116 384
23 961
11 817
4 781
15 131
106 17
78 958
70 974
30 744
125 555
43 938
81 763
102 318
74 261
15 272
49 179
95 450
120 171
95 245
52 281
4 535
40 107
47 264
38 131
49 404
99 257
44 676
124 599
74 372
121 475
100 79
69 256
46 559
80 5
87 829
60 44
68 239
41 348
50 780
122 88
35 554
72 22
26 849
118 697
47 134
52 8
126 761
110 5
131 559
3 614
46 280
114 199
60 482
85 333
72 396
54 525
62 188
26 643
2 818
2 779
45 994
40 700
10 862
18 328
100 450
82 478
20 886
31 72
95 832
30 341
122 567
4 248
58 465
48 31
19 470
28 813
127 602
18 144
125 863
18 611
71 585
1 206
34 240
46 361
60 449
94 453
100 662
7 795
7 233
15 346
47 653
79 13
53 333
72 315
85 731
111 358
36 683
111 508
80 469
124 281
89 382
62 259
115 991
78 85
100 317
87 68
117 775
77 781
105 132
52 365
36 778
82 727
74 808
61 890
121 797
77 208
100 174
92 577
106 308
125 502
18 235
54 350
24 653
93 380
132 597
80 766
67 341
34 456
106 800
33 303
72 904
65 135
78 849
38 350
20 716
101 854
78 421
78 615
118 166
46 858
93 594
56 831
67 474
66 688
52 716
55 284
120 359
53 397
51 992
107 930
16 255
81 518
60 723
19 223
87 290
32 192
3 554
25 119
25 979
120 631
122 507
70 464
105 632
21 874
124 137
34 390
85 782
58 469
91 299
60 86
54 585
87 644
5 101
124 270
42 216
53 326
114 21
78 419
104 181
37 774
89 534
42 632
105 272
14 179
11 887
126 477
71 52
89 632
45 692
46 644
99 767
27 764
67 714
78 85
92 94
4 762
118 574
12 762
110 741
133 856
126 598
3 179
31 986
4 884
120 534
37 970
33 970
90 113
80 307
51 926
128 737
98 581
91 690
47 236
66 573
21 213
91 600
23 976
31 499
85 6
122 731
48 295
38 560
28 901
102 663
48 999
22 336
50 591
48 145
64 100
65 65
34 577
101 30
115 780
39 616
66 832
102 963
115 123
69 865
105 329
104 470
29 391
128 210
25 616
42 730
55 364
75 200
89 884
99 806
114 896
69 447
113 625
100 519
52 383
123 477
13 755
55 72
36 502
113 759
5 473
106 112
31 483
47 882
127 351
118 226
117 834
110 514
78 265
79 382
129 457
71 61
13 61
127 118
105 341
86 264
24 225
76 328
106 169
11 207
87 504
75 898
89 140
63 384
115 505
26 536
67 707
55 48
14 743
119 551
44 202
59 436
93 696
16 828
8 399
48 440
54 25
99 420
23 846
132 986
22 735
77 77
71 988
52 278
89 207
14 51
66 671
52 659
116 406
105 523
51 516
77 820
104 1
124 770
41 958
132 22
52 141
74 85
11 77
79 776
7 631
102 346
20 731
47 277
92 836
8 333
95 784
112 507
18 945
57 667
12 438
132 78
24 859
61 609
62 204
56 133
84 814
82 269
27 783
43 2
132 265
44 138
62 291
36 149
27 903
103 567
21 45
16 393
132 991
41 736
3 651
108 693
13 349
130 699
88 426
38 531
117 645
77 555
105 517
69 827
71 573
19 583
131 276
41 880
84 451
96 83
108 873
45 856
16 794
62 804
122 356
45 247
64 8
29 495
25 63
113 300
128 635
49 490
74 585
54 106
123 366
70 576
63 575
64 566
108 559
105 928
63 773
113 247
127 787
10 86
67 416
113 152
55 751
86 40
120 406
47 710
108 208
112 81
91 11
132 456
25 43
9 72
14 629
48 65
59 941
49 105
24 640
52 567
129 683
92 273
125 362
18 615
113 609
107 901
105 391
68 637
59 646
95 315
18 69
100 663
77 286
91 334
58 912
8 58
16 974
47 397
103 869
110 978
61 810
75 484
47 170
88 133
133 537
22 985
104 44
47 880
7 638
54 623
26 447
42 831
125 928
42 373
14 944
34 689
126 194
59 599
30 133
114 857
89 571
126 610
22 626
128 908
85 966
126 867
7 829
29 401
6 497
54 8
66 578
59 675
70 233
41 605
44 830
55 911
124 564
32 15
110 624
87 764
50 333
11 355
114 290
62 237
37 346
48 422
64 875
64 192
92 280
6 558
98 887
56 857
85 652
43 863
117 996
31 895
16 171
40 662
106 71
35 357
54 914
5 176
49 715
14 312
18 318
36 938
8 648
32 495
89 675
84 890
106 96
94 93
90 992
42 364
76 242
113 767
83 65
111 573
24 323
8 996
60 723
66 394
79 183
97 711
7 794
73 80
67 987
2 446
89 997
12 381
99 925
66 13
26 927
108 61
21 970
3 987
64 519
36 869
106 598
82 675
18 624
26 66
31 814
84 522
28 321
124 73
128 960
30 959
13 925
46 8
14 1000
22 245
19 466
52 219
103 691
8 634
62 254
69 847
117 160
112 58
11 540
31 81
130 705
11 459
32 546
113 382
67 493
13 202
79 549
92 748
115 809
19 276
114 962
19 839
101 201
56 845
129 126
36 572
56 618
78 43
129 374
45 8
18 642
128 835
111 183
50 345
115 781
14 81
47 334
14 850
32 489
3 796
15 616
52 82
74 490
130 190
66 186
85 749
5 222
20 255
129 768
81 888
101 889
113 802
32 937
52 881
11 408
33 581
77 121
94 91
61 345
42 973
90 108
5 957
43 769
57 198
122 489
10 819
79 444
13 206
52 331
35 731
7 519
84 386
108 825
97 464
71 264
96 926
56 214
84 601
4 995
116 560
46 257
26 906
119 758
38 461
55 237
96 488
62 589
130 778
18 984
102 136
14 141
113 179
86 711
81 184
22 405
106 22
79 864
99 371
85 31
93 464
86 126
131 120
29 954
47 197
35 31
86 219
98 810
73 499
89 352
13 146
33 925
127 239
112 630
69 176
32 976
49 774
43 646
100 684
73 711
103 396
109 53
15 770
11 967
108 79
124 519
133 615
45 725
61 83
11 243
31 544
68 272
24 70
66 517
84 851
20 338
78 189
96 658
30 883
115 10
18 925
72 782
94 895
28 701
115 963
42 592
83 348
39 327
1 163
23 852
73 901
66 917
27 387
37 838
32 704
73 693
27 999
44 293
83 267
62 987
97 965
60 588
117 834
38 365
79 650
25 937
76 2
127 327
133 963
25 962
85 289
75 719
4 964
120 906
122 898
83 729
36 699
47 655
16 188
99 467
56 933
92 982
37 579
38 817
74 134
128 165
9 948
32 824
22 364
119 199
2 28
9 462
32 324
32 146
81 89
8 216
95 331
125 139
116 455
5 410
108 693
85 55
17 155
125 649
77 496
14 419
48 434
84 491
50 857
12 75
35 785
76 548
12 52
21 158
111 310
109 178
104 135
24 280
125 341
8 649
52 879
77 926
127 179
44 646
106 104
11 604
7 597
66 471
60 585
43 881
84 608
109 857
13 828
88 609
88 482
105 248
36 873
83 936
40 47
31 129
9 251
36 69
70 156
44 474
26 744
29 795
49 366
42 895
113 397
3 25
79 498
133 462
56 478
31 250
126 590
31 363
118 961
43 116
106 206
66 372
27 403
55 876
104 303
105 717
66 369
18 528
109 14
39 107
1 927
84 131
113 360
122 444
44 371
81 211
111 875
105 397
129 354
89 789
108 651
40 794
60 856
3 830
130 421
94 800
63 891
132 11
52 414
48 909
44 632
36 137
82 316
127 661
129 603
1 749
59 770
131 694
20 978
86 380
87 855
19 100
8 954
117 642
53 519
76 453
22 527
2 886
128 527
52 317
117 752
73 788
119 101
21 994
31 256
43 609
26 141
101 175
35 804
52 393
133 83
124 364
32 827
13 483
122 454
80 556
17 144
8 426
57 971
118 68
100 32
14 701
113 109
53 834
101 498
94 183
64 427
113 218
132 401
75 478
82 745
113 930
76 219
76 696
88 388
61 134
32 748
55 104
52 881
60 20
91 891
42 348
55 454
64 656
67 499
82 729
12 126
120 215
111 273
72 509
129 8
121 15
67 924
7 59
102 432
133 269
63 319
72 257
86 268
74 885
101 784
28 988
129 191
72 444
116 107
113 833
14 56
67 176
5 46
52 524
3 347
111 813
70 454
58 724
88 125
128 281
43 256
57 565
113 995
77 264
130 808
11 300
49 483
93 160
1 228
72 70
8 937
27 629
40 601
99 111
45 865
132 4
64 251
52 470
96 387
113 459
44 152
59 134
79 329
11 86
55 549
35 870
119 897
69 307
25 423
105 881
133 913
13 63
30 802
20 30
103 149
74 29
100 900
85 208
80 938
132 397
90 841
33 150
106 534
87 97
15 816
28 395
43 84
86 361
39 404
90 53
34 315
14 527
62 746
32 633
55 327
6 954
37 177
10 84
54 245
74 175
73 468
133 500
105 442
24 314
102 681
115 524
68 36
54 872
53 196
10 746
54 463
70 631
122 764
128 931
76 288
87 795
46 228
28 235
18 404
83 250
123 969
125 105
8 728
42 968
14 506
1 145
70 706
123 803
121 706
107 584
130 326
104 943
73 511
1 515
131 201
87 162
56 597
92 686
20 408
62 544
16 674
43 672
3 720
31 630
27 595
60 421
27 927
102 642
132 669
102 113
6 817
13 960
13 492
24 827
120 691
133 342
13 702
115 646
48 546
16 744
31 208
110 248
61 803
109 516
86 910
120 119
28 580
118 326
95 950
41 974
44 705
45 676
117 613
56 923
1 831
115 794
76 647
69 387
54 795
62 982
70 91
11 596
18 474
20 28
104 395
13 145
23 994
17 713
51 983
114 176
33 775
6 523
110 690
78 334
117 214
91 439
62 650
96 160
99 980
45 72
96 380
51 563
82 671
110 158
88 245
89 484
127 778
71 899
48 57
62 959
47 476
3 527
31 38
44 763
93 737
52 500
112 584
77 756
51 823
5 169
19 317
110 495
50 601
29 139
126 386
48 456
80 622
47 262
89 396
73 318
12 698
88 927
72 903
116 204
108 810
122 532
33 969
112 745
41 931
19 514
46 655
60 416
44 914
108 452
108 501
11 440
26 493
25 410
40 42
19 572
93 256
127 286
66 520
129 187
1 232
24 167
58 559
127 232
127 426
77 778
93 34
52 81
32 204
13 771
62 815
108 131
95 153
7 384
89 347
35 515
19 976
126 821
45 378
102 822
30 885
61 527
50 354
128 417
96 174
69 660
74 960
42 545
98 926
3 432
85 913
86 931
45 356
131 321
52 585
1 300
78 292
23 659
14 478
126 953
4 291
68 564
84 876
123 439
99 214
108 408
74 434
30 219
91 683
106 501
3 403
47 793
100 110
111 7
3 292
11 928
5 652
57 939
72 900
125 212
126 26
54 191
68 214
123 201
121 501
98 568
35 416
73 606
16 611
109 474
8 238
39 286
96 439
110 210
110 806
82 168
127 192
50 398
87 549
20 631
36 138
115 602
22 592
37 297
61 875
76 524
24 419
94 60
22 198
70 264
6 604
17 507
110 410
53 147
53 608
71 564
127 355
69 963
107 684
119 676
106 310
28 629
20 724
52 544
88 41
1 277
112 717
22 77
82 311
71 744
13 262
80 96
71 239
31 148
115 234
35 102
34 893
16 486
117 71
118 348
133 158
90 889
76 938
45 407
113 823
108 564
96 383
72 188
27 326
116 188
40 756
77 488
97 615
107 317
98 414
73 711
85 95
55 821
67 202
21 144
110 971
64 8
122 660
132 319
76 744
62 787
49 634
101 320
60 820
90 84
88 464
126 74
111 403
98 872
95 436
132 704
73 530
128 51
110 131
64 849
53 742
98 410
72 290
81 992
105 548
127 547
98 446
44 132
78 874
105 50
5 787
19 256
112 156
13 396
16 166
64 242
57 839
47 296
25 926
116 511
39 280
53 24
32 798
53 276
41 517
58 491
133 700
115 551
114 385
39 814
117 517
6 899
26 3
75 348
6 13
118 966
120 199
86 37
40 194
27 637
128 178
76 308
131 17
75 157
80 698
106 758
83 678
80 2
61 538
81 793
63 631
120 67
113 649
61 537
64 609
76 476
87 355
38 204
113 889
114 602
36 222
68 214
38 291
27 914
67 805
56 692
95 701
125 792
116 623
56 332
47 275
65 99
56 528
131 675
132 12
2 582
61 93
79 389
112 323
57 960
126 931
92 159
58 326
18 380
86 23
114 911
91 713
22 417
114 799
131 513
93 306
26 754
77 927
35 915
113 246
117 173
82 420
69 169
7 506
80 888
114 811
75 448
33 2
87 270
132 914
120 831
47 428
98 589
132 341
93 360
128 149
58 242
101 400
106 178
13 577
75 154
91 3
30 577
123 318
82 690
13 48
29 107
109 353
116 47
47 541
54 701
45 910
109 622
84 152
103 538
65 771
68 132
100 85
89 770
117 501
110 566
97 41
5 567
115 657
59 513
110 257
60 841
11 3
99 74
58 587
125 186
65 73
12 565
113 699
38 865
39 560
91 1
9 982
7 699
128 660
66 154
58 329
38 12
51 723
130 68
119 937
129 345
29 786
25 686
85 492
5 744
20 942
88 667
90 765
1 949
120 131
23 553
54 371
82 414
37 823
24 398
13 394
58 783
84 375
76 957
23 72
113 214
60 791
101 748
121 904
63 7
45 221
85 265
61 273
72 1000
93 974
73 271
16 735
63 845
80 406
94 180
27 63
111 371
14 515
57 293
122 999
130 888
32 266
118 759
76 370
101 177
110 416
65 215
8 743
101 506
65 897
7 922
82 186
90 128
51 27
73 917
92 936
62 785
100 226
116 645
82 631
100 521
92 989
74 423
1 618
106 461
79 719
95 864
54 400
132 468
43 710
46 116
37 373
76 664
112 894
51 354
87 822
118 112
103 669
72 670
68 296
31 889
94 608
93 580
67 9
98 999
116 532
1 595
14 13
3 655
51 205
70 254
40 273
83 823
67 697
21 836
48 226
59 499
7 901
108 128
11 294
46 545
35 565
100 72
113 64
127 381
88 207
28 418
85 535
44 101
44 472
33 977
18 87
109 797
45 333
72 83
27 709
6 866
12 362
108 157
97 439
5 226
16 661
132 916
129 816
30 210
32 482
70 597
116 967
107 86
84 976
5 478
122 176
105 27
59 658
43 945
34 744
118 967
10 549
90 798
9 349
65 262
107 584
92 761
66 482
118 670
76 766
76 975
55 886
118 595
20 461
74 189
108 493
77 651
28 385
42 304
116 149
120 586
81 72
27 212
26 529
124 85
76 703
68 904
122 904
79 202
35 635
122 256
57 766
102 550
8 824
106 896
110 240
55 709
53 436
10 439
83 171
58 316
121 860
49 1000
122 4
124 473
118 141
37 26
113 329
51 248
22 3
11 520
52 662
101 127
80 20
81 440
4 512
69 690
123 644
55 967
49 364
95 751
53 649
112 515
81 656
44 626
82 656
115 911
29 656
130 824
65 478
31 161
48 841
113 695
128 807
51 150
10 496
102 412
77 890
59 899
76 506
118 451
69 321
128 389
87 604
35 121
110 300
54 489
70 660
68 164
53 910
66 212
17 846
128 968
48 221
119 179
109 503
123 483
39 782
107 483
64 669
131 585
78 37
77 136
5 195
67 136
34 304
48 801
115 256
89 180
71 276
131 530
123 752
98 402
4 845
81 719
94 784
123 480
46 961
24 503
4 317
52 178
11 837
60 133
126 805
61 582
111 717
127 344
18 547
32 665
86 640
81 715
116 974
76 390
102 104
80 101
131 67
3 373
14 981
92 345
21 933
132 856
16 754
13 509
4 370
78 943
43 413
27 47
49 944
127 980
61 763
18 458
5 227
98 566
18 305
5 332
86 616
82 354
52 667
54 698
52 541
29 740
17 335
15 921
36 869
41 201
16 905
100 406
93 607
62 39
128 31
5 110
38 39
93 146
97 142
84 118
69 962
26 408
131 163
22 131
9 62
14 237
109 298
41 634
112 782
9 799
79 377
101 39
60 745
90 634
80 85
116 57
43 235
53 196
65 363
36 252
80 465
92 297
2 703
7 708
133 257
58 590
13 343
5 40
82 174
79 313
34 279
65 524
7 615
51 182
110 614
112 724
80 504
88 139
30 543
57 190
133 70
62 20
74 223
42 408
6 175
66 167
17 933
116 909
89 606
12 944
63 452
82 820
92 410
23 349
38 690
28 936
53 431
38 546
67 347
23 855
56 770
84 245
111 949
31 190
24 481
52 98
54 341
122 586
59 743
93 430
85 976
69 984
22 307
44 247
61 882
106 445
102 329
41 962
95 953
13 638
59 190
112 290
28 762
127 760
109 440
79 519
123 265
1 184
119 107
59 579
95 724
88 467
12 635
121 134
53 232
45 550
57 343
43 746
102 874
6 421
72 116
2 182
102 926
21 311
15 757
76 143
40 274
69 144
76 913
41 569
93 451
7 852
93 692
3 297
95 989
71 522
88 123
70 357
11 374
36 301
45 819
109 330
16 675
89 148
63 586
126 291
93 712
77 258
34 739
26 712
29 891
83 638
35 829
87 379
47 377
108 307
13 164
94 939
25 719
45 47
124 390
50 293
132 305
14 112
86 358
50 93
57 917
1 169
121 251
66 73
59 680
94 1000
28 225
12 53
102 838
118 602
87 445
15 766
49 37
101 516
133 588
47 890
4 682
36 843
29 620
4 901
20 273
90 764
116 808
85 637
87 217
55 340
19 607
22 854
30 644
24 1000
99 477
85 70
39 322
45 644
38 224
70 201
110 766
112 559
90 987
11 29
70 118
104 885
34 741
19 822
79 543
62 243
2 546
132 961
82 733
1 501
125 687
87 340
80 455
98 266
69 521
133 812
22 239
71 933
98 366
127 581
81 613
58 725
82 354
67 340
121 148
1 245
56 857
3 823
87 666
9 100
39 11
86 42
99 20
128 965
74 578
122 731
98 782
94 550
15 621
67 190
104 758
9 756
63 991
112 128
102 73
2 885
29 535
32 279
110 387
42 732
33 441
46 992
4 682
2 255
118 587
47 111
88 899
77 155
54 224
15 521
56 443
50 29
45 343
19 652
128 582
116 386
132 220
10 612
80 778
12 943
43 916
15 175
8 572
26 1
84 741
67 153
15 280
106 996
122 394
3 264
76 420
84 143
19 98
45 576
101 925
60 262
132 449
90 903
91 239
123 454
13 884
31 169
115 168
56 619
76 305
36 195
107 541
112 116
9 995
15 603
131 323
29 404
114 761
88 382
27 822
52 834
92 487
130 776
69 76
22 25
115 418
8 326
63 986
101 544
127 768
21 878
76 988
72 978
118 428
46 332
27 208
50 877
100 821
76 237
81 483
67 303
69 79
130 352
65 34
104 851
110 847
80 47
94 745
102 47
91 59
27 177
10 558
119 288
24 374
49 835
75 573
1 59
78 527
29 416
112 53
116 397
112 522
9 312
28 177
122 75
59 805
122 270
105 622
129 154
108 75
77 351
92 443
122 151
65 803
58 161
17 523
104 559
24 345
7 272
96 244
24 31
46 578
76 346
36 962
124 803
1 291
51 707
52 164
80 906
131 745
129 848
41 365
51 168
7 778
113 983
95 282
94 49
7 58
8 525
90 322
47 204
30 990
95 981
35 216
38 876
55 795
119 551
108 969
105 352
132 839
41 566
23 492
53 363
32 757
67 71
9 828
81 972
133 452
54 536
22 719
133 702
117 784
46 621
92 745
124 679
113 167
84 651
2 289
110 916
56 132
11 65
5 378
53 915
74 726
39 449
14 673
48 679
67 537
29 898
78 229
66 654
121 10
23 480
69 505
70 725
58 974
119 905
69 562
13 785
111 299
59 970
96 879
70 583
67 444
110 566
49 459
128 964
118 720
63 237
133 940
113 900
74 27
50 161
72 103
39 150
106 211
88 74
42 152
59 662
40 643
120 530
59 813
69 993
22 258
22 512
55 171
36 699
92 700
131 177
20 326
126 267
73 270
64 1
39 828
78 685
66 269
21 461
37 618
32 949
99 775
115 755
81 853
128 898
33 808
100 399
14 561
45 815
42 557
15 791
20 148
1 434
31 139
97 175
58 130
65 889
109 175
42 669
67 546
126 351
101 671
123 845
86 159
34 882
128 406
58 957
97 878
117 591
129 867
118 505
75 550
7 52
113 306
46 894
47 874
26 172
76 321
51 250
73 528
73 37
119 619
76 810
3 540
61 332
23 7
57 26
63 373
33 238
78 777
1 71
72 542
117 608
41 878
38 7
79 228
29 526
51 916
30 822
31 862
63 359
107 318
116 881
88 207
25 143
89 371
75 679
8 164
120 659
88 279
133 458
10 636
4 447
107 623
110 425
117 314
86 266
121 857
111 889
3 692
46 400
16 704
19 142
108 23
120 725
109 987
43 781
37 879
102 176
66 142
8 364
44 906
69 484
98 598
92 375
41 92
125 144
63 257
113 180
95 412
28 695
34 538
127 23
41 973
95 399
5 376
97 286
129 861
128 949
6 335
96 629
64 936
89 367
100 500
116 753
3 468
87 608
99 453
16 672
16 718
25 238
112 214
108 375
132 731
72 278
39 587
113 530
25 351
34 629
92 387
91 694
56 392
130 576
104 571
63 993
9 955
118 804
127 726
120 975
125 892
4 254
121 211
123 910
2 66
60 475
91 14
103 378
106 175
17 855
27 748
99 673
131 603
36 449
49 826
64 103
42 513
23 877
26 437
82 753
28 215
29 479
120 475
68 293
27 442
82 78
4 184
27 632
86 622
68 550
73 697
16 94
15 905
82 619
54 739
93 204
69 176
127 156
58 156
119 600
76 535
111 372
54 87
63 462
118 845
55 625
53 947
95 580
3 188
91 801
26 772
44 702
42 916
48 687
84 552
87 362
27 976
108 377
86 58
15 732
107 310
47 772
129 489
117 473
52 547
16 781
23 769
92 551
33 683
55 938
12 615
131 555
14 708
10 958
117 912
61 57
22 251
20 927
85 298
121 990
69 141
96 842
130 352
20 32
54 86
102 27
61 497
6 243
47 652
58 217
49 593
112 557
59 755
64 552
82 686
29 18
74 362
75 365
7 579
123 872
127 988
111 445
112 399
67 379
125 422
66 564
87 142
33 304
122 943
52 537
114 893
28 949
107 50
13 367
117 593
96 126
98 989
58 749
124 496
113 553
11 548
118 614
72 310
46 771
115 541
54 65
67 192
53 919
111 181
61 105
96 947
19 917
128 177
5 661
11 76
54 111
39 661
10 288
16 913
61 476
77 319
113 456
129 101
104 289
107 620
26 890
133 887
42 50
71 760
4 955
78 324
66 229
92 178
44 408
4 215
97 486
71 940
122 423
15 751
110 218
124 294
118 331
96 367
16 999
90 99
23 506
120 94
63 977
105 425
75 168
86 272
24 574
110 301
2 156
61 555
8 634
74 139
62 754
86 490
101 971
107 849
62 207
130 548
29 45
1 740
22 288
92 829
77 885
81 848
51 697
109 522
68 826
102 572
47 657
11 737
126 230
116 651
90 155
121 637
57 160
47 842
25 582
15 189
98 156
96 799
125 134
5 797
70 232
102 183
32 695
126 882
8 672
11 743
65 967
98 490
70 282
122 899
73 628
23 16
121 754
3 586
50 649
126 971
82 358
72 718
100 212
21 471
60 338
122 79
114 490
117 946
34 916
86 136
41 481
70 319
51 184
37 615
76 604
75 509
110 371
31 169
65 897
70 759
3 427
80 410
21 429
50 724
106 517
63 840
22 925
13 609
90 308
41 72
18 486
71 841
30 160
21 270
109 525
54 683
121 419
31 432
129 494
13 643
18 317
60 123
88 8
111 566
92 48
120 652
82 55
56 57
9 411
87 359
128 584
82 433
2 11
30 522
37 679
87 276
118 500
113 529
85 635
54 478
66 83
97 259
44 863
24 828
51 886
84 939
4 794
6 931
37 770
57 862
95 231
88 881
20 762
81 875
35 901
63 113
44 118
64 541
3 503
117 402
122 656
5 954
111 460
43 200
114 527
60 95
131 271
88 65
82 448
8 432
108 302
59 312
70 567
46 627
126 550
6 908
38 450
59 396
104 988
76 945
103 621
66 298
42 157
127 372
21 757
49 24
113 742
37 962
65 360
107 84
129 788
12 473
113 226
106 170
58 204
81 340
83 89
23 320
77 323
120 226
128 721
44 683
78 182
12 999
17 448
50 952
76 442
84 465
126 954
72 235
99 812
58 707
6 357
15 474
131 376
64 236
26 397
74 650
62 357
33 976
106 671
38 303
68 151
76 236
113 753
90 999
47 194
8 469
78 952
21 223
71 325
1 81
117 624
16 780
5 811
64 148
48 46
66 42
131 731
49 339
65 32
17 535
82 704
123 707
93 586
50 543
48 608
75 201
114 434
68 441
61 177
7 83
95 540
49 744
90 710
47 221
129 765
52 938
99 677
81 355
130 187
127 659
62 563
92 29
83 555
115 49
87 813
66 901
117 833
116 657
127 552
81 738
127 778
78 720
102 721
33 247
77 124
27 626
69 533
68 275
26 411
19 589
40 289
111 835
109 837
14 925
8 954
45 970
66 382
30 513
69 965
10 814
97 196
81 260
120 471
123 493
128 827
32 532
102 716
107 603
126 897
40 941
18 651
128 485
12 402
103 69
31 504
97 937
51 171
12 241
123 335
57 370
33 482
112 702
18 719
61 647
66 892
37 584
113 331
106 420
92 268
44 757
67 186
81 342
82 818
86 394
108 167
5 699
5 545
109 115
105 849
101 319
78 646
128 662
127 883
69 166
33 694
99 328
113 195
46 639
45 728
7 749
87 766
17 807
12 454
93 236
5 721
128 809
32 687
58 488
39 34
50 124
40 648
86 686
29 820
45 852
84 596
84 668
62 357
123 630
68 755
60 327
1 698
105 151
10 856
50 668
55 768
67 932
116 680
78 200
102 491
122 307
19 145
117 55
45 370
75 896
9 927
132 15
34 369
28 32
129 951
12 404
122 885
65 584
59 264
121 660
29 434
63 822
130 916
110 164
72 327
15 933
127 298
107 329
64 312
63 708
17 407
107 567
10 305
102 71
132 126
23 28
10 137
79 923
120 15
124 901
21 971
118 238
39 693
49 111
17 638
133 388
35 21
109 78
54 885
82 889
31 685
55 632
42 326
50 317
39 25
111 409
57 807
124 410
28 110
127 879
126 371
6 206
122 330
132 127
110 24
5 7
61 50
33 862
87 635
133 721
97 786
85 944
22 97
1 73
114 343
65 531
2 679
64 836
5 327
13 412
64 858
13 336
67 703
32 840
24 903
18 17
66 962
37 667
17 755
28 667
111 976
76 347
110 195
105 838
63 787
73 764
19 124
96 156
66 355
122 573
132 778
10 211
26 386
79 609
17 148
83 609
88 519
19 477
123 486
49 274
22 7
133 904
105 500
85 403
1 550
58 205
75 821
113 458
41 89
75 194
105 685
123 546
95 78
80 187
6 96
116 866
84 681
98 486
111 980
20 158
43 432
93 792
25 591
37 555
13 175
24 438
104 532
89 958
54 820
65 676
53 657
55 933
126 947
36 560
128 844
111 924
27 362
42 903
113 512
3 192
41 765
98 662
30 579
49 766
110 489
131 489
99 394
45 891
101 444
115 254
115 226
73 613
12 91
128 169
69 72
115 351
78 281
61 904
43 737
125 776
28 766
87 800
133 770
32 357
65 621
115 14
104 8
99 273
45 411
38 438
114 80
57 571
38 237
59 614
22 855
84 854
128 762
132 723
127 73
97 577
101 580
91 554
109 709
18 689
54 66
47 783
102 695
13 305
92 313
100 680
20 547
28 200
64 197
35 105
46 680
83 809
65 611
115 209
11 97
104 779
77 329
49 243
117 621
51 827
124 867
10 772
61 63
62 668
81 103
67 579
63 293
63 181
93 689
112 819
37 325
52 305
59 735
10 833
117 890
129 47
125 29
94 500
118 818
40 748
93 968
57 223
3 274
66 619
75 846
73 984
127 79
23 267
77 948
114 564
24 150
60 880
78 134
67 695
113 740
67 463
84 569
5 463
75 742
27 277
86 627
103 289
57 569
97 319
47 456
6 897
115 546
91 179
54 806
24 677
115 950
58 301
21 601
19 474
121 202
106 714
82 239
71 461
3 267
30 783
21 908
114 946
71 445
80 674
129 365
75 903
11 767
99 158
133 944
91 480
16 845
133 522
51 826
31 380
53 323
83 98
96 839
9 318
10 248
87 875
22 84
73 204
37 495
47 915
11 407
31 634
13 518
65 238
114 940
105 606
51 611
95 225
99 961
114 701
82 497
60 233
128 386
125 380
11 230
65 763
19 221
101 639
130 464
77 468
117 734
62 812
53 746
43 322
120 834
130 656
20 226
132 673
88 79
12 759
11 5
112 654
11 746
35 463
49 312
24 518
131 231
33 341
8 376
22 295
129 515
93 709
79 674
47 661
86 460
71 389
20 467
18 845
8 982
40 106
61 216
89 276
59 407
66 529
41 358
70 239
35 691
31 254
94 177
127 155
29 903
18 591
116 152
43 526
69 10
6 713
100 319
4 676
71 382
112 120
20 226
95 34
73 354
104 986
64 672
109 6
31 258
114 516
101 188
81 187
81 308
68 403
127 549
49 992
106 37
10 875
85 510
45 993
74 776
112 602
40 590
102 507
74 349
97 117
3 696
33 123
34 14
41 608
67 498
97 55
99 106
18 801
15 434
47 915
6 886
56 605
90 123
43 92
33 710
74 64
54 595
92 519
62 336
42 784
115 247
111 969
95 592
103 674
16 116
13 968
123 147
95 347
7 119
9 648
107 663
94 271
45 885
105 933
30 392
3 444
61 427
52 295
53 332
109 447
106 502
42 336
27 471
3 932
44 339
26 319
45 15
60 761
133 342
30 943
41 560
81 555
106 454
49 399
11 95
100 414
47 871
2 84
39 211
106 264
14 469
111 489
55 246
118 238
131 383
66 925
62 463
19 37
57 57
23 3
19 338
20 505
121 631
36 314
105 669
7 528
43 159
32 255
68 780
63 807
130 655
53 93
17 197
70 186
133 266
61 803
116 556
124 31
16 974
85 589
111 951
97 867
73 65
10 704
107 426
110 683
36 446
111 625
131 931
18 931
54 859
90 349
14 654
63 401
68 213
31 546
55 544
26 953
63 649
53 508
13 271
91 994
28 580
118 336
104 887
22 495
25 163
12 563
14 414
126 885
78 507
48 858
6 89
104 939
95 369
110 643
61 627
85 500
94 146
30 778
37 540
27 502
84 515
41 756
49 558
111 181
60 528
48 110
112 632
22 327
25 904
36 118
111 423
27 657
71 807
131 639
42 687
21 216
24 977
58 960
34 21
1 288
93 229
20 125
53 855
69 63
61 718
53 100
52 897
75 922
46 643
51 896
94 9
87 182
20 511
52 976
80 924
27 759
130 697
20 240
69 549
100 147
122 868
132 245
68 883
16 206
80 390
74 684
127 19
18 407
4 300
124 370
44 473
92 8
42 932
95 733
45 707
108 689
33 369
44 585
54 541
69 678
90 713
68 867
57 260
92 123
29 497
104 976
4 630
78 45
18 782
96 926
69 559
29 99
39 621
20 433
17 53
14 336
14 203
98 886
39 804
35 202
122 109
9 858
82 914
14 62
108 655
4 962
122 883
117 448
92 416
29 972
43 53
85 902
109 516
70 787
126 556
75 909
45 928
129 510
29 669
113 977
56 896
118 865
17 350
52 936
108 555
85 226
94 636
100 911
67 692
96 684
38 787
8 538
6 626
94 638
21 16
14 376
58 64
39 260
10 113
37 164
47 917
46 163
46 162
21 123
78 260
128 336
64 433
16 284
36 59
5 49
2 378
33 170
86 527
70 586
30 442
27 98
102 542
14 528
53 703
90 131
32 739
38 208
50 670
35 616
118 636
89 711
67 683
69 879
124 390
70 771
12 371
15 212
133 94
38 312
1 724
131 605
93 729
26 755
102 618
18 31
14 716
125 97
113 259
113 199
34 404
74 799
30 355
44 1
108 869
49 595
59 40
50 324
62 294
96 745
26 102
50 450
28 139
11 878
36 83
3 899
127 897
28 503
37 387
77 74
18 164
89 297
99 635
37 877
129 315
5 618
38 817
92 832
110 137
77 630
109 762
71 618
80 485
47 922
65 697
111 982
126 42
73 307
130 766
63 457
71 111
54 502
71 196
82 850
77 551
132 969
71 8
88 36
115 496
13 424
101 127
13 413
103 456
62 576
44 303
7 217
8 738
100 566
10 981
2 478
8 756
27 143
31 653
124 217
69 843
11 809
102 757
107 71
9 164
81 896
41 256
112 284
113 172
76 481
60 806
3 670
126 576
78 937
78 658
54 658
120 669
114 613
52 457
8 68
45 8
10 131
21 177
5 90
89 334
27 215
33 590
90 953
7 12
42 790
79 997
119 318
96 446
87 493
54 861
39 805
57 35
131 162
54 920
65 444
35 239
9 752
107 533
105 136
11 614
67 710
17 769
37 253
111 727
127 272
105 559
73 769
14 405
23 372
45 935
9 793
56 303
28 829
109 44
86 393
61 992
52 378
78 483
104 239
110 247
116 223
72 2
38 1000
95 599
67 825
69 365
21 537
49 166
53 989
62 41
78 414
66 417
27 577
47 428
3 277
132 205
29 520
123 75
29 43
79 920
49 9
49 570
112 372
41 725
75 904
117 870
95 406
2 466
109 643
67 749
126 894
80 788
113 765
17 676
30 824
115 392
49 357
78 726
47 243
8 467
38 775
70 355
127 58
33 281
89 800
23 205
32 554
63 761
92 645
71 252
122 185
45 959
39 556
26 842
83 404
40 248
130 360
75 254
133 128
4 720
116 584
16 309
70 114
121 814
115 904
52 507
104 806
65 46
101 310
41 189
23 553
18 300
129 373
67 841
25 562
49 263
99 676
91 211
100 940
32 546
101 23
68 161
74 77
19 563
69 883
26 319
75 58
70 640
59 438
78 667
25 911
77 580
91 867
30 409
107 634
107 661
13 1
128 799
13 488
51 344
16 644
119 545
121 101
122 155
64 129
29 348
66 399
52 809
7 45
16 438
99 555
31 264
77 678
67 716
26 430
53 285
101 144
55 185
78 484
40 509
85 24
46 253
39 19
116 493
33 883
122 259
50 192
77 49
23 302
6 448
133 943
77 968
83 791
117 697
127 214
12 446
120 530
78 549
1 610
47 376
38 916
122 446
27 591
26 730
130 858
104 347
66 204
37 979
37 609
35 329
83 531
71 279
37 927
119 484
105 428
81 474
50 568
23 649
77 18
21 827
96 697
94 518
54 443
120 69
51 55
47 15
68 612
11 478
89 935
62 698
109 97
15 12
94 343
88 947
17 368
5 450
43 267
121 712
46 942
57 470
74 312
131 101
123 984
60 542
46 883
22 655
98 650
61 941
11 961
43 284
49 794
123 801
12 216
51 89
20 524
25 703
56 964
123 274
120 599
93 556
15 970
123 804
43 710
67 941
103 423
40 405
133 694
63 199
13 289
35 929
1 934
89 271
22 755
95 422
2 801
98 570
35 580
58 688
6 189
95 68
22 792
50 357
8 566
58 796
38 340
68 817
78 611
92 974
84 894
13 961
112 631
38 638
93 841
109 363
120 215
61 819
28 452
24 900
131 34
76 169
127 819
82 504
84 931
50 20
17 476
53 76
30 119
26 35
32 122
56 574
24 477
129 865
31 692
36 218
65 808
80 236
91 622
71 534
98 990
66 634
28 117
47 742
58 819
132 142
61 590
76 872
53 206
45 686
23 719
39 552
69 498
52 527
17 107
82 827
99 52
124 310
111 665
31 247
45 35
112 321
4 557
39 513
133 90
35 987
45 37
43 85
111 423
42 666
72 132
65 400
45 54
74 747
10 745
131 80
111 997
80 146
98 872
65 473
85 257
11 150
82 302
8 721
66 863
111 147
52 504
103 684
130 371
23 966
97 516
118 55
13 411
8 132
26 677
25 857
38 780
8 105
34 458
123 300
65 210
33 76
27 224
16 159
50 139
70 504
74 10
34 566
61 116
48 508
46 382
49 95
15 34
53 363
75 666
48 103
55 593
1 660
102 466
59 9
120 423
56 282
66 227
72 429
88 312
62 931
124 515
101 197
87 59
17 677
113 941
56 128
12 667
78 331
41 808
67 203
1 381
6 11
122 976
86 170
114 304
95 138
11 82
19 283
27 751
14 69
125 379
128 522
93 88
58 762
68 697
43 668
133 327
73 860
45 464
102 359
104 251
103 448
63 301
69 679
100 663
9 69
45 741
41 258
11 448
33 543
9 229
42 316
11 509
121 899
123 507
15 755
85 801
83 606
124 539
110 931
31 897
113 693
106 898
37 377
102 908
48 572
21 917
104 195
114 341
123 690
28 105
72 926
55 202
106 794
41 668
92 550
27 224
121 203
112 178
132 240
130 291
102 760
44 792
2 474
78 321
12 224
34 747
43 504
113 295
53 478
132 176
26 816
6 969
102 193
94 453
17 366
112 229
122 652
44 758
76 616
94 104
63 501
104 32
98 50
127 262
11 369
44 632
32 850
107 605
130 950
16 987
46 20
23 354
1 23
56 679
76 117
104 690
133 970
10 216
93 107
128 129
12 60
70 867
107 746
56 197
125 994
104 525
124 944
26 851
86 449
93 692
102 130
99 535
118 166
116 483
128 595
26 944
101 813
114 97
81 938
63 128
75 325
22 754
94 892
75 935
112 994
109 11
71 965
61 704
31 633
71 170
44 339
120 193
90 334
9 411
15 354
119 199
56 264
13 834
26 423
24 638
25 602
32 15
32 656
22 604
114 83
33 932
27 249
40 382
33 6
98 191
62 912
80 304
90 874
106 758
85 706
125 825
82 610
133 981
13 34
98 507
125 468
121 449
102 119
116 470
52 774
25 759
13 590
87 805
25 67
124 613
17 147
60 158
62 449
114 126
97 796
90 646
32 77
19 449
121 309
35 289
114 148
5 682
82 131
114 597
36 139
7 359
40 628
20 335
72 975
78 435
83 340
43 436
10 805
29 765
69 729
64 184
82 194
62 905
5 511
91 177
6 163
55 836
44 588
132 323
94 269
77 603
99 916
52 885
32 453
103 892
47 357
78 34
118 159
14 667
123 307
57 287
131 562
43 900
60 843
56 243
122 938
80 303
109 315
101 345
93 171
30 878
93 80
52 7
58 996
128 303
111 750
39 777
42 712
122 328
84 218
28 517
16 886
37 101
3 338
53 624
87 505
133 595
125 450
36 959
75 311
59 152
55 472
130 702
82 934
128 775
52 928
86 683
52 897
106 327
30 87
117 843
86 862
19 412
128 699
73 418
130 474
37 699
64 81
101 767
107 626
21 409
95 693
22 740
122 651
86 532
9 12
124 497
24 170
127 352
33 516
99 441
119 100
75 818
1 449
94 666
56 150
25 743
59 857
28 657
108 973
4 68
127 976
6 522
77 830
37 495
11 324
76 931
53 270
15 84
72 169
38 65
52 977
73 856
19 829
12 689
16 534
90 144
42 516
31 55
47 561
78 305
38 315
20 377
44 454
117 129
82 72
27 291
37 628
4 468
85 640
103 787
56 870
9 543
12 630
10 526
64 779
68 287
100 466
59 113
127 710
128 409
101 791
79 272
67 85
84 795
104 642
69 498
115 206
129 801
103 648
90 521
57 508
30 424
27 335
22 277
1 829
51 405
91 44
118 369
56 694
107 230
59 963
1 307
46 117
113 694
36 282
81 712
118 317
104 716
27 412
37 244
30 908
103 900
14 241
33 493
35 871
10 283
112 964
45 872
131 707
43 703
123 58
131 449
82 860
130 891
104 489
125 446
133 49
131 990
133 325
48 556
63 222
109 612
6 827
26 672
28 872
44 83
122 570
35 686
89 379
88 38
64 324
116 540
116 46
73 276
65 728
37 510
76 77
17 281
114 339
56 163
39 252
3 498
119 712
102 838
69 586
52 372
92 479
36 757
132 626
29 996
86 739
48 44
34 667
89 976
128 81
27 305
10 288
6 812
130 487
124 25
49 895
101 301
24 65
49 873
132 670
86 344
38 444
131 669
15 112
6 251
28 638
60 211
108 811
127 465
27 612
99 719
62 804
52 441
90 394
15 968
73 152
71 703
3 717
38 641
106 972
65 449
23 619
39 616
6 245
51 442
132 961
72 521
28 352
57 881
75 258
20 34
30 650
37 402
62 646
11 552
18 784
116 538
9 439
9 456
42 567
32 302
25 709
132 6
23 531
35 228
117 978
67 248
59 243
24 320
100 21
52 611
87 835
88 111
118 899
3 939
7 55
66 150
92 976
101 718
117 822
78 218
46 817
130 753
55 596
54 1
127 444
66 497
30 365
92 966
6 781
77 506
9 55
52 368
131 170
80 506
12 536
13 291
99 39
38 325
48 139
118 205
11 498
16 162
13 918
16 57
49 487
95 492
13 31
88 630
26 740
46 337
77 121
85 232
57 237
4 925
19 314
27 636
9 119
51 806
25 935
43 800
69 360
36 425
89 189
101 951
90 405
97 419
98 617
32 744
22 9
40 232
53 352
38 199
57 484
44 734
99 711
6 129
39 49
94 769
61 299
89 867
81 253
56 912
34 473
110 587
49 933
71 142
5 909
37 749
52 344
30 537
31 126
125 22
25 648
87 821
123 568
39 667
62 476
42 992
60 800
48 633
68 865
122 503
121 818
40 486
39 691
123 791
72 517
35 246
73 759
29 412
95 652
92 54
42 691
131 612
93 646
14 75
37 323
30 860
71 742
79 786
125 309
131 680
41 386
122 961
115 533
58 822
65 680
35 204
36 873
71 987
53 227
47 672
47 45
133 155
43 313
88 90
41 166
71 677
20 159
91 40
97 330
105 636
45 458
116 29
34 30
1 333
46 103
40 440
49 518
58 494
64 275
125 389
13 511
85 245
96 755
118 753
107 815
92 60
112 468
17 466
16 602
52 931
89 811
28 395
92 998
131 365
110 981
127 547
117 415
82 544
5 247
34 78
30 787
10 640
38 918
42 466
99 782
129 931
27 974
39 290
15 437
45 686
85 358
25 85
50 622
16 454
30 946
93 991
4 998
62 679
71 310
43 285
132 873
132 47
90 361
3 980
43 356
14 171
103 678
44 489
98 637
42 800
44 347
48 34
115 552
75 658
26 470
65 403
34 419
32 687
108 674
63 257
78 730
73 595
33 941
109 185
126 451
108 884
68 317
109 873
24 690
110 79
72 805
117 797
132 172
11 257
79 851
124 497
2 895
45 758
62 532
27 37
12 456
94 516
28 797
34 267
30 395
117 520
1 187
105 793
36 429
27 191
40 971
101 413
109 220
14 789
86 914
74 435
85 596
98 16
113 437
7 136
83 43
83 444
22 265
3 817
33 653
59 840
10 370
110 524
108 927
54 503
20 495
77 85
16 176
128 86
62 68
9 705
15 498
11 636
62 133
21 69
65 508
99 220
108 465
67 222
110 434
132 636
77 331
11 738
38 450
86 864
29 146
41 964
63 577
28 295
50 601
110 331
57 738
98 771
65 71
64 779
13 709
127 332
69 415
94 482
130 876
71 45
100 255
31 147
131 342
22 660
58 749
56 997
14 40
83 558
75 172
100 772
6 966
65 248
35 74
70 181
119 646
20 798
5 132
131 182
84 948
122 286
5 399
9 594
14 669
75 452
59 912
86 80
90 879
89 814
94 12
63 420
72 502
65 321
18 880
89 123
47 984
55 434
106 153
62 347
14 609
51 29
116 332
13 687
30 951
123 432
72 341
3 14
46 606
102 592
75 83
42 788
65 339
70 162
88 18
115 486
132 108
1 442
108 30
23 161
23 206
39 726
53 246
17 387
93 229
124 834
32 341
93 304
79 846
111 277
81 138
101 725
9 951
46 210
94 248
40 183
116 372
49 990
80 118
1 316
53 139
28 664
78 63
76 511
62 240
85 227
99 537
62 215
18 441
29 765
33 874
54 16
21 802
74 970
53 853
86 127
43 465
94 888
128 832
22 658
97 98
70 196
19 96
21 116
36 738
124 731
54 130
84 4
126 615
99 193
49 507
132 294
4 829
21 772
87 520
45 943
55 226
29 801
110 94
128 797
61 419
116 716
23 530
66 404
61 467
18 51
50 857
48 632
133 233
37 939
109 480
24 368
83 650
21 833
67 579
102 377
111 906
10 513
112 129
9 926
26 311
81 105
124 54
17 886
53 597
55 806
37 254
19 453
6 657
67 436
116 536
86 144
71 89
22 817
84 663
44 620
2 841
25 226
88 850
23 95
63 39
81 395
114 900
17 76
64 128
61 554
123 132
123 818
117 71
25 212
15 741
77 949
53 827
102 574
7 861
58 474
60 409
53 468
51 593
40 727
9 637
122 476
125 903
72 648
9 853
93 795
4 954
29 330
125 685
112 325
88 248
93 58
70 786
48 88
58 406
111 317
58 658
2 889
132 793
111 616
35 977
108 932
84 702
3 777
112 45
103 640
66 786
108 468
81 666
12 855
37 906
116 22
15 454
61 665
103 130
37 61
76 549
116 705
104 721
21 172
37 197
105 141
80 323
122 322
74 234
123 658
20 148
125 947
17 961
61 316
80 267
12 564
32 632
33 994
116 436
85 962
72 84
105 414
37 99
78 715
106 465
99 336
120 575
48 474
101 380
81 315
29 211
44 854
1 939
49 77
54 69
28 4
120 746
124 267
128 51
31 895
106 183
48 545
37 664
59 469
107 726
63 845
100 850
34 52
97 828
91 628
88 983
41 568
132 823
30 826
52 570
12 222
106 588
89 165
49 249
72 172
112 223
8 466
126 497
50 789
130 405
49 926
55 15
43 64
121 324
78 621
18 896
93 529
44 272
33 573
90 97
85 597
106 591
30 243
99 55
40 322
52 421
101 843
10 966
115 883
12 144
86 875
132 181
98 799
35 100
6 528
92 960
54 626
131 287
21 70
123 84
103 281
85 725
132 899
67 821
76 274
119 771
115 732
39 938
2 648
88 663
24 542
113 726
49 474
58 550
92 949
109 136
68 300
71 379
109 559
10 163
111 947
129 270
2 641
81 870
88 917
71 633
46 343
77 836
43 373
51 164
60 511
131 683
89 978
107 961
20 518
123 225
49 176
44 63
123 921
93 177
102 468
3 827
38 780
100 225
92 588
4 801
120 613
2 270
86 595
108 6
100 288
122 605
93 296
107 800
38 548
77 443
56 599
82 244
109 356
107 205
36 157
22 406
125 165
83 312
54 904
109 435
97 902
61 17
76 604
25 153
13 34
16 821
117 573
100 988
70 879
124 665
63 234
86 273
3 745
32 105
20 984
126 623
132 471
61 964
129 2
5 608
27 347
45 950
106 399
21 19
54 109
72 59
90 995
7 517
108 648
53 82
86 747
83 817
66 411
109 86
85 644
69 887
99 424
13 478
131 612
122 570
29 711
27 477
88 342
99 767
132 147
90 609
117 497
17 924
10 978
116 216
101 409
114 957
24 120
5 773
68 588
133 295
121 540
43 990
102 309
130 128
88 385
105 872
39 651
12 805
118 364
12 945
104 650
104 626
102 932
44 84
78 631
107 252
80 396
83 367
87 495
79 681
119 721
101 495
51 8
3 894
63 906
124 769
37 37
67 734
108 850
91 10
96 253
75 849
95 127
63 86
116 156
34 609
127 238
64 332
126 696
32 438
66 995
62 408
22 428
66 434
7 252
106 287
106 839
40 532
130 702
93 261
86 389
108 873
128 549
103 825
129 979
7 869
26 127
68 270
2 566
82 677
101 9
39 963
67 148
75 487
47 455
18 931
119 433
51 231
46 152
10 661
99 681
86 323
75 463
94 460
20 684
118 431
95 577
126 415
72 524
97 257
2 909
30 537
92 640
34 325
42 382
34 504
12 139
59 729
60 313
53 793
41 316
17 929
46 533
103 577
109 199
36 746
88 493
109 662
24 258
111 34
21 255
65 763
23 128
63 790
82 327
54 870
105 264
89 921
5 780
33 396
10 590
123 563
77 200
71 746
36 543
105 87
28 907
34 572
111 337
77 410
32 393
17 441
63 335
125 49
47 526
99 821
86 40
33 235
12 775
123 981
35 288
84 458
125 739
119 373
68 4
92 21
49 725
128 732
32 490
46 617
112 219
17 486
108 965
120 778
55 881
102 79
13 292
20 85
128 366
112 854
8 731
38 8
120 37
129 342
80 479
22 167
54 739
49 877
99 46
32 896
31 127
63 521
113 643
32 79
111 356
86 629
3 213
20 954
21 752
58 71
121 560
60 197
129 15
33 301
51 681
85 925
12 183
129 866
15 622
53 480
114 397
66 68
70 746
63 971
7 766
77 584
28 812
52 498
84 718
69 387
85 328
56 178
119 467
44 346
28 148
75 33
11 578
55 522
75 51
59 459
67 671
133 40
14 340
60 934
99 209
72 481
38 299
98 262
47 226
34 729
53 933
114 689
133 354
38 607
50 31
62 387
15 596
24 39
11 854
36 305
122 270
127 877
44 816
70 353
38 293
82 400
15 465
31 960
58 613
126 148
51 14
81 458
120 964
56 605
37 940
108 92
72 599
97 674
47 705
84 20
20 690
89 614
5 832
106 326
124 851
24 431
115 248
92 648
132 479
43 275
7 325
5 790
56 235
99 117
29 285
14 142
120 267
78 947
39 531
16 836
117 45
72 722
17 886
83 253
54 966
50 895
74 618
53 143
58 874
72 848
80 476
96 143
3 447
16 624
90 857
54 425
71 514
27 741
111 935
112 370
18 231
129 251
114 465
76 976
32 693
36 833
11 782
104 895
119 991
54 307
27 186
58 421
19 786
89 110
32 891
1 158
98 956
24 527
24 220
34 487
107 618
25 810
72 532
94 391
94 9
30 854
97 959
16 384
37 278
63 543
114 138
88 809
132 45
96 281
133 250
50 598
128 836
68 755
56 989
90 573
122 799
74 560
38 527
50 547
119 980
108 287
46 21
122 451
118 456
37 163
96 716
101 13
1 512
107 266
107 321
74 419
112 968
105 722
55 642
124 412
131 166
115 382
101 626
59 757
25 263
72 420
36 680
69 898
25 951
18 249
10 873
79 393
30 36
8 546
47 504
65 510
16 267
124 44
9 875
13 86
68 945
113 604
105 152
89 615
19 490
22 455
5 883
32 589
9 716
36 802
20 497
65 230
79 84
87 282
117 64
21 886
23 582
93 572
102 955
62 67
124 416
28 29
108 905
86 897
129 967
92 506
38 198
10 981
90 167
48 343
97 599
28 245
78 663
118 75
76 426
19 838
2 41
69 961
22 698
124 892
102 989
103 280
115 270
84 436
104 462
59 459
12 402
89 572
115 706
39 425
64 971
89 184
54 350
86 733
130 71
35 430
113 494
19 606
98 313
81 322
31 904
76 639
13 192
33 962
22 673
75 614
53 928
99 186
15 190
24 888
129 294
85 904
19 3
44 339
27 624
38 416
49 326
11 378
14 746
52 551
71 475
98 811
99 984
38 59
126 961
26 819
24 881
62 552
74 347
131 615
132 266
59 660
15 151
111 924
6 894
118 572
7 193
56 55
125 52
83 507
40 855
19 220
45 992
91 216
31 78
51 274
2 583
58 408
85 282
28 485
67 70
114 455
24 586
76 10
6 898
14 835
92 441
123 821
20 409
24 576
79 956
20 269
68 447
102 571
100 394
12 549
12 257
37 506
6 110
92 588
120 628
21 361
86 509
112 53
18 726
74 950
7 766
9 527
42 18
11 910
50 268
66 205
85 359
93 188
101 853
103 181
90 73
107 671
47 269
86 173
7 902
132 396
86 331
55 880
90 625
58 151
112 698
81 876
120 833
132 294
89 863
26 382
79 90
125 821
2 249
71 251
105 817
99 937
26 331
22 104
93 259
51 608
124 11
117 938
1 158
55 358
31 413
17 142
45 677
4 513
111 71
94 553
62 47
107 37
118 254
21 192
33 136
93 56
69 799
86 368
12 862
7 326
59 22
57 454
24 268
65 661
116 393
27 414
124 57
23 977
56 221
27 959
8 545
108 951
29 430
24 37
121 553
64 717
14 386
18 436
31 398
38 120
23 582
114 11
55 6
72 468
104 959
92 613
88 541
122 214
46 665
124 25
112 552
127 740
13 250
5 146
79 164
19 898
44 478
118 310
96 198
118 678
12 140
3 971
94 236
122 444
65 79
56 284
91 985
91 657
85 884
78 247
131 612
108 699
18 914
95 113
95 26
43 471
75 44
28 943
97 246
114 161
55 704
131 78
92 687
98 6
84 34
43 99
4 928
85 956
40 625
16 11
77 408
117 559
26 568
112 11
23 467
31 701
130 100
25 800
42 623
103 122
111 188
6 759
71 375
88 292
84 731
103 941
110 674
74 535
77 983
97 486
114 540
12 169
16 44
116 633
66 354
103 750
60 520
13 370
27 874
33 851
5 128
92 213
6 207
102 230
44 913
103 585
54 264
70 180
41 431
32 985
94 217
7 744
87 520
6 836
10 599
14 410
4 745
78 869
27 104
64 508
131 806
92 946
82 647
60 30
27 989
32 969
50 99
48 650
21 43
6 93
3 32
90 487
10 628
115 588
39 404
99 794
54 135
64 827
119 26
90 903
6 166
111 664
45 129
18 467
40 25
104 510
80 652
119 76
121 875
16 99
72 954
68 535
92 506
102 892
30 320
90 712
118 971
23 573
82 57
74 828
33 875
49 973
5 36
121 121
91 534
53 8
38 701
118 283
115 665
92 971
4 969
105 423
130 355
103 675
80 189
80 812
116 999
82 604
18 6
105 404
120 971
88 141
98 10
41 702
43 180
91 346
117 29
107 263
31 542
64 743
78 860
102 538
89 423
60 67
88 60
86 663
124 948
60 473
123 699
53 921
123 57
71 688
27 68
101 717
32 877
29 187
119 598
54 577
66 610
78 768
108 877
133 121
107 272
22 725
124 415
129 530
104 250
110 165
83 143
61 114
98 942
17 86
121 724
88 806
12 17
89 653
129 994
86 450
59 735
81 71
112 518
117 187
109 222
128 89
27 693
36 743
38 859
113 656
21 181
133 283
41 235
87 265
41 177
60 994
56 90
26 457
90 16
24 980
1 518
61 349
79 103
114 595
71 939
65 10
70 113
131 718
84 808
56 156
42 52
30 34
126 808
63 98
60 670
33 779
99 760
12 768
26 139
115 767
17 375
45 306
129 112
91 634
20 592
32 999
100 82
33 673
91 201
28 923
5 103
57 402
91 790
25 186
120 35
52 905
8 509
39 58
128 947
87 668
92 603
122 881
87 268
120 183
87 277
9 58
133 955
20 184
74 295
105 875
95 238
108 435
59 463
20 122
19 457
47 302
63 402
109 650
20 136
32 269
8 532
25 361
110 539
33 725
14 212
43 468
12 292
62 836
62 268
78 664
5 978
67 575
38 812
75 34
20 216
121 529
90 127
57 79
72 829
108 866
27 99
1 796
104 758
24 117
110 869
108 558
121 214
5 791
133 969
84 778
83 764
35 973
119 565
127 148
69 283
117 486
107 310
13 51
109 98
38 508
93 977
22 667
87 957
42 830
56 178
103 288
3 986
88 177
14 975
104 249
87 596
36 881
76 652
122 810
19 338
40 347
10 735
80 863
22 928
66 301
43 589
104 423
10 700
97 115
83 51
106 213
50 641
37 467
127 190
103 183
124 958
92 177
87 514
34 947
63 166
101 843
48 820
37 580
34 184
72 509
51 691
122 432
69 393
93 596
63 738
35 148
97 140
36 582
20 631
115 533
54 920
43 184
121 991
47 168
59 209
85 734
90 574
3 50
132 900
70 173
23 738
13 528
133 902
100 803
47 896
116 287
1 132
110 948
57 228
44 700
81 92
41 22
113 644
61 460
114 890
94 773
52 205
44 372
48 979
82 887
44 964
77 833
91 68
50 456
58 877
89 335
25 251
95 317
1 390
100 293
4 147
109 180
13 203
81 86
71 851
46 882
27 379
121 369
13 583
1 875
84 369
108 434
97 268
6 732
83 715
106 373
58 720
39 619
11 821
36 672
11 711
8 812
47 533
35 537
41 293
59 189
4 856
118 347
24 386
36 634
29 147
117 628
111 320
82 41
13 138
68 490
85 685
4 942
112 851
117 928
90 79
36 838
100 355
11 108
94 634
82 271
46 878
73 867
10 851
34 430
18 146
59 42
87 671
77 999
75 652
30 270
103 908
22 751
21 744
82 164
100 454
50 908
26 412
116 17
12 425
81 506
37 245
126 842
61 341
99 551
50 336
21 476
20 420
118 295
104 297
49 139
26 828
52 679
8 358
15 510
121 179
132 605
24 28
27 785
78 269
88 438
113 511
100 8
15 159
13 862
74 181
70 298
27 535
96 890
40 331
2 42
78 480
15 536
133 814
77 655
53 433
13 661
122 122
95 764
11 230
100 716
19 261
117 488
63 852
63 237
115 868
72 382
51 784
51 898
69 603
61 740
25 280
74 74
10 56
33 783
88 64
21 794
92 664
76 245
35 357
104 942
33 623
115 281
17 476
123 844
106 339
108 801
15 746
9 624
123 801
65 978
4 341
130 143
106 982
47 441
60 984
24 15
48 718
107 827
65 170
64 52
97 639
122 749
82 120
133 284
40 181
132 228
98 213
57 427
59 263
122 773
51 688
28 143
116 360
49 860
90 644
96 372
81 78
20 104
103 520
123 759
91 805
89 21
130 465
15 86
121 411
31 479
118 706
60 614
47 685
68 365
77 674
12 899
50 672
100 82
110 924
57 658
68 928
30 189
90 567
68 873
78 691
116 265
82 792
131 236
78 286
7 157
46 970
25 25
9 853
68 916
91 468
83 644
49 950
42 468
80 705
80 419
77 910
19 251
49 792
83 858
112 329
47 132
3 14
41 679
64 342
44 125
61 246
40 686
66 336
120 995
14 719
53 356
81 828
21 459
12 533
31 71
66 425
56 890
78 261
101 507
77 514
107 933
19 884
50 806
10 156
38 593
97 999
130 61
126 238
83 803
128 52
73 499
66 515
110 904
124 351
84 759
112 313
58 493
11 141
89 830
122 868
109 70
70 67
5 148
81 10
71 266
126 463
58 207
12 744
87 381
37 716
53 51
46 259
98 323
93 937
12 189
121 87
88 443
88 258
26 643
107 290
102 488
108 484
65 977
112 857
37 785
14 261
91 365
21 521
94 593
31 945
133 948
75 846
23 167
87 261
68 9
103 542
71 518
130 782
19 579
112 701
52 788
124 561
59 247
40 681
81 766
95 139
103 249
40 495
41 514
110 90
122 807
93 956
70 251
18 66
102 629
128 484
8 367
58 640
4 152
48 430
122 819
22 737
64 630
39 892
111 196
9 715
6 851
12 966
14 223
75 162
3 45
74 807
106 641
44 779
113 472
93 685
68 519
23 907
37 338
12 420
7 109
111 31
73 295
109 339
12 898
45 437
123 717
69 829
56 898
114 776
39 576
46 399
39 729
91 479
132 517
25 760
31 582
128 838
98 402
81 635
105 29
39 571
94 436
30 566
129 634
61 721
126 367
118 37
104 692
98 935
92 704
10 79
6 294
60 817
46 829
107 646
90 694
56 604
101 218
55 474
23 130
94 933
109 429
1 886
25 925
95 730
50 146
16 152
106 301
40 287
91 238
1 917
79 63
67 41
47 119
80 26
95 33
75 357
51 698
93 195
10 438
56 352
90 523
108 638
78 492
4 848
15 479
14 535
43 744
55 193
27 380
60 196
23 927
102 48
48 342
97 266
103 654
25 114
4 491
98 998
67 370
99 780
51 15
47 964
30 367
32 868
128 712
65 954
112 836
23 653
71 866
38 925
47 821
76 22
109 963
68 10
78 663
5 604
3 79
89 37
16 382
1 946
91 403
81 900
64 121
44 799
133 141
52 35
124 371
6 510
59 402
109 625
42 323
70 350
90 597
82 321
20 796
41 60
50 598
29 640
6 973
71 323
45 279
16 69
75 553
61 850
26 984
121 651
69 94
129 205
70 667
16 16
119 138
85 921
10 703
36 648
132 248
45 907
113 297
123 961
122 254
44 320
87 197
99 56
34 945
13 270
90 600
82 450
52 910
16 81
38 120
44 979
27 882
11 822
58 738
12 457
107 506
75 2
68 674
19 977
87 667
17 506
24 429
112 671
71 930
65 268
83 145
47 585
61 428
26 84
61 914
87 636
48 845
79 191
16 765
108 205
20 972
43 802
77 921
130 800
63 949
77 755
6 336
27 947
65 93
62 477
120 225
26 643
15 448
98 399
95 856
106 252
27 669
88 389
58 827
25 796
36 279
20 589
95 711
87 216
59 109
82 674
16 112
3 796
68 578
84 51
16 843
10 30
117 476
32 588
28 478
98 131
3 825
4 330
43 221
35 376
58 236
81 378
101 93
122 633
71 131
118 361
