219 996
511 684
17 139
32 125
846 719
606 814
56 738
233 762
428 402
32 459
60 267
820 893
249 234
547 49
581 436
86 643
602 677
439 429
853 738
380 146
833 720
142 715
849 698
735 214
29 558
113 90
734 361
912 468
946 215
948 252
337 315
788 521
162 749
885 169
863 223
305 890
556 231
780 172
272 729
962 981
736 74
375 371
122 470
146 333
528 890
502 115
514 146
292 553
776 637
247 944
817 460
203 341
901 815
863 425
748 983
423 383
40 389
902 504
572 906
684 146
235 621
138 541
101 720
281 725
707 115
403 715
553 848
554 796
139 21
123 544
29 877
352 500
826 23
402 417
286 710
716 18
52 879
550 866
717 862
267 156
979 593
748 641
866 203
239 590
746 19
8 507
804 794
623 437
844 369
840 204
386 432
582 606
822 144
164 2
302 987
51 958
796 446
194 90
541 126
473 347
359 512
911 105
680 847
479 153
792 833
939 131
723 403
636 253
57 857
95 54
760 534
860 748
246 490
757 559
101 23
368 11
369 964
182 266
757 666
69 424
290 961
535 429
537 108
320 375
78 633
820 645
772 954
826 805
566 622
538 366
501 536
600 71
460 231
355 182
831 597
855 994
472 201
40 250
89 365
621 924
131 616
325 959
969 932
209 785
855 937
972 825
80 217
406 54
588 258
914 494
546 919
247 984
736 695
715 771
514 812
623 844
306 702
100 116
571 30
734 856
261 795
355 231
559 592
525 528
226 20
105 513
895 48
685 121
676 189
562 151
292 428
303 656
926 267
628 277
126 487
900 490
165 708
836 753
500 919
357 245
885 637
582 359
369 449
715 669
583 394
596 846
587 498
971 103
232 536
678 97
667 15
843 472
610 453
326 333
958 869
266 869
97 13
740 937
524 209
715 932
178 222
358 848
412 680
513 345
427 156
480 528
217 590
891 617
436 581
861 501
445 506
741 681
834 789
271 510
489 8
700 407
27 401
781 150
589 4
209 670
