7739 103
19 522
3 461
92 5
40 628
73 608
83 207
21 64
78 300
35 86
94 30
10 45
24 276
9 694
57 792
72 175
61 706
24 536
75 699
65 389
72 378
67 735
90 546
16 243
70 410
59 841
43 908
87 278
86 358
6 130
77 516
97 859
50 668
25 233
101 256
19 792
64 736
16 537
42 605
92 424
62 647
37 567
11 816
103 226
36 167
70 674
47 758
62 994
2 333
45 165
37 277
48 102
101 525
36 693
34 599
11 217
70 596
44 673
63 956
79 730
101 664
93 556
38 648
43 357
40 525
92 44
72 904
34 671
26 329
11 246
29 505
77 669
54 664
67 710
80 64
50 645
84 319
2 922
72 625
3 674
46 196
72 399
79 635
71 267
82 620
87 369
21 122
26 68
83 435
43 782
96 10
33 427
100 94
71 795
21 354
60 499
32 11
44 172
12 645
78 155
97 375
36 648
84 938
72 519
66 173
40 34
14 100
25 780
54 669
73 287
24 841
65 48
90 921
92 414
23 359
54 886
16 136
17 266
64 801
14 221
28 767
84 416
100 397
34 361
65 50
20 663
2 184
91 679
11 15
69 778
65 583
70 268
84 673
74 135
14 679
23 62
42 136
35 722
94 517
12 593
76 303
31 578
32 862
43 938
7 667
6 642
68 831
5 622
17 506
61 263
82 493
64 642
54 216
95 328
45 933
21 228
35 467
64 576
89 996
94 640
99 303
24 212
1 14
19 35
81 225
21 507
9 954
51 362
81 975
39 824
39 292
60 210
6 710
12 553
62 512
30 457
50 202
9 242
4 197
49 491
2 616
74 610
73 678
67 749
37 6
73 636
33 218
54 388
9 984
56 613
102 292
85 509
96 532
23 196
25 987
82 334
60 694
59 308
88 482
30 227
22 812
31 635
33 871
25 9
78 738
29 685
59 511
86 453
87 694
11 256
65 576
59 772
87 52
4 265
28 853
15 852
62 825
97 341
12 372
67 713
73 259
49 720
80 370
91 928
48 470
88 424
37 604
90 94
95 728
82 490
98 815
88 601
30 142
29 354
26 624
98 332
99 643
9 999
78 403
83 582
88 206
32 211
99 95
94 499
34 828
96 38
24 704
34 488
92 129
47 555
37 755
59 979
74 899
5 432
60 548
77 328
35 838
8 970
46 394
22 995
28 215
91 589
7 400
37 635
32 596
43 319
12 261
57 205
62 329
67 685
93 796
84 372
98 972
42 227
3 316
69 583
99 129
81 839
78 408
56 954
54 910
83 958
20 78
27 250
47 95
13 357
100 588
19 988
84 34
69 696
63 109
54 438
10 899
54 925
103 247
8 11
19 344
23 545
30 703
86 378
24 789
45 752
33 386
95 991
38 71
41 544
79 725
70 392
102 60
22 198
71 125
96 936
92 488
32 79
28 407
86 182
31 89
6 575
69 568
5 478
14 99
93 124
102 589
61 29
35 908
69 586
43 523
12 272
89 680
3 128
71 943
76 685
89 333
28 865
39 117
20 39
100 927
16 754
65 372
24 69
63 739
57 282
30 824
77 148
41 575
66 28
72 941
87 655
21 760
73 174
92 146
3 156
86 34
60 60
65 954
25 49
78 10
40 4
85 940
89 434
13 686
12 843
9 187
18 164
75 602
41 342
103 485
46 389
88 700
5 881
26 16
85 720
46 272
11 658
16 559
42 388
34 323
23 14
70 8
46 125
46 475
59 185
20 968
67 960
38 589
97 514
97 820
96 786
26 53
54 931
58 41
80 73
83 728
42 900
81 676
59 673
68 148
22 448
46 282
57 631
69 429
56 949
89 632
44 896
66 457
24 16
100 363
5 921
38 796
24 565
35 232
80 336
33 340
65 650
57 276
87 569
31 797
15 460
92 19
92 769
27 829
37 55
9 596
67 21
5 80
72 130
83 427
17 434
54 931
71 479
22 364
57 414
91 268
36 870
97 278
37 765
70 352
101 410
76 508
89 252
67 906
16 441
41 853
51 704
53 514
17 776
91 308
6 910
94 690
20 931
87 943
51 76
57 138
77 153
13 252
64 886
83 428
47 12
75 670
8 993
89 855
17 308
19 595
40 50
42 544
26 732
22 728
69 638
91 675
26 274
39 242
44 379
60 117
30 43
47 31
62 877
98 460
32 683
2 90
76 649
47 253
21 904
68 193
43 20
77 84
60 679
30 40
88 556
11 30
32 292
22 558
54 620
56 33
40 45
54 207
81 795
69 537
3 383
35 368
91 469
28 243
38 686
66 486
102 671
87 21
44 265
38 261
83 919
37 676
4 907
20 740
8 329
83 460
31 81
89 295
22 817
15 810
10 570
31 370
38 535
70 332
50 633
70 644
43 765
70 87
66 43
97 336
97 225
94 991
76 823
5 269
78 353
67 849
103 760
74 406
31 641
83 339
72 548
51 721
42 838
24 1
103 167
9 492
26 517
85 760
65 888
65 834
93 484
52 566
60 10
54 497
51 870
41 736
25 938
66 574
21 274
9 690
91 231
32 390
100 628
7 553
91 364
87 310
9 594
94 35
67 823
9 139
79 471
43 869
86 676
3 754
39 730
82 10
40 697
34 456
92 743
27 98
45 835
79 890
53 931
90 607
30 407
43 197
42 627
44 992
24 593
75 757
6 341
5 426
42 391
44 289
62 997
75 9
57 958
51 917
77 95
25 675
44 434
57 325
22 939
64 332
4 137
1 472
102 267
48 473
11 352
90 417
95 13
13 648
89 908
65 911
34 311
41 949
47 633
12 981
75 45
76 262
11 5
48 650
40 636
71 687
16 828
65 297
88 794
36 230
30 613
53 384
28 154
87 271
25 115
12 125
65 787
16 672
18 948
5 251
83 585
5 749
89 468
102 848
27 753
18 355
52 169
100 249
67 960
4 96
55 416
44 267
5 964
5 457
15 5
85 67
33 841
33 929
26 751
79 638
98 556
58 168
56 273
86 209
76 722
34 824
89 768
79 305
66 704
37 329
54 499
56 75
45 300
72 789
55 765
20 411
18 554
71 979
18 812
15 136
17 623
69 584
43 604
6 142
48 776
17 16
37 235
47 233
13 770
99 313
60 486
11 568
23 539
37 463
70 690
46 647
6 7
47 431
76 155
70 986
87 699
36 855
98 471
64 144
27 420
57 107
9 755
52 836
3 191
21 865
90 995
3 276
27 378
17 77
89 909
75 382
42 529
3 549
84 838
7 989
48 25
14 605
40 426
4 959
20 279
93 666
101 520
62 337
63 657
94 154
13 683
18 576
1 906
10 50
60 784
77 785
102 409
63 142
55 69
18 249
14 666
84 491
72 863
33 877
39 794
9 679
56 11
50 314
69 391
88 838
39 918
29 253
70 828
11 70
46 964
78 387
65 176
27 419
29 907
50 9
7 159
94 43
41 879
10 932
35 759
7 74
47 614
62 888
4 323
101 589
56 485
61 276
64 642
20 786
53 481
62 251
7 160
72 870
22 318
24 308
32 178
68 197
89 442
60 739
37 733
53 28
6 402
56 4
51 86
48 737
54 458
4 957
44 555
28 448
16 585
99 20
102 80
78 143
66 858
1 700
77 218
57 226
64 722
86 403
84 70
87 647
45 679
59 735
77 890
52 722
66 302
53 251
78 473
60 912
95 228
51 5
33 874
12 967
83 205
31 866
103 809
75 556
82 135
100 351
7 540
6 187
57 631
1 353
11 254
23 89
4 754
28 453
1 398
95 276
47 764
93 712
101 344
27 232
61 899
58 47
52 313
79 491
86 603
74 246
47 382
102 25
16 539
25 180
49 21
10 823
87 62
98 357
26 938
51 915
94 41
100 894
22 130
81 754
79 163
24 35
70 338
83 760
62 879
58 99
37 159
68 402
66 507
26 801
93 895
53 806
57 491
78 428
42 533
55 81
52 485
60 495
20 544
102 454
94 94
49 81
103 980
84 333
54 555
96 197
55 799
8 912
97 216
63 193
14 140
60 590
49 115
88 138
84 586
26 588
20 49
91 302
94 309
28 246
63 423
92 728
45 378
4 178
52 177
13 126
14 639
46 227
54 789
60 981
103 479
66 529
63 295
35 274
70 433
46 671
68 549
27 946
30 89
11 202
30 964
76 114
58 4
26 848
66 361
6 439
40 927
6 93
28 512
41 653
71 600
14 719
80 935
54 843
32 355
52 26
78 979
64 613
95 797
57 283
3 409
96 528
22 835
60 128
50 157
66 912
33 714
76 406
4 309
66 380
36 592
82 985
38 237
102 263
101 185
73 510
87 36
81 144
68 650
82 363
53 972
51 618
25 96
8 852
84 93
96 924
46 72
20 847
100 155
58 849
95 584
101 32
90 706
28 127
40 996
40 213
62 591
81 532
26 369
19 42
8 241
27 747
29 236
28 797
100 499
74 370
100 579
7 82
22 235
56 606
83 65
103 206
103 470
48 948
94 949
49 999
72 208
17 105
56 667
84 73
41 431
42 730
50 544
82 242
88 576
76 396
65 730
19 246
89 47
15 132
1 364
31 507
28 506
27 783
103 301
73 69
75 326
29 498
48 57
93 298
70 632
48 705
76 54
23 110
46 268
46 339
94 591
47 631
65 152
66 212
21 619
42 17
35 336
3 544
76 998
96 737
76 707
43 374
53 549
75 461
64 540
88 281
92 661
10 225
56 169
69 680
50 683
49 547
27 822
91 774
37 61
17 615
6 601
57 330
13 655
20 747
30 127
47 359
30 22
28 187
30 149
102 715
48 159
79 709
91 807
82 811
7 696
65 917
37 731
56 389
81 869
61 953
90 966
51 52
101 898
51 493
3 140
82 94
90 319
97 30
40 123
81 552
14 942
15 794
94 760
63 359
37 29
62 85
8 199
79 672
20 794
86 109
103 46
76 624
70 137
64 22
12 410
27 51
12 847
31 342
18 136
75 864
18 633
82 553
58 852
82 859
90 205
68 901
70 188
76 897
86 487
15 510
52 653
49 390
78 652
9 897
92 427
88 433
96 121
64 300
93 996
98 966
81 995
97 676
101 205
83 881
10 32
88 421
60 267
93 921
73 147
101 372
12 98
73 681
25 283
75 631
63 896
60 31
66 628
45 338
94 194
60 777
27 796
91 715
75 972
55 378
39 110
21 926
69 620
40 96
100 625
34 616
71 711
103 40
14 705
19 711
47 489
27 128
76 611
62 856
53 856
53 859
103 525
66 407
96 729
76 887
39 538
4 561
85 289
92 769
85 961
99 188
15 788
16 518
89 198
67 596
84 784
96 555
16 638
103 879
71 602
72 980
103 975
48 737
55 246
20 656
100 44
23 464
63 426
4 291
12 212
70 272
43 123
59 794
15 163
35 831
52 621
28 257
48 478
34 609
97 470
91 239
54 227
10 107
27 763
27 912
93 389
55 539
62 289
63 456
95 59
28 454
9 28
30 302
63 473
31 71
99 650
29 941
97 580
30 614
80 944
94 484
47 658
98 45
71 338
15 998
54 30
26 300
39 150
86 601
28 439
47 549
9 105
81 186
28 737
16 783
49 712
46 687
81 1
64 119
103 631
53 667
101 693
102 505
45 668
29 52
57 784
87 82
103 267
64 303
2 385
93 704
39 187
87 881
27 12
61 240
32 703
55 295
3 542
20 470
43 420
87 126
100 381
6 375
26 809
49 395
53 301
6 769
29 97
11 35
38 490
83 208
95 674
102 986
80 131
38 977
17 336
31 351
49 933
24 426
67 857
49 38
93 971
12 600
97 962
98 92
21 564
98 903
60 584
100 141
19 684
78 524
8 927
92 616
22 488
87 261
55 493
35 360
71 493
9 31
64 335
6 508
97 409
24 438
83 514
46 271
72 895
12 223
96 642
100 775
45 678
50 240
14 621
77 690
5 386
26 293
11 271
7 459
59 752
9 707
83 486
29 512
61 206
10 72
59 759
36 566
99 656
37 409
72 375
88 203
72 51
53 426
20 771
76 130
77 100
2 304
12 159
78 865
83 192
52 961
71 208
43 693
9 780
13 66
95 365
20 907
40 198
103 230
51 937
77 559
51 354
21 549
67 538
86 968
61 725
87 969
7 133
84 194
9 645
95 937
27 542
42 130
29 357
80 730
89 883
82 685
5 764
6 32
55 873
8 799
68 406
72 281
19 524
99 799
29 744
50 665
88 298
15 904
99 903
39 525
100 664
98 929
63 721
18 379
9 162
89 877
89 705
95 567
89 951
93 907
71 902
43 679
31 50
27 542
74 301
20 175
76 624
5 613
18 65
59 85
55 527
38 307
28 976
33 309
90 749
39 358
57 904
37 701
27 700
96 195
63 173
84 369
31 348
52 823
4 300
50 702
88 688
48 848
89 315
5 394
95 206
24 73
86 525
63 122
47 306
3 88
103 289
76 353
17 698
54 442
75 707
47 311
84 635
66 235
25 296
100 6
57 90
51 314
102 934
16 198
88 443
60 123
40 664
39 73
89 997
94 827
54 949
68 910
91 890
57 367
69 561
21 466
93 754
57 739
97 361
1 169
55 832
37 966
75 635
69 625
85 714
45 756
58 618
8 77
77 44
32 33
100 261
69 261
75 477
62 452
14 96
34 444
30 304
63 488
71 984
53 439
62 810
62 219
48 323
32 212
80 546
27 731
61 916
63 951
43 715
66 211
24 354
21 646
4 307
103 121
77 329
5 629
88 382
13 387
44 334
101 817
21 346
36 732
67 599
36 440
37 980
100 34
9 951
6 623
24 41
51 626
66 101
45 322
43 581
55 985
38 837
14 926
57 118
58 788
6 173
44 257
3 801
56 200
97 600
3 815
87 58
1 210
57 405
29 478
80 231
74 174
89 279
49 218
30 837
52 699
16 830
26 617
61 961
11 877
4 660
89 263
72 287
95 649
11 503
67 553
18 141
70 635
56 189
33 477
57 264
54 658
14 938
2 320
3 700
50 962
58 747
10 806
99 31
102 271
10 757
49 940
57 462
93 87
99 438
54 512
74 573
93 584
53 865
74 918
65 746
89 293
90 381
56 596
31 722
100 397
98 686
82 190
76 170
57 883
59 698
79 402
64 982
10 685
91 708
93 588
82 444
47 904
52 643
39 1
57 841
7 361
53 411
14 87
43 33
30 805
17 601
11 75
24 650
87 145
79 554
72 329
51 369
16 802
99 892
87 790
60 674
56 965
6 258
73 416
55 180
14 247
80 19
52 475
97 818
99 365
11 979
63 301
95 321
1 500
82 776
8 722
35 159
20 193
28 213
95 839
6 121
62 464
85 353
47 794
18 172
88 272
52 232
42 568
5 581
86 85
49 47
53 853
14 376
71 723
10 315
26 38
68 410
13 889
34 426
65 41
55 482
25 50
3 192
34 483
3 923
91 301
22 713
13 327
31 267
79 717
74 789
98 773
47 687
100 64
20 358
13 735
100 331
59 148
57 123
17 884
59 309
51 84
54 543
4 105
26 882
43 478
80 697
9 922
70 262
24 455
85 93
17 93
81 543
19 52
50 265
58 621
96 346
88 386
12 424
92 978
23 204
21 958
85 673
103 623
92 865
55 877
26 136
84 985
9 815
39 236
72 722
5 118
21 571
12 208
8 549
86 82
77 9
93 678
18 316
60 547
76 167
58 923
72 742
7 45
78 810
14 803
18 823
89 341
12 206
39 221
16 612
86 953
61 506
54 429
82 171
54 198
79 16
71 983
84 863
84 856
101 160
14 178
63 271
19 620
102 13
95 977
50 943
15 600
17 301
48 987
72 308
19 744
59 885
59 3
73 516
35 418
58 457
8 640
49 938
45 426
77 943
33 29
7 661
70 174
67 388
90 72
7 417
71 50
55 357
52 214
42 59
99 36
54 678
34 764
95 953
85 896
35 565
67 608
88 646
5 347
48 214
97 853
12 49
51 667
66 40
50 897
18 142
51 28
57 350
51 505
79 659
13 748
21 213
54 410
58 51
55 479
93 156
37 816
28 797
82 507
99 694
76 858
20 829
36 948
55 377
17 428
54 184
47 224
6 841
61 571
36 435
58 67
98 61
43 532
40 195
49 923
5 888
101 427
4 550
67 468
102 575
100 111
72 664
10 91
10 665
83 283
11 126
53 190
67 785
17 974
51 229
45 265
89 876
94 739
98 315
36 826
48 41
70 625
83 147
6 717
67 211
96 363
90 948
35 752
67 280
52 535
49 610
71 439
94 716
19 371
38 331
16 296
50 62
15 42
99 954
51 23
18 321
30 714
83 886
51 434
11 162
9 1000
9 811
25 573
37 296
76 217
41 126
60 629
20 902
29 602
79 372
94 424
37 90
84 392
7 195
92 234
57 944
69 520
53 510
100 321
92 798
94 583
67 220
57 113
2 377
54 946
62 825
18 1000
53 678
59 774
61 451
66 690
37 729
27 216
67 69
46 533
28 656
51 28
32 134
41 669
1 208
46 841
52 106
70 407
17 917
68 75
92 230
15 17
72 493
66 294
51 807
34 168
12 213
70 673
46 107
73 256
61 298
31 975
101 94
66 502
33 368
48 7
80 909
65 104
7 237
100 956
21 261
28 474
3 85
92 540
56 595
22 178
42 783
70 629
3 101
100 508
75 974
77 914
99 686
74 325
57 551
51 185
32 13
29 147
16 193
64 871
61 479
43 379
9 943
55 217
97 711
22 873
68 55
47 668
50 875
42 738
58 749
78 173
9 449
48 716
42 480
18 633
52 565
69 507
19 587
95 93
96 124
89 981
27 579
96 782
98 844
62 278
73 639
54 25
53 496
59 380
66 850
75 523
47 263
5 931
48 569
59 456
83 341
29 65
15 731
57 943
36 143
41 506
95 675
101 828
4 203
14 587
44 711
40 339
29 156
11 866
88 444
21 331
74 993
84 404
62 918
5 807
73 990
20 612
13 187
34 830
103 512
59 618
64 119
14 179
75 949
57 344
42 833
62 668
65 40
8 142
72 772
50 503
51 792
87 294
79 830
64 447
62 641
96 695
97 35
40 522
95 384
70 702
57 281
78 37
34 395
87 247
58 765
82 845
62 494
12 751
20 476
78 208
17 149
35 740
20 778
74 681
29 15
36 739
2 101
49 510
52 241
93 968
68 634
63 603
31 246
46 192
98 749
12 559
43 989
93 521
37 133
33 270
73 26
93 343
8 652
95 949
20 282
18 679
40 498
1 801
62 698
82 847
77 418
76 606
71 135
47 236
89 194
10 931
79 991
30 58
92 783
16 68
7 942
1 774
78 285
14 365
40 601
84 86
24 226
87 589
63 373
60 159
69 291
79 127
65 168
97 341
64 508
66 874
58 397
33 717
56 604
35 769
10 123
80 948
56 205
70 426
9 982
18 857
46 951
59 898
74 156
100 294
59 269
18 279
65 384
24 650
7 589
92 964
96 233
51 378
21 164
74 551
63 691
13 370
37 246
98 757
77 651
71 303
10 665
48 939
18 854
78 655
22 914
50 438
61 522
32 119
62 638
90 203
52 50
33 170
2 585
44 175
57 701
39 688
34 417
83 919
96 463
14 35
57 978
26 296
8 886
24 746
65 675
80 542
85 917
16 914
24 823
90 592
21 251
66 847
39 411
9 594
1 420
40 799
10 534
50 88
58 173
72 502
80 467
5 977
94 43
94 961
97 536
103 584
71 668
92 38
4 65
78 356
11 652
53 505
77 604
85 512
54 736
38 400
65 246
91 387
100 765
52 247
47 108
13 840
46 976
90 972
63 562
38 173
84 255
60 307
40 486
12 128
2 173
20 18
60 829
17 780
75 41
63 389
75 43
97 159
61 256
103 577
19 15
40 150
95 677
92 340
71 819
56 510
39 799
76 723
4 463
79 796
28 809
8 241
91 462
68 853
87 962
16 870
20 798
18 222
62 310
49 204
47 844
55 556
70 627
34 635
16 764
34 36
23 780
33 421
97 516
29 218
90 760
23 801
31 545
50 157
32 91
95 316
50 279
79 937
51 914
6 34
94 941
53 834
39 395
44 97
72 14
37 423
48 929
69 620
69 295
53 36
16 659
62 451
34 566
93 557
3 789
91 665
22 560
48 216
49 44
26 843
36 858
35 867
24 542
26 239
43 712
70 73
3 854
16 201
91 601
100 153
16 411
38 503
52 567
79 342
100 937
8 589
89 586
18 742
17 982
71 704
94 533
100 766
6 941
80 734
27 310
80 67
88 325
59 332
42 106
27 778
76 305
8 534
85 989
94 456
96 225
84 401
87 949
36 858
96 183
33 35
23 351
45 533
50 289
74 904
34 623
58 910
6 565
4 838
18 155
27 538
14 391
31 793
42 184
69 414
80 684
85 839
77 219
48 198
31 201
7 988
31 504
7 977
18 587
87 965
36 309
51 795
3 528
69 696
23 534
101 880
84 316
3 378
46 482
16 543
75 748
26 15
15 732
15 931
21 133
20 868
56 290
50 883
33 989
24 743
35 872
28 90
72 560
1 380
76 884
10 655
11 474
55 153
78 195
11 509
50 746
34 554
54 482
43 322
61 445
66 381
67 501
42 44
23 814
3 966
40 122
58 614
27 204
96 586
85 477
65 230
100 843
20 215
55 933
50 665
32 528
95 42
72 277
76 620
68 192
27 695
48 755
103 908
75 369
80 435
67 619
30 454
93 670
70 172
94 523
92 663
22 614
87 870
99 376
26 348
100 366
18 239
83 855
1 849
49 441
57 851
20 660
42 213
87 821
32 223
4 117
13 100
101 704
95 729
65 159
39 219
87 110
30 542
78 494
56 974
76 548
48 306
1 944
63 604
35 960
78 538
67 106
91 384
65 117
44 84
80 417
62 473
51 122
32 725
93 929
22 82
28 131
75 376
6 512
30 474
43 21
51 589
56 418
29 444
84 781
97 270
81 830
28 366
59 689
97 74
75 991
43 813
66 733
35 478
18 483
80 495
88 990
86 974
52 6
26 903
1 57
57 399
16 46
74 659
36 243
71 63
76 96
68 896
94 194
12 795
41 641
9 371
8 425
7 879
55 557
10 193
3 151
15 528
102 266
27 31
60 633
59 412
51 644
76 610
67 666
34 783
28 130
37 350
21 33
43 103
13 911
48 218
52 433
61 656
22 873
86 706
54 809
53 959
31 156
98 571
33 198
65 122
82 662
68 609
84 603
41 510
23 388
31 939
58 959
95 263
46 507
91 996
73 109
71 570
85 599
13 243
85 484
46 685
101 630
93 203
9 313
4 740
102 605
44 867
86 751
92 205
67 992
67 158
51 901
102 76
36 893
51 978
15 422
53 727
81 129
9 717
25 881
12 530
83 40
53 866
18 211
59 923
87 73
96 287
19 767
98 886
77 119
87 281
5 828
68 528
6 367
60 37
26 798
93 191
62 255
43 144
60 178
75 143
36 364
86 559
97 765
71 614
86 979
29 87
85 252
97 16
10 273
30 357
97 573
20 275
48 586
40 670
59 148
90 907
88 452
101 943
69 350
63 246
91 763
102 980
44 912
79 48
74 325
19 220
19 976
84 471
51 959
96 339
19 161
48 39
63 270
24 85
69 210
18 901
33 438
93 25
60 287
2 615
27 29
59 482
57 933
10 697
19 728
19 39
92 546
38 953
28 164
101 203
61 714
23 843
95 469
48 549
3 785
37 357
84 17
9 448
31 983
90 779
7 204
81 250
5 46
36 683
45 148
93 392
31 620
59 497
65 678
3 880
82 287
77 475
53 511
96 133
30 643
19 149
102 867
14 885
49 605
62 436
90 664
19 181
93 146
79 102
19 875
33 626
11 496
25 487
37 313
49 457
72 19
54 805
90 358
71 991
71 663
69 220
46 32
30 800
51 668
98 818
23 315
73 651
39 372
94 627
54 262
41 620
20 109
82 605
20 916
38 888
25 789
48 252
10 330
13 355
69 312
98 381
41 247
62 980
5 659
41 542
96 94
16 767
103 76
49 780
57 341
79 320
8 822
82 251
13 544
41 782
24 784
45 976
5 805
102 572
31 22
89 385
16 769
8 920
28 717
52 722
85 457
88 1000
44 658
15 377
65 121
71 263
90 171
3 978
97 783
84 515
23 348
68 322
28 944
23 553
6 34
47 287
65 753
100 855
18 130
1 718
28 590
32 88
86 473
99 579
79 309
38 890
21 429
7 619
68 674
50 426
14 473
32 188
89 755
48 413
36 948
71 898
35 373
84 280
85 243
79 379
58 341
101 903
82 113
18 35
56 743
75 401
11 997
93 40
10 569
4 770
23 778
78 190
45 592
42 975
77 239
40 827
17 273
29 324
56 721
97 939
56 968
10 376
46 507
93 107
45 795
68 359
97 932
62 345
58 710
38 285
49 935
13 962
72 760
78 313
88 883
69 193
16 948
39 710
82 317
27 454
30 655
34 851
41 344
72 747
37 744
6 387
48 747
47 704
6 818
20 564
59 801
26 615
19 403
98 203
58 65
13 583
70 127
32 686
40 1000
81 213
89 908
33 480
43 33
85 5
59 159
35 863
65 579
21 660
41 773
59 816
98 770
44 536
35 2
87 304
39 411
70 670
5 804
47 412
28 427
8 170
81 736
6 569
58 87
53 97
56 634
7 140
93 149
100 913
23 888
59 946
101 777
88 822
44 231
12 47
81 800
66 709
68 476
38 34
2 951
52 68
6 771
80 591
44 524
62 800
18 162
76 34
48 250
56 189
87 190
84 690
77 632
36 912
29 35
72 27
28 426
52 463
82 751
27 289
33 950
34 663
22 647
46 587
55 407
21 916
65 135
99 332
40 60
1 747
40 661
103 34
52 265
10 185
12 622
43 507
40 163
19 893
102 471
83 306
102 503
54 145
26 364
34 717
68 762
32 292
54 891
20 569
86 346
28 259
18 225
51 811
96 139
70 58
49 634
81 809
75 274
35 262
103 916
83 342
4 164
61 701
85 660
28 488
71 63
71 812
83 830
34 884
28 119
86 534
13 9
3 566
40 41
5 75
3 383
21 469
86 290
71 645
3 656
83 717
1 895
90 587
34 503
73 843
30 590
97 66
89 482
31 588
80 978
58 582
94 390
49 444
8 114
70 773
96 295
21 26
61 26
47 659
29 380
4 769
4 688
4 549
94 415
66 704
87 623
40 777
69 144
90 26
73 126
27 667
72 298
89 502
101 177
55 737
29 515
97 103
65 125
73 671
84 544
55 324
3 543
88 507
4 237
78 704
31 781
48 65
93 48
69 161
87 683
25 615
96 454
81 940
9 910
23 129
23 515
84 942
84 171
69 876
71 293
20 901
6 703
13 286
57 769
54 412
32 144
51 204
59 204
15 953
39 858
4 193
72 626
7 849
1 842
39 397
6 1
99 928
93 365
20 154
16 878
10 477
27 984
11 584
11 789
27 484
94 369
69 705
44 492
57 610
35 963
35 860
95 496
62 508
53 861
51 142
8 781
79 926
45 580
77 723
25 281
87 439
11 331
65 609
44 569
90 810
51 777
97 475
76 954
9 774
66 121
16 393
54 920
96 519
36 170
35 694
37 169
8 961
66 209
28 855
91 154
81 866
39 121
42 138
94 39
14 856
8 57
18 707
95 990
94 142
79 437
80 216
2 364
27 522
72 218
73 805
91 22
33 937
47 853
21 983
15 512
26 321
71 387
101 364
98 792
47 869
76 114
70 849
52 818
81 235
44 950
9 74
5 69
45 816
26 692
35 556
82 668
61 889
92 489
52 829
82 900
64 315
74 210
10 721
16 164
10 283
1 997
83 102
66 215
60 245
17 54
97 80
100 883
35 592
86 418
27 309
77 572
72 320
6 214
35 361
75 889
44 306
15 16
56 457
74 772
14 858
96 435
60 443
67 453
2 759
63 454
90 132
90 7
76 708
51 741
60 432
94 776
11 984
90 862
67 404
65 957
95 302
41 572
76 294
66 75
8 45
40 446
94 562
29 238
79 96
45 760
80 78
49 412
33 30
38 839
67 206
9 241
76 250
56 792
61 536
66 588
45 226
18 176
56 712
54 56
96 267
87 229
84 995
67 178
39 834
72 259
91 727
8 721
8 420
8 127
100 473
65 376
11 510
92 855
87 93
82 220
2 93
100 278
96 352
51 236
73 774
17 475
16 880
14 771
60 974
56 106
63 329
97 223
27 474
8 432
27 97
74 29
9 647
68 242
90 420
42 593
52 122
25 550
81 687
41 129
58 279
28 415
29 504
9 642
45 589
36 692
12 316
24 544
42 104
24 833
88 591
52 441
81 540
53 548
23 598
53 794
1 136
11 144
40 799
43 647
72 407
56 92
93 847
42 727
72 960
69 268
14 737
33 397
44 278
93 189
22 941
27 542
88 519
9 620
21 117
17 665
75 113
60 39
51 864
52 233
52 447
6 978
36 523
45 403
47 215
103 346
45 626
59 326
33 766
90 68
19 706
7 757
35 209
51 149
7 849
57 70
49 373
67 67
17 276
87 661
15 903
14 498
75 495
77 817
23 116
97 687
56 15
101 484
55 777
71 471
56 282
69 846
62 443
45 991
15 564
76 810
63 671
84 525
71 163
49 855
91 866
52 821
50 507
68 343
15 648
19 948
98 777
72 530
11 200
91 871
64 779
81 779
5 582
60 11
55 230
21 120
35 22
36 622
15 958
11 933
44 583
15 820
83 296
47 969
24 188
61 10
78 938
42 407
58 836
20 53
19 920
68 956
28 122
43 106
18 304
26 103
94 773
71 255
96 382
36 211
29 152
62 48
38 568
9 758
26 49
35 674
81 2
87 308
54 757
3 450
64 554
92 763
7 641
41 29
24 116
55 856
8 827
28 265
64 837
50 400
43 694
64 346
38 179
38 647
7 688
75 189
96 762
3 51
75 646
95 327
92 288
61 433
98 373
63 718
34 409
16 45
91 577
80 597
65 883
97 989
62 377
71 907
64 586
23 710
64 25
44 196
30 404
71 437
11 982
13 597
5 493
58 38
6 981
61 508
4 835
4 279
45 250
51 52
65 650
35 621
80 964
24 724
14 591
24 84
79 390
10 208
61 248
93 666
71 487
82 998
50 385
103 444
19 410
39 353
69 696
3 478
83 422
52 896
29 481
44 438
68 678
33 223
88 914
46 105
35 520
65 227
22 423
19 508
25 234
56 121
20 158
64 219
7 775
10 479
48 675
22 60
97 909
4 456
64 348
7 700
47 89
97 115
8 805
65 55
82 584
15 220
83 203
7 299
97 39
31 609
7 652
18 581
76 595
84 661
90 988
69 793
76 161
102 575
26 945
3 934
83 470
43 995
49 175
26 335
16 479
88 862
29 492
5 393
7 289
9 53
80 84
39 522
86 393
26 246
53 245
99 79
87 419
67 804
13 531
101 397
9 62
62 598
20 915
28 857
6 661
71 336
86 563
66 87
89 127
60 696
25 728
33 308
16 88
15 393
51 878
14 895
7 196
45 722
34 770
1 891
33 17
98 23
74 146
35 374
99 885
11 413
53 490
70 837
8 163
29 674
71 464
7 164
5 153
95 553
51 664
56 153
7 861
43 153
81 343
75 369
37 826
79 446
39 515
11 272
52 910
87 669
15 1
65 284
103 390
30 99
53 837
29 50
95 551
83 982
100 300
65 343
74 142
11 362
49 372
91 455
64 296
83 420
63 273
23 536
37 154
62 441
12 361
94 959
15 369
57 510
81 128
43 464
60 618
50 929
96 356
59 609
87 610
82 70
84 433
94 999
37 789
101 258
63 301
42 630
23 722
37 922
82 300
43 437
49 45
50 891
61 371
69 422
98 186
58 867
81 632
25 609
60 320
80 246
55 184
30 633
7 202
76 729
34 478
47 540
35 687
91 857
60 586
58 671
99 138
45 51
15 590
22 638
72 953
29 749
6 802
83 567
39 82
34 755
32 248
64 807
15 552
9 522
60 295
66 715
84 537
72 31
15 676
21 391
38 250
41 55
11 491
79 737
8 232
14 400
27 113
58 549
98 56
97 222
94 212
90 2
29 943
68 830
75 713
47 19
72 170
58 325
98 852
17 574
19 550
17 601
90 674
59 271
21 112
36 909
18 561
2 308
22 77
37 752
53 221
51 410
31 466
58 854
102 923
90 749
101 324
60 436
14 649
100 500
94 279
26 528
83 884
97 282
59 34
71 678
35 952
50 412
8 729
82 466
19 162
101 857
81 24
81 843
89 336
89 964
100 70
15 374
60 799
80 554
67 862
82 6
25 714
66 482
60 175
44 26
63 321
14 295
70 396
35 462
40 278
34 959
33 67
76 407
99 113
16 78
81 785
60 826
38 36
91 763
52 492
7 645
9 390
53 857
2 735
98 707
89 924
47 765
39 976
32 251
76 610
87 870
94 812
3 481
37 941
84 103
25 872
40 499
46 747
16 518
75 113
43 868
90 129
6 927
69 932
85 371
13 314
77 536
54 86
37 724
51 870
77 46
7 540
20 124
35 847
83 246
63 771
92 304
77 396
5 44
35 447
27 710
72 562
54 902
83 559
48 249
73 189
42 25
62 111
85 952
54 99
75 985
88 563
6 64
54 760
61 20
33 930
31 844
26 137
18 167
5 687
47 826
20 804
83 895
41 961
24 320
70 741
102 944
29 531
76 554
85 394
14 952
2 844
19 613
87 863
6 355
84 887
86 359
85 66
21 464
80 802
100 715
81 135
78 522
22 835
95 192
44 476
59 86
23 981
32 274
91 285
21 515
20 318
85 510
4 847
54 812
5 723
45 9
83 64
46 455
43 601
46 73
101 524
39 136
28 773
24 602
45 577
9 230
34 124
100 641
73 332
97 156
54 299
69 323
69 872
5 63
44 135
39 677
82 69
48 222
40 333
68 813
95 85
17 980
24 713
25 503
82 823
37 662
83 698
84 1000
67 944
66 675
47 868
64 893
94 52
82 678
36 971
45 187
44 81
15 141
40 862
50 664
44 354
21 253
86 257
97 912
96 255
35 650
29 432
9 632
101 723
1 450
93 241
101 805
52 379
97 770
66 970
94 220
47 173
68 126
67 590
38 27
2 109
24 92
4 107
6 854
33 529
78 705
95 575
34 634
9 133
82 161
89 157
4 940
34 222
77 403
20 851
1 921
26 770
93 529
42 278
9 415
103 974
17 795
1 771
91 738
30 590
27 876
9 855
13 415
49 415
44 810
28 183
65 411
63 743
46 242
3 424
44 788
47 482
25 689
18 207
97 157
4 918
50 355
57 217
45 581
67 551
15 461
18 427
81 128
67 595
29 430
75 441
17 75
71 550
10 185
8 666
30 4
41 653
28 604
49 578
19 583
95 270
98 532
29 445
35 792
74 326
64 93
63 378
81 775
45 193
96 85
10 988
84 382
96 556
69 625
101 626
101 907
38 621
92 221
59 727
31 908
72 416
46 1000
23 562
96 549
30 699
99 516
37 342
31 875
30 618
14 201
75 993
81 323
8 3
16 562
35 617
84 43
32 714
24 869
5 449
101 462
18 644
102 71
12 663
65 139
71 455
56 940
53 120
84 414
2 776
46 466
2 833
87 741
95 986
51 598
63 471
74 843
91 805
45 645
26 359
101 991
42 348
98 203
11 230
51 365
89 132
3 782
5 873
34 834
66 35
42 578
2 28
54 619
73 293
83 790
59 366
63 558
8 943
97 645
102 307
73 199
9 863
103 564
93 72
46 962
61 842
87 242
2 113
60 719
51 148
52 90
93 421
13 288
54 986
61 946
53 167
23 492
29 802
60 510
98 38
75 758
84 272
2 452
32 213
80 61
78 226
25 241
32 123
66 341
103 789
84 18
63 827
6 884
77 412
95 675
34 195
87 773
28 438
48 322
94 8
22 375
72 416
70 788
13 272
62 486
30 926
60 605
74 22
9 191
2 885
73 908
29 144
65 528
77 843
49 379
95 251
86 268
12 397
83 586
12 404
22 850
91 47
80 820
20 968
28 158
98 294
96 199
16 476
103 725
85 376
76 296
18 669
39 932
14 585
41 403
102 831
48 785
7 727
7 870
40 209
65 480
34 46
38 942
27 647
61 782
43 315
47 840
12 390
7 664
28 956
57 312
39 666
101 75
100 502
72 396
28 386
50 285
51 837
26 272
34 265
12 698
15 574
72 514
61 534
80 7
59 263
33 63
28 916
6 865
61 492
78 220
83 154
16 237
98 523
51 934
3 139
80 137
88 16
17 321
43 381
43 401
46 369
39 722
3 230
69 562
1 186
31 232
5 673
89 185
20 689
95 182
29 996
57 764
27 442
25 490
68 204
34 38
99 834
21 449
58 438
96 622
78 519
3 191
75 783
59 744
79 949
99 42
48 644
25 505
17 10
12 903
71 162
48 15
26 602
52 730
72 310
63 45
31 307
86 673
13 61
90 546
10 305
50 305
46 580
33 914
101 386
88 303
64 895
64 299
94 714
74 335
29 253
12 104
93 247
21 423
101 970
21 112
58 189
87 443
18 906
5 63
5 313
26 642
6 228
75 258
55 665
76 223
98 67
34 998
74 617
102 384
14 878
11 952
37 647
2 113
66 256
99 302
36 463
77 336
56 240
13 364
87 303
99 994
7 561
2 351
60 267
15 132
49 41
70 740
100 153
99 754
43 205
84 897
84 901
55 2
4 419
51 954
52 77
25 64
65 990
10 603
93 509
53 651
25 380
22 612
1 346
74 950
56 714
27 479
14 994
88 943
80 637
94 114
12 145
72 818
26 986
62 939
47 77
69 333
31 102
51 294
7 778
76 141
73 573
30 688
97 518
94 63
103 830
68 286
54 637
23 967
36 797
12 78
21 685
18 835
74 39
32 524
49 506
44 360
62 240
77 789
2 545
80 714
15 303
85 190
98 256
43 143
95 872
28 484
7 220
74 300
8 623
98 21
54 192
54 406
66 819
78 788
82 604
52 337
4 551
4 680
38 323
101 699
15 793
66 749
49 450
13 9
2 487
25 881
44 175
98 975
70 244
13 671
76 782
12 899
95 582
93 30
15 196
51 874
43 266
48 2
39 375
32 256
23 326
50 400
34 244
59 267
85 677
73 766
86 543
23 120
86 309
82 7
99 293
59 620
18 499
63 2
59 84
65 771
70 708
95 507
96 224
84 219
48 293
9 647
2 607
6 80
61 466
25 667
44 509
16 929
19 274
34 37
44 848
23 657
42 201
5 41
4 220
5 622
72 332
32 668
41 207
48 948
100 871
13 331
47 37
91 833
65 185
84 27
95 747
51 594
60 598
31 26
56 167
31 388
20 458
3 452
64 277
73 795
21 612
4 30
13 171
65 813
20 103
8 693
28 686
19 263
97 138
73 294
86 585
102 285
47 336
81 223
57 436
42 861
102 831
14 332
76 385
58 412
41 692
27 922
1 455
38 94
35 5
93 534
70 691
97 106
13 837
68 894
35 361
75 651
73 346
80 997
25 470
74 678
88 169
76 866
27 376
20 58
31 247
79 65
61 260
10 2
52 401
94 807
50 349
28 35
17 388
95 274
71 555
36 604
103 5
12 669
49 256
15 600
13 953
64 95
58 692
98 949
55 268
50 772
82 553
74 463
70 829
23 2
60 118
24 92
69 952
21 900
20 752
37 177
81 833
69 385
25 163
25 411
76 351
20 629
81 732
70 718
54 814
24 69
52 913
35 632
51 122
28 38
95 423
78 310
102 874
68 341
94 425
69 117
54 825
34 536
13 519
27 457
76 669
92 635
18 795
88 192
30 244
87 75
16 149
82 670
56 385
25 533
34 655
98 41
34 842
82 727
22 80
7 46
17 492
3 805
87 157
32 154
3 276
84 627
91 226
43 945
70 648
71 121
25 596
59 706
29 275
32 777
51 529
94 759
80 579
74 777
49 677
63 112
38 229
96 191
76 198
65 88
42 445
25 351
37 185
16 85
40 818
79 854
100 825
52 819
14 40
46 297
26 189
7 665
87 756
98 206
75 642
98 586
18 939
13 417
34 460
65 683
4 801
1 791
21 985
64 979
75 197
76 629
17 309
40 677
92 98
29 576
97 149
94 383
54 815
29 902
58 479
50 701
43 7
19 338
100 695
4 398
53 433
52 563
51 643
23 860
43 184
69 750
78 719
103 687
45 723
7 94
80 97
15 122
94 829
1 209
35 469
35 987
80 916
48 965
67 441
76 103
6 389
83 814
35 49
6 363
28 709
22 585
78 18
80 75
80 105
46 908
18 114
38 733
73 759
69 474
22 317
97 237
49 794
44 346
54 57
38 393
2 831
93 944
69 187
55 630
87 861
67 441
97 462
54 377
29 336
13 155
48 698
40 862
75 421
71 305
29 585
40 395
67 297
61 914
95 562
40 725
84 473
18 306
7 474
73 433
45 721
86 438
15 277
26 299
74 600
81 580
54 216
13 737
24 961
30 991
87 105
61 559
25 755
87 990
89 685
85 644
94 465
41 5
97 592
85 283
16 346
55 593
44 303
43 505
45 497
100 472
27 88
26 885
89 597
71 589
86 519
89 482
6 449
16 679
24 170
5 678
17 139
66 314
96 61
33 301
65 56
52 739
45 901
6 189
58 478
19 400
1 840
36 115
83 16
65 572
8 227
103 428
54 716
65 262
54 714
10 932
37 767
28 818
97 170
98 369
64 478
70 661
43 849
84 656
84 606
36 933
74 659
99 197
29 268
38 670
10 686
103 822
62 388
75 444
86 886
17 112
47 613
61 558
62 641
84 672
15 539
26 33
48 219
57 58
51 939
60 224
85 825
47 516
22 993
97 898
95 241
99 955
92 828
20 827
41 584
50 315
52 359
78 536
31 842
48 58
98 441
56 542
46 84
19 941
45 829
76 467
19 228
63 800
17 250
63 818
22 38
91 73
44 283
83 690
84 24
98 877
60 182
40 231
98 638
34 713
16 249
102 366
97 670
60 121
13 863
9 13
89 148
38 243
26 918
100 104
70 925
1 156
99 707
8 204
30 823
63 232
103 163
91 286
27 711
88 637
96 75
14 715
1 144
2 848
95 416
25 912
55 162
23 445
84 191
43 507
43 896
80 443
90 893
89 232
49 423
48 660
53 255
66 876
35 677
98 880
49 306
33 789
23 198
48 138
56 467
40 398
63 151
45 872
86 46
39 678
79 142
5 927
53 498
92 489
73 336
13 971
52 747
18 372
48 785
95 3
58 5
45 468
23 758
88 785
82 687
75 895
19 405
46 101
95 740
33 824
72 170
50 594
31 603
54 126
84 739
11 62
37 703
38 838
9 548
95 686
33 998
9 195
5 803
17 158
33 518
94 779
8 964
10 268
55 978
79 596
89 949
49 237
21 272
31 98
88 266
97 85
77 517
63 986
62 96
49 98
24 902
46 810
93 389
6 233
18 48
20 341
70 894
28 727
26 816
40 34
61 735
94 296
20 803
100 261
85 909
5 322
44 342
35 771
20 318
77 786
39 22
59 954
37 246
78 996
68 392
69 141
77 635
13 606
102 345
85 267
45 665
59 589
80 749
74 824
63 253
98 973
29 107
46 225
96 741
76 948
91 735
93 244
39 254
87 655
13 165
29 540
84 396
31 651
1 332
37 736
81 380
16 564
82 271
23 964
98 124
47 32
27 773
64 349
98 464
58 740
51 609
42 809
93 206
3 404
18 386
87 699
58 122
99 726
79 507
99 210
79 298
6 735
95 498
11 10
33 154
3 60
103 604
43 440
49 464
1 449
89 414
101 234
55 888
100 44
56 974
83 443
7 647
89 233
60 527
11 34
20 371
13 959
45 927
38 803
86 904
88 257
4 355
53 636
5 756
55 692
12 312
62 760
79 187
26 543
70 746
44 590
100 67
63 317
23 752
46 673
96 264
9 444
68 230
2 897
45 760
44 168
78 729
71 416
78 871
96 232
88 765
51 84
84 411
51 942
4 441
26 3
20 328
49 466
95 129
103 753
96 427
38 503
71 353
17 667
34 442
39 516
5 160
20 286
67 401
42 35
77 529
54 56
20 942
20 700
37 875
6 516
58 829
8 594
96 281
69 193
100 756
8 403
66 625
44 595
29 375
36 419
96 617
77 160
79 404
98 945
91 276
10 19
54 679
34 832
68 72
87 923
82 870
12 437
26 642
47 380
79 820
28 519
71 319
82 195
68 681
36 441
39 20
18 229
9 992
81 760
61 374
21 440
5 958
102 227
60 842
102 615
19 929
96 597
29 165
90 137
59 101
4 372
64 804
87 778
49 840
52 325
69 428
92 200
85 958
50 412
66 89
63 358
36 925
54 447
80 50
64 171
17 625
88 635
59 67
78 75
101 223
66 924
17 464
64 715
85 549
1 464
41 280
84 968
5 424
88 892
55 255
81 768
34 731
11 92
102 57
34 607
67 198
16 687
90 260
41 546
34 636
69 472
86 238
31 478
3 346
46 132
62 530
53 992
103 406
97 882
7 638
20 630
59 916
69 949
58 88
28 259
76 897
27 786
45 891
103 614
86 187
98 680
57 189
79 499
82 23
57 770
57 507
18 824
27 961
13 550
91 10
60 560
54 270
29 336
21 855
35 82
91 332
36 455
79 559
3 458
62 303
36 558
75 295
83 541
57 749
57 610
16 268
36 593
43 938
85 410
89 475
88 641
76 92
75 497
30 377
62 76
14 679
38 12
1 194
1 422
38 65
17 546
30 965
64 492
80 566
56 398
99 86
48 604
82 811
33 598
43 849
72 737
66 54
75 182
16 637
69 442
102 339
33 69
58 461
38 83
26 384
18 310
32 808
24 649
75 666
84 22
60 337
27 642
30 924
43 724
20 990
48 729
14 270
54 531
78 557
36 997
28 114
42 345
15 681
67 354
33 487
54 362
82 104
92 837
15 410
36 76
6 407
7 548
28 583
54 820
11 779
37 154
40 99
15 783
48 825
75 742
95 324
89 65
67 662
86 12
76 327
71 600
33 15
63 626
56 607
75 225
13 57
72 755
51 196
81 992
49 753
92 326
74 360
83 132
11 420
28 343
81 43
35 999
65 367
64 875
29 687
59 865
39 759
51 959
56 267
21 469
7 48
91 672
20 228
20 825
88 833
67 964
19 814
3 834
63 534
60 383
97 798
86 532
67 667
79 46
9 474
84 797
101 39
100 542
101 935
54 490
17 853
82 141
102 208
2 591
44 147
3 310
45 901
84 882
60 23
78 24
9 504
10 72
15 20
69 903
25 585
82 134
2 864
75 25
72 554
72 848
44 969
32 969
27 418
3 500
93 754
12 198
30 774
39 47
1 537
63 572
6 666
22 869
103 395
54 448
85 947
45 364
88 605
98 527
54 47
25 929
68 212
34 319
45 698
30 33
86 733
3 11
66 10
18 656
98 637
79 722
48 740
76 340
101 265
25 952
13 987
41 417
93 390
7 923
6 758
95 318
48 168
99 862
54 338
70 942
29 166
40 328
53 171
42 622
30 804
92 237
76 967
38 309
90 726
26 850
21 346
24 910
86 67
81 316
2 769
42 167
58 718
82 433
59 562
101 612
20 966
6 157
71 361
28 995
38 326
89 677
44 12
13 977
27 45
66 126
79 719
78 811
63 718
59 197
7 440
22 277
95 615
4 896
68 555
31 365
48 142
70 418
32 22
9 464
4 622
44 962
9 261
52 242
83 621
27 301
99 109
10 410
71 224
9 550
54 708
99 850
72 156
33 35
82 46
34 378
26 974
15 298
58 857
71 709
43 491
23 583
52 34
9 593
38 112
47 943
88 964
2 483
5 74
47 648
100 535
34 863
70 254
85 893
60 613
94 139
7 520
42 285
39 941
99 452
102 751
27 356
45 588
99 686
55 95
72 903
85 766
30 624
91 948
4 20
74 896
36 60
97 909
54 686
21 760
28 546
68 613
74 980
71 491
20 517
75 867
12 626
64 829
78 331
92 322
1 725
88 171
11 481
98 481
79 755
20 379
42 955
24 131
86 207
5 345
102 999
88 222
36 680
28 35
41 354
76 88
36 362
41 301
39 465
87 372
70 802
93 332
88 336
38 504
23 38
13 654
48 565
37 369
91 722
89 696
3 269
98 396
70 354
66 374
1 332
47 518
14 205
64 85
25 688
31 796
3 832
13 99
66 710
38 187
36 942
30 212
88 34
92 88
14 462
33 798
97 202
30 728
48 108
25 429
86 595
89 600
25 757
31 383
24 553
51 156
51 934
36 712
96 699
6 3
103 444
83 45
9 28
16 113
70 789
80 364
60 1
2 498
61 853
4 218
6 321
26 829
82 425
67 587
59 471
84 53
48 550
72 228
55 1000
55 649
21 218
6 227
29 779
67 644
6 800
28 100
34 603
89 565
83 807
71 349
70 894
92 679
91 483
92 866
14 760
56 64
6 522
40 305
76 640
28 909
39 383
23 582
27 41
18 596
80 449
3 382
74 200
74 96
84 276
93 431
48 316
53 151
24 685
37 350
102 472
78 294
62 609
59 798
71 58
44 298
3 214
62 975
65 910
90 768
56 383
74 76
4 498
40 373
38 523
73 818
48 219
42 814
47 62
85 39
44 302
95 463
78 542
65 551
84 919
45 335
80 782
23 359
98 852
91 250
31 885
73 533
20 802
95 85
27 615
7 662
51 605
17 620
41 521
35 390
4 747
1 606
50 576
13 426
101 929
49 950
27 778
21 296
8 804
3 851
77 795
82 108
40 112
74 960
21 168
41 548
44 819
67 459
27 390
89 820
71 273
20 738
82 794
8 82
46 97
81 136
18 890
52 970
45 46
32 723
17 473
84 858
61 526
29 593
82 966
62 414
54 685
15 893
43 862
99 771
54 305
75 965
98 684
3 687
71 103
80 854
32 383
26 295
99 275
60 733
53 866
89 95
50 780
62 95
78 76
20 76
35 733
58 121
42 761
71 92
34 883
69 632
29 823
76 859
29 493
26 280
2 353
27 823
28 782
12 848
27 694
65 260
27 68
67 316
48 298
72 775
31 611
21 313
73 242
52 718
43 393
2 259
8 244
94 694
93 523
22 961
84 275
38 595
64 838
98 158
62 974
42 66
32 678
43 569
40 433
64 489
81 385
51 77
8 881
95 220
52 644
89 937
9 548
76 697
42 107
101 24
88 630
69 628
33 300
103 104
61 675
20 67
63 988
70 679
44 746
22 266
14 15
61 16
5 200
81 199
67 548
38 617
47 8
47 950
53 485
13 455
61 137
76 364
31 530
6 103
94 470
8 559
30 750
42 798
34 7
48 27
66 983
92 17
19 518
44 214
66 378
8 589
35 961
69 340
101 572
54 535
70 854
23 283
34 921
95 260
38 761
97 519
57 127
40 241
28 799
64 582
19 298
52 754
4 901
17 36
42 632
73 590
41 440
86 543
21 70
72 705
64 62
73 611
70 489
77 47
22 611
86 661
49 565
15 575
27 452
61 283
97 264
13 908
75 14
42 393
31 911
65 725
24 463
1 109
37 726
60 501
38 515
70 883
85 172
16 226
40 270
53 977
101 723
3 178
41 31
51 891
61 3
79 720
19 227
82 95
26 207
9 938
73 445
49 785
78 501
14 37
29 972
56 518
75 10
93 119
59 484
98 140
24 386
2 419
9 658
90 72
79 259
36 239
51 131
98 206
27 938
60 568
98 613
92 83
34 604
31 451
54 84
27 877
85 165
44 701
3 156
18 496
96 843
98 586
93 53
78 810
12 178
15 377
3 713
87 583
1 577
66 790
89 46
34 725
5 555
15 430
28 426
54 112
43 29
17 973
39 729
86 653
80 62
65 266
95 464
12 66
16 161
6 593
47 437
37 676
17 116
18 78
22 291
11 590
62 563
39 872
10 313
89 232
18 420
98 202
25 219
90 677
3 4
2 698
19 70
12 706
15 64
60 30
74 215
16 636
48 580
78 345
92 788
27 138
1 798
96 473
59 329
55 998
46 731
72 923
32 779
5 751
67 64
3 749
3 103
44 282
103 713
35 882
38 82
69 819
48 924
96 864
6 458
84 575
44 589
28 540
23 938
19 292
75 274
48 123
88 57
79 542
31 568
62 674
38 820
70 891
23 764
77 605
21 846
12 927
61 290
55 371
82 46
69 440
94 968
32 128
26 311
29 826
87 67
19 961
15 648
72 475
99 528
62 162
8 214
11 95
48 435
24 354
76 468
88 571
86 850
88 165
7 593
98 981
91 601
75 663
4 912
67 137
18 542
46 951
19 696
40 293
60 542
62 504
49 30
99 150
88 678
28 88
88 37
7 63
72 171
1 949
4 396
83 56
52 977
33 378
67 366
24 75
60 637
53 973
2 962
9 679
74 742
10 212
42 149
68 177
23 935
10 730
96 706
88 557
3 958
69 285
96 672
72 232
99 992
53 498
31 235
27 616
27 257
70 790
76 928
91 434
85 327
45 782
77 628
102 113
30 559
49 655
102 196
76 85
99 637
75 230
76 638
19 304
87 663
43 936
89 406
69 362
67 170
82 185
2 225
46 605
90 443
23 720
3 980
39 608
52 862
50 81
82 165
54 640
81 969
83 192
81 263
3 873
45 200
59 188
9 449
66 504
80 930
103 593
88 815
50 763
33 786
44 539
52 46
24 423
13 174
92 385
92 12
1 415
16 26
24 718
83 717
73 675
15 188
67 504
32 997
57 829
64 913
50 85
46 108
53 301
99 622
67 640
88 748
58 349
32 503
27 663
10 203
31 884
5 122
72 775
97 927
25 295
20 148
53 861
88 732
42 378
24 585
79 487
11 559
7 594
89 215
19 56
95 837
29 389
16 723
79 918
5 564
30 759
99 401
74 261
21 240
4 390
23 687
4 836
98 93
70 703
23 746
30 823
29 947
62 181
36 151
31 443
9 948
65 751
24 834
85 509
97 158
44 338
9 913
31 521
58 407
7 882
97 169
1 182
94 491
28 693
56 390
45 496
31 199
10 39
36 926
93 819
71 705
34 85
90 982
56 638
71 396
30 885
3 267
7 748
11 303
81 51
21 257
59 196
36 830
93 29
4 30
55 537
45 326
78 399
43 103
91 217
10 700
43 103
43 40
61 402
55 350
80 705
15 695
39 31
79 432
43 315
64 97
98 398
43 55
74 841
75 530
33 524
7 24
35 800
65 472
57 822
21 800
10 310
70 240
2 921
46 709
23 407
80 87
17 994
30 530
33 977
37 657
82 406
75 94
100 641
36 772
40 218
16 238
36 642
56 180
35 115
56 53
31 12
75 656
42 118
92 298
9 345
100 75
85 600
97 192
10 296
41 267
23 334
85 310
1 998
6 972
84 988
7 537
95 231
35 676
14 137
19 892
23 376
88 880
16 960
91 78
76 151
91 53
26 64
84 994
3 281
56 927
32 444
73 7
58 234
33 836
59 723
103 730
49 23
38 457
90 176
22 582
2 750
40 82
49 762
30 746
1 251
90 77
64 980
24 825
54 4
21 967
79 100
15 467
57 469
49 317
82 15
22 754
1 467
96 779
71 115
99 668
5 156
61 639
73 339
67 167
38 917
12 773
67 293
66 775
47 842
57 476
77 534
60 57
21 8
23 527
7 51
78 570
37 909
65 611
64 953
24 247
71 461
96 671
59 405
23 6
74 14
34 782
60 995
92 707
12 396
41 254
20 618
2 123
60 317
55 707
100 30
5 179
91 813
69 731
73 188
83 697
45 161
71 707
16 336
40 336
65 39
88 512
89 9
12 135
61 788
66 854
92 338
28 906
91 900
8 147
14 898
24 687
24 492
12 684
11 500
78 809
14 490
18 14
52 279
52 871
16 458
51 29
4 382
48 541
89 530
44 191
11 823
60 664
75 510
22 848
61 696
20 997
91 564
90 862
87 972
98 713
102 640
82 486
22 393
93 762
79 63
94 757
52 76
8 140
8 335
29 167
43 250
62 476
31 893
52 419
91 336
73 743
92 652
6 547
22 835
4 683
40 348
79 895
70 624
92 164
30 32
46 466
16 556
74 527
39 741
34 914
56 4
95 33
66 801
83 972
12 645
87 159
55 656
89 84
1 348
85 903
64 87
55 48
1 229
80 180
75 524
44 933
34 223
78 61
40 484
9 791
20 6
34 694
74 947
20 372
30 430
9 133
75 494
87 393
74 206
4 133
73 907
99 770
45 297
58 925
48 510
38 854
63 110
11 849
43 485
6 80
32 640
35 806
38 84
16 357
88 805
24 937
71 153
13 643
29 299
61 520
70 880
90 488
44 277
102 751
26 655
31 318
48 585
33 715
70 530
58 93
79 820
56 17
27 22
67 496
24 3
77 926
42 929
39 517
69 531
69 352
24 200
83 288
70 57
20 555
36 863
10 359
68 258
100 260
56 763
101 191
80 691
65 512
72 658
66 933
92 681
6 236
84 488
77 533
1 617
52 366
11 91
96 5
74 776
43 281
32 799
58 722
89 266
27 756
13 217
76 113
49 806
89 788
15 223
75 486
34 280
58 772
98 6
33 303
65 356
88 843
48 866
83 400
76 9
75 748
38 632
95 96
61 378
67 22
95 574
75 482
5 798
16 318
21 728
62 19
56 720
51 351
100 708
55 194
33 310
84 16
54 614
44 482
20 158
22 781
25 884
55 937
12 947
42 571
31 170
28 715
5 835
98 199
81 390
66 638
90 907
60 206
49 92
26 159
76 529
67 46
77 369
32 19
26 872
91 787
40 819
22 598
95 878
89 250
36 878
48 886
10 176
81 40
57 720
19 120
52 107
57 922
34 933
33 480
51 643
82 846
60 243
86 396
27 783
44 488
64 822
68 921
94 579
45 53
63 292
33 972
8 516
39 978
62 441
47 897
79 926
89 709
54 475
17 726
16 384
75 889
99 854
77 664
23 646
34 421
48 415
7 771
11 68
55 989
45 716
71 709
97 777
20 495
72 129
11 731
59 304
8 630
71 44
3 353
90 952
24 409
37 705
20 541
59 188
83 940
83 558
90 332
30 922
67 324
47 631
16 611
27 336
60 350
27 210
96 606
91 129
86 368
33 571
39 299
89 235
72 397
84 487
16 767
56 659
38 524
64 364
73 374
38 366
29 161
27 759
59 798
95 441
71 234
29 884
79 220
39 73
12 362
94 240
25 28
26 675
100 432
63 713
84 765
53 628
47 160
24 395
35 618
30 217
86 695
66 716
21 784
35 255
63 714
73 936
11 125
77 218
16 743
90 237
78 70
5 305
71 265
89 567
64 232
13 472
20 695
45 19
87 320
85 947
91 805
81 495
62 314
21 257
27 569
14 424
73 187
86 462
38 990
47 241
71 602
85 798
80 195
102 570
55 802
9 423
12 420
10 422
44 769
100 935
96 526
44 42
32 916
60 457
21 718
43 123
93 63
94 131
36 994
98 776
48 312
93 403
73 774
33 43
56 972
96 124
57 367
44 747
46 455
40 220
90 634
28 173
13 671
74 504
32 260
27 741
67 721
7 253
26 499
15 24
66 786
99 672
2 795
39 116
71 534
76 358
75 377
38 645
44 131
37 172
23 714
90 345
39 414
63 191
70 587
96 972
21 259
63 796
95 434
86 20
80 688
9 943
80 379
46 549
10 890
99 559
54 843
70 509
53 549
54 808
60 623
38 384
87 839
54 535
5 348
5 51
42 109
46 160
42 280
73 124
82 820
81 794
89 415
99 615
15 696
12 632
57 294
10 754
5 391
14 193
14 314
9 906
60 766
48 32
9 736
79 850
24 897
39 691
93 318
86 10
28 174
35 888
24 48
77 596
98 754
88 770
50 579
55 367
31 482
8 495
61 540
16 800
18 858
25 228
18 8
83 187
36 432
19 670
103 701
54 861
74 400
59 522
62 39
102 484
41 889
70 309
68 635
70 197
31 366
79 268
46 806
2 531
28 804
69 220
68 886
62 502
11 642
48 26
88 222
55 296
20 627
10 795
74 269
58 929
41 549
96 700
12 487
65 459
23 996
28 794
70 25
70 269
81 559
72 449
92 137
73 68
14 865
3 248
2 522
67 484
44 199
76 843
102 51
50 282
4 672
88 694
26 880
32 340
7 999
59 960
62 767
99 759
92 577
39 36
18 347
46 270
14 613
53 656
62 435
77 57
28 150
28 154
47 315
31 202
96 618
68 61
93 976
17 121
47 677
101 87
46 951
92 336
61 998
8 278
49 454
75 78
16 696
76 133
34 408
74 496
49 72
13 26
24 852
16 274
4 741
60 850
57 950
58 129
19 154
74 930
38 68
55 619
77 133
67 775
78 489
62 36
89 442
11 310
101 884
17 610
55 239
10 380
45 225
99 113
65 697
62 606
83 157
81 831
97 405
40 1
85 973
58 432
3 103
96 129
4 711
84 314
77 253
75 85
23 950
56 713
54 324
17 881
4 313
35 763
62 728
79 353
12 460
51 579
9 639
2 212
21 621
88 241
90 862
65 349
98 639
7 656
7 58
30 107
86 313
100 341
56 279
82 585
27 943
51 782
22 435
62 534
55 878
59 495
27 794
80 341
16 476
51 158
34 515
18 660
23 756
15 263
98 257
96 952
10 405
33 984
62 601
72 535
56 571
98 93
67 74
66 476
96 907
87 931
97 759
69 13
99 170
48 256
72 574
24 983
23 598
42 632
16 867
66 863
81 891
18 897
65 61
76 162
70 566
11 936
89 79
67 637
75 676
80 96
18 878
25 389
65 234
53 177
102 249
49 879
2 310
42 133
72 259
58 759
84 900
68 131
21 385
58 596
6 977
10 296
54 282
58 946
98 170
67 264
24 465
18 941
10 132
37 880
57 52
44 636
30 973
18 134
11 72
7 706
34 889
58 711
72 657
32 294
79 413
34 783
89 501
2 251
6 14
42 275
62 400
5 360
47 681
22 465
87 881
87 304
55 924
42 981
89 211
103 753
49 35
33 733
3 228
94 9
55 763
28 149
3 512
25 659
89 393
78 362
25 237
6 253
14 42
81 258
58 128
33 740
92 300
8 610
59 238
11 773
53 803
54 486
6 603
91 629
99 132
42 539
4 397
48 921
55 708
48 783
51 889
66 190
42 793
17 726
81 115
50 393
102 846
41 662
22 722
54 735
19 338
36 171
88 16
68 773
38 625
88 523
73 533
4 47
32 352
19 314
53 196
76 732
87 989
41 965
89 219
48 16
66 612
31 226
80 599
32 591
53 393
43 950
50 820
74 512
100 611
95 757
79 632
62 510
99 215
18 676
64 448
11 672
16 232
19 145
99 216
22 521
6 421
2 344
68 855
31 784
46 154
32 495
24 999
84 896
59 988
65 426
14 232
91 847
16 136
98 967
40 317
88 826
28 340
69 826
68 700
72 383
97 83
33 880
63 746
6 625
42 364
27 287
37 739
15 214
27 155
36 52
89 293
45 603
30 206
71 786
91 429
45 629
7 96
61 65
69 928
43 193
39 464
11 492
80 602
77 28
66 602
29 152
86 873
77 83
17 251
14 323
89 105
85 194
96 360
1 761
62 361
37 544
85 319
43 831
42 644
96 393
47 284
38 67
61 55
88 977
91 915
59 50
21 625
5 463
61 580
60 976
79 421
35 959
29 177
44 538
45 409
71 589
61 24
67 990
23 729
26 352
52 167
46 312
97 123
41 523
71 714
92 70
53 460
73 132
89 238
102 492
53 417
94 457
71 449
51 528
5 630
85 21
34 78
50 878
101 609
70 854
86 604
54 140
88 735
21 802
37 87
48 446
24 884
41 708
53 132
16 833
74 199
91 162
9 584
21 683
87 602
58 809
10 313
97 569
82 573
66 230
28 683
70 631
62 811
52 102
3 115
10 330
57 26
100 430
26 430
2 560
68 567
85 939
8 625
28 485
5 662
90 73
18 514
10 119
75 525
69 63
94 685
83 410
56 105
6 409
1 63
31 891
55 182
41 884
63 725
37 696
89 379
12 692
2 812
77 934
72 59
26 608
65 954
101 233
4 179
73 491
55 51
94 86
96 257
100 100
16 164
95 275
81 674
61 966
82 378
60 516
21 955
78 664
71 2
1 639
12 1000
98 901
77 314
67 560
63 912
57 203
20 878
24 421
64 325
4 576
96 467
59 354
37 223
28 975
92 982
79 588
61 665
87 766
57 636
96 962
15 609
40 386
74 875
43 926
38 836
67 936
11 399
43 207
62 750
73 181
48 613
93 905
12 813
98 518
81 258
29 10
74 238
96 568
68 972
92 486
92 717
38 272
90 742
42 899
53 648
36 467
18 71
86 685
63 468
45 677
4 979
9 770
39 198
64 645
89 863
100 798
4 74
4 487
75 945
24 271
28 670
74 160
4 373
83 161
11 958
57 380
58 447
12 761
93 569
41 682
96 335
14 325
39 506
82 253
17 791
63 137
40 966
98 684
92 285
37 403
87 460
50 106
53 431
30 639
52 327
38 141
30 305
53 251
102 877
73 275
92 312
34 75
91 107
99 399
78 113
89 893
28 389
85 263
74 850
28 173
32 241
75 680
55 246
99 312
59 339
6 400
96 500
79 956
58 58
11 538
67 344
65 398
2 889
8 60
5 640
68 10
72 358
52 739
18 7
40 669
85 357
33 364
80 476
20 365
20 468
38 452
58 459
72 382
73 240
8 751
47 265
85 454
63 174
34 332
103 875
37 993
13 602
37 831
40 151
25 581
39 178
54 13
97 537
72 774
70 371
99 58
25 982
25 89
61 913
98 757
99 731
7 100
89 178
6 473
19 205
7 236
13 795
103 461
2 474
47 60
26 449
5 948
3 109
87 452
90 872
87 213
54 197
15 103
12 630
46 771
74 446
103 706
62 671
22 317
4 838
42 714
8 770
25 830
42 480
22 854
54 626
76 508
43 715
4 864
25 69
90 972
37 131
82 639
58 623
24 211
35 701
74 904
83 502
31 551
102 719
62 711
38 375
79 555
102 156
17 513
11 959
7 629
35 155
70 28
26 642
25 786
16 272
8 516
51 390
15 775
77 152
94 63
98 687
84 520
89 40
24 353
75 980
18 452
4 838
27 736
64 856
36 367
83 486
11 8
82 129
16 638
77 373
19 295
36 675
11 613
31 184
47 497
52 860
14 275
77 644
60 323
78 945
6 916
34 951
87 699
31 327
6 988
43 661
8 93
37 386
81 74
40 715
29 871
26 112
67 537
25 854
83 902
61 990
50 367
98 915
78 189
14 184
96 418
80 688
4 428
92 780
94 757
74 833
31 189
87 583
38 166
69 411
100 7
54 61
74 179
10 667
85 887
33 413
74 495
69 207
91 553
33 98
62 840
22 466
48 170
26 665
53 923
82 11
39 936
77 840
94 701
26 446
5 344
82 892
87 395
98 48
2 821
79 930
90 82
45 311
71 703
38 271
82 759
19 94
86 136
45 423
90 495
89 476
84 384
22 320
32 62
85 901
15 161
1 270
78 923
40 39
55 698
60 719
82 322
19 973
71 584
55 192
25 815
60 654
61 375
54 198
46 265
41 862
26 428
27 325
65 660
85 642
30 389
18 187
51 492
69 439
97 287
43 909
43 136
81 10
15 469
17 728
67 283
61 489
78 831
40 128
98 275
26 824
84 679
93 459
74 894
68 60
36 261
41 13
78 383
33 450
101 691
1 716
98 956
70 800
31 40
76 381
83 850
42 234
66 753
10 485
43 974
56 348
95 250
57 832
2 773
29 486
78 576
74 148
23 277
71 74
43 49
88 318
40 345
57 934
45 753
93 507
51 558
58 96
15 54
36 399
64 803
19 820
69 612
4 472
76 292
2 879
78 657
19 138
72 558
40 694
40 89
66 916
35 902
47 759
82 10
29 161
83 96
77 798
29 176
79 454
59 411
64 552
90 361
22 354
1 299
16 578
80 880
27 240
90 564
61 233
80 261
1 134
15 53
36 971
99 851
76 576
68 681
67 667
62 799
99 220
7 55
29 816
72 727
96 663
62 402
12 814
25 711
26 622
79 984
12 3
69 757
23 605
77 71
91 970
74 877
22 618
17 890
88 258
4 381
54 370
65 415
30 399
17 705
78 570
61 987
13 654
50 654
53 654
84 603
69 461
30 74
60 948
67 108
18 919
56 57
71 296
39 403
56 299
98 65
90 64
46 293
67 581
97 831
19 97
15 679
1 426
13 718
37 336
4 534
63 559
57 614
87 113
11 759
21 226
28 209
96 10
72 63
36 319
81 638
94 488
21 571
74 667
63 50
13 488
1 31
5 987
95 153
88 782
79 738
93 572
3 832
36 792
16 535
53 956
4 797
93 610
100 5
55 327
36 133
43 875
25 991
103 298
75 532
98 422
62 204
53 658
5 287
41 112
25 159
25 581
62 268
61 648
68 967
100 566
84 567
100 89
18 223
71 404
2 637
63 32
31 229
69 195
25 101
20 380
16 766
86 712
44 817
42 800
89 56
91 929
10 864
42 402
93 510
37 953
48 807
83 375
61 278
55 943
23 626
37 435
103 189
24 463
7 382
97 892
32 768
78 950
39 689
85 495
76 644
61 394
97 783
93 640
12 830
78 134
69 974
77 245
5 666
93 801
84 138
57 267
96 655
27 751
21 241
84 215
23 689
80 118
91 175
64 461
64 117
55 201
98 561
20 387
43 295
60 327
34 181
62 677
72 262
29 252
78 544
43 194
32 749
60 637
35 270
10 405
76 115
53 775
55 748
54 132
14 627
57 575
86 232
12 179
19 892
84 107
45 846
65 264
86 809
62 815
84 252
11 408
39 840
42 40
79 462
94 40
67 327
69 291
19 906
56 996
9 137
12 374
37 316
5 874
37 132
65 421
49 921
5 671
25 629
91 181
25 191
58 783
54 649
17 811
5 203
70 208
35 85
93 460
76 864
10 599
67 78
1 21
8 86
14 288
19 265
21 676
