1268 936
720 754
234 627
201 301
539 595
846 599
760 145
900 21
255 732
466 407
368 320
451 769
459 506
448 149
449 469
132 583
695 863
494 71
582 396
234 979
549 778
88 378
189 484
292 850
12 848
164 906
411 833
165 49
576 693
823 686
21 847
156 189
783 598
853 544
255 389
573 100
693 729
588 280
408 494
461 145
23 874
736 425
459 769
697 691
162 903
871 89
814 817
182 647
268 652
29 93
486 116
921 216
353 583
480 761
320 104
487 28
15 924
533 907
240 536
85 617
10 185
712 288
429 522
849 67
575 346
311 900
306 779
310 47
547 748
342 613
797 960
291 579
284 397
859 360
195 14
371 586
550 346
91 170
632 90
341 75
295 583
738 279
587 89
269 754
202 25
285 445
151 496
95 276
599 710
131 873
794 436
906 535
416 466
718 391
497 426
818 510
876 555
630 613
377 511
388 360
663 397
838 624
159 999
589 345
230 93
443 620
367 409
67 78
311 521
931 567
848 905
665 213
358 126
851 46
405 939
133 929
97 472
487 974
100 614
181 769
899 4
613 355
569 45
516 313
659 64
186 859
731 615
489 174
142 384
626 499
109 711
752 958
40 138
138 551
926 331
869 732
526 210
440 389
553 761
471 287
69 334
153 866
684 500
450 579
811 18
2 691
20 914
715 653
844 547
566 748
445 944
359 179
373 279
501 515
214 867
715 912
732 51
770 492
698 65
333 123
365 691
835 790
863 829
368 768
773 28
236 676
330 437
354 996
26 76
859 235
839 341
225 661
288 799
804 98
605 428
928 111
932 603
717 900
863 446
22 206
428 116
154 975
788 440
631 945
636 96
602 783
855 943
351 245
425 267
415 970
637 319
453 149
473 635
33 781
885 295
285 880
48 604
250 165
75 387
548 730
611 355
546 646
739 255
919 40
848 654
236 686
203 82
843 87
659 297
221 778
880 663
390 341
249 450
908 735
847 333
187 757
696 725
75 145
45 135
192 358
796 496
722 670
902 787
91 508
106 703
115 450
704 831
711 780
48 360
38 276
873 22
123 236
609 687
246 150
580 934
435 480
885 305
353 160
590 132
739 469
334 876
811 710
526 69
666 224
371 53
186 564
335 310
620 246
216 280
138 559
520 356
814 44
771 42
633 710
460 44
309 48
224 857
243 348
577 923
823 398
556 553
710 47
476 334
311 523
413 976
783 172
929 234
507 829
303 218
202 247
335 691
681 727
911 549
213 750
705 832
668 40
26 181
37 798
661 501
267 788
814 175
846 163
472 782
433 848
7 721
829 771
287 410
829 257
907 8
296 307
22 996
259 701
694 855
668 255
12 835
656 624
629 974
501 654
300 578
473 206
358 440
793 803
436 816
91 495
820 954
829 211
369 632
643 901
239 489
893 349
439 464
934 223
369 44
534 460
277 198
153 864
313 53
510 949
14 189
90 87
451 531
922 447
801 707
76 664
300 43
719 733
601 765
86 1
578 697
825 109
891 408
587 173
185 418
5 643
742 761
170 795
599 132
809 158
94 109
431 767
424 795
602 800
887 673
798 542
393 381
900 25
807 962
54 998
879 910
629 380
467 533
755 890
832 460
473 448
328 742
562 497
808 227
14 711
42 868
368 15
693 649
673 521
784 579
275 41
762 842
230 537
181 79
166 45
830 643
883 645
815 279
535 822
510 730
364 41
555 775
12 355
390 67
7 324
382 571
424 864
619 468
512 57
173 762
530 682
74 370
757 221
924 671
454 463
297 80
163 367
89 376
592 938
412 277
302 810
770 435
455 458
400 518
292 948
897 515
567 931
275 791
873 385
118 174
197 770
145 686
819 135
45 321
934 685
47 391
550 283
266 473
471 71
107 615
392 818
67 483
93 487
513 860
894 104
14 580
430 137
638 747
820 131
341 769
77 811
232 7
648 152
928 727
377 336
35 416
598 755
603 467
781 535
676 72
436 522
338 994
576 275
921 639
295 210
123 409
421 676
766 335
75 888
235 237
195 212
48 687
262 808
615 546
718 497
493 116
364 144
572 383
251 737
65 226
819 357
358 911
799 552
897 222
367 123
380 529
751 235
643 406
294 200
265 217
32 343
515 111
421 257
323 107
696 322
918 380
576 114
351 485
930 199
482 133
29 553
577 741
220 837
635 948
872 675
832 462
860 16
150 529
759 701
39 270
381 214
1 558
574 499
516 507
486 210
184 898
275 811
52 328
11 155
840 498
699 530
436 923
40 13
407 474
482 164
497 121
76 805
488 567
342 47
87 935
147 744
107 895
427 720
892 450
746 404
170 534
503 155
62 663
614 116
204 762
847 775
424 83
157 359
181 495
319 119
767 259
738 73
915 427
589 392
770 875
515 976
330 834
781 904
492 434
326 583
607 746
109 636
812 380
902 317
848 31
81 225
133 166
10 718
776 854
287 340
333 820
613 567
767 85
4 857
584 885
454 789
127 537
516 885
885 164
329 694
511 614
781 151
607 96
683 350
243 361
563 522
812 892
625 418
513 528
532 668
10 255
632 23
677 695
348 162
347 36
37 538
324 444
265 544
631 769
629 89
691 251
392 236
458 963
461 23
40 121
877 155
456 384
395 675
527 709
718 433
343 883
842 193
686 65
791 308
636 154
729 247
608 636
518 689
780 290
635 736
861 762
815 533
748 200
775 267
367 1
841 452
72 641
520 180
469 510
758 588
815 738
221 696
195 276
133 114
460 712
234 237
222 195
843 834
533 472
796 774
316 477
581 522
423 78
776 842
449 377
143 239
14 801
683 549
867 892
718 845
641 557
259 780
446 538
216 187
811 854
491 829
23 392
282 395
298 859
233 659
51 172
432 725
187 815
539 637
384 755
792 644
379 185
108 887
554 601
31 958
390 244
859 606
62 939
681 904
443 375
75 800
642 847
155 726
477 221
267 624
402 281
547 150
834 356
367 125
123 926
862 941
183 242
148 459
611 957
328 616
625 74
375 663
622 632
823 35
341 322
573 463
210 438
544 828
375 935
835 670
818 868
431 327
245 534
374 731
581 182
586 187
612 964
428 354
168 609
869 675
601 206
256 785
878 987
838 997
545 233
177 923
462 176
801 933
920 658
402 567
477 318
228 961
893 758
130 641
542 833
555 870
515 394
868 614
360 191
52 408
240 202
503 611
768 820
868 14
73 709
199 405
889 293
479 131
51 887
313 322
346 824
403 684
26 596
594 494
272 50
413 840
156 531
855 878
630 671
625 434
823 119
133 279
395 332
172 239
430 311
233 815
827 735
876 782
854 414
393 465
4 964
518 722
862 851
808 556
138 393
486 905
386 577
765 972
386 218
458 479
238 694
355 471
762 964
847 667
296 143
569 512
486 166
329 248
541 266
531 966
419 626
470 283
706 426
253 221
735 655
386 307
475 949
278 418
646 394
426 131
791 848
346 746
525 494
813 313
177 424
622 107
641 771
462 569
367 18
303 56
8 948
842 25
870 67
914 536
831 310
671 662
427 192
517 39
297 638
514 221
571 5
667 195
621 907
159 218
842 9
2 303
479 927
84 635
774 904
312 834
317 873
422 765
436 62
729 104
123 174
41 988
553 634
177 846
774 306
114 734
650 24
855 441
115 394
111 200
292 780
879 175
48 124
517 103
923 869
870 252
833 676
752 727
677 678
177 773
484 744
126 326
751 165
125 335
621 668
812 904
310 888
607 423
49 86
710 916
15 410
812 219
357 154
585 949
606 897
81 230
191 126
795 968
666 642
228 39
699 910
433 52
470 275
584 787
87 511
432 436
680 991
75 197
311 167
475 150
861 836
235 843
144 859
298 542
193 847
68 763
503 975
416 75
91 93
626 545
146 848
99 648
110 587
700 514
5 804
543 418
544 198
558 732
494 39
818 200
894 986
253 194
688 335
24 69
869 694
246 243
387 552
607 254
634 102
622 83
777 87
188 602
257 831
699 327
873 578
203 356
105 61
400 597
135 70
289 786
237 567
123 624
344 47
221 89
715 648
138 751
290 306
586 173
856 471
720 30
313 501
61 532
96 607
124 378
898 412
428 475
274 695
465 641
611 949
532 630
305 194
358 286
904 780
121 91
931 638
927 832
591 143
273 47
165 744
97 251
891 498
392 246
396 910
785 277
915 970
548 63
620 667
500 897
556 949
577 572
260 589
343 94
265 456
365 781
295 185
551 735
617 719
125 517
811 604
34 427
881 927
485 962
789 475
251 775
861 590
403 897
50 683
777 686
730 160
355 703
766 465
311 783
445 155
691 96
631 746
716 902
868 955
248 953
163 938
899 608
667 22
406 425
13 976
619 570
343 328
547 891
59 392
136 209
230 839
195 773
881 935
583 827
739 215
828 996
550 969
445 956
374 733
530 196
125 869
351 201
497 647
787 923
924 974
226 807
531 177
724 902
936 387
355 796
121 305
721 393
70 255
504 955
270 947
56 283
683 104
636 459
513 597
445 422
443 924
838 392
391 59
494 194
333 222
609 600
835 931
471 770
604 868
652 630
276 401
174 508
510 675
115 593
190 346
176 629
392 929
218 365
551 420
385 649
886 489
680 695
171 804
55 14
7 969
617 516
455 334
782 305
118 710
322 322
673 727
476 287
73 325
592 732
117 189
358 732
357 98
208 433
424 748
72 838
215 172
896 877
423 10
296 553
99 567
123 414
488 467
74 244
736 128
447 919
271 517
68 122
889 548
210 183
154 820
194 592
860 639
135 170
581 709
386 261
446 744
133 725
925 382
737 12
884 418
728 413
256 476
587 371
378 956
213 24
393 834
485 606
223 209
769 338
792 840
462 739
510 872
345 368
791 217
649 495
85 956
778 927
349 610
107 471
57 948
633 700
142 848
858 287
367 235
579 109
272 514
379 517
803 567
197 766
230 858
698 230
739 781
316 843
728 31
573 974
629 546
630 172
904 350
272 372
100 964
110 731
821 827
353 618
413 806
219 487
115 75
388 64
767 614
457 347
295 212
703 121
310 601
924 950
119 514
71 251
478 891
11 45
583 531
312 707
141 547
786 835
837 475
832 373
824 997
150 894
189 648
764 815
620 62
724 956
812 534
440 262
526 243
729 769
823 875
897 79
50 272
50 138
724 531
781 990
790 636
293 477
631 339
201 161
375 987
805 997
181 905
521 276
906 353
753 185
724 89
835 813
492 221
692 5
96 305
411 737
770 794
69 190
495 318
695 405
824 718
415 730
508 379
532 749
61 975
753 221
30 111
262 368
740 32
95 347
618 943
507 968
195 567
334 91
860 511
807 277
558 66
115 146
721 741
120 146
260 148
803 347
510 229
251 781
160 195
771 813
889 516
436 387
873 372
752 955
510 312
592 328
258 764
632 973
626 414
366 322
673 272
414 29
99 281
608 478
74 933
680 281
253 665
62 232
348 536
860 599
285 752
395 902
34 830
166 571
753 598
636 341
162 131
810 482
717 125
63 666
841 422
535 345
118 236
249 433
908 35
441 926
530 272
262 976
288 510
597 524
829 21
604 675
193 726
184 162
292 216
640 561
766 735
239 220
29 647
502 173
458 853
431 423
20 727
899 573
723 38
565 705
574 651
885 677
374 304
223 846
425 211
585 835
472 894
400 618
392 217
355 284
101 151
727 733
539 77
193 5
283 966
607 521
252 665
888 666
63 9
167 716
122 460
292 809
630 149
290 916
42 531
682 534
413 687
87 701
263 290
305 688
641 540
650 732
240 214
