1627 482
186 929
196 190
467 837
104 354
289 307
470 801
156 163
35 404
329 39
213 569
417 950
329 926
414 794
442 930
123 442
182 661
372 33
59 588
288 221
79 390
466 873
263 769
147 723
366 13
301 767
220 151
320 626
195 848
414 23
350 220
171 942
366 556
410 312
346 108
445 276
287 685
343 878
461 604
246 850
339 633
37 261
147 706
28 437
358 869
435 436
251 73
335 289
282 38
76 350
167 992
108 235
321 104
301 210
60 995
468 689
391 473
425 811
396 879
339 327
26 486
190 31
165 89
381 819
107 275
438 692
406 7
24 81
236 910
62 93
261 205
60 94
438 476
179 888
331 336
482 745
346 433
447 418
348 269
51 148
324 659
377 704
45 265
385 910
336 319
110 743
183 490
8 123
259 818
45 804
38 947
338 625
251 784
244 20
186 99
374 229
260 175
42 596
106 295
440 418
120 923
180 713
288 370
414 464
461 931
88 312
129 187
171 809
205 866
441 614
352 173
415 476
142 974
245 575
338 167
89 158
161 267
103 818
40 286
193 643
98 807
14 91
432 349
349 24
404 151
298 246
445 923
299 363
106 40
86 666
400 819
358 785
366 86
97 170
258 988
351 686
384 743
328 5
16 299
385 335
379 856
67 790
453 507
330 306
257 965
266 316
394 67
217 307
258 220
432 114
257 958
17 975
317 786
396 822
17 835
78 621
87 803
261 389
387 167
442 167
425 966
240 829
34 645
208 844
446 926
321 505
39 964
46 545
4 856
216 215
459 608
100 642
142 435
404 404
198 486
457 44
124 586
210 853
381 459
297 277
42 418
265 471
318 628
108 937
212 826
83 294
263 527
313 670
216 941
389 89
440 392
432 64
387 769
134 452
269 828
35 789
469 42
104 820
473 320
301 361
170 990
434 670
238 122
300 225
312 618
305 678
455 461
364 235
23 891
127 459
281 64
46 564
111 989
233 912
231 599
16 920
430 374
324 172
112 999
156 364
333 155
222 738
339 270
87 334
92 561
286 761
234 304
393 338
327 452
136 92
374 802
338 70
208 706
473 9
364 241
221 6
105 39
134 390
135 154
120 583
402 81
39 46
178 210
136 512
335 669
117 375
152 279
55 555
335 856
113 158
118 949
309 31
94 894
416 384
354 721
347 40
476 206
252 818
449 480
465 4
383 2
435 1
272 160
351 800
399 114
248 714
160 365
465 264
173 305
326 850
230 300
230 993
463 117
298 870
312 778
134 328
416 290
253 203
95 468
421 860
447 31
115 758
95 671
100 39
337 343
312 523
96 297
448 424
65 679
51 105
311 798
7 796
173 734
345 220
307 379
115 479
201 335
309 888
108 70
418 134
82 264
478 204
283 554
462 807
332 357
372 787
358 558
324 742
387 253
443 972
84 110
38 825
327 122
274 394
143 815
371 28
452 724
204 235
369 902
189 557
47 750
276 381
261 665
232 384
224 382
258 571
179 772
235 787
133 609
245 123
326 436
450 898
220 548
480 994
164 846
462 922
475 507
109 133
34 231
267 993
394 716
71 433
111 693
479 708
339 259
167 379
371 355
112 735
14 494
19 528
390 336
68 575
230 266
91 221
377 865
300 906
57 956
289 703
452 833
97 76
255 344
94 787
184 343
309 259
194 204
273 966
18 918
228 35
388 853
225 124
469 981
16 729
46 776
387 268
136 481
94 715
168 985
324 594
263 277
133 158
410 574
37 370
69 912
444 990
218 859
372 347
169 13
389 720
360 239
174 128
388 51
181 610
16 141
257 120
457 151
475 952
456 874
160 30
331 652
223 488
461 389
292 768
201 761
473 62
351 449
297 484
287 769
20 464
86 836
18 389
412 180
248 362
462 298
90 201
347 324
469 457
325 793
329 645
67 207
406 843
34 822
174 262
433 371
287 13
423 662
152 114
2 604
432 995
75 645
341 964
344 303
124 970
467 737
218 874
66 657
191 696
375 279
60 704
440 535
161 121
49 419
121 237
356 751
203 843
22 635
342 541
246 109
279 578
199 460
186 541
254 22
409 972
262 563
455 98
113 383
430 189
304 4
150 392
207 982
288 67
23 357
437 278
433 734
323 114
387 819
59 904
24 334
304 871
429 82
39 18
461 410
385 408
255 504
295 747
71 968
260 913
378 642
354 118
351 691
376 848
442 492
149 178
477 250
231 705
42 884
199 946
330 41
29 442
60 191
220 892
114 29
365 639
228 930
33 941
443 763
143 646
159 641
409 843
9 224
481 667
427 666
212 609
314 986
360 491
325 218
361 941
35 5
482 100
352 997
396 884
104 6
396 723
258 121
456 907
272 178
424 916
409 355
446 759
218 295
34 652
412 463
322 973
81 401
249 721
308 540
1 306
252 573
323 695
443 484
326 563
99 112
36 868
406 887
459 725
471 391
318 940
447 792
475 36
10 544
62 125
220 309
91 311
136 126
150 483
27 747
447 578
12 688
441 659
418 782
300 49
429 898
77 163
166 957
189 347
459 58
318 856
455 986
184 723
85 251
347 677
339 877
366 520
457 564
364 298
260 689
438 629
406 761
311 217
114 900
402 633
112 559
190 674
257 467
415 143
49 203
130 239
263 978
88 197
266 675
294 304
393 159
397 577
317 787
202 447
385 183
37 830
83 352
52 611
125 718
377 354
178 759
348 873
427 98
473 34
55 109
147 29
391 672
38 259
173 176
77 12
396 181
246 986
296 756
386 604
358 677
370 324
400 214
345 97
312 134
161 262
290 915
380 185
473 517
171 405
426 112
260 632
86 38
155 782
233 827
19 348
158 63
150 301
284 607
117 697
439 53
143 9
302 243
428 341
379 740
364 926
90 356
30 340
343 898
431 512
392 589
246 515
97 396
58 742
331 469
159 80
449 719
82 884
33 391
33 727
253 39
20 406
264 203
18 30
361 738
259 706
26 859
219 106
8 365
314 830
17 349
256 622
325 28
78 829
380 415
399 641
377 29
436 958
411 29
47 96
336 133
2 340
43 940
214 127
348 681
120 517
47 369
352 772
166 237
253 318
460 425
71 563
409 687
380 348
359 26
110 281
325 659
132 228
407 304
360 924
305 632
60 635
406 480
338 129
443 841
394 846
317 199
165 715
55 291
190 354
304 858
18 706
45 573
63 724
439 631
152 872
455 970
456 705
313 834
2 917
148 8
119 326
379 296
61 307
158 75
268 72
57 990
10 985
344 882
71 787
252 522
148 260
185 23
354 134
379 671
42 800
462 554
399 804
87 76
299 138
454 942
296 84
375 685
360 240
339 290
361 250
242 240
128 295
344 992
365 698
97 144
421 410
317 40
211 690
450 596
401 753
91 61
336 776
308 64
40 918
241 293
58 807
279 9
275 49
454 764
451 149
21 412
168 4
45 313
61 840
410 839
419 518
256 47
43 371
464 933
421 644
474 3
126 532
4 949
180 10
327 532
139 152
66 739
56 573
245 645
47 436
385 661
50 427
20 291
89 597
206 678
215 296
242 69
342 496
416 733
43 418
314 774
212 194
274 358
153 893
436 300
474 544
297 342
126 551
79 508
320 462
453 378
75 588
16 338
261 907
247 608
120 114
89 324
100 915
70 699
133 645
292 255
467 587
155 890
360 226
88 775
55 103
469 689
44 95
366 658
15 230
406 678
330 121
477 645
25 347
54 244
346 972
297 220
245 389
100 914
402 205
230 966
441 447
88 660
158 402
68 302
248 744
299 15
104 511
223 129
144 195
2 256
65 954
462 686
65 206
379 421
294 431
42 648
112 566
121 258
459 579
102 252
10 425
442 852
450 397
318 897
211 650
118 736
173 167
156 10
478 687
414 51
338 640
287 933
372 589
373 419
220 484
288 158
286 49
254 892
322 201
141 532
246 672
88 123
220 532
243 578
305 687
225 893
152 848
340 453
354 163
116 831
306 845
18 212
327 624
348 359
361 69
103 194
59 85
148 937
417 759
207 892
80 374
121 866
468 528
155 153
355 168
94 551
301 868
217 660
245 351
311 5
468 64
413 395
82 730
349 554
142 250
465 378
297 860
142 58
325 983
285 992
3 964
222 386
105 763
263 88
473 789
295 823
261 107
277 15
289 270
347 46
329 917
216 172
305 282
213 917
451 597
42 106
120 607
347 904
231 840
167 487
327 107
52 980
64 685
433 87
183 297
7 838
439 662
120 528
21 431
367 651
359 690
277 399
467 162
85 97
115 174
222 65
171 7
302 980
396 654
296 434
196 707
7 713
407 15
155 544
285 875
408 309
78 983
8 576
143 108
314 766
380 978
430 942
201 827
216 479
400 142
39 945
373 373
381 863
254 239
384 483
211 511
70 978
50 603
71 628
42 437
167 853
193 878
289 7
339 998
213 566
239 853
194 914
77 534
361 600
107 102
100 810
80 361
446 810
463 118
69 739
155 606
347 328
299 185
219 43
449 536
269 504
22 204
105 943
454 494
347 765
43 669
55 635
389 699
1 710
119 496
421 69
442 182
336 431
407 427
41 66
206 802
404 741
404 282
217 487
52 421
369 813
213 386
428 968
418 340
401 909
245 50
188 43
89 61
456 592
132 620
294 205
434 507
173 37
16 983
78 594
316 4
188 712
423 343
279 960
269 525
410 951
326 66
8 284
325 923
474 461
69 381
87 451
132 971
449 593
152 204
333 849
220 834
124 151
64 628
242 284
345 140
342 468
334 746
43 24
191 344
167 165
6 21
66 611
280 346
172 568
280 607
117 242
102 455
66 680
212 79
166 834
475 267
52 620
70 130
47 432
409 85
161 353
31 836
27 720
466 625
407 906
147 370
314 312
244 195
74 981
185 418
18 60
387 242
91 392
3 384
103 738
321 329
416 279
469 290
127 119
481 910
342 239
418 668
436 248
410 119
164 174
106 812
230 185
209 135
374 967
471 198
8 112
169 260
237 825
136 464
382 650
178 883
167 784
219 518
388 443
346 514
454 993
202 365
412 161
182 620
33 713
16 331
422 785
213 447
77 462
409 349
367 536
124 752
343 908
371 55
71 418
265 996
36 864
125 974
249 653
119 56
220 623
188 152
248 710
387 528
160 646
165 609
466 561
467 395
257 867
230 711
55 484
161 157
290 762
264 182
468 268
152 387
286 776
130 811
400 469
224 505
200 466
284 948
157 310
405 734
314 813
96 838
180 585
369 886
427 607
271 29
255 142
235 533
471 276
215 254
4 400
44 938
418 57
446 887
86 741
196 488
403 203
124 556
9 882
424 886
337 671
466 835
168 971
249 903
294 507
33 744
98 510
461 65
131 67
34 857
395 656
35 97
1 244
183 986
47 102
384 301
305 523
455 264
386 156
396 848
458 125
301 305
148 896
202 736
265 232
153 986
196 887
341 650
63 40
113 287
52 765
401 843
33 986
224 709
326 952
23 728
429 715
66 826
468 701
288 110
212 561
125 410
348 368
196 546
433 319
184 723
442 95
102 809
293 748
91 577
369 839
175 175
403 668
212 146
35 236
185 835
261 492
450 578
237 445
387 161
376 898
263 247
274 717
299 430
345 298
461 804
2 473
262 558
453 704
73 369
229 216
33 744
165 427
89 625
202 661
59 47
152 440
41 817
106 581
245 746
365 178
118 71
324 479
460 196
251 760
254 431
460 198
31 235
270 126
476 295
224 432
192 309
75 665
90 755
215 657
137 221
255 478
298 673
26 536
90 745
230 875
369 109
385 264
384 158
274 715
40 84
25 966
366 498
38 181
190 572
336 545
86 616
270 309
292 418
48 932
255 862
219 465
338 538
365 357
296 929
148 772
284 145
451 776
15 230
232 85
24 109
250 251
201 217
144 208
179 602
29 827
355 257
481 506
351 934
218 421
190 442
49 744
185 221
122 821
472 297
223 496
137 901
166 401
363 331
142 510
443 466
303 110
204 412
43 246
432 497
389 648
154 395
311 688
54 936
113 269
282 379
26 326
243 459
53 466
214 443
440 182
337 744
336 932
335 70
220 750
457 180
292 839
376 571
342 586
222 378
69 241
187 389
369 391
368 226
70 86
427 507
198 67
163 886
145 373
323 304
93 145
75 30
133 25
295 562
469 944
60 436
265 767
142 94
230 172
177 535
193 966
459 841
74 602
83 596
353 281
164 265
306 95
100 983
156 822
326 529
369 929
252 13
155 961
111 767
436 804
299 556
312 497
216 208
428 685
95 816
216 209
224 976
313 785
325 23
265 94
453 910
302 733
58 357
161 439
36 190
406 927
358 736
130 711
284 29
292 35
155 84
302 348
90 768
15 14
420 175
226 130
438 171
38 677
359 797
102 103
153 229
251 861
234 59
206 480
64 618
19 868
187 495
148 938
175 526
344 214
161 381
212 425
134 56
348 688
203 579
42 907
372 875
354 247
92 21
58 709
345 13
277 416
234 921
425 163
443 708
279 225
464 971
361 443
334 179
79 862
239 457
208 2
171 408
434 364
111 559
168 596
437 448
79 104
358 67
59 64
270 513
41 159
207 457
335 744
433 622
93 151
442 590
394 700
299 477
98 92
161 112
337 727
230 459
35 963
429 964
14 159
205 37
480 705
390 661
15 545
234 704
338 156
72 603
177 954
188 289
390 327
330 528
17 446
114 924
385 641
374 940
393 379
427 848
446 334
254 89
42 485
116 729
287 476
161 870
64 426
162 460
223 166
439 128
231 783
446 877
49 859
178 779
147 569
462 43
170 511
455 684
284 100
398 137
297 335
474 289
398 414
424 382
141 672
185 359
432 524
363 621
231 95
305 337
132 554
244 645
194 178
384 135
272 279
116 689
246 181
182 619
158 973
141 744
198 213
136 660
414 476
426 101
309 887
342 863
8 719
376 510
230 849
435 808
185 92
63 512
176 686
185 709
305 304
67 712
279 85
38 938
355 223
443 747
98 90
155 204
444 903
165 822
228 99
402 409
342 917
107 766
314 83
107 381
457 310
453 704
129 185
74 534
100 158
242 89
68 361
284 792
451 907
457 662
288 112
19 329
94 417
262 836
281 803
373 853
297 247
128 288
356 776
309 146
480 784
282 486
318 811
260 420
367 993
384 413
326 409
252 400
182 889
213 905
257 39
463 596
192 923
476 622
297 362
187 405
431 517
321 179
330 440
138 943
237 83
161 275
15 516
211 143
38 555
103 141
328 709
184 339
136 10
429 516
346 271
156 759
21 229
88 638
208 304
269 409
399 576
296 801
156 355
387 229
407 505
170 48
427 231
469 816
23 861
271 969
235 712
9 752
201 761
110 601
332 515
243 546
137 145
364 293
61 302
50 34
429 794
136 18
219 308
353 661
392 923
211 341
249 340
479 793
