2924 487
33 579
403 130
374 11
77 868
47 49
326 347
452 766
411 591
468 684
86 876
202 945
225 964
307 449
2 483
402 577
390 121
297 581
362 764
331 498
48 987
292 828
147 740
30 370
432 271
399 653
467 56
469 989
182 529
104 396
439 13
109 400
232 351
207 525
189 409
49 113
220 813
61 55
137 392
281 85
347 137
4 413
42 719
386 288
222 584
116 510
142 963
43 335
485 407
130 237
100 569
58 904
31 643
375 217
441 671
226 759
301 976
151 29
55 593
291 641
362 27
2 895
131 428
274 997
94 499
246 348
189 341
310 437
132 595
111 145
361 738
6 672
199 921
55 908
441 142
360 555
422 746
63 32
250 416
267 65
372 290
379 171
321 668
31 306
36 927
3 634
256 47
39 561
307 134
123 402
487 919
247 883
20 67
432 423
410 447
444 478
264 404
251 544
425 142
117 614
110 806
106 865
43 720
113 681
432 238
435 15
310 659
397 427
170 256
68 799
456 922
182 769
352 146
20 85
400 588
403 953
140 728
373 536
262 549
216 960
8 281
210 419
458 186
131 602
485 328
6 29
70 432
346 452
449 811
160 41
32 372
140 460
82 814
413 862
141 556
421 742
415 455
38 455
25 508
432 664
165 163
248 898
286 465
93 782
406 839
459 893
340 376
420 69
197 615
164 883
125 911
221 60
17 665
27 554
4 938
136 989
206 618
361 951
276 125
213 207
46 862
333 15
202 696
139 998
335 987
390 239
326 317
484 536
188 654
147 268
233 394
130 778
39 371
407 779
338 141
170 63
347 608
351 777
405 738
209 55
184 658
180 307
223 430
364 644
85 126
470 38
315 782
393 134
313 848
202 215
217 120
95 791
213 86
334 370
441 768
301 766
370 741
259 398
95 243
96 800
193 793
78 543
413 230
396 705
471 272
140 777
252 638
118 974
145 183
304 939
55 433
153 269
77 819
229 992
190 890
326 690
441 960
412 702
112 664
422 203
462 524
17 291
307 79
151 516
319 492
228 658
479 637
53 627
478 948
435 177
227 93
322 260
152 850
449 958
206 574
35 517
357 307
460 140
287 580
113 386
218 691
119 377
395 876
16 704
62 408
89 586
346 76
7 829
34 647
387 484
180 775
150 334
398 597
418 796
71 580
9 815
301 486
449 975
6 807
12 77
125 608
277 842
177 653
487 566
68 367
215 922
100 932
202 62
451 362
243 588
236 879
77 338
456 556
51 877
440 237
284 793
439 803
94 633
447 82
377 741
425 971
349 815
105 707
473 893
153 722
311 955
150 157
19 846
25 373
336 569
164 518
311 932
135 849
172 296
457 210
187 460
165 530
150 779
280 638
167 12
191 734
249 721
283 351
236 320
83 146
5 933
94 155
21 766
181 298
483 917
79 141
221 250
62 564
56 391
58 156
469 282
199 541
205 910
66 604
262 274
290 530
396 176
385 762
247 335
482 975
269 730
442 428
36 143
440 10
317 681
293 965
7 879
8 559
435 162
157 964
5 283
63 709
388 59
77 717
395 448
192 311
291 918
39 477
14 980
464 874
148 779
116 698
273 427
72 581
57 502
46 135
102 339
487 139
455 964
397 539
345 656
171 698
358 34
86 346
160 920
423 334
138 389
436 674
329 559
165 933
94 809
472 262
53 194
423 900
394 845
201 349
60 655
147 176
406 261
242 315
443 163
257 525
266 269
138 885
313 546
77 225
87 732
403 600
409 89
354 993
417 981
435 273
352 710
273 386
292 463
232 582
266 373
340 920
386 933
339 891
431 380
101 57
262 421
317 109
162 159
36 417
358 84
307 601
48 636
396 774
453 472
203 533
313 231
43 221
66 692
2 413
392 741
358 795
27 982
356 350
441 476
258 836
110 731
444 917
30 489
229 671
342 640
477 951
247 64
79 414
350 730
403 137
271 86
229 73
167 334
15 401
365 353
424 931
121 713
377 107
265 725
173 610
384 408
413 988
217 568
190 651
142 280
14 114
442 790
210 162
109 357
123 336
211 333
74 149
204 694
40 261
128 297
245 905
21 15
69 45
66 639
171 682
204 228
155 989
162 741
391 878
145 700
187 834
82 759
120 850
221 738
474 394
333 267
160 2
487 669
449 952
317 414
333 917
433 864
161 451
129 115
253 485
180 114
77 280
336 10
333 410
333 382
4 498
42 5
93 695
25 570
386 311
480 68
71 538
414 740
247 733
33 497
469 208
272 95
109 920
231 211
282 502
69 265
260 381
425 15
414 832
218 479
415 666
434 449
241 172
45 446
341 482
295 70
432 942
274 115
334 860
49 452
70 660
168 931
469 92
472 135
252 611
112 611
104 631
169 269
407 752
370 640
336 811
251 306
188 799
74 111
226 19
452 708
29 606
434 756
92 614
415 935
91 586
370 942
242 728
167 897
91 896
438 793
429 758
427 446
140 76
322 609
173 390
304 115
321 756
36 85
31 819
243 958
193 748
128 401
188 444
76 251
82 819
6 697
108 653
184 456
443 196
13 923
149 371
438 169
256 708
21 549
225 820
461 980
239 682
4 74
374 787
282 261
270 41
290 929
205 711
86 826
194 407
13 453
299 748
160 831
407 984
453 180
409 79
136 682
459 266
195 131
199 254
170 959
245 970
198 183
236 892
484 91
356 237
300 389
278 56
117 956
327 695
312 570
470 990
437 959
281 310
422 43
474 619
18 839
440 959
324 493
215 117
130 388
181 606
373 37
311 968
69 288
300 697
344 232
296 16
370 795
126 285
131 115
215 108
72 287
76 303
265 218
74 17
406 707
484 11
464 220
222 186
439 724
95 439
469 525
377 894
240 254
3 752
385 177
246 1
101 334
325 82
178 359
176 520
361 290
397 795
170 738
227 536
226 127
141 560
263 529
325 399
308 216
332 773
162 839
477 208
59 917
174 240
148 99
277 498
447 984
116 462
41 64
48 969
470 104
147 940
73 460
131 939
144 762
374 726
287 757
150 731
47 274
186 66
84 398
387 256
34 342
369 877
158 837
60 686
195 618
72 739
246 879
71 242
126 419
60 818
237 713
423 225
297 975
128 743
94 456
20 633
226 226
248 774
219 513
331 149
455 330
405 638
50 265
181 532
461 619
106 345
300 869
427 866
344 747
77 343
181 841
293 197
204 598
255 395
132 868
421 32
38 762
69 115
340 858
53 218
166 259
274 916
47 864
202 487
12 838
302 450
377 466
379 372
207 825
147 476
344 255
427 214
314 681
301 876
108 970
167 251
197 450
308 594
446 506
340 55
107 473
207 425
16 514
144 614
139 36
2 167
481 841
376 624
240 935
447 553
248 930
36 679
324 728
432 91
312 803
102 442
235 987
10 723
28 465
4 252
454 917
363 558
75 298
16 860
34 764
163 800
484 289
258 510
293 197
25 303
209 188
264 480
170 388
189 368
149 600
286 29
393 358
426 184
269 770
385 372
47 305
92 763
386 55
474 465
346 553
393 807
146 564
99 665
210 324
436 273
93 566
155 626
115 22
390 45
294 793
217 287
50 341
110 449
469 836
436 55
148 853
63 714
119 179
64 958
459 28
48 380
170 899
333 377
298 54
283 981
451 848
371 582
172 128
107 522
264 897
463 256
59 984
98 528
292 209
168 46
48 427
136 275
1 191
32 508
160 877
242 889
255 806
418 279
21 859
118 415
69 301
108 357
37 491
63 233
477 511
321 225
260 193
441 589
126 50
258 898
339 482
107 776
480 708
458 172
174 93
307 135
475 88
132 844
314 668
114 542
313 892
381 936
269 462
59 235
335 261
435 915
130 256
161 858
266 312
98 196
70 477
394 842
54 442
357 359
4 101
69 718
377 256
176 650
405 963
192 843
91 783
126 984
403 796
410 976
63 932
250 848
77 942
298 16
387 484
98 478
469 45
471 409
300 68
462 487
304 447
381 319
405 432
430 168
182 528
219 617
394 135
30 638
287 637
217 610
319 957
220 831
261 628
175 823
218 550
401 743
293 274
190 663
126 633
67 43
33 970
172 5
311 737
115 288
418 620
281 398
30 813
83 868
300 715
88 961
268 352
196 762
121 452
92 377
193 601
464 65
441 773
336 372
478 27
203 477
280 834
430 118
174 660
52 276
223 104
357 894
21 809
313 321
102 6
89 183
359 312
148 291
442 534
324 382
424 940
366 926
250 303
56 690
389 915
70 831
451 29
451 766
235 426
409 227
394 558
35 447
122 382
5 288
270 423
338 956
428 628
461 281
65 907
288 584
313 497
312 61
234 898
39 137
438 649
232 848
114 14
33 748
445 675
275 208
383 215
108 429
11 467
53 144
118 239
310 970
454 214
54 343
198 997
365 472
366 208
73 713
389 174
267 371
269 1000
22 659
224 78
469 881
48 282
168 330
90 858
300 583
328 906
275 500
381 320
388 122
336 991
80 341
352 524
27 398
352 140
134 986
206 260
398 401
42 903
161 128
422 764
182 87
334 646
469 164
396 746
180 895
473 460
476 92
292 898
87 140
47 135
188 451
323 194
258 251
455 572
227 696
472 478
182 99
57 17
421 919
164 259
150 735
161 9
463 110
223 87
252 77
481 42
234 32
250 191
198 209
70 513
119 492
418 63
245 706
307 619
165 46
377 396
475 715
290 405
207 723
259 28
187 601
484 779
238 249
390 747
365 419
147 780
60 843
223 566
399 548
2 700
312 656
424 468
485 537
272 336
407 420
274 783
430 49
79 428
396 628
197 406
467 415
37 15
408 550
201 774
433 649
248 805
399 309
463 171
285 556
292 826
205 752
336 178
374 324
237 37
100 51
78 529
71 111
129 617
34 675
246 516
260 89
211 893
431 734
92 409
476 449
273 132
457 479
14 204
88 698
104 356
238 429
430 467
377 874
461 738
313 180
211 266
245 101
272 700
358 241
365 582
482 41
169 621
80 858
115 773
74 915
355 203
129 939
238 724
358 672
375 683
363 856
218 487
277 924
115 186
390 936
61 187
341 109
58 501
242 448
27 14
82 376
474 457
453 259
346 756
381 841
379 459
136 120
327 411
165 591
8 640
371 467
150 583
10 444
140 116
465 9
307 238
476 360
43 734
414 183
100 604
24 670
331 730
471 874
353 502
136 244
457 756
110 248
276 2
50 215
197 915
403 773
455 789
362 579
34 907
435 390
455 411
190 582
26 616
395 472
240 681
62 173
89 73
475 233
243 181
445 596
136 817
10 156
193 411
462 234
347 166
364 400
233 513
353 769
459 102
293 33
263 995
46 953
164 916
116 653
411 231
433 53
312 966
3 399
466 121
375 219
211 969
200 598
268 742
404 424
70 282
202 150
7 532
400 728
52 759
191 212
44 208
179 929
266 235
253 909
334 758
175 408
175 548
227 567
35 931
448 826
392 887
126 637
445 261
361 427
440 744
7 606
93 40
352 417
287 214
317 374
309 490
62 472
11 125
423 611
288 79
160 727
17 354
449 512
63 397
396 113
460 802
112 956
307 120
132 235
328 521
431 947
271 517
60 980
29 294
429 162
57 490
103 791
27 68
212 974
404 787
277 90
348 898
193 917
379 534
318 777
203 475
225 987
383 472
196 2
473 782
103 197
218 708
335 410
66 310
184 480
314 442
485 862
460 698
442 601
263 268
342 154
67 197
72 254
472 881
320 788
42 885
343 722
319 822
416 913
238 551
47 900
345 951
451 957
93 600
446 153
235 882
466 671
81 709
31 516
279 979
115 825
192 724
426 756
167 207
472 627
166 960
309 284
229 172
70 608
10 895
157 547
321 278
241 230
164 701
79 149
9 459
224 602
366 137
333 128
354 791
291 248
408 807
192 7
139 912
147 206
278 196
142 809
42 554
465 73
172 901
242 218
136 506
305 301
294 550
36 23
294 671
354 697
353 638
178 422
289 419
85 288
314 560
137 346
209 269
8 79
299 219
303 258
167 105
355 412
75 27
270 874
249 13
226 812
330 484
28 855
190 477
335 116
347 596
45 207
266 847
15 16
99 145
170 933
376 759
380 215
465 726
256 496
100 435
32 379
36 793
266 236
273 415
464 524
94 191
71 287
480 865
345 965
382 414
139 484
189 605
159 276
21 89
414 834
456 824
418 806
421 758
418 284
194 824
476 879
462 474
403 849
457 442
138 621
419 938
251 150
251 857
359 141
234 387
398 790
148 861
303 267
442 266
197 816
462 376
201 293
255 275
263 952
291 170
222 464
459 749
161 11
94 853
289 257
83 932
3 494
163 64
260 252
313 365
204 182
471 648
252 255
269 828
429 929
135 297
92 126
34 256
438 291
334 336
426 792
274 268
350 473
173 91
441 56
202 143
389 776
447 199
159 835
32 196
430 470
145 991
73 112
163 66
353 862
450 627
150 242
172 780
67 199
266 949
446 391
98 641
363 301
351 148
7 500
129 228
325 126
270 645
6 461
285 939
51 909
352 396
255 896
253 779
354 361
408 71
68 857
327 417
102 614
108 826
168 439
198 210
8 97
237 138
404 309
155 939
392 423
216 309
217 497
16 961
109 14
310 423
324 903
274 449
303 753
291 646
35 93
131 408
148 639
119 654
170 528
171 179
22 956
438 349
69 509
198 911
115 110
423 695
126 912
231 505
113 752
223 346
487 975
64 333
292 609
137 18
165 567
160 514
79 701
310 92
376 588
309 348
351 697
125 414
326 844
64 599
90 554
141 229
386 980
90 850
85 38
468 837
105 449
469 296
325 993
18 611
435 983
407 448
276 712
417 421
29 796
311 245
425 952
473 487
345 684
64 5
333 606
300 207
394 558
204 446
384 872
173 289
194 341
391 547
209 322
444 386
79 271
206 618
340 720
419 152
463 104
411 264
357 186
19 904
363 446
65 818
366 434
462 566
35 950
333 461
311 943
292 439
49 861
370 694
62 764
180 361
476 319
455 202
253 264
242 928
251 826
114 310
244 360
366 874
290 818
407 679
436 983
66 723
97 782
370 58
454 3
215 937
116 553
26 84
29 890
231 272
187 217
19 209
346 576
87 510
480 698
372 992
425 682
159 175
462 442
212 829
471 78
479 696
65 878
226 420
166 719
193 71
478 635
475 556
130 340
463 681
355 29
98 488
164 81
353 241
353 250
212 423
309 187
340 423
292 39
34 652
414 896
484 958
389 280
472 390
487 228
85 59
54 563
200 120
318 963
300 347
50 669
212 384
45 4
421 485
87 962
192 811
216 484
99 443
391 505
297 430
339 350
168 116
28 189
272 479
377 929
335 245
110 51
437 145
38 825
348 977
405 441
86 266
25 763
52 920
443 652
47 655
39 572
372 413
314 753
110 637
327 313
486 149
437 93
392 264
206 152
444 102
379 468
412 551
391 413
58 636
200 828
247 750
159 381
418 396
130 225
440 282
63 197
267 405
461 217
105 255
298 963
276 89
161 601
475 828
88 2
474 799
321 230
24 469
194 465
195 748
168 636
437 798
330 268
163 683
410 217
160 742
124 560
47 940
344 666
230 552
276 171
211 786
412 12
212 59
394 753
306 82
20 947
276 914
110 310
19 506
359 341
229 283
213 26
94 814
485 806
351 572
482 671
352 851
175 156
352 720
121 995
180 295
452 932
150 917
176 212
91 687
422 643
480 504
327 334
390 143
223 77
144 462
397 462
234 68
341 848
112 36
101 185
372 412
487 825
77 111
43 261
208 220
216 253
196 764
177 238
179 391
386 64
219 880
215 32
149 69
174 48
210 944
475 499
125 944
150 121
433 505
485 25
243 952
50 706
438 71
180 536
118 279
148 702
14 105
70 342
356 444
130 578
340 995
153 831
369 732
195 805
138 857
338 848
26 211
21 506
300 634
263 927
5 422
446 415
1 562
25 791
256 539
352 400
149 549
297 407
5 910
164 275
358 145
238 507
356 973
459 805
184 964
333 488
280 188
170 227
284 265
172 195
268 505
258 193
157 926
128 786
140 136
263 245
38 617
111 89
402 919
440 228
259 741
18 77
132 338
333 971
76 528
301 731
243 446
106 190
412 575
335 80
258 217
439 107
204 383
320 514
50 704
28 46
351 397
349 444
360 934
269 397
66 958
103 29
193 707
439 629
302 135
310 546
444 906
316 755
196 301
251 822
132 624
119 603
286 605
22 216
56 810
250 443
208 276
174 923
281 359
180 840
176 6
335 942
18 577
369 871
453 82
56 678
158 343
295 548
449 756
371 582
137 422
222 325
109 688
98 941
337 586
425 622
163 765
369 846
144 936
231 830
114 446
80 712
74 966
64 232
278 226
203 712
204 520
229 313
9 780
237 801
236 388
131 88
437 610
402 506
115 310
178 56
478 330
55 166
328 604
284 998
433 183
296 180
75 610
242 617
37 95
181 809
371 397
385 116
198 319
60 768
156 467
120 173
86 204
39 264
441 585
409 497
412 731
318 173
351 531
34 692
409 593
101 356
8 590
2 516
246 499
116 106
306 992
343 750
175 958
316 220
40 461
15 310
23 463
394 392
388 307
28 754
260 211
198 74
81 894
303 135
464 863
348 391
276 820
262 458
463 224
49 668
313 137
211 15
238 314
241 79
276 218
461 156
257 84
142 699
465 469
230 381
360 202
295 455
404 647
287 241
61 624
317 135
480 28
422 907
291 709
327 280
238 345
458 569
187 180
10 56
152 788
421 679
339 563
71 939
419 945
137 115
66 832
427 494
427 374
70 338
138 750
424 526
219 887
449 73
475 291
287 472
385 122
444 644
283 981
55 65
148 227
65 305
174 127
339 975
273 143
292 197
19 735
44 806
220 44
131 316
226 170
241 763
50 135
471 996
169 197
367 475
172 844
393 314
264 637
282 596
41 632
354 434
133 151
98 370
465 601
329 738
66 720
360 322
1 251
460 335
427 573
33 65
50 20
307 950
370 771
130 932
303 800
280 179
372 670
228 32
94 540
352 684
160 573
293 371
158 239
368 878
456 444
232 297
304 699
256 85
455 783
120 663
383 775
270 567
378 501
116 131
340 783
269 313
97 9
472 776
74 937
278 744
362 826
163 653
361 218
333 768
4 51
452 518
127 341
380 207
451 611
223 104
49 634
368 474
214 949
82 640
255 147
44 821
16 31
405 204
302 23
105 534
175 71
470 152
191 851
96 66
399 944
481 177
87 923
129 349
368 848
59 724
282 629
159 373
4 548
365 46
46 181
327 855
226 153
444 661
463 856
342 696
251 804
429 405
18 276
355 164
41 842
40 314
91 677
59 73
290 184
24 84
22 961
483 700
410 107
163 109
451 508
134 841
408 104
12 780
375 964
480 342
469 331
415 36
339 325
473 888
265 875
210 580
67 572
298 547
234 892
287 169
162 56
380 565
19 482
160 774
369 179
66 403
19 956
381 114
467 868
330 514
160 438
450 616
377 887
217 582
405 700
223 615
214 330
177 453
214 628
18 52
84 809
476 140
176 684
13 298
377 162
222 839
173 215
323 672
32 481
220 948
284 787
405 930
162 932
255 192
193 470
205 581
21 479
445 816
32 139
26 822
70 528
181 848
112 392
346 18
113 971
398 742
411 58
302 615
180 477
61 878
41 894
108 881
61 740
98 919
428 57
275 149
460 980
98 164
370 176
353 416
19 875
261 474
151 832
247 79
204 502
74 16
403 734
8 8
410 808
138 345
352 159
57 159
300 633
446 491
81 720
320 993
279 459
167 18
364 61
170 867
395 397
115 940
371 397
119 147
302 388
298 750
336 340
330 596
115 348
180 197
421 286
152 981
456 314
38 501
55 778
403 10
442 36
250 196
267 635
257 633
473 526
431 591
217 1000
3 781
462 382
225 363
115 524
355 629
384 865
110 60
208 942
441 237
335 322
294 448
173 17
20 586
76 232
172 3
104 915
92 185
430 104
317 620
288 137
13 303
392 590
313 261
126 737
229 26
330 480
346 134
122 526
227 318
460 554
212 747
391 462
478 40
186 121
52 760
384 174
118 861
99 867
425 946
321 475
155 883
223 124
394 680
204 210
416 94
64 666
261 853
219 256
203 419
483 361
394 655
128 930
165 391
316 975
439 507
113 356
336 871
346 976
84 901
316 117
467 977
253 978
370 619
84 481
56 96
365 113
405 434
155 605
91 619
319 674
470 886
298 181
405 478
14 899
155 133
237 1000
113 71
235 193
201 692
99 513
231 449
198 496
443 383
116 991
56 843
374 733
411 37
237 997
317 137
253 174
294 697
336 890
320 1000
283 943
118 752
70 905
233 85
310 414
450 81
363 416
26 214
139 15
280 319
41 964
147 391
350 879
146 407
36 963
2 981
262 420
29 400
148 992
353 597
332 211
446 365
202 913
151 588
39 400
151 540
469 427
378 560
468 864
425 369
375 443
439 877
11 137
471 306
75 806
9 800
176 863
202 244
334 425
16 806
269 224
278 628
2 145
211 212
360 392
480 198
411 778
225 40
188 13
61 65
18 339
469 510
477 555
275 991
55 904
351 107
179 520
299 216
199 606
9 484
226 672
360 431
104 625
94 862
1 536
411 866
142 1000
46 791
217 662
328 365
150 78
131 731
337 39
167 87
292 914
252 895
122 150
158 67
334 679
240 696
217 523
263 310
235 428
380 939
206 673
404 807
390 396
249 398
132 717
276 401
440 53
257 125
180 68
443 226
400 573
129 261
70 756
360 662
416 911
305 147
2 978
371 387
466 529
483 268
246 250
330 670
31 528
159 366
125 50
245 532
433 81
162 733
34 933
421 545
439 649
369 350
134 395
296 139
168 701
101 854
54 311
238 847
437 354
135 434
446 558
96 849
66 317
434 224
438 286
150 711
463 883
39 748
36 691
309 670
423 513
390 691
252 122
151 443
119 787
375 218
29 738
427 378
308 184
403 303
137 949
187 873
92 860
404 877
54 346
485 973
345 819
374 459
229 822
367 586
106 436
80 589
111 396
414 782
333 82
340 817
49 988
426 582
159 820
112 706
376 833
442 598
381 237
213 703
379 456
400 588
54 740
190 44
189 7
485 893
104 652
169 406
137 706
35 358
150 739
121 442
253 822
166 723
478 622
178 270
311 457
401 330
482 554
23 149
84 864
180 808
130 29
6 702
95 471
72 489
333 922
326 93
227 419
250 547
440 367
485 496
438 602
274 787
14 249
151 498
427 969
383 85
246 13
162 842
291 923
274 120
180 400
151 204
72 32
121 519
15 318
348 117
286 194
162 471
299 62
327 570
307 801
293 494
150 876
472 665
20 895
21 937
25 837
444 477
30 51
436 197
148 813
143 901
92 290
118 711
15 755
230 397
461 352
125 651
10 923
129 851
341 322
20 534
455 121
251 74
427 550
361 503
40 364
281 145
195 776
72 625
388 911
436 180
337 182
259 682
459 984
14 232
129 52
129 175
66 861
419 955
227 928
335 172
22 217
192 664
161 158
120 671
203 826
200 982
385 772
124 597
3 261
133 441
392 286
238 674
222 384
486 566
104 353
363 812
38 518
409 850
320 355
146 656
283 45
448 955
264 841
408 131
241 898
122 813
370 838
300 313
45 890
2 597
74 74
275 592
345 202
467 424
335 144
372 357
279 150
59 635
353 741
155 548
8 221
171 412
217 134
296 627
463 435
129 719
171 2
449 943
149 341
137 321
347 939
370 540
234 647
480 719
229 32
333 953
426 592
120 134
445 230
128 664
178 860
458 140
428 177
75 289
99 535
437 93
14 726
215 863
212 624
87 438
440 419
289 128
373 586
303 308
71 940
450 393
443 867
379 740
476 279
201 950
431 201
394 460
28 640
100 845
133 167
214 232
67 789
28 987
251 899
374 589
472 410
279 557
186 379
158 192
4 652
179 247
121 706
486 942
167 553
414 727
223 854
20 349
303 510
379 65
161 596
450 729
380 303
79 412
271 409
408 247
181 105
74 163
260 930
19 316
56 538
418 635
469 284
261 830
22 566
95 451
77 636
143 744
93 3
259 414
29 439
468 905
208 421
303 114
254 721
354 805
163 186
94 451
479 169
442 425
137 462
158 208
49 379
7 611
436 998
337 716
245 19
346 974
483 56
5 92
336 288
31 841
148 809
276 535
335 886
274 280
74 677
63 48
303 465
82 897
410 881
391 540
143 600
132 551
92 699
220 890
361 582
430 625
443 23
155 573
224 505
109 275
439 731
421 211
433 679
35 594
393 19
457 664
454 43
441 539
260 69
75 307
89 819
208 300
437 485
117 823
218 52
416 80
37 992
133 385
253 483
357 998
134 68
192 288
209 750
128 810
441 878
131 703
72 584
102 370
172 650
289 164
452 719
90 433
247 381
269 435
226 792
468 222
130 621
461 962
302 935
56 245
248 670
276 606
167 747
118 19
118 734
254 724
349 976
424 237
210 937
324 280
334 403
255 897
474 780
223 976
192 641
205 554
454 622
465 577
423 470
57 111
454 353
460 159
348 905
204 805
394 68
382 72
26 605
424 223
227 523
259 489
404 897
262 659
66 228
5 255
460 648
475 15
137 588
361 158
187 793
62 271
428 358
293 620
33 855
455 152
380 746
356 733
360 104
177 664
394 650
193 272
16 938
204 90
346 789
280 744
235 432
319 357
7 992
438 114
346 624
267 989
454 991
394 77
124 127
438 295
276 264
266 308
292 66
201 640
86 735
475 805
36 599
111 262
390 409
72 500
288 849
300 597
101 388
172 920
133 597
299 834
85 484
352 884
89 850
16 450
251 863
209 413
60 348
277 602
108 33
121 258
481 416
141 64
55 496
288 294
119 107
279 288
314 816
396 806
73 506
96 391
115 622
443 665
287 337
101 370
41 344
377 434
380 359
296 54
90 475
332 79
319 647
159 161
55 707
245 109
230 624
310 231
188 621
212 264
308 669
21 397
371 511
377 454
153 29
215 632
323 245
75 4
356 315
462 909
477 445
435 710
224 374
286 170
13 635
287 890
39 865
44 483
380 293
324 413
170 546
469 261
258 143
258 963
67 758
182 533
211 167
2 970
38 267
183 976
190 145
72 919
269 484
102 188
221 26
284 735
474 335
261 589
41 432
56 198
366 185
22 896
116 567
130 522
349 599
171 306
71 141
487 312
466 158
259 449
52 71
180 12
81 595
335 344
32 976
393 765
237 570
14 974
471 23
144 445
120 882
237 87
137 521
403 436
400 335
265 168
87 850
344 845
