8171 494
364 743
299 824
361 830
441 67
428 8
338 31
54 412
96 45
41 287
76 772
210 75
244 447
338 412
382 909
306 73
115 408
262 113
427 862
265 547
28 483
389 308
34 285
488 813
170 839
358 19
400 119
283 670
74 591
387 154
214 591
60 96
424 321
48 798
268 876
147 451
122 675
152 548
348 315
52 858
204 880
440 98
380 80
272 315
333 86
490 131
247 513
267 75
400 106
320 102
75 106
301 998
146 297
299 239
270 224
316 866
477 480
121 484
73 385
102 476
411 852
147 400
226 473
373 185
241 682
166 322
254 454
251 325
162 327
330 382
449 956
386 710
137 96
374 673
337 233
245 88
105 458
376 752
287 265
488 130
376 818
408 225
437 594
321 335
454 348
275 352
411 656
265 292
238 759
228 801
43 960
72 400
283 183
282 548
314 56
27 214
80 96
426 931
95 997
302 204
436 841
100 404
370 307
64 758
281 445
325 493
307 615
187 138
269 803
428 778
180 671
173 365
395 134
252 584
479 407
381 388
460 628
132 469
129 821
273 51
489 779
1 916
423 685
260 760
4 294
382 428
491 348
478 448
282 283
319 617
85 736
378 607
394 599
291 256
467 462
207 844
88 151
365 446
447 194
352 713
61 880
114 281
168 833
489 286
410 519
341 221
85 465
153 950
345 417
430 279
222 662
440 831
70 243
35 132
387 574
476 870
477 602
205 465
368 397
377 263
414 403
208 860
268 913
115 424
421 475
33 745
447 590
342 734
60 302
313 965
367 322
49 214
473 675
310 877
329 897
4 420
229 294
449 254
267 952
185 510
445 363
492 62
484 717
132 488
203 665
453 985
370 125
207 144
452 931
159 908
373 947
450 435
444 960
333 884
245 759
59 670
448 779
209 910
321 164
35 381
109 218
441 48
432 983
252 87
283 851
376 486
295 589
472 726
219 177
28 93
199 564
39 834
92 450
152 522
475 593
3 494
448 611
411 731
242 656
188 272
82 810
112 483
118 767
46 101
423 778
22 377
80 769
18 489
15 465
317 737
123 606
280 682
333 244
422 888
261 833
272 813
68 272
492 68
406 583
184 734
118 657
446 792
223 22
194 371
366 582
421 763
308 82
333 345
161 835
126 881
31 952
203 453
383 413
260 1000
459 271
136 107
393 104
389 35
12 993
374 457
405 299
168 281
132 821
297 643
472 514
178 518
264 632
285 496
369 753
292 335
245 133
70 995
460 479
333 377
317 636
55 370
258 991
252 153
11 680
216 617
292 328
471 181
228 686
237 382
185 205
109 921
147 580
254 718
137 564
231 98
293 38
149 102
49 163
146 325
73 609
318 98
34 357
303 152
134 859
57 456
66 384
400 406
472 49
211 892
144 993
335 582
221 495
386 437
120 989
387 620
349 650
328 966
73 105
258 110
29 368
433 229
140 282
181 271
41 126
225 54
399 69
227 382
49 7
5 887
141 903
57 119
68 147
487 557
377 101
125 111
481 492
297 981
379 852
454 851
438 106
305 811
482 24
24 873
460 271
475 205
11 592
489 245
94 362
87 416
406 912
251 492
217 664
23 584
100 540
300 371
255 717
248 43
170 387
291 495
170 134
148 182
152 65
396 894
157 665
208 230
43 890
288 563
82 186
343 335
110 92
278 901
389 471
246 423
337 333
355 1000
333 260
238 170
135 656
156 42
224 575
319 935
129 291
494 102
160 28
280 721
213 36
274 403
115 945
151 38
43 950
208 501
14 930
250 938
419 551
103 473
70 820
259 291
124 948
171 333
341 653
106 46
188 338
460 388
405 162
437 264
281 950
284 733
174 230
71 605
374 597
261 20
379 129
4 3
236 164
20 726
433 62
239 302
279 872
253 88
71 930
409 357
252 510
275 632
285 210
337 939
420 682
487 178
218 813
415 446
32 715
246 171
353 765
384 266
428 501
176 480
64 961
50 853
314 901
216 46
141 534
494 516
46 863
76 907
423 440
486 676
445 34
284 755
10 420
432 625
22 881
183 491
342 568
419 825
406 915
418 256
487 8
277 673
374 723
140 103
486 154
357 557
421 439
364 470
377 426
21 299
214 981
164 649
216 654
32 120
9 528
185 949
466 442
282 168
296 734
258 391
223 483
435 234
114 236
258 181
158 71
372 153
28 503
148 82
341 835
211 290
141 156
243 853
386 747
345 219
442 344
37 762
282 228
423 674
233 752
105 798
471 836
5 233
358 121
420 535
491 367
295 656
416 768
185 208
329 523
124 314
398 162
179 272
231 844
71 309
448 180
281 27
159 96
224 957
315 883
336 343
162 851
94 776
306 59
206 391
130 746
339 779
164 123
196 442
101 827
73 691
414 303
341 244
260 819
265 572
18 699
296 650
335 14
485 820
90 934
24 889
472 897
288 448
117 227
432 30
114 258
196 349
110 944
470 415
113 957
436 735
456 659
377 136
353 704
270 708
85 463
484 774
365 351
356 584
317 490
266 302
336 784
357 41
406 466
254 526
366 487
69 588
58 434
142 466
256 97
381 894
299 504
172 398
177 652
470 907
301 441
67 658
480 653
368 81
376 282
343 272
39 528
227 757
11 800
333 174
400 386
28 652
163 24
466 730
11 537
114 146
4 967
41 848
201 473
53 765
128 378
344 381
318 496
42 393
272 662
382 374
171 466
95 541
297 591
181 265
124 412
320 932
308 900
149 218
439 933
386 979
360 177
130 182
469 903
77 113
245 194
122 570
114 401
116 337
275 870
260 187
262 799
121 897
381 312
234 447
433 327
401 837
328 831
235 817
148 86
164 292
45 990
100 624
198 663
42 688
335 44
234 696
247 546
174 401
340 724
338 191
411 889
70 426
266 524
371 920
278 171
267 809
18 594
244 722
34 549
317 11
387 633
280 377
374 859
339 709
203 207
251 250
147 875
335 683
317 601
290 739
33 721
449 787
136 508
352 703
276 530
394 89
291 429
477 357
448 404
216 947
280 73
121 249
69 387
365 198
282 357
331 352
70 685
477 735
184 118
117 888
418 822
278 130
288 33
292 92
155 60
102 45
115 58
409 51
27 955
243 245
271 984
451 297
151 984
234 191
63 783
472 683
221 57
475 647
368 203
235 230
237 155
369 515
128 699
258 32
299 698
219 807
206 786
1 125
320 291
432 794
19 655
371 410
128 52
447 679
434 205
145 412
205 993
164 171
251 787
300 505
446 968
238 685
250 572
171 996
223 485
277 552
150 918
154 316
387 718
225 378
258 407
198 773
72 935
302 63
423 154
376 148
416 846
370 381
260 413
291 159
54 367
401 929
311 133
198 849
364 143
325 104
216 671
242 233
208 260
115 718
244 576
361 579
121 514
5 729
38 597
74 660
95 391
389 782
219 851
205 170
250 896
473 209
222 863
20 913
9 936
287 536
315 678
185 845
412 62
32 352
40 781
444 101
61 135
224 54
24 200
114 310
329 623
451 118
62 982
441 3
174 484
137 998
43 499
400 947
10 642
326 227
319 91
316 826
246 294
324 553
243 445
486 645
8 230
455 238
192 620
171 9
310 310
304 575
90 447
302 76
309 164
189 592
386 993
219 545
169 221
142 783
10 913
79 271
390 316
231 409
469 250
35 58
371 856
34 731
478 58
278 375
100 822
97 553
143 78
367 556
105 810
156 593
125 332
151 549
33 626
382 144
265 887
449 759
43 642
443 666
384 117
47 143
319 463
281 373
70 995
466 898
32 167
200 414
167 918
43 157
49 390
468 761
210 499
1 78
225 666
278 717
146 423
67 33
308 47
424 932
474 647
103 851
154 403
39 998
145 679
474 418
121 242
354 254
201 974
98 881
16 18
362 42
44 352
181 799
398 319
388 311
174 41
208 752
383 398
90 393
383 432
346 633
16 357
199 343
283 793
353 783
40 233
233 19
380 864
484 104
434 326
375 133
190 364
430 711
86 985
186 928
321 72
399 403
416 448
309 834
242 818
215 1
5 743
75 864
68 936
156 628
321 652
136 614
378 285
178 290
246 619
165 178
343 359
128 849
173 409
350 249
85 60
3 381
428 756
319 735
418 975
217 763
207 265
48 930
39 710
285 969
193 660
35 615
27 686
164 282
365 50
138 475
81 20
306 501
70 401
261 138
221 157
245 526
70 317
325 946
373 350
18 586
218 972
44 296
193 20
283 871
361 18
340 744
466 339
133 920
435 325
202 112
315 842
473 500
180 329
113 197
21 541
284 23
112 748
31 131
128 617
63 254
26 314
443 184
434 266
470 359
193 224
59 513
313 879
296 973
400 772
399 467
106 963
148 327
165 963
133 434
278 685
377 649
241 464
483 508
357 520
278 96
249 371
77 406
194 907
206 218
209 358
454 692
326 657
160 154
397 49
138 52
27 480
148 431
412 910
7 835
198 102
235 389
142 940
31 582
458 846
150 265
147 296
486 585
401 870
426 577
450 502
395 522
328 227
324 992
463 667
494 413
280 642
71 125
450 597
390 769
3 296
95 628
211 625
288 137
472 922
107 162
35 915
132 298
480 613
1 85
449 688
136 11
421 118
299 873
260 86
135 759
238 746
261 330
259 833
76 420
238 86
121 279
45 222
221 126
307 910
64 765
37 540
245 60
332 785
350 519
64 997
458 552
323 859
4 212
217 928
120 410
169 424
181 232
248 770
438 845
181 823
434 264
121 510
300 816
463 523
108 169
338 316
441 253
86 803
490 273
336 15
343 36
137 626
18 27
11 340
25 192
3 422
141 270
413 601
19 791
482 645
6 190
429 130
269 957
81 290
104 129
231 492
2 425
111 475
418 442
333 557
88 470
434 629
373 576
460 898
300 161
21 654
402 879
102 815
453 361
54 673
197 908
407 617
213 289
334 324
373 564
276 854
240 598
428 660
237 309
122 931
453 327
234 806
436 706
295 603
293 671
331 799
57 890
227 142
432 636
186 163
466 97
354 150
67 915
471 265
264 461
8 779
178 912
251 405
457 273
292 431
215 841
81 508
187 12
214 465
338 515
7 394
169 138
150 334
119 378
196 726
16 112
1 194
377 444
241 179
450 219
54 258
96 470
130 592
332 353
411 348
374 748
296 384
416 670
480 220
279 557
212 330
215 478
199 504
433 908
314 585
363 225
178 324
232 430
151 956
248 17
358 302
436 850
424 750
45 741
30 82
474 347
377 717
18 480
26 662
42 542
273 998
470 505
442 254
272 106
209 38
55 884
70 487
482 218
335 187
278 927
386 335
182 612
52 264
136 101
103 779
311 636
114 963
161 133
216 878
409 385
42 721
305 483
323 976
296 253
429 527
379 716
376 436
140 352
379 681
359 14
461 375
453 214
229 790
266 660
81 550
285 395
110 698
491 45
73 472
424 44
213 778
349 701
250 831
468 712
50 794
251 465
168 906
304 122
354 753
93 863
252 142
354 504
40 403
224 314
239 631
146 854
476 748
237 409
61 962
432 83
24 555
229 728
76 765
250 394
95 803
199 932
63 588
75 280
344 66
16 323
452 949
102 284
368 214
341 248
365 892
212 777
350 666
36 618
347 231
185 613
38 84
44 397
332 682
227 268
159 906
298 198
208 290
471 676
465 735
271 923
109 197
344 850
114 769
336 119
26 360
472 75
350 125
268 705
54 903
314 555
442 888
71 645
424 975
158 848
150 47
214 161
231 774
492 631
338 599
371 832
472 152
388 28
47 429
468 345
224 787
482 694
256 294
233 136
198 739
285 999
262 830
98 418
59 198
99 943
364 228
442 780
232 888
356 713
451 644
349 491
290 646
490 875
242 922
32 733
406 526
127 954
283 45
330 374
273 925
3 146
204 977
100 259
244 983
412 305
111 442
63 89
476 937
419 124
383 127
314 694
468 993
222 31
49 275
123 453
135 563
279 376
456 396
35 141
180 517
342 428
408 328
16 738
57 139
201 568
55 634
44 906
168 467
402 560
417 376
281 472
255 25
355 170
395 735
271 443
473 626
155 139
54 684
139 431
254 404
396 607
99 853
339 913
466 116
16 132
61 101
342 350
80 358
31 895
149 874
277 692
372 695
435 92
304 152
389 774
419 533
309 642
454 558
251 867
389 716
37 604
438 472
283 559
126 34
160 767
438 843
10 560
279 723
335 681
337 164
302 689
170 12
270 895
390 519
61 745
85 484
459 62
241 891
146 180
118 261
223 331
235 900
252 639
212 94
427 258
127 942
71 607
324 51
368 969
475 736
244 466
54 546
282 692
210 237
45 484
314 312
167 841
465 700
371 370
134 152
93 813
326 968
194 377
410 346
58 29
370 31
206 814
375 560
493 581
247 487
222 639
299 425
190 531
150 715
226 823
137 890
113 924
114 953
467 221
382 647
201 84
433 38
325 622
431 518
173 121
449 183
309 365
274 563
32 792
120 385
56 120
282 179
71 46
28 385
12 621
332 908
432 295
483 436
447 832
12 394
280 225
309 479
470 62
290 451
97 881
174 959
43 957
434 875
473 163
421 305
473 272
440 728
256 429
87 794
131 974
103 950
80 620
190 783
468 731
366 450
276 12
69 580
351 428
131 602
180 404
347 976
266 63
476 59
210 134
428 526
390 127
100 321
28 306
167 237
71 755
83 665
82 771
187 648
93 951
321 145
386 127
193 702
450 296
70 469
324 587
29 642
168 156
287 211
171 155
207 923
416 358
355 967
105 461
373 956
74 453
405 847
208 310
313 475
377 261
278 119
152 851
421 613
156 475
179 997
407 688
381 688
326 453
327 653
340 475
471 463
98 79
432 948
479 200
49 160
107 221
351 104
341 118
85 560
317 646
47 877
173 704
269 564
9 519
400 321
217 980
319 601
411 179
286 273
279 318
281 628
277 665
120 616
122 612
5 1
99 261
416 541
417 755
11 399
165 420
406 573
126 655
322 642
338 963
297 284
408 271
207 999
302 823
405 480
339 982
63 490
78 670
426 549
201 865
66 858
149 260
135 728
494 223
443 586
424 534
336 119
406 611
321 833
376 865
44 958
378 842
112 690
446 499
63 179
184 819
13 148
310 807
41 611
472 233
154 450
297 164
333 129
28 378
156 162
315 198
320 356
66 802
138 474
474 139
63 441
165 704
424 813
16 14
161 580
313 311
483 865
171 110
240 219
5 260
352 363
70 551
16 106
305 206
380 248
337 142
271 542
108 96
317 341
221 88
322 885
193 264
129 271
83 459
165 843
436 642
396 891
480 986
270 6
416 68
175 102
467 116
226 490
439 963
19 813
334 469
332 349
200 940
405 645
12 827
468 371
1 299
232 547
405 529
427 746
450 686
343 883
171 70
272 854
191 98
439 844
105 366
194 236
352 755
282 594
190 222
253 434
334 639
210 553
210 139
11 285
305 795
102 312
303 995
104 489
349 932
401 50
348 450
251 451
4 838
477 894
381 949
265 433
142 447
32 639
381 217
324 511
425 875
464 787
491 363
266 419
325 697
417 40
49 449
227 705
313 804
435 81
102 638
7 462
145 33
366 412
202 185
231 608
77 527
242 606
377 295
142 300
415 265
132 140
410 19
116 846
425 61
407 675
136 708
423 379
378 959
364 384
242 677
85 217
12 438
299 624
337 165
155 780
380 829
369 824
305 360
406 978
155 913
31 381
153 532
13 415
443 273
285 76
240 532
268 145
362 808
26 762
53 639
294 324
389 716
386 803
177 529
192 230
197 697
124 326
249 263
428 235
41 45
263 967
263 351
126 16
1 245
45 402
38 252
92 43
437 54
291 686
482 757
153 857
357 188
116 894
451 926
268 309
333 421
164 505
309 476
224 103
276 190
360 386
70 949
482 449
123 51
461 343
425 556
406 283
33 346
487 390
266 608
66 207
198 192
337 506
302 837
307 796
462 697
94 817
460 705
125 127
470 388
358 792
205 207
151 948
111 563
152 845
174 134
447 16
421 414
187 267
120 505
361 201
427 168
253 56
152 511
68 300
213 239
163 241
268 133
292 693
367 536
324 674
271 534
73 905
123 616
268 34
456 337
86 238
357 459
74 133
292 666
401 72
344 726
485 488
18 94
196 724
214 72
173 408
184 834
306 57
224 476
411 177
29 195
119 489
345 240
28 514
472 479
339 475
298 225
4 223
218 866
353 116
412 139
467 4
94 457
163 703
103 716
209 704
185 65
319 660
248 897
435 78
126 200
184 510
281 790
428 829
297 449
448 874
201 946
7 152
91 115
337 246
33 455
2 93
226 394
440 70
360 413
181 186
132 44
468 727
327 487
248 970
407 788
381 279
458 115
296 795
25 225
306 755
274 862
204 914
127 783
464 895
493 220
24 836
309 3
58 336
335 147
291 646
208 386
412 60
426 944
32 933
107 634
8 800
226 864
199 894
33 974
266 559
26 351
479 102
481 317
393 305
218 507
387 178
462 12
391 936
45 608
70 847
426 982
222 715
466 965
294 497
480 465
357 31
161 13
121 703
189 19
401 648
344 349
276 165
196 768
456 260
152 740
292 775
160 637
476 847
60 517
150 772
369 671
489 902
172 6
449 928
381 660
385 959
91 131
235 47
481 512
63 198
241 58
462 127
173 384
208 521
360 488
189 854
34 689
260 916
43 746
115 623
379 32
155 549
438 788
481 616
470 299
79 528
412 212
469 415
26 662
268 947
114 263
476 751
141 613
141 394
2 249
187 854
391 784
397 258
340 265
454 281
13 105
280 169
89 609
454 69
398 671
156 588
192 305
197 23
47 413
309 302
323 356
442 700
319 642
449 711
101 296
234 705
128 891
91 842
26 362
481 163
175 635
176 348
422 886
260 383
43 249
218 266
199 114
146 833
185 8
147 435
335 899
258 560
88 671
476 49
115 126
264 128
27 634
359 19
305 623
145 373
60 575
214 230
399 36
390 846
102 17
95 998
283 393
295 319
75 663
243 352
187 4
23 20
135 77
418 26
143 410
238 108
239 489
364 248
19 520
477 18
490 294
240 968
160 307
473 108
148 667
136 542
488 823
158 896
210 19
417 32
201 409
49 153
275 437
35 650
317 984
357 349
432 758
50 785
50 847
322 201
90 801
221 723
44 348
433 850
360 581
178 869
354 972
369 341
263 358
35 779
106 811
44 303
118 497
33 402
455 327
445 221
299 803
208 792
58 861
281 852
149 513
84 273
122 833
198 553
461 145
408 75
447 57
186 417
238 879
322 946
250 154
117 521
139 112
472 228
143 281
328 774
64 65
419 781
111 778
469 196
472 576
137 66
172 411
298 450
116 360
34 481
300 864
400 707
219 928
339 311
343 88
210 598
56 996
88 576
387 894
170 191
402 913
227 457
55 584
79 434
428 301
281 696
155 634
398 277
131 492
76 817
31 346
72 534
259 618
258 354
383 645
139 616
451 655
342 599
445 920
312 521
196 269
348 598
146 335
366 407
338 922
490 539
344 648
207 69
391 300
421 363
144 680
180 169
426 919
122 124
190 403
371 80
39 520
377 339
361 927
475 287
49 844
247 852
6 641
255 691
299 113
155 260
14 621
287 249
338 907
374 385
451 561
250 30
287 6
340 103
364 298
241 631
239 762
279 956
139 597
280 505
376 985
357 516
430 262
420 32
159 177
311 812
9 691
274 843
319 216
28 386
460 625
216 934
369 346
480 723
193 772
163 133
280 956
106 635
295 618
416 543
440 356
33 407
476 136
123 639
447 949
246 973
234 603
465 204
398 902
141 810
29 495
329 457
459 11
302 905
27 570
173 973
351 321
88 634
102 625
56 307
229 317
75 999
470 616
315 393
35 509
327 95
24 981
444 780
318 109
223 751
176 573
409 98
174 306
451 419
74 636
424 942
143 833
105 913
248 304
148 998
58 319
138 677
160 894
416 319
144 506
70 372
93 779
53 246
200 309
13 948
53 475
445 344
463 679
326 337
453 548
160 210
247 429
493 257
366 18
276 89
213 754
337 712
456 940
392 866
338 965
66 716
333 789
297 377
301 369
346 289
414 115
28 453
225 485
367 876
296 898
101 690
213 814
140 643
55 304
402 164
117 279
211 483
256 882
130 450
36 815
6 40
349 501
402 943
180 593
258 495
308 461
155 10
381 764
453 526
144 680
258 678
202 469
246 161
299 483
231 922
154 671
43 214
170 26
167 633
113 185
312 705
317 171
169 169
62 694
236 112
237 379
153 984
250 365
335 863
77 358
183 201
104 795
231 940
110 387
488 18
105 619
469 211
432 437
459 488
420 836
183 537
82 521
143 944
386 442
65 580
146 822
387 711
312 138
443 8
186 143
225 530
196 489
174 91
378 697
85 150
489 676
135 994
18 635
488 752
424 833
435 648
240 720
325 477
438 524
27 332
461 614
188 242
134 706
340 691
325 449
82 339
342 408
307 609
185 95
488 615
469 196
359 188
420 925
315 594
310 217
353 896
446 120
175 544
448 294
485 290
243 788
235 272
452 391
163 432
388 783
88 349
183 937
399 486
228 158
10 678
382 970
206 42
188 302
28 30
202 462
110 89
226 683
80 644
177 98
435 734
184 419
163 523
138 483
412 600
233 194
98 113
448 494
345 84
460 110
77 651
370 584
412 862
341 260
119 831
1 231
318 892
119 505
285 608
183 823
145 26
102 265
434 4
411 757
75 733
26 739
50 992
408 222
109 907
159 825
368 209
275 368
346 712
459 531
451 172
25 439
106 682
10 36
71 510
365 96
379 69
257 682
440 420
116 48
481 287
56 321
235 666
194 388
332 404
358 960
165 159
42 82
325 746
382 506
301 831
227 253
342 397
173 372
432 998
274 916
73 586
17 981
36 595
80 187
259 503
405 216
381 50
329 792
49 593
231 883
440 391
291 646
485 788
396 866
268 169
453 220
145 101
412 836
308 835
269 846
59 202
303 603
229 779
100 185
105 15
102 335
467 199
115 266
250 794
223 907
460 946
262 655
433 791
361 429
375 42
120 580
102 675
193 18
115 652
387 230
379 684
343 551
208 46
159 794
390 111
49 552
71 155
489 301
427 800
382 147
337 481
270 981
173 180
301 860
483 861
287 814
125 17
190 993
275 212
409 13
391 787
140 775
380 907
202 615
479 1000
97 627
157 719
383 913
95 204
201 545
18 60
317 513
230 509
246 263
124 57
119 626
95 775
144 402
135 266
24 715
121 944
340 711
486 964
173 313
428 764
404 522
398 267
199 375
457 440
272 745
267 774
80 204
327 114
48 944
454 144
107 51
486 359
404 998
226 448
27 91
374 946
82 6
458 729
461 9
486 51
272 781
204 482
296 640
486 76
337 890
446 702
408 511
464 29
191 640
471 291
414 746
26 224
346 213
88 231
195 86
411 308
78 117
446 357
316 536
258 246
243 830
184 227
150 613
314 10
313 101
344 630
144 555
68 749
40 511
398 523
355 326
213 445
269 32
191 671
268 947
474 127
152 118
410 567
165 735
132 55
223 734
58 232
75 167
458 634
306 980
245 983
301 945
395 126
471 310
340 185
418 785
2 999
383 193
418 834
189 612
222 946
426 10
457 401
278 87
38 398
266 485
268 602
462 472
47 581
447 288
258 850
394 722
456 830
207 896
317 533
291 844
246 621
28 393
264 410
376 146
454 984
404 593
268 548
446 826
421 36
114 765
455 698
200 351
428 109
210 217
282 895
285 624
254 112
392 43
97 657
175 633
328 235
228 432
177 678
211 439
438 730
32 317
49 449
334 327
20 122
436 390
351 32
371 142
416 129
32 185
292 864
105 986
165 316
291 619
1 503
422 159
373 783
247 496
389 320
35 2
80 215
254 774
386 201
373 560
395 66
490 74
462 383
1 39
348 917
483 192
462 735
4 291
314 387
326 103
491 758
209 465
365 620
111 785
174 376
259 510
475 634
450 70
294 540
334 535
369 780
139 481
303 558
117 306
441 135
12 96
357 587
401 682
215 47
93 56
307 287
479 774
189 690
70 493
380 481
104 554
490 116
74 486
17 572
246 172
93 26
313 637
313 607
167 687
154 138
117 482
296 685
282 850
460 752
236 328
86 469
225 761
296 154
258 293
208 162
411 169
355 572
11 598
399 515
199 503
81 20
27 375
282 915
114 585
394 254
3 614
251 728
122 227
309 896
435 128
241 335
398 842
463 182
237 945
101 365
123 43
167 629
61 743
471 592
230 515
331 635
67 871
282 803
120 544
384 453
390 398
53 580
486 750
213 910
102 784
450 832
221 506
26 382
456 755
165 651
427 569
411 823
412 748
374 788
169 664
60 905
299 87
80 863
454 605
481 126
294 538
348 921
117 236
11 342
111 938
25 143
469 138
387 563
63 339
466 805
117 852
359 924
222 395
54 586
2 255
213 950
197 367
258 370
478 641
466 237
432 724
476 577
350 622
248 110
325 598
477 574
435 947
377 959
193 203
447 676
476 669
331 812
316 856
61 745
466 801
59 211
351 553
170 771
373 885
232 432
344 868
482 109
162 309
351 617
72 958
156 805
166 454
129 746
105 468
307 257
84 101
401 224
329 258
125 316
319 23
390 289
265 702
11 428
12 978
84 410
461 820
64 686
400 330
490 863
465 875
188 15
40 396
211 437
443 574
22 588
4 565
307 514
11 370
123 882
283 826
46 466
135 110
475 670
436 185
103 363
299 181
15 701
300 630
414 881
69 421
418 891
194 510
231 666
154 682
454 831
242 518
265 938
356 723
114 565
403 276
84 750
398 571
54 681
254 707
324 172
341 455
127 650
414 66
210 153
262 957
94 604
254 429
430 377
43 923
319 227
329 938
303 665
231 107
81 781
160 276
319 239
186 693
463 648
460 738
334 871
305 804
138 151
9 584
293 263
25 790
58 913
392 667
257 3
493 223
220 809
414 680
11 209
425 206
95 437
426 629
132 973
182 142
455 154
271 901
96 636
446 68
207 485
75 943
389 884
49 271
25 691
197 335
255 330
107 706
380 282
192 475
407 722
42 314
7 780
293 550
171 785
366 990
96 169
177 183
45 549
95 273
126 165
3 578
348 762
155 897
404 197
428 332
185 142
481 219
432 702
412 210
124 37
361 339
225 869
2 922
162 956
99 295
410 798
405 567
154 225
172 196
97 992
28 696
123 737
224 886
477 975
154 617
225 896
276 355
367 279
488 864
340 755
344 664
277 783
53 296
58 640
201 817
22 954
341 840
52 732
141 781
297 679
447 132
253 642
154 207
108 81
70 513
333 810
153 684
222 950
259 333
102 646
88 403
340 492
129 755
448 101
372 703
398 718
244 890
491 556
359 789
53 794
179 662
386 527
28 836
232 229
1 492
448 780
392 791
17 420
37 961
25 958
374 148
479 276
66 819
237 893
30 831
188 762
389 526
20 660
181 599
39 619
73 535
263 184
327 823
443 156
58 379
221 463
192 380
60 306
7 991
451 893
14 717
329 42
333 729
481 328
481 301
33 673
139 445
98 644
9 97
143 507
434 840
419 222
9 904
371 311
139 607
318 332
135 997
401 985
477 471
213 203
88 542
325 245
68 542
306 591
125 263
120 658
465 48
288 293
63 423
143 795
101 778
348 43
411 513
467 207
421 681
145 309
279 458
109 833
278 674
146 481
294 649
440 984
114 347
141 403
370 441
39 335
182 936
130 105
425 768
404 404
402 782
182 495
299 770
365 540
265 146
451 171
150 237
225 605
240 969
242 905
104 758
457 906
472 345
23 886
267 938
456 945
91 854
146 120
64 541
463 399
206 957
212 899
135 493
372 545
83 651
9 165
318 175
65 212
471 134
181 211
111 319
25 797
283 329
277 1000
64 964
265 176
304 179
55 675
80 624
297 540
353 880
395 617
95 667
291 941
102 861
184 126
389 248
431 224
18 784
484 792
292 237
73 713
115 893
325 795
218 255
307 543
134 608
188 788
349 786
323 277
368 216
149 169
17 828
133 178
262 730
264 726
125 266
112 49
384 33
416 953
75 800
97 753
413 132
363 942
121 604
477 181
447 903
399 323
275 995
110 347
201 87
455 124
127 226
148 745
298 825
366 519
347 453
185 130
407 859
146 528
461 82
258 852
203 96
274 381
104 670
292 876
150 775
283 682
338 341
20 983
285 724
248 596
407 165
115 418
429 941
245 57
387 51
2 882
401 317
82 629
398 84
44 508
472 987
349 254
129 916
423 373
333 675
57 976
140 985
228 58
481 386
468 745
411 591
341 728
262 693
8 541
198 517
493 516
209 82
182 874
335 318
451 322
442 908
221 932
134 591
467 913
85 234
235 824
15 943
102 549
166 665
374 172
195 449
333 194
165 316
480 477
110 291
208 871
339 161
349 503
193 297
101 655
272 422
118 991
195 105
442 817
455 279
162 235
187 984
364 680
359 129
7 879
406 275
475 682
259 226
127 441
128 430
485 277
434 557
188 341
200 519
305 612
204 209
442 784
352 683
204 669
6 490
486 776
188 606
178 309
134 173
57 554
150 879
334 745
406 423
147 530
32 136
193 678
326 294
18 765
452 345
148 57
72 726
430 329
211 541
177 455
85 220
211 746
451 794
167 725
307 117
96 326
235 213
171 352
447 166
454 673
296 666
199 341
206 29
477 953
363 991
14 897
321 774
41 66
442 937
204 376
17 870
159 874
374 644
328 681
335 418
209 85
297 703
199 640
302 671
97 520
38 556
413 993
110 403
441 753
305 931
489 411
60 762
448 525
136 839
160 425
127 833
80 831
194 822
253 378
52 581
349 295
449 597
492 25
288 923
340 95
452 584
493 948
135 497
437 15
293 638
33 993
62 643
309 697
75 977
257 179
75 270
54 140
16 273
260 800
159 855
102 157
364 601
421 813
195 731
188 680
136 399
432 687
454 424
466 850
288 600
291 644
170 666
174 961
207 104
365 415
212 54
159 322
96 453
473 358
434 377
457 585
243 164
226 941
21 81
32 371
258 785
459 43
278 41
37 638
186 346
98 404
436 568
364 478
194 396
447 221
140 274
339 728
336 19
349 571
318 188
441 522
71 774
425 242
337 724
184 865
181 312
344 585
1 278
314 33
386 118
260 556
209 86
488 719
257 791
260 655
172 828
266 465
422 550
109 585
389 90
28 524
308 496
233 637
286 710
485 44
123 100
337 50
412 718
221 462
332 477
437 171
23 990
488 680
373 817
108 454
462 99
239 150
154 516
283 377
394 818
464 885
378 229
222 39
478 105
361 387
255 87
412 390
185 867
55 885
152 535
444 363
67 839
257 791
424 516
459 731
303 993
11 822
113 273
269 851
170 743
388 328
7 276
306 704
181 884
13 538
263 297
267 535
387 351
243 103
356 70
289 629
87 260
20 231
396 784
493 391
378 512
314 948
104 300
388 850
228 344
271 805
244 374
82 698
48 538
276 823
142 628
41 814
384 706
326 14
11 419
111 90
494 612
41 120
116 711
96 642
380 408
478 921
293 846
254 717
158 728
104 790
227 317
79 30
191 866
332 469
486 321
111 52
321 900
414 650
418 662
340 730
375 130
320 979
107 938
137 367
190 809
239 132
280 601
241 558
357 535
95 491
359 418
285 629
485 63
354 924
155 64
204 650
314 744
381 981
152 545
246 272
181 798
54 610
439 841
77 245
290 230
483 840
50 662
402 422
413 477
373 861
265 477
370 472
24 849
40 334
251 930
484 272
313 886
408 478
264 220
232 195
233 185
76 525
26 862
268 222
412 23
478 381
167 709
136 590
341 453
281 366
199 648
37 192
71 353
321 994
336 938
118 464
19 295
152 416
218 465
276 405
52 636
470 261
10 537
7 179
117 741
422 621
374 136
461 462
49 959
38 734
397 163
258 685
328 592
72 444
266 863
233 204
35 60
491 684
168 160
35 15
87 304
475 140
362 388
122 213
331 753
101 184
270 152
319 217
440 196
437 350
225 840
355 337
342 927
265 114
121 410
32 323
467 510
306 450
411 371
123 778
442 590
142 770
124 79
489 20
209 436
235 143
179 949
318 526
9 70
78 919
437 192
229 725
486 495
105 111
246 445
291 638
479 38
144 419
171 794
192 438
302 503
133 920
396 292
451 722
155 271
123 532
93 960
191 247
307 404
455 323
490 379
414 354
255 137
410 467
443 417
123 176
332 981
129 936
473 616
199 638
453 4
75 616
172 172
156 793
452 812
119 551
308 163
399 173
115 208
290 2
113 706
154 473
97 31
451 183
15 942
94 888
144 317
250 211
180 739
494 425
15 279
149 762
290 911
239 816
424 730
278 753
128 839
240 433
454 235
284 262
90 919
314 834
353 672
35 957
124 726
384 897
307 437
311 388
138 903
69 201
327 775
203 335
320 743
348 608
198 891
249 844
46 492
90 876
205 351
79 831
24 67
393 360
251 478
162 453
277 625
456 418
152 775
118 628
217 890
131 31
245 158
465 289
78 708
413 700
455 817
326 152
434 940
121 254
445 115
116 158
149 23
261 130
266 219
291 225
390 873
482 141
351 29
489 645
163 232
111 924
391 926
224 648
309 152
233 467
137 675
450 262
173 744
358 9
315 890
424 20
36 979
156 74
310 511
20 728
327 422
278 643
221 423
16 743
168 288
351 576
210 255
89 509
170 508
4 640
87 476
164 967
89 640
239 470
79 356
241 595
434 864
3 273
448 146
434 278
390 618
391 244
119 557
71 595
490 771
303 22
441 425
220 194
455 384
154 898
51 980
6 613
111 949
187 686
236 57
50 219
445 8
364 551
202 583
230 105
33 606
428 195
94 730
60 803
43 668
186 669
68 63
372 583
197 494
346 699
174 948
58 864
25 962
161 498
251 716
315 222
359 332
39 719
98 150
198 940
33 906
321 671
183 110
445 191
56 585
298 695
109 809
32 509
428 6
420 60
75 972
39 762
75 933
86 594
306 989
361 252
154 644
7 1000
397 88
229 735
428 992
188 162
437 146
202 288
407 758
493 45
155 56
458 701
178 418
229 157
76 327
464 795
459 698
89 65
482 549
209 294
420 514
387 804
28 526
445 155
383 881
129 621
367 591
212 472
258 57
312 431
128 861
309 65
205 90
49 945
346 221
230 108
279 864
449 822
343 981
265 325
248 695
223 900
403 913
398 114
4 516
431 9
161 686
494 927
155 990
202 144
55 689
108 538
55 776
248 223
250 328
21 87
439 88
96 499
70 606
406 771
279 971
371 641
296 178
54 596
282 53
349 942
364 584
24 78
125 708
13 111
129 757
485 143
248 949
305 401
93 135
58 539
149 812
100 961
183 241
230 536
455 815
447 756
294 66
214 186
99 515
153 847
192 366
113 847
5 253
1 678
90 139
374 139
124 297
454 256
378 516
214 220
486 893
133 545
347 984
318 54
359 405
206 13
315 659
367 798
102 968
223 363
57 250
60 418
301 785
434 286
203 818
338 78
415 614
232 213
212 544
478 80
326 867
202 603
304 754
5 308
465 22
333 359
429 900
30 752
460 556
163 228
398 659
171 800
129 466
207 112
4 36
360 82
413 276
468 552
94 101
401 794
244 928
304 946
343 674
453 246
369 499
195 585
109 815
458 746
55 929
22 867
291 892
180 443
14 736
253 357
86 371
84 551
168 77
408 716
55 322
320 514
46 260
111 741
407 279
407 178
421 403
193 285
31 542
107 35
475 903
333 864
366 532
292 195
201 981
165 885
233 198
81 574
67 329
12 584
218 314
310 442
387 105
63 590
300 684
409 859
131 818
442 379
116 849
320 310
317 984
146 534
492 286
116 785
390 385
60 403
34 552
460 929
90 298
358 790
185 637
312 394
255 296
153 30
1 824
25 865
137 679
432 62
11 128
30 876
212 541
209 100
18 321
310 263
122 191
301 998
363 473
383 72
287 921
160 63
17 459
23 35
346 417
35 821
66 350
407 813
461 76
15 301
223 206
443 508
198 606
455 501
374 448
135 125
213 589
342 288
121 154
182 716
24 86
117 132
235 735
474 30
342 686
71 942
307 814
348 697
93 761
418 387
63 851
60 753
47 813
314 368
402 179
388 612
144 207
437 465
147 820
438 694
370 187
378 725
279 129
370 781
293 591
394 528
385 177
97 61
371 680
170 455
36 272
92 556
110 938
476 294
167 859
337 22
165 939
52 212
347 832
48 520
84 56
223 837
206 106
218 880
139 670
472 29
127 8
355 267
470 969
246 459
197 54
285 772
433 151
352 906
99 945
148 507
417 437
174 921
474 7
91 514
9 503
118 635
458 403
251 137
108 483
70 950
455 788
285 322
354 862
110 655
484 382
150 828
297 669
396 396
219 910
233 556
290 348
122 232
169 610
353 38
440 825
212 921
292 973
56 807
7 48
438 948
143 894
157 461
294 768
184 446
154 249
187 141
35 820
60 260
352 531
96 619
238 881
54 515
47 354
186 644
35 102
124 640
280 914
410 782
488 478
302 376
60 583
210 541
224 119
202 911
129 136
484 998
5 541
211 156
64 954
487 151
128 510
214 275
273 16
383 605
88 631
152 537
327 769
456 596
304 957
383 786
414 785
261 105
309 500
258 301
375 101
266 674
289 658
382 813
72 978
16 452
295 388
121 817
346 230
311 595
5 519
6 508
241 676
131 900
244 711
353 484
363 627
207 277
239 386
101 231
411 951
228 250
31 396
469 40
120 37
363 984
133 283
267 605
391 187
323 813
91 652
312 99
31 869
294 118
48 868
365 968
378 152
164 519
132 288
107 783
249 761
191 309
479 100
52 982
204 789
28 582
251 197
178 354
344 305
467 511
52 554
175 376
318 515
88 51
283 846
280 828
171 135
118 482
72 479
136 789
281 394
386 806
26 258
454 247
229 298
6 214
316 219
293 543
473 282
341 647
148 616
332 538
342 737
170 829
416 918
86 188
417 331
446 622
139 257
211 692
161 949
83 846
222 487
83 437
311 676
265 114
340 149
417 862
479 526
268 448
263 327
314 106
8 358
189 348
391 452
49 232
379 483
333 476
240 591
423 635
215 218
370 388
100 301
223 842
13 478
172 818
420 92
46 848
258 773
453 482
374 410
372 947
21 69
345 234
102 801
459 128
350 538
489 462
195 745
255 388
320 449
66 235
402 613
27 285
206 688
492 71
124 195
482 382
471 474
117 239
66 775
19 509
330 446
155 158
128 79
442 535
63 152
115 548
117 768
354 440
345 997
337 123
341 215
272 591
454 475
183 723
130 944
270 816
167 637
292 806
438 218
151 632
347 498
222 315
45 775
477 404
331 854
202 199
340 407
71 312
443 694
48 782
489 949
148 675
250 720
94 990
418 535
138 305
38 343
416 874
119 497
38 494
276 938
281 826
168 178
43 921
414 5
4 913
113 853
181 909
324 629
60 748
480 823
353 456
128 112
418 697
4 351
372 888
97 497
290 916
293 840
66 152
393 743
432 651
15 632
382 886
183 278
141 378
2 251
217 192
131 235
91 54
350 495
168 977
38 596
31 597
132 401
133 591
205 684
127 876
152 734
234 423
76 954
57 79
69 506
182 870
384 746
302 531
27 475
28 793
339 850
52 838
39 798
259 309
155 261
233 236
364 127
85 199
303 626
360 211
372 900
67 51
312 324
263 983
422 722
460 440
86 955
316 102
74 718
72 850
171 601
20 372
439 596
160 318
324 644
405 710
21 250
435 376
73 666
173 746
86 829
355 39
125 495
325 709
176 521
294 871
15 360
407 147
69 44
384 476
246 738
413 873
98 931
170 876
282 267
164 805
73 122
409 85
250 262
428 971
30 719
360 698
362 322
387 329
479 159
453 914
94 179
298 331
332 919
318 216
39 447
492 279
142 803
453 882
176 777
265 481
133 505
119 853
119 360
236 102
488 350
249 662
163 160
352 860
103 174
279 714
98 886
160 296
129 23
212 430
379 255
262 806
263 694
185 783
256 441
322 939
43 831
254 842
207 791
302 125
280 665
240 396
213 8
51 624
488 695
308 922
276 760
5 114
50 774
93 705
179 309
444 807
298 772
395 598
488 122
289 676
494 782
440 941
18 646
93 847
448 985
169 213
412 693
296 933
364 562
251 378
27 604
422 898
261 589
341 760
426 664
153 891
131 287
366 118
53 671
337 934
392 559
256 639
425 245
201 840
146 304
373 826
143 822
384 548
157 256
394 650
210 610
104 138
247 44
488 973
329 859
179 868
416 80
120 889
415 200
395 921
475 794
436 657
211 836
142 254
404 943
115 491
101 286
167 47
13 667
122 508
432 986
195 914
176 740
345 249
447 702
170 442
139 631
405 183
469 733
146 999
79 297
422 227
257 814
449 52
214 974
181 762
15 509
421 710
259 940
265 473
466 391
223 203
161 176
426 701
224 290
462 343
130 398
195 403
44 937
376 536
266 172
393 480
324 923
423 170
250 311
35 672
158 724
190 178
115 835
213 858
167 697
259 430
202 983
458 74
357 584
280 675
61 581
411 532
241 132
485 325
363 269
106 575
75 508
455 545
385 218
328 774
244 684
358 789
338 122
11 952
249 209
168 821
348 914
490 120
168 689
410 47
348 294
138 773
271 535
416 319
221 628
347 386
111 266
329 587
119 17
266 629
492 838
305 343
490 250
258 787
235 904
344 97
33 931
303 33
79 262
75 965
241 106
454 301
9 211
420 400
340 851
444 914
261 926
97 864
53 709
181 966
468 67
173 169
152 515
212 998
272 152
320 345
237 922
36 471
177 680
262 4
290 41
213 341
316 602
32 800
55 547
169 863
106 394
162 465
249 806
150 353
431 533
116 757
110 806
13 344
155 120
429 216
367 146
306 233
491 904
303 584
43 149
269 736
105 947
282 633
357 404
11 380
26 101
109 872
8 422
429 752
35 539
80 731
210 86
47 19
79 170
461 254
64 577
402 64
414 904
73 575
74 918
27 438
119 584
212 434
305 752
439 608
266 673
232 757
386 421
226 36
359 879
62 308
152 89
165 136
463 184
332 309
486 795
147 903
219 343
302 972
238 998
198 287
279 411
1 591
195 399
423 437
200 888
408 162
461 493
16 574
438 387
201 978
482 675
302 911
192 281
279 149
276 223
422 221
432 376
217 39
219 189
412 405
310 235
444 654
230 355
349 908
195 665
340 910
265 774
422 15
227 246
333 693
31 227
429 467
213 560
253 967
11 910
187 21
467 642
425 834
141 245
363 233
394 499
438 218
433 381
461 278
21 143
332 380
68 210
414 216
31 419
302 294
69 762
189 139
277 516
7 445
458 298
386 86
245 248
140 885
58 479
340 588
224 867
25 827
211 77
300 852
23 538
132 925
7 2
300 713
325 858
462 511
293 938
147 105
207 232
407 815
7 4
36 834
128 178
145 889
10 843
293 487
409 499
407 858
267 228
426 886
36 210
241 336
438 398
13 492
190 276
135 296
61 916
179 518
6 740
148 846
419 404
59 289
259 528
178 239
241 498
450 786
148 742
197 17
41 213
42 118
273 322
380 744
82 992
189 410
488 801
217 914
204 840
175 827
228 873
405 835
293 36
193 382
287 637
176 169
347 831
482 592
472 132
316 992
194 870
189 13
159 570
391 294
447 616
134 84
453 668
12 119
32 464
119 409
424 136
253 400
67 236
138 160
327 129
158 623
444 993
217 928
450 406
232 681
145 995
354 972
72 651
229 697
364 320
271 563
442 733
102 7
191 188
34 552
228 666
349 333
229 382
154 441
182 989
66 251
200 385
38 612
191 29
470 875
202 395
386 316
287 918
475 372
459 272
174 55
135 813
417 499
305 230
149 674
184 144
291 324
246 682
12 690
365 603
293 268
311 393
308 29
446 618
9 729
488 111
370 318
256 716
55 416
194 954
40 755
359 862
4 189
440 719
92 56
297 451
49 805
205 970
17 220
435 58
421 814
179 386
8 971
58 751
169 524
91 401
473 914
366 895
394 956
83 527
107 94
481 703
197 212
134 935
367 643
112 492
489 137
190 415
380 296
309 764
473 223
117 172
339 977
385 579
494 747
257 130
74 514
391 718
211 683
144 447
163 290
190 658
257 940
23 928
5 172
248 61
412 842
164 409
43 47
206 2
384 578
439 969
90 278
238 752
99 777
164 682
22 23
156 27
236 702
41 164
53 175
287 361
109 363
443 394
402 852
100 517
148 327
88 546
62 905
271 958
60 951
457 489
188 132
95 968
35 215
228 499
109 234
84 728
91 100
6 830
403 920
301 203
475 724
430 303
455 155
204 535
188 244
473 523
252 208
322 135
138 479
345 342
184 948
325 458
144 853
329 710
259 140
388 844
165 384
229 775
162 517
163 467
452 175
321 56
336 755
28 322
251 223
101 260
66 581
370 824
134 484
29 912
239 487
116 649
343 180
95 187
387 5
191 306
3 771
430 344
18 934
258 984
311 694
54 933
423 645
165 57
311 131
93 638
435 745
429 185
133 790
37 9
461 693
439 485
81 773
78 419
102 1000
142 306
229 820
16 673
374 253
101 101
400 33
491 143
437 890
427 244
449 232
490 315
276 445
65 626
280 783
411 242
370 577
139 822
275 290
180 264
273 916
258 197
306 614
343 436
344 331
87 722
121 841
290 576
60 75
311 404
143 64
106 500
154 273
207 934
465 766
185 251
384 994
313 343
411 635
486 859
461 691
151 907
239 193
436 209
242 489
300 744
401 56
493 825
317 929
82 929
356 850
267 585
251 95
236 853
197 710
57 534
470 554
236 776
261 929
82 276
3 6
201 399
486 151
228 378
273 255
137 824
359 598
104 395
300 812
71 38
379 881
380 788
389 689
223 480
30 856
362 987
431 426
80 490
310 302
321 549
115 509
77 857
242 576
451 375
295 176
140 235
30 692
231 453
135 22
257 771
354 622
135 294
470 54
15 968
62 132
186 404
357 611
324 22
281 898
363 767
351 507
293 459
150 965
235 170
231 947
365 234
440 811
172 483
13 504
69 474
432 81
179 447
335 63
93 238
311 643
344 394
96 741
252 430
130 638
415 786
221 607
186 764
416 360
58 964
45 290
269 974
264 453
233 324
297 819
126 66
75 75
386 328
199 719
460 524
260 262
306 925
229 171
277 985
192 252
5 976
490 347
149 838
194 329
346 381
29 462
407 248
377 946
180 706
447 296
309 725
406 397
385 179
354 885
436 873
204 639
247 567
211 604
449 361
486 244
481 609
321 592
9 34
415 689
100 79
80 32
400 426
332 44
313 765
53 887
209 541
52 993
126 737
392 460
132 479
44 86
1 152
10 698
283 223
34 599
198 943
414 487
25 858
78 202
331 202
422 481
485 411
112 787
449 319
73 147
221 817
47 639
184 818
116 155
277 296
321 476
226 946
340 46
292 981
356 695
213 914
213 129
258 405
253 804
31 552
101 337
414 198
382 968
388 472
419 371
355 283
340 1
232 376
408 260
7 227
299 915
22 261
195 985
317 915
489 748
408 860
247 806
153 190
305 600
111 193
130 138
455 34
355 380
168 698
420 657
116 645
217 182
230 684
470 512
453 955
193 811
179 571
321 491
239 713
86 551
320 357
384 385
477 5
123 463
365 439
362 581
469 290
78 641
209 966
405 390
392 623
314 66
386 990
55 151
117 608
260 989
238 533
343 31
63 482
455 922
492 807
408 481
179 338
177 667
112 659
201 155
174 118
190 727
473 828
262 698
487 402
387 355
140 472
288 988
118 819
330 323
189 755
84 284
484 494
111 68
458 99
118 960
438 216
241 700
278 733
287 149
263 439
220 152
142 406
456 608
198 358
213 764
330 514
163 70
73 316
310 933
183 279
250 700
160 86
283 41
151 777
389 551
122 71
174 436
178 591
203 891
487 62
163 716
84 92
137 471
270 102
51 653
451 246
40 695
328 670
57 52
122 33
405 496
87 523
391 911
345 779
449 382
54 376
131 243
244 137
471 272
409 68
176 748
341 512
73 457
400 546
28 519
42 924
120 128
154 505
297 858
339 699
340 872
102 398
309 361
316 674
124 296
242 284
333 850
438 213
213 35
194 506
444 97
149 330
453 791
75 795
255 548
11 78
425 690
257 966
379 799
234 381
52 751
127 376
348 456
424 70
258 852
422 940
66 251
405 700
384 30
367 817
32 973
279 356
353 986
318 771
54 668
147 140
51 749
84 559
261 660
111 881
469 372
461 730
3 843
175 672
114 292
79 401
14 973
493 86
170 10
29 778
91 1000
21 783
446 115
162 33
402 168
358 585
143 52
468 659
219 891
152 208
265 513
175 165
271 29
435 298
313 545
140 133
204 76
281 44
295 840
139 222
454 380
158 947
64 850
43 919
172 338
242 939
257 846
85 492
356 940
227 706
136 599
174 322
350 206
338 485
22 476
466 391
393 646
359 449
150 584
190 815
110 200
42 370
57 778
180 286
105 50
215 190
205 125
286 868
435 480
460 25
31 791
73 507
291 200
313 17
204 445
46 105
386 430
406 883
436 237
269 100
40 288
164 92
200 106
468 440
179 946
85 752
194 442
174 82
69 369
373 173
493 778
149 751
403 27
406 256
404 887
218 749
151 572
462 574
321 294
242 136
453 994
16 715
137 196
395 692
32 657
276 293
101 493
188 729
91 367
424 192
75 784
345 889
126 360
388 467
230 753
274 106
222 346
264 969
1 501
212 42
200 433
292 279
30 120
286 389
291 442
410 604
202 329
17 656
67 611
409 371
348 780
346 305
452 545
443 506
442 837
335 835
166 992
146 853
17 491
69 573
56 877
488 698
410 545
483 915
119 190
361 974
403 725
470 266
147 463
347 670
335 829
213 695
148 838
452 486
375 876
103 872
430 751
403 692
195 192
85 737
323 879
118 549
42 942
349 783
190 140
395 438
461 236
140 111
364 931
408 675
32 173
15 310
463 936
135 682
70 951
23 218
443 648
295 799
27 431
417 574
104 873
58 176
324 618
119 441
405 367
187 410
490 709
367 464
492 448
6 498
237 788
294 494
311 792
494 532
102 894
394 562
253 973
90 462
174 183
14 671
490 571
176 317
14 308
247 404
231 792
103 182
338 233
329 894
214 168
335 909
286 701
47 328
343 400
257 24
252 204
173 577
40 462
435 27
387 114
303 924
146 423
309 541
420 62
12 832
94 366
84 945
12 355
395 138
135 99
246 988
28 672
82 445
361 792
248 37
13 72
309 464
179 909
236 959
142 9
37 598
154 204
121 992
103 96
342 318
178 164
155 844
460 555
153 205
287 826
52 153
54 797
73 214
456 754
61 404
226 668
289 496
265 273
144 146
165 141
106 55
242 517
65 287
372 421
92 992
348 579
44 969
403 633
100 200
393 695
401 69
378 534
3 500
119 742
22 103
252 249
376 826
109 566
47 517
478 31
54 982
467 203
32 348
5 748
222 837
293 66
36 169
128 775
155 724
414 161
291 472
210 868
225 641
160 165
204 431
202 831
177 327
195 90
180 275
358 455
182 109
276 509
116 992
94 216
323 423
295 548
94 156
386 974
13 507
260 380
445 476
231 880
358 196
256 537
181 996
46 841
347 385
479 728
57 866
460 215
350 246
163 814
108 235
183 192
197 32
463 794
171 868
291 495
313 956
20 246
426 881
330 946
467 263
56 945
204 856
325 278
99 447
246 192
95 702
425 352
477 768
199 847
299 415
461 326
242 719
42 795
232 561
258 179
338 673
201 642
136 777
369 221
236 236
226 625
177 323
331 945
183 316
159 923
101 790
198 355
92 622
391 224
330 900
455 186
349 983
160 738
241 365
308 66
135 596
354 280
400 524
410 296
475 947
228 743
383 711
288 633
436 999
247 219
45 923
470 241
63 951
207 810
118 108
379 735
131 863
380 24
487 265
192 294
341 653
370 402
474 36
63 917
51 820
301 326
20 101
126 975
96 435
96 200
219 471
117 499
341 390
344 910
19 232
433 564
277 930
459 556
469 285
86 729
377 308
155 840
61 322
322 997
144 666
444 54
2 181
42 270
365 96
18 220
174 115
171 929
330 555
296 814
250 56
493 403
92 944
195 361
299 82
355 818
307 20
165 547
392 646
378 809
285 781
224 889
243 721
303 518
332 103
284 814
155 623
392 254
406 495
185 850
482 758
128 357
292 74
130 247
14 915
158 130
442 53
124 997
111 538
236 233
83 742
73 910
251 313
23 71
332 128
325 49
224 165
39 849
312 50
21 459
37 386
91 451
115 297
455 352
134 870
322 324
476 152
329 814
220 198
112 655
305 118
377 56
152 959
474 315
352 278
245 462
477 821
383 556
402 735
198 19
66 726
234 886
116 854
181 476
183 967
241 863
77 462
396 799
149 588
356 77
112 206
89 600
406 91
26 963
399 642
241 749
126 841
400 431
131 615
434 434
59 123
427 174
35 42
466 20
185 509
442 734
486 784
282 889
134 661
487 338
461 567
104 990
378 423
494 152
291 819
18 511
340 650
344 117
176 337
271 577
276 73
126 78
361 982
305 834
104 345
197 784
481 591
90 710
424 217
244 448
427 226
351 331
68 684
177 242
74 307
428 597
271 56
30 549
225 607
141 474
133 577
294 501
351 115
179 30
340 758
340 647
408 965
78 534
204 953
107 631
441 584
58 112
215 346
343 892
145 227
454 393
475 300
445 689
431 434
446 637
372 941
198 245
254 243
48 193
493 970
494 427
267 657
177 547
312 696
106 746
254 523
69 671
251 411
122 157
312 125
452 299
378 17
339 219
124 452
415 43
225 110
276 463
255 101
192 461
138 745
201 191
424 709
55 373
147 357
35 856
111 226
255 816
459 775
83 519
138 376
481 348
20 894
210 273
50 892
437 414
404 853
158 339
387 500
178 42
199 545
355 226
16 979
161 253
13 401
331 875
188 24
71 909
295 896
10 19
102 591
222 214
125 692
230 967
462 77
282 318
419 642
41 124
185 791
127 929
161 766
337 199
395 731
58 844
139 350
139 132
86 636
371 701
221 855
188 954
440 417
31 233
63 261
444 293
117 198
162 532
144 670
369 905
374 737
244 867
242 871
264 621
475 581
408 556
48 540
2 644
123 641
242 108
405 628
313 21
425 897
272 934
478 66
394 595
258 930
163 514
324 243
244 388
29 161
97 450
45 254
206 430
157 340
206 957
140 446
341 812
357 511
181 128
391 344
437 516
237 567
440 687
76 323
396 387
100 977
219 567
343 242
327 6
192 474
197 726
474 603
141 234
83 136
460 169
23 10
335 844
341 863
120 4
100 798
163 497
378 68
164 148
196 41
198 382
275 308
142 903
91 939
177 984
342 244
409 913
61 471
272 276
212 794
479 776
433 12
395 543
68 506
356 424
111 140
347 453
169 777
284 246
140 983
28 973
225 324
28 80
74 560
94 227
339 912
136 787
490 749
263 139
473 11
456 299
76 810
172 692
57 865
441 773
460 142
38 929
156 95
73 695
137 852
245 641
221 986
285 653
25 465
94 79
71 415
425 117
111 388
190 602
407 364
97 251
295 640
353 765
59 269
410 701
272 51
270 86
488 87
454 135
118 897
58 546
465 567
157 503
9 376
249 94
11 474
64 113
132 909
358 296
401 942
31 682
447 461
68 891
118 79
490 208
231 740
221 149
466 442
95 111
405 880
168 147
274 476
159 677
17 358
54 874
325 467
91 510
129 722
67 910
420 850
128 528
474 410
374 582
432 264
357 455
465 827
124 990
464 257
179 473
334 714
155 235
17 10
159 210
200 3
194 370
235 457
446 656
319 76
269 967
469 513
327 815
423 994
423 705
408 409
217 996
403 569
389 715
305 685
291 557
199 335
354 116
351 987
256 278
378 241
431 367
329 678
424 301
20 339
249 451
285 557
471 494
414 131
307 851
488 660
451 303
116 30
83 221
309 968
11 740
370 977
391 255
413 822
71 115
287 904
479 420
79 468
63 632
101 41
350 10
285 333
290 121
369 537
249 334
147 888
20 698
434 940
342 749
128 841
109 576
158 200
394 612
282 406
96 409
137 970
172 248
2 874
282 361
168 366
86 94
185 156
373 966
332 299
433 963
384 432
62 708
493 540
416 604
291 179
156 833
398 462
122 926
233 378
190 873
33 279
407 886
128 635
492 914
338 292
27 568
234 385
126 312
427 778
139 955
474 635
412 680
494 654
138 882
405 837
237 32
214 100
157 828
445 981
142 661
359 249
137 325
287 798
425 379
461 804
398 177
308 935
66 47
484 888
490 374
362 964
241 31
412 35
446 874
117 770
24 399
346 98
243 256
143 47
304 309
214 737
168 758
378 694
176 61
329 326
475 602
369 598
244 124
45 222
11 639
261 707
262 496
341 941
265 563
422 170
234 670
253 545
17 435
93 752
40 810
239 199
128 612
491 91
193 865
8 268
380 59
424 719
90 905
460 340
134 333
114 65
161 30
211 77
363 959
420 318
486 94
1 556
139 542
120 939
99 773
490 749
435 383
271 366
151 217
330 806
68 687
262 323
279 182
113 700
399 594
410 255
382 18
454 595
468 975
380 615
320 641
421 634
228 962
170 344
294 416
437 563
48 463
493 32
101 565
401 350
486 645
134 11
131 357
94 62
212 687
136 726
126 323
331 209
169 572
382 542
181 975
492 772
19 919
221 192
450 147
316 547
414 438
398 946
65 743
379 476
340 631
163 296
246 749
4 652
404 21
283 119
14 52
282 608
183 854
209 940
442 177
404 612
79 215
122 372
133 736
163 446
285 741
151 613
432 614
239 802
182 941
171 91
322 377
181 119
90 52
420 331
282 414
187 560
422 951
331 850
281 401
23 235
276 203
484 806
108 951
349 604
225 701
393 754
280 358
187 705
62 250
146 557
124 762
82 767
98 295
363 211
19 592
38 154
342 177
239 569
84 774
279 1
192 636
48 965
318 97
269 103
140 671
153 99
364 933
380 257
1 934
75 295
363 615
370 790
152 301
449 120
472 109
161 273
349 475
424 547
166 340
444 863
209 107
321 835
248 295
447 879
173 708
320 183
205 654
308 580
134 721
168 875
100 499
137 28
178 984
360 252
35 454
120 643
408 694
171 567
312 137
119 544
475 481
392 410
81 931
306 478
367 580
146 776
311 121
14 306
314 293
356 872
208 127
291 363
429 73
240 14
296 362
117 100
342 45
157 64
372 88
342 819
377 734
424 497
246 422
44 348
390 705
286 640
251 359
100 357
62 107
452 953
39 459
274 467
78 641
106 729
438 404
273 27
146 912
287 93
365 745
120 513
281 172
465 771
436 583
192 619
432 468
450 134
315 170
308 54
91 692
431 317
480 536
170 902
459 24
127 493
38 125
304 337
15 271
170 201
375 678
433 188
113 460
159 767
88 153
383 812
394 350
402 517
35 538
226 509
177 112
64 311
66 351
479 341
364 297
257 754
32 548
7 584
178 500
299 396
293 231
294 117
73 743
445 312
227 828
37 207
376 400
327 157
211 817
82 995
32 306
308 447
161 834
327 664
320 995
318 851
67 828
46 841
151 664
50 222
236 229
289 884
368 982
247 14
110 345
152 557
390 378
467 823
134 382
41 723
477 113
50 710
276 817
239 265
257 80
483 152
340 709
438 532
282 764
364 882
272 186
74 491
269 266
430 290
2 338
403 537
351 166
184 972
203 132
341 667
21 575
171 293
154 389
201 624
83 129
272 618
333 89
115 331
375 656
71 656
96 158
51 602
188 571
39 277
380 495
43 938
87 166
97 925
17 220
349 679
27 893
338 741
453 936
301 487
443 126
67 626
304 560
391 271
425 63
437 729
343 202
172 59
473 587
25 32
17 410
288 953
421 912
229 3
129 270
35 142
254 972
364 199
220 482
19 654
215 82
181 177
10 763
356 120
77 272
345 430
205 575
331 854
261 651
115 252
386 411
492 384
471 648
172 911
425 435
344 425
377 284
320 28
47 380
20 247
229 588
124 928
302 252
6 383
355 565
34 761
494 703
230 414
31 572
408 274
316 603
341 328
467 246
44 674
206 572
362 130
247 576
484 909
300 744
31 627
430 422
157 16
145 555
395 854
119 487
267 585
405 698
122 961
371 135
411 716
50 875
24 929
170 82
14 677
131 307
176 842
95 943
259 324
166 198
282 666
491 177
199 11
207 289
337 958
240 351
69 272
103 578
265 738
59 300
353 89
481 445
427 541
170 351
262 842
149 216
341 681
344 971
31 888
480 927
397 782
244 870
37 264
67 376
382 535
372 486
71 408
13 447
476 602
463 54
152 515
462 921
88 436
362 956
369 776
166 628
493 769
78 149
490 203
341 653
35 847
295 62
304 522
174 223
170 75
278 180
430 384
203 594
207 354
422 972
89 628
378 961
229 480
61 451
164 946
406 905
210 411
391 510
447 959
362 800
469 335
475 89
17 560
294 162
478 219
226 627
238 267
173 372
489 978
37 160
426 548
294 556
400 41
317 685
230 783
202 319
245 543
250 446
407 876
407 577
87 263
212 514
435 885
15 575
48 351
86 452
77 313
392 727
330 811
159 483
441 763
413 469
63 441
74 738
248 722
467 911
479 582
492 856
66 242
356 90
206 431
474 40
141 153
4 113
100 88
481 736
396 58
425 203
382 183
421 517
427 252
3 61
278 489
150 821
153 251
83 971
338 346
132 699
148 716
426 610
28 481
202 541
287 213
164 680
90 752
435 888
57 457
321 722
223 247
292 297
444 911
111 260
405 33
129 261
442 83
311 419
300 172
235 281
488 546
345 605
342 189
277 770
376 713
241 422
255 72
125 940
475 470
414 316
355 499
398 310
266 213
224 827
92 139
246 532
492 987
54 288
188 221
368 75
184 29
364 865
200 965
157 911
98 752
346 963
274 993
239 119
211 74
124 402
262 789
483 102
89 871
249 619
198 103
424 795
74 236
262 396
174 204
98 1
26 798
306 609
161 449
366 343
87 466
123 744
456 155
395 992
282 182
390 773
430 798
107 178
431 654
48 14
103 783
215 259
281 159
121 543
69 757
186 286
407 998
247 614
149 579
333 729
64 185
339 199
330 879
222 969
363 299
489 871
448 6
443 315
375 971
35 588
374 500
295 612
402 901
438 882
40 863
285 641
439 350
58 575
94 596
334 215
156 844
239 639
64 479
4 947
111 410
72 528
296 734
82 626
332 895
453 830
201 174
305 97
341 135
410 815
287 956
457 636
45 360
102 255
165 716
199 546
60 509
309 68
484 916
118 607
45 309
233 634
227 88
438 615
227 836
15 918
91 951
255 313
485 599
427 966
154 604
473 48
114 147
461 870
61 341
129 867
67 197
256 812
116 318
402 837
440 827
200 876
44 285
241 125
440 329
63 292
226 183
156 14
417 420
192 472
47 433
77 374
401 313
178 606
38 807
466 26
70 694
261 410
61 703
226 224
158 191
204 202
293 285
296 859
10 616
66 178
448 416
430 369
188 9
394 615
156 11
227 855
177 876
224 199
177 364
114 962
376 367
80 710
173 743
161 151
422 920
484 98
131 882
393 499
28 771
95 351
219 954
439 306
484 757
493 179
470 756
396 443
15 987
430 490
313 684
322 602
341 499
263 850
264 1000
375 132
448 65
99 935
331 749
396 45
261 194
248 54
473 767
114 652
359 867
446 517
41 588
420 405
152 297
417 993
322 217
11 500
201 562
89 501
46 379
433 176
374 321
213 705
447 6
392 868
58 557
178 296
461 840
491 894
135 770
68 207
434 310
19 868
51 110
33 836
247 436
359 25
79 660
445 523
116 88
147 859
395 611
338 721
7 399
426 831
286 823
97 268
47 701
339 275
202 653
347 713
211 168
410 874
44 347
276 148
56 293
62 834
221 428
446 810
361 961
353 472
333 687
289 849
256 808
54 897
272 152
287 613
282 240
30 386
163 268
443 620
61 61
233 591
364 520
18 754
377 246
140 455
160 98
426 509
36 870
452 350
74 798
145 393
252 787
222 897
179 313
121 100
344 425
288 724
328 24
121 986
20 414
413 510
421 376
18 328
284 439
218 115
291 47
213 964
366 321
219 487
296 209
78 394
426 608
47 305
492 259
428 504
486 986
460 476
421 394
38 387
252 116
161 95
269 595
246 110
57 682
295 309
81 412
342 233
407 890
432 340
247 105
101 398
48 25
37 65
394 527
33 684
206 659
309 682
229 267
30 704
257 663
192 338
99 947
465 846
366 64
81 735
367 178
296 571
321 427
137 542
338 71
261 405
311 615
74 860
421 630
49 289
338 791
203 630
6 196
464 258
45 240
397 985
4 55
14 472
183 417
334 730
126 154
148 661
288 645
29 726
133 132
70 529
49 522
455 9
104 561
404 254
30 828
402 50
83 271
139 475
6 817
319 21
237 105
241 789
417 238
338 334
87 886
464 168
341 80
302 396
190 114
427 353
114 763
412 563
289 194
28 974
396 357
4 199
407 195
373 252
170 595
63 799
221 738
363 606
160 810
114 758
461 933
274 924
326 774
210 290
74 584
112 912
300 141
109 721
354 264
38 602
468 907
192 742
175 898
116 212
431 62
138 663
153 676
28 253
47 675
63 729
290 26
167 410
415 79
470 217
383 504
10 639
13 566
413 677
408 478
201 553
24 927
317 184
448 22
107 502
241 492
19 344
176 46
217 162
406 885
85 442
287 388
248 171
396 933
170 506
232 964
50 774
157 474
5 695
472 587
131 78
44 112
286 333
43 550
493 202
11 710
46 705
190 227
115 791
98 695
270 736
180 310
59 241
223 784
490 54
172 500
290 30
304 144
73 986
329 626
210 570
340 450
204 583
405 669
275 354
437 308
449 660
222 619
288 788
41 938
305 620
457 935
81 580
140 899
151 854
292 640
108 984
198 729
243 469
60 379
29 180
281 388
50 568
206 251
111 38
371 111
151 410
248 926
253 370
279 464
36 1
263 370
263 910
401 788
127 786
295 371
457 630
357 920
120 10
196 614
17 463
123 704
242 766
261 105
246 879
215 770
407 892
41 927
408 362
328 290
413 959
135 207
425 614
258 70
363 108
166 741
408 752
4 179
392 586
140 902
423 547
1 518
226 605
346 984
307 607
297 755
60 386
385 230
212 862
314 88
61 254
130 15
178 847
449 746
84 62
256 815
29 687
479 862
165 974
296 171
388 34
430 144
490 13
114 473
439 949
461 534
71 558
11 588
38 158
150 796
216 320
47 563
260 162
433 425
205 822
428 546
43 485
297 824
264 823
440 742
318 324
458 902
35 710
43 381
123 829
453 858
409 338
324 50
486 756
439 239
213 902
169 852
66 23
204 499
229 456
367 95
311 386
466 906
221 181
485 256
429 722
248 498
64 603
238 21
106 853
65 112
453 957
107 977
195 568
239 217
331 697
321 275
153 647
117 953
199 644
357 327
237 23
491 798
405 795
389 122
40 686
391 741
75 379
442 82
299 120
391 402
160 169
417 443
483 907
81 579
11 153
177 521
97 163
290 445
132 730
77 443
472 606
324 605
100 280
311 206
205 864
322 167
200 88
250 101
135 622
255 849
75 846
31 247
139 622
147 240
82 657
201 344
194 213
222 952
283 572
29 533
21 735
211 567
462 110
102 67
45 521
383 474
138 858
343 144
480 449
153 573
468 607
29 407
190 811
379 14
401 352
94 95
419 445
453 26
197 987
181 412
440 883
210 590
384 198
345 763
113 731
109 590
471 140
388 730
116 481
288 656
131 603
206 909
34 962
462 713
9 128
232 113
201 116
461 413
488 392
444 139
219 788
69 602
252 96
287 232
9 389
226 45
22 365
84 77
172 743
416 210
69 972
12 88
146 661
464 672
445 290
448 37
426 132
238 1
142 732
491 401
329 810
213 29
213 911
131 98
232 731
328 247
167 160
373 787
309 124
17 629
441 923
226 467
394 683
312 220
364 951
11 414
243 901
100 912
434 96
51 481
31 710
264 928
131 346
124 137
273 939
408 526
472 476
488 244
447 442
137 490
422 977
140 693
205 831
359 399
472 360
280 203
307 816
356 691
487 372
149 243
327 553
353 411
435 875
250 608
258 944
372 267
120 163
421 648
419 633
326 105
307 399
319 297
144 130
176 418
93 101
74 263
57 567
354 266
490 762
28 847
356 117
350 335
423 267
376 855
39 10
239 990
15 933
51 618
97 963
390 228
131 181
306 751
289 228
291 533
445 32
88 178
195 378
363 583
180 555
333 176
127 83
94 831
71 259
92 255
19 283
368 609
414 333
30 290
394 880
91 803
438 894
210 280
215 766
455 58
67 626
51 917
123 474
445 226
66 880
186 174
290 370
459 497
320 836
147 657
383 299
159 916
121 818
491 473
487 321
111 272
220 993
62 37
124 121
479 1
44 412
348 713
96 857
439 781
130 658
130 434
2 157
235 385
16 54
65 190
36 187
238 137
158 367
423 472
290 191
134 171
101 832
477 87
24 759
297 180
122 767
242 943
483 223
231 921
326 361
187 469
58 13
120 502
276 19
489 847
76 717
86 97
56 291
373 576
274 372
434 798
370 420
154 559
429 944
30 852
119 828
465 312
94 173
485 238
306 24
420 81
318 25
16 401
366 197
84 749
60 656
50 92
170 935
24 819
209 48
291 90
146 997
161 838
322 789
272 337
310 179
242 686
168 677
87 437
335 918
217 901
66 756
343 53
244 698
133 609
207 616
320 147
292 214
193 464
224 101
392 551
341 94
428 22
20 56
393 500
50 182
247 848
256 823
5 737
464 637
225 155
171 694
241 224
451 766
237 669
172 523
153 521
90 488
286 825
84 170
149 527
81 542
156 470
264 137
307 280
209 382
124 40
378 252
485 48
453 454
419 941
344 401
107 750
469 161
483 224
312 60
270 581
244 349
168 600
107 867
442 554
359 359
463 489
347 729
448 772
455 644
206 408
78 86
347 342
424 609
156 338
337 877
486 677
344 307
140 621
194 99
490 208
390 279
399 556
175 30
245 938
417 386
472 478
41 466
420 577
352 737
92 7
117 757
473 890
42 169
301 461
169 779
390 25
161 726
408 579
31 266
211 660
209 303
340 200
65 454
424 304
208 768
130 152
169 4
197 281
342 605
35 248
418 906
89 981
461 781
279 61
100 125
146 369
67 580
106 781
368 600
368 409
160 670
457 980
44 435
477 460
150 689
150 223
474 105
221 413
398 403
378 827
323 439
52 673
33 711
282 221
307 443
74 591
126 395
454 371
36 641
464 698
156 261
95 272
335 150
242 303
81 864
301 851
350 560
214 189
143 650
58 728
193 340
306 399
333 136
11 229
201 726
234 987
244 367
29 461
130 19
303 517
37 724
349 631
137 897
253 956
226 820
306 927
40 268
267 123
413 44
80 826
315 866
474 31
234 809
336 54
140 279
148 863
264 104
51 990
165 233
25 798
50 598
360 457
259 132
386 705
123 407
486 419
39 878
250 975
185 378
390 561
399 427
181 979
28 987
179 705
473 96
162 731
118 526
215 838
270 467
217 771
448 250
449 599
422 528
140 210
95 618
144 840
11 405
438 899
389 405
351 30
431 167
23 723
141 878
429 735
281 465
16 185
174 747
406 622
456 651
489 928
80 90
259 674
69 839
173 150
30 14
399 311
91 356
37 183
255 957
179 434
392 599
336 353
435 348
90 961
240 516
376 593
425 408
31 295
422 808
330 860
76 422
211 923
326 593
210 750
26 395
355 865
17 844
182 805
312 276
465 583
331 84
110 926
1 174
68 704
170 849
42 709
281 430
279 795
43 349
182 945
35 817
217 460
20 736
480 340
22 708
103 800
269 548
195 326
322 924
171 44
411 568
71 442
46 373
330 13
460 873
470 518
132 606
387 369
52 491
450 903
225 299
163 828
124 523
431 41
424 824
319 203
20 623
204 874
403 308
432 731
364 28
272 551
413 162
203 138
391 149
404 860
43 280
141 147
350 290
446 175
160 4
26 669
387 613
252 517
154 9
387 484
99 830
222 731
68 77
197 430
339 207
90 877
17 22
391 302
428 535
69 465
469 639
192 755
74 387
311 268
231 46
394 857
139 543
192 794
479 192
174 749
219 408
210 785
106 26
25 52
93 780
313 526
155 489
170 796
209 63
317 478
52 130
84 992
343 695
244 109
342 954
6 951
332 865
139 569
404 510
35 309
71 360
358 462
72 499
493 640
46 227
332 659
393 669
129 595
350 79
2 619
110 555
422 461
72 504
199 963
179 209
379 378
255 60
71 66
391 995
9 895
229 111
185 243
177 736
276 321
12 830
311 788
251 147
138 558
480 287
46 745
172 707
262 650
200 462
340 592
217 251
312 458
343 345
249 454
326 202
363 395
209 932
342 488
116 499
58 298
70 317
381 770
222 940
293 37
30 920
367 394
206 411
101 127
339 923
297 949
151 827
370 759
488 146
425 999
304 866
228 762
240 258
219 319
15 381
116 651
413 9
326 335
333 809
407 568
427 539
27 79
398 163
144 359
120 846
210 882
259 464
358 356
447 543
16 238
67 365
11 532
136 337
165 432
450 47
360 581
189 540
191 804
339 875
32 826
151 594
494 760
129 197
412 762
218 146
44 257
83 260
377 785
139 689
200 459
391 596
400 508
424 227
18 469
164 737
488 489
69 69
430 985
475 906
9 307
208 389
284 399
252 530
342 417
478 520
260 426
171 568
10 183
144 602
250 496
283 639
480 570
153 920
404 758
117 710
301 720
51 96
329 544
76 520
355 748
61 238
433 708
409 387
391 357
386 200
444 959
290 173
186 319
164 386
356 166
233 209
273 15
401 81
97 405
81 725
393 291
22 491
211 506
161 942
371 183
191 325
66 490
440 513
112 895
72 667
107 217
255 547
61 946
144 170
248 597
48 721
156 325
99 584
91 467
