2837 360
350 835
109 705
136 167
169 365
52 235
15 531
111 951
217 549
303 97
213 610
251 168
220 789
278 242
75 92
328 574
325 529
197 819
342 85
308 160
329 616
153 473
100 674
147 217
215 478
255 986
41 673
11 342
283 7
332 410
290 815
312 302
233 354
317 358
197 864
192 820
103 634
279 123
230 857
320 533
146 110
263 143
234 360
340 384
327 857
210 205
287 145
330 704
115 90
262 724
17 466
246 731
2 908
190 584
53 127
54 541
146 813
105 415
168 22
158 373
233 282
330 756
8 939
140 478
306 833
168 278
274 891
61 269
170 109
143 417
305 116
181 641
32 500
68 642
100 163
258 893
271 699
84 574
71 67
120 999
294 639
316 595
120 436
61 155
296 341
337 276
299 969
206 879
267 162
192 288
205 431
119 760
228 715
158 75
324 876
238 683
207 572
281 507
236 652
175 28
19 900
100 3
298 956
112 209
299 151
326 850
11 778
357 591
53 858
186 52
125 739
140 218
174 137
47 686
348 715
258 848
27 43
336 557
54 687
283 510
344 563
340 479
47 981
333 745
356 280
111 128
60 953
68 597
18 717
118 845
186 809
358 864
112 16
358 155
119 505
319 494
83 687
244 791
239 199
349 262
71 477
197 47
16 71
205 99
259 312
287 190
30 367
291 315
74 846
53 683
86 755
245 802
10 706
358 91
189 752
359 974
136 698
109 97
113 516
71 892
281 139
89 636
270 708
185 424
314 226
53 607
258 436
204 841
200 260
336 209
185 721
338 154
287 222
110 966
232 305
210 216
101 965
276 212
108 1000
297 642
63 901
15 334
243 892
340 539
82 61
316 939
281 945
31 873
170 961
56 775
100 556
359 984
70 918
320 367
199 51
74 750
273 944
9 953
241 195
269 544
17 446
65 384
87 736
132 435
163 339
75 411
301 223
77 699
60 958
102 590
192 702
165 62
305 418
13 678
325 761
216 305
110 342
247 113
2 998
171 8
129 205
144 243
99 25
156 473
264 341
13 744
317 136
32 433
189 220
323 167
342 831
43 708
104 621
215 781
178 420
123 617
13 382
262 205
174 571
21 554
8 284
205 6
104 297
333 527
95 340
297 27
196 124
41 243
247 307
175 796
303 680
93 484
37 654
189 371
151 611
223 751
254 754
86 406
200 657
267 833
167 420
353 203
103 408
231 118
132 505
33 590
146 396
271 620
307 918
317 268
53 619
354 135
209 863
41 82
117 361
338 509
163 307
90 325
112 892
214 483
126 934
12 11
146 760
195 886
302 964
71 488
80 442
270 874
90 700
117 249
88 160
187 133
125 697
340 267
6 102
335 940
85 722
33 260
47 346
120 931
207 738
57 104
177 168
115 849
343 223
210 443
88 758
116 712
28 759
23 412
297 904
329 272
193 789
231 144
10 196
159 124
268 279
21 578
63 966
338 970
250 42
168 273
317 179
144 255
192 532
228 353
89 561
333 711
347 400
30 911
185 69
151 464
319 676
51 360
74 811
82 783
202 389
8 394
39 704
324 577
114 592
314 161
175 34
241 690
10 450
318 505
286 701
303 992
47 407
281 850
18 191
355 559
120 310
273 318
335 572
353 894
312 19
113 923
258 810
263 512
94 139
127 279
193 285
282 258
213 866
137 886
279 722
286 187
179 775
307 845
132 119
64 366
124 206
313 178
146 873
78 953
79 67
42 296
296 667
277 688
287 525
122 422
50 837
257 545
290 23
30 800
94 738
344 761
206 255
11 195
168 703
135 45
341 419
214 676
341 209
194 113
47 966
252 193
90 159
310 51
40 910
347 38
21 283
129 856
332 824
254 800
74 988
48 949
209 618
347 156
199 119
296 134
76 47
240 231
159 272
220 385
306 13
289 831
322 564
356 226
184 553
10 231
10 441
195 415
186 968
26 278
350 347
311 549
127 183
325 473
218 448
68 465
58 826
248 403
267 860
144 407
289 888
104 51
135 437
15 861
297 253
90 52
274 903
47 160
262 406
75 597
210 224
101 253
215 607
64 467
50 668
85 336
119 943
230 689
66 48
60 583
348 26
43 814
140 170
1 126
83 348
154 581
119 518
255 955
225 636
226 653
31 602
67 163
114 277
278 947
345 811
91 731
165 533
21 770
323 476
12 56
37 562
187 993
353 245
10 86
32 895
189 835
120 416
299 250
51 786
79 231
134 652
35 619
259 857
224 538
7 86
312 484
268 191
141 79
17 466
94 819
93 114
217 557
327 133
259 13
161 567
186 976
280 293
84 574
246 51
181 301
65 895
61 12
73 283
352 161
13 94
84 700
223 252
270 177
339 370
45 578
108 323
174 435
184 661
174 124
335 661
27 723
23 263
260 855
339 422
44 294
31 258
291 56
358 789
45 65
181 837
153 699
277 102
115 882
116 357
58 798
277 557
274 508
291 486
300 133
274 265
129 670
223 53
99 39
50 438
109 980
51 408
349 23
243 760
49 827
54 460
231 595
160 398
259 841
180 676
45 743
214 939
64 722
123 192
197 593
4 613
182 226
183 746
219 174
182 810
360 449
341 610
221 187
272 813
69 41
139 450
255 900
88 532
240 136
229 177
47 775
291 292
256 796
48 172
42 497
102 82
257 497
194 695
332 318
213 884
152 356
287 799
3 900
247 381
202 162
148 810
115 240
327 963
84 841
62 12
42 838
291 978
11 373
243 547
181 60
112 625
228 378
168 524
208 983
11 316
76 440
16 602
105 492
289 432
17 97
210 92
156 983
6 706
326 755
2 751
151 174
8 526
81 4
206 415
358 814
268 347
128 984
250 938
359 395
47 821
223 588
43 996
175 859
94 616
194 670
182 466
250 291
110 163
88 865
289 74
261 464
227 97
237 612
56 192
15 190
91 689
334 603
177 850
67 835
339 102
8 91
320 636
310 740
312 446
192 161
42 556
350 909
335 839
203 323
12 742
56 4
140 36
263 549
140 552
80 998
174 955
151 652
310 622
252 183
168 929
273 653
8 597
136 533
160 171
203 405
310 675
42 413
203 350
305 98
125 740
198 948
5 919
175 647
194 966
186 502
325 203
332 75
291 630
219 897
214 695
116 659
60 23
333 993
62 456
204 466
67 17
350 861
162 347
137 687
35 6
139 128
335 317
128 485
219 877
304 24
298 843
222 963
344 707
18 521
31 697
192 710
110 508
167 457
125 934
155 689
34 157
308 629
215 765
101 867
41 788
229 498
339 917
249 999
41 878
136 884
246 65
350 556
118 407
41 737
132 720
359 639
333 668
63 222
172 253
291 507
340 91
300 455
193 583
318 455
271 328
143 466
305 329
141 982
12 889
69 892
169 89
92 752
302 394
250 210
270 780
290 103
108 192
180 992
252 320
35 641
331 937
104 956
234 696
317 460
30 546
10 234
59 986
251 676
44 767
327 617
245 739
147 262
250 973
134 788
357 464
131 207
83 378
161 800
296 190
222 180
158 698
32 28
226 498
123 931
144 235
246 211
345 792
317 240
164 633
40 339
219 55
235 320
121 490
340 248
43 891
33 664
236 226
319 160
255 217
51 630
264 982
253 360
227 621
320 117
244 324
92 677
358 398
308 228
317 97
337 723
307 239
212 39
262 569
192 976
304 831
54 780
238 697
14 713
42 993
293 806
250 879
177 619
118 236
39 204
293 199
102 826
345 723
338 730
270 943
113 652
215 212
129 837
193 659
32 117
279 541
211 314
228 585
48 27
52 121
323 446
315 845
277 91
36 142
128 503
283 732
124 354
107 497
150 777
42 92
212 628
248 39
2 865
4 898
23 360
15 5
233 372
294 985
229 888
20 632
296 952
190 697
321 236
205 29
276 521
240 837
56 95
319 169
346 988
185 690
360 423
15 729
159 158
310 254
54 233
345 26
48 52
285 13
110 513
228 817
83 812
2 884
30 613
155 690
227 65
283 817
322 90
140 116
47 610
316 705
128 420
348 163
203 187
170 272
133 73
216 203
323 194
291 3
5 990
340 267
54 114
74 912
142 927
167 182
200 346
343 691
284 51
340 315
54 414
212 234
317 965
169 709
13 187
120 721
53 82
203 338
218 262
303 998
251 544
294 920
106 781
239 29
321 813
1 994
19 156
115 12
190 331
303 806
328 56
123 591
87 434
255 737
343 654
185 611
112 573
220 584
294 411
300 710
207 282
147 176
208 69
248 45
33 597
315 302
148 72
50 428
50 636
72 87
118 729
8 848
152 836
358 776
179 525
134 255
55 418
219 70
88 113
154 333
125 370
44 542
258 331
120 64
166 306
70 165
190 366
37 604
320 439
86 183
33 25
358 278
32 638
288 115
8 977
201 380
218 779
338 589
320 929
218 339
307 876
153 593
31 144
230 87
314 253
338 782
344 321
347 837
234 861
2 567
250 179
261 867
248 319
278 731
320 387
2 93
186 392
178 109
201 436
101 185
229 135
245 387
201 365
349 867
341 327
250 651
268 34
263 465
15 510
351 904
9 848
327 695
18 416
16 504
164 564
106 35
257 107
36 712
330 203
349 545
89 892
150 342
249 947
54 902
144 64
93 109
284 720
161 432
3 379
300 187
321 439
195 779
78 995
328 957
149 309
210 477
39 997
344 320
198 791
250 890
2 581
64 848
111 875
160 784
197 713
308 220
311 805
194 211
205 374
226 480
170 506
28 465
86 913
239 97
269 151
179 806
230 550
264 459
172 130
285 856
185 123
266 669
342 366
246 243
357 245
89 99
103 914
339 580
142 256
268 153
164 890
306 881
74 354
126 238
347 772
287 638
70 184
93 381
15 843
151 393
318 30
22 501
6 494
279 166
128 394
357 393
54 689
357 643
352 945
209 575
274 793
334 460
260 888
61 149
129 739
141 359
16 19
111 814
134 237
345 976
330 816
84 544
112 402
326 820
143 948
177 904
235 9
106 785
19 971
259 219
316 790
281 612
4 75
54 310
80 591
160 905
126 153
209 550
4 335
189 861
191 905
15 368
293 885
188 902
44 354
54 737
128 149
18 192
153 583
106 710
242 364
61 489
91 925
250 148
360 255
48 477
49 162
1 263
88 324
243 746
134 563
126 198
269 974
56 244
327 573
188 245
102 828
358 608
90 941
233 568
167 898
1 852
163 119
241 526
268 406
255 989
33 880
27 331
116 835
4 190
230 303
114 987
19 856
357 967
114 223
245 380
230 473
15 571
96 366
231 924
306 395
160 599
341 521
269 182
76 931
172 88
39 780
22 688
41 775
257 621
227 509
142 360
23 667
243 776
237 833
193 905
265 28
239 336
219 188
141 625
213 335
354 770
169 52
103 685
225 49
154 10
349 934
260 258
24 720
75 453
99 495
313 653
153 984
11 313
177 331
66 595
184 902
333 746
92 888
342 25
202 743
105 254
128 827
288 156
20 208
177 505
323 256
358 233
283 631
108 41
273 669
277 380
44 608
246 898
56 343
209 740
116 560
148 914
285 522
49 541
352 324
20 77
180 380
24 660
317 33
346 480
203 322
132 101
97 957
324 921
6 961
50 47
159 684
21 420
131 333
239 213
158 635
156 743
118 364
128 470
201 927
38 23
85 963
9 597
343 717
39 975
349 694
248 176
116 923
356 535
170 139
170 861
292 93
290 153
74 7
356 103
302 720
191 228
65 911
11 444
358 161
223 797
149 255
156 89
129 965
247 304
115 437
275 171
325 602
293 658
199 469
166 95
285 492
101 945
318 718
106 18
287 864
220 434
215 211
148 977
240 619
128 248
332 841
353 553
230 595
309 131
205 231
93 351
148 715
8 597
5 728
327 872
353 714
63 486
289 258
122 713
57 916
262 920
335 1
268 727
273 294
218 434
276 980
26 302
141 918
113 937
332 814
265 717
236 935
63 185
341 276
45 112
154 48
49 887
300 925
285 995
36 853
101 169
181 12
324 357
112 908
55 820
5 262
16 649
113 640
28 795
106 842
6 549
157 696
34 126
217 19
42 351
250 616
341 911
158 311
131 474
251 421
162 470
55 690
60 140
223 660
87 533
225 547
315 251
345 587
191 267
176 685
93 834
200 581
26 645
145 165
359 591
256 545
258 519
203 74
310 151
246 171
150 318
200 975
6 751
262 385
50 936
32 810
293 356
192 750
84 777
206 783
96 83
334 217
80 535
119 412
100 961
126 686
27 382
265 710
190 531
157 498
43 724
161 986
251 342
240 250
180 437
203 188
55 54
85 348
51 79
261 570
344 410
71 835
173 790
179 145
267 182
21 158
184 904
27 197
165 182
283 569
344 840
26 92
19 769
341 402
307 726
276 363
10 698
114 188
285 357
79 191
246 952
6 742
219 650
87 988
93 822
166 84
139 883
250 888
148 251
135 507
160 836
4 407
48 234
182 145
162 835
227 144
262 713
112 673
211 604
252 390
74 973
43 498
210 861
51 342
235 884
250 632
187 642
286 311
276 449
331 16
203 936
209 524
155 546
140 687
176 621
42 899
157 956
280 739
62 109
6 312
23 580
110 920
75 566
49 890
333 383
170 979
251 965
48 748
181 114
217 849
83 13
122 587
317 674
151 719
136 382
226 542
216 644
43 227
328 850
13 328
91 924
26 617
359 136
169 862
69 281
231 158
355 141
2 255
121 143
312 479
175 557
143 990
318 290
130 25
306 53
122 417
279 761
11 50
257 747
195 389
18 383
198 278
312 700
340 614
156 499
217 442
12 44
29 74
105 72
122 35
106 984
121 829
256 797
189 710
104 774
261 614
12 653
279 721
266 770
80 744
139 542
180 960
189 922
236 89
42 830
211 936
87 290
177 885
102 864
24 622
212 111
154 658
267 834
232 63
289 623
348 469
16 457
24 697
140 951
333 67
64 882
94 432
321 915
98 992
41 714
261 937
333 648
271 266
32 414
139 297
94 660
82 238
154 555
246 246
8 611
71 416
75 142
353 291
184 859
300 927
274 316
219 159
220 520
102 869
234 858
200 454
328 880
209 458
185 460
68 413
345 71
114 209
116 401
30 298
301 866
128 728
295 541
34 505
144 351
270 564
281 748
109 342
39 987
137 417
61 749
196 432
120 210
287 45
185 339
181 684
247 129
61 477
282 517
315 37
185 54
103 589
333 806
244 282
76 309
34 404
263 605
357 607
68 108
293 804
100 285
276 385
286 247
323 981
195 28
181 317
320 932
289 786
207 543
92 841
6 303
197 929
14 708
256 408
317 821
204 895
141 406
21 945
322 388
154 240
152 443
232 504
91 217
13 330
102 232
93 395
141 199
49 218
346 162
323 845
355 206
260 981
58 862
159 845
204 377
67 575
11 865
116 695
156 293
250 414
90 600
24 792
225 624
150 598
203 615
296 69
311 782
158 830
237 165
234 284
235 100
20 217
131 310
329 313
211 760
104 452
83 174
52 792
138 135
5 414
210 324
318 881
160 797
96 938
309 916
38 878
175 271
56 630
352 394
232 325
198 555
255 374
114 709
105 684
281 629
53 488
54 456
94 551
230 211
92 401
146 561
188 499
161 841
76 934
219 494
152 326
135 453
240 35
214 322
87 43
109 3
173 46
351 875
118 881
33 33
194 292
325 511
315 908
295 395
113 649
291 921
249 705
341 678
290 748
255 391
143 253
22 432
344 295
102 494
344 462
10 350
88 490
36 75
187 424
59 316
192 992
288 299
324 176
104 311
301 575
173 91
208 555
301 69
3 636
257 448
299 854
95 530
256 995
73 958
68 319
308 268
224 386
242 844
71 946
24 87
73 302
185 670
194 940
137 272
240 611
90 561
16 650
203 765
57 32
219 465
119 81
283 587
210 688
250 109
348 295
134 366
327 48
58 256
237 576
210 763
30 6
208 561
189 481
147 360
283 671
99 635
323 87
22 169
164 432
182 845
347 135
217 428
102 853
168 162
305 807
56 93
53 781
268 528
92 291
256 522
79 642
304 85
280 352
127 111
312 948
8 924
330 59
25 817
94 598
251 715
15 249
188 671
198 142
4 439
228 184
307 659
36 57
2 501
127 884
197 764
165 619
344 18
107 754
183 398
47 890
84 843
286 647
268 847
7 267
242 597
94 857
3 683
298 274
337 453
110 11
313 536
244 261
92 824
349 100
201 738
202 649
161 482
39 720
242 503
154 491
341 170
352 612
209 995
241 527
317 84
71 950
233 852
267 763
78 629
296 10
217 134
62 83
125 961
184 452
174 326
70 854
14 599
244 228
67 82
25 247
239 226
249 460
327 718
228 43
45 249
77 250
134 320
19 753
213 559
147 612
262 700
140 708
356 706
281 710
347 536
155 834
134 328
61 533
178 696
334 808
337 172
234 502
177 842
98 658
243 580
111 463
76 330
19 54
158 341
8 739
120 709
166 880
2 109
282 945
323 161
249 623
43 967
345 685
265 131
81 110
85 249
204 637
47 999
83 219
223 536
95 252
290 570
179 458
228 937
352 73
344 370
6 137
322 113
98 912
206 635
26 701
229 116
11 430
47 451
332 27
148 849
136 320
202 502
224 191
235 940
223 804
35 490
196 903
182 306
291 334
48 299
180 208
259 495
139 907
341 110
22 982
215 474
258 640
199 361
79 607
174 622
87 994
235 57
155 336
351 722
342 879
343 313
48 406
109 969
28 730
223 169
2 341
151 482
310 906
337 540
175 387
248 432
289 507
105 415
227 204
158 978
50 651
28 503
76 351
333 531
278 829
295 755
279 519
324 945
186 488
32 733
232 282
270 665
340 392
35 828
37 412
273 368
127 786
294 605
106 907
354 740
178 964
109 428
181 588
174 184
272 9
13 878
259 764
266 818
360 392
131 761
296 375
98 823
158 325
277 449
241 411
173 668
303 669
167 964
165 676
70 997
95 21
231 198
110 281
315 761
109 699
312 861
164 829
129 332
341 939
234 981
250 22
4 523
133 74
335 692
205 136
259 402
360 309
38 102
11 569
209 776
108 265
107 488
321 246
236 553
142 796
163 72
19 148
305 697
260 642
196 338
287 783
341 103
1 120
258 252
26 77
133 54
252 819
274 339
320 27
197 564
105 392
74 994
254 149
99 743
220 709
318 609
227 137
116 250
156 830
28 266
225 684
229 963
341 472
223 28
256 842
355 944
236 48
118 700
331 634
155 860
214 28
46 302
95 487
281 269
64 671
34 575
338 910
283 336
264 32
345 757
41 189
110 562
97 51
192 325
296 257
215 112
281 253
178 98
13 599
307 815
166 532
127 580
260 612
199 972
155 947
249 53
107 764
231 628
111 793
143 245
247 117
41 139
46 994
165 174
172 699
10 680
52 468
216 511
15 452
71 343
112 354
45 581
335 765
213 92
142 275
306 4
350 691
40 422
195 155
60 913
204 178
255 569
76 887
142 114
100 400
245 313
222 988
271 540
347 250
168 181
199 695
52 602
8 445
301 544
34 118
136 876
53 405
144 224
141 973
50 996
186 8
320 427
150 785
247 34
258 74
248 340
288 95
122 840
354 377
270 329
98 437
210 357
208 842
55 399
264 279
67 966
49 642
352 315
287 529
323 591
345 973
262 890
259 955
182 821
118 465
125 882
3 791
313 6
100 403
347 230
203 555
138 590
289 880
149 43
248 589
165 811
17 980
296 776
288 793
263 273
43 533
33 49
166 284
157 446
313 15
53 507
168 971
253 766
355 449
160 507
308 484
307 807
83 950
224 253
77 331
237 253
329 619
227 648
178 653
215 630
304 959
11 808
358 79
214 237
45 613
104 721
304 686
176 418
358 211
126 226
68 528
264 416
352 709
81 414
271 624
342 908
183 649
159 76
358 917
108 628
81 276
181 895
38 459
33 28
283 579
240 53
52 24
289 434
241 546
333 924
149 215
2 842
88 439
249 79
182 807
239 498
55 167
184 884
261 972
248 486
224 807
320 656
325 603
111 323
131 507
182 96
101 2
35 455
139 449
239 801
160 588
64 470
301 941
168 648
125 96
3 390
127 565
53 362
296 466
242 652
54 478
180 44
157 847
313 595
110 397
19 211
123 388
278 619
165 926
245 900
270 311
325 958
351 887
159 996
3 204
179 923
170 661
8 48
224 592
229 263
3 837
140 676
72 728
105 366
22 475
55 567
89 609
243 861
41 765
87 300
176 953
192 330
80 455
97 602
347 804
78 642
177 584
258 140
165 583
297 481
336 579
46 177
357 647
55 244
307 709
356 852
79 754
99 489
71 101
343 324
31 539
260 684
56 198
189 412
284 689
111 650
76 253
139 26
114 112
176 930
279 433
342 627
30 45
220 750
223 597
186 797
301 702
360 533
264 823
350 739
156 854
186 844
321 484
101 51
161 452
22 151
284 376
357 666
263 100
105 579
264 49
115 925
252 203
233 502
50 764
4 201
190 743
226 700
111 13
12 571
24 955
201 419
186 322
74 439
345 622
220 239
347 272
241 356
69 708
95 206
133 956
103 126
296 235
215 260
334 890
89 866
97 934
250 710
138 656
355 276
76 476
284 490
71 698
52 963
94 553
18 837
177 871
223 794
76 34
82 323
182 722
34 280
163 372
96 105
67 553
18 40
257 524
145 205
68 888
228 713
249 904
226 267
135 701
245 70
113 508
89 265
240 581
249 861
175 221
51 419
189 869
119 36
198 56
203 975
298 129
82 718
13 563
128 401
94 351
344 993
32 626
215 822
147 884
182 802
235 74
251 20
216 12
288 534
141 864
107 256
10 997
229 154
234 321
99 781
157 868
80 795
255 434
97 515
39 181
223 750
233 233
17 581
77 951
343 800
286 250
192 88
283 444
117 254
345 90
188 409
263 564
253 933
344 478
80 95
253 170
6 274
193 844
236 684
251 828
331 89
79 680
242 327
253 567
170 569
193 359
177 437
233 903
352 62
146 46
277 130
4 739
162 316
225 682
180 227
106 77
164 666
218 57
162 518
233 989
221 395
186 54
252 471
21 990
240 582
278 472
159 636
84 102
115 854
299 836
201 713
26 498
147 569
270 469
70 252
309 838
149 965
164 209
100 153
234 104
245 221
290 254
271 814
357 405
82 479
358 224
100 455
124 377
7 824
275 292
256 1
11 610
98 317
8 32
9 834
336 709
264 299
312 951
19 879
64 95
125 671
114 408
92 852
343 956
176 270
42 823
15 142
42 666
204 997
292 537
28 363
88 70
247 729
31 812
149 911
323 836
230 895
335 603
305 368
307 18
214 388
209 645
348 106
11 965
164 4
18 134
347 218
120 305
100 222
104 715
172 806
320 388
69 878
6 642
187 859
360 315
34 920
154 238
262 77
348 139
153 659
282 654
88 169
314 40
110 34
17 86
72 141
143 248
264 348
358 267
123 405
191 576
154 92
53 67
253 207
247 892
219 960
234 889
59 359
221 314
14 686
28 452
138 451
110 839
321 409
327 736
88 495
55 424
41 759
360 178
345 600
107 801
234 109
100 816
346 476
2 904
331 632
184 5
169 184
135 801
215 398
10 608
170 272
304 731
132 706
261 573
242 353
281 785
271 594
359 617
239 417
80 64
204 146
46 834
333 332
233 431
130 105
245 476
225 904
338 225
260 643
19 499
297 369
303 372
9 133
300 486
257 429
303 884
172 668
268 546
190 608
132 943
74 204
74 402
302 584
38 450
234 652
242 605
141 209
215 218
288 976
217 655
352 656
47 595
288 156
348 597
69 907
217 435
264 895
216 300
104 222
290 279
53 420
259 602
30 983
153 836
140 570
248 250
309 106
312 702
290 828
125 707
281 181
103 803
59 896
128 337
159 196
352 671
309 372
340 905
21 269
299 977
206 563
224 785
142 20
299 603
89 331
48 237
314 366
38 381
299 145
80 730
27 225
176 227
91 98
287 101
360 634
343 601
52 107
137 483
349 149
159 676
181 729
307 129
256 127
14 355
25 449
42 349
37 550
168 81
190 160
308 563
289 94
27 964
329 547
92 784
338 725
20 977
142 439
48 474
28 511
71 900
100 600
206 12
60 834
314 307
38 37
153 365
15 410
154 491
186 994
144 809
67 372
283 728
85 747
166 949
100 86
138 544
60 583
26 854
16 549
317 896
107 353
304 698
131 572
25 724
329 760
181 805
306 835
282 611
17 519
342 459
235 765
326 336
345 997
48 820
281 199
162 664
46 653
24 738
276 366
34 154
268 789
243 956
118 721
347 697
266 987
246 869
326 954
115 234
323 234
215 700
168 616
39 892
134 320
201 661
337 200
252 842
230 546
59 198
303 774
326 970
56 813
264 650
126 23
106 776
115 6
159 128
156 81
94 331
243 674
20 68
309 120
199 237
332 574
107 851
222 202
1 918
212 911
291 715
268 51
130 897
72 850
280 271
141 369
286 597
21 643
223 806
125 784
51 812
55 561
325 684
218 870
94 310
61 896
360 694
351 671
35 926
282 500
51 138
43 520
40 722
4 636
308 683
243 135
97 198
112 124
193 968
219 880
28 433
203 328
221 813
200 137
13 118
306 367
175 943
63 807
298 82
329 820
179 860
86 205
88 268
126 237
261 295
209 450
107 511
143 704
276 695
45 315
305 921
150 624
124 984
80 460
334 910
43 675
290 247
70 475
136 244
34 174
107 98
44 596
251 304
255 790
12 964
176 20
93 663
320 976
122 716
142 17
251 965
35 721
155 670
51 928
113 400
250 678
10 520
237 564
85 397
269 924
142 741
224 845
115 488
160 88
218 204
177 581
177 607
239 503
237 688
22 668
116 967
232 142
298 929
307 4
40 605
352 586
104 497
173 940
235 61
212 871
131 438
