274 817
678 29
235 388
108 390
626 47
221 522
479 652
55 37
437 11
419 712
196 622
236 344
189 715
159 741
645 982
150 452
313 636
407 542
615 96
329 439
341 281
156 575
297 890
77 604
735 978
679 382
46 802
243 618
259 969
266 696
87 963
719 957
544 294
293 506
429 131
114 347
14 515
106 440
323 456
12 159
332 575
789 312
196 493
90 664
231 271
533 71
616 888
254 130
606 695
20 97
431 974
495 666
785 108
188 244
582 20
277 973
396 812
764 157
108 407
510 873
550 451
610 880
506 780
354 521
513 727
699 156
797 576
641 988
116 404
274 484
394 536
286 38
776 152
263 509
371 96
775 349
347 679
442 117
729 47
489 956
588 143
492 785
596 881
425 210
338 564
231 414
554 115
344 587
648 267
630 817
807 561
195 244
408 954
309 86
541 786
503 978
655 342
323 938
21 593
770 491
363 91
758 964
398 605
269 627
719 990
517 23
179 489
186 559
389 325
751 969
34 476
514 844
208 476
185 663
657 497
537 815
412 849
307 477
499 414
573 286
301 176
678 369
48 88
366 220
803 982
669 24
451 821
404 720
94 610
643 446
587 440
236 294
278 342
471 417
169 303
659 820
635 153
95 318
358 343
126 13
749 719
7 210
593 901
629 984
52 470
259 17
683 374
385 169
347 475
131 745
466 87
419 181
166 449
272 471
125 549
655 994
198 200
609 375
620 133
307 203
373 130
135 119
91 675
735 143
588 590
537 684
570 438
796 226
624 897
372 298
757 202
445 729
414 271
488 368
6 515
601 162
342 61
614 584
716 672
54 424
771 673
106 162
350 516
451 914
220 16
719 945
30 942
461 20
210 38
108 915
618 513
163 523
87 16
288 573
708 156
491 533
794 244
773 475
383 66
686 693
777 766
434 883
620 417
99 746
295 259
758 34
345 855
197 488
404 146
145 149
599 103
429 628
667 989
356 976
802 615
280 884
19 451
145 57
300 60
764 451
514 905
122 444
783 195
751 680
214 267
296 376
644 561
190 647
395 238
583 776
271 723
288 198
705 752
669 322
373 646
2 848
542 837
549 594
136 231
781 324
725 771
682 598
46 147
503 606
124 142
232 579
574 727
131 107
633 508
540 405
119 919
642 160
778 49
579 475
812 890
742 10
725 178
767 640
59 132
554 847
145 261
687 953
128 833
330 555
722 127
630 733
352 936
744 139
344 308
400 887
29 844
621 452
113 297
557 740
165 100
