406 732
20 924
117 299
243 251
282 310
373 665
699 887
63 912
101 993
671 406
591 550
719 774
618 705
427 903
459 788
203 443
524 260
503 889
536 952
605 468
258 885
107 475
458 837
358 919
428 427
600 903
575 792
67 943
194 66
292 780
319 960
308 2
627 503
355 191
551 352
400 53
175 687
150 851
474 414
518 797
667 456
718 280
63 622
676 559
568 349
265 729
239 54
299 384
543 677
636 907
732 387
528 373
286 340
654 819
315 98
272 578
656 176
514 776
496 727
319 334
719 36
612 172
169 400
235 885
585 647
298 726
459 234
125 731
302 653
628 91
514 953
458 975
26 219
431 639
319 155
543 341
724 582
364 303
292 741
9 233
404 116
109 169
442 44
532 714
407 561
386 657
621 436
698 243
710 978
125 965
171 731
112 138
290 628
670 121
329 77
595 869
504 388
358 635
15 537
480 423
309 816
230 911
682 450
103 102
582 707
68 195
636 565
215 879
685 876
40 67
702 849
403 856
673 528
472 628
49 137
681 980
412 762
64 924
200 211
214 273
224 824
621 936
523 499
410 308
549 136
20 804
273 848
580 666
475 358
71 149
380 197
603 944
437 703
386 617
224 799
709 43
347 33
627 892
299 181
323 399
70 351
57 980
317 818
486 179
439 456
152 341
628 611
491 331
31 1000
566 676
701 487
26 740
368 884
50 279
512 769
626 970
345 146
632 563
690 599
442 28
224 533
309 772
706 398
484 157
699 900
207 599
715 818
221 564
129 147
554 874
222 825
617 844
141 311
443 481
181 848
215 300
698 62
608 834
257 411
262 287
359 811
469 865
398 120
636 611
316 13
520 284
438 804
146 973
2 832
372 671
225 683
725 163
474 890
600 703
41 428
273 448
577 646
205 354
58 57
437 130
344 563
626 597
706 906
444 726
104 484
82 788
706 330
484 521
603 936
562 540
22 783
322 648
536 124
34 363
496 70
683 32
402 139
171 741
452 132
83 590
572 692
626 96
324 13
240 887
445 91
673 976
149 414
112 919
188 765
376 867
535 958
198 373
668 15
372 901
132 704
564 517
685 54
427 348
168 226
570 692
584 680
152 700
541 41
439 158
706 721
255 682
411 353
146 522
60 310
538 788
448 216
425 475
531 828
464 422
1 515
133 168
472 265
2 694
134 750
655 868
441 960
47 688
161 152
84 989
233 728
302 882
14 835
4 609
627 981
392 888
507 815
110 451
50 285
56 736
688 71
33 321
401 931
229 438
643 41
171 152
728 206
27 271
25 146
45 494
187 914
648 97
422 534
147 822
701 548
580 201
688 739
680 366
50 297
560 315
399 542
283 723
215 647
26 4
573 196
14 490
85 889
630 138
643 329
562 127
77 926
277 841
181 187
476 433
721 834
420 39
469 558
676 124
104 123
77 16
583 385
697 765
52 988
712 258
713 399
310 985
563 156
119 105
419 821
557 268
348 503
270 906
559 866
651 21
406 690
494 347
610 449
481 559
25 186
569 225
352 592
491 537
326 653
486 575
26 859
512 734
594 295
469 973
375 128
639 149
174 245
72 142
654 332
230 281
379 668
518 471
516 236
302 825
634 401
351 757
655 700
624 768
64 826
145 903
328 834
240 668
298 619
159 911
667 803
688 18
477 960
1 476
150 259
154 831
231 417
49 227
21 953
649 33
87 904
490 8
478 71
378 563
328 860
580 824
685 525
424 243
22 248
524 137
720 126
687 502
357 747
112 391
452 888
699 304
688 554
668 888
709 368
58 736
515 472
622 216
721 130
365 658
179 651
318 125
509 932
393 619
181 457
289 515
585 739
603 432
398 326
164 336
2 956
