2855 861
777 879
332 480
274 483
433 905
770 922
250 904
344 302
81 664
611 106
426 774
643 153
377 118
589 438
187 510
597 874
233 666
251 194
111 166
537 318
1 111
227 219
805 923
189 994
20 523
779 295
233 176
449 858
468 364
857 410
623 700
345 357
378 253
3 312
588 556
445 429
603 316
588 200
329 996
294 938
44 7
404 943
80 66
424 15
287 977
738 952
650 122
846 890
601 680
553 170
847 521
802 152
245 689
523 568
387 885
234 389
509 593
754 258
455 523
749 855
784 957
284 34
270 646
594 651
614 66
158 462
140 926
594 357
386 517
704 148
78 21
220 507
179 123
643 904
437 435
853 226
333 616
408 215
630 298
160 103
336 939
486 158
235 425
396 526
398 216
289 579
800 861
803 269
571 859
512 841
238 274
249 88
452 827
836 543
316 837
802 942
477 972
777 673
468 948
95 146
599 218
213 652
402 796
102 410
786 379
306 78
155 480
539 970
570 357
275 435
46 280
779 560
815 835
283 431
425 542
480 609
118 548
320 962
751 914
397 50
736 947
212 966
454 78
359 463
605 742
82 689
726 217
73 566
631 186
169 777
626 280
769 987
797 412
779 18
573 959
699 701
338 937
204 1
724 995
581 111
607 862
499 531
840 642
572 983
741 296
788 598
72 376
164 905
827 532
465 950
476 99
9 91
106 215
114 335
663 55
119 522
622 614
822 625
620 90
99 75
782 134
346 998
569 128
127 818
38 316
607 428
486 599
524 149
393 596
181 513
562 979
168 729
23 373
488 969
58 553
606 274
722 619
533 561
444 919
147 526
63 426
783 279
512 570
781 202
258 417
692 38
232 238
113 595
278 115
549 317
351 808
222 29
807 23
121 40
760 278
527 78
182 496
584 428
538 140
474 843
574 396
524 878
164 704
230 856
820 905
252 780
670 686
120 515
678 922
353 826
314 595
354 953
3 429
132 197
20 934
347 614
848 887
252 554
152 889
137 600
790 901
333 278
704 203
515 828
682 836
242 159
518 120
142 735
694 505
628 248
818 806
216 917
279 817
469 120
367 682
394 788
619 921
411 356
505 607
436 312
409 774
693 439
152 181
27 816
100 821
442 304
44 150
463 463
425 707
406 498
234 777
46 243
129 964
534 812
738 483
182 880
93 127
53 931
467 392
173 796
132 920
715 346
473 205
729 244
499 323
148 576
3 584
413 453
792 463
534 600
673 622
659 819
154 495
131 49
256 211
672 324
709 602
643 192
633 20
532 477
186 363
792 944
134 231
854 474
720 561
798 240
23 688
507 425
127 407
107 883
446 228
306 279
618 691
267 24
207 258
71 696
79 802
823 204
94 804
59 627
117 858
278 826
346 809
334 915
774 974
671 1
857 886
446 701
680 716
468 957
679 967
495 960
810 121
514 875
681 73
227 719
479 314
67 952
115 34
304 551
368 188
692 633
76 54
794 303
373 435
820 76
543 515
345 450
200 102
591 541
647 333
555 670
232 489
178 265
191 770
41 47
411 177
572 405
35 638
572 99
844 507
670 671
425 14
153 671
415 299
643 698
91 64
472 960
672 416
147 997
832 145
37 938
490 341
298 700
390 557
532 771
774 217
678 116
568 993
663 432
723 15
759 595
671 491
129 758
451 902
159 901
603 231
714 401
161 321
242 847
390 795
753 167
819 14
324 470
161 779
320 620
460 395
393 599
792 308
625 478
577 707
577 471
120 573
21 210
630 100
381 372
435 1000
238 981
811 243
363 10
11 828
171 59
195 821
540 558
537 445
128 627
627 551
751 509
316 625
778 583
45 94
641 629
381 613
768 943
795 647
391 650
858 453
550 558
194 335
237 161
617 638
132 274
714 331
540 615
269 133
311 23
541 504
356 825
759 993
422 940
289 739
374 132
501 596
120 588
31 904
223 750
54 829
3 684
169 838
441 587
655 545
34 587
687 465
441 520
435 12
25 932
492 893
414 419
714 491
819 309
16 153
789 903
843 476
809 594
179 648
174 163
100 851
690 970
775 249
615 739
43 950
794 343
674 743
294 852
501 337
146 785
289 64
578 211
807 954
801 787
635 426
718 598
826 197
301 723
672 464
234 361
494 800
338 918
517 680
479 425
25 271
469 649
322 623
730 419
353 847
10 592
163 722
222 996
310 390
632 137
594 790
664 450
808 825
592 160
809 264
443 32
819 396
253 971
395 413
263 933
215 220
16 231
820 210
369 390
41 407
474 249
345 868
505 342
133 321
684 181
452 960
424 908
462 712
599 689
680 83
711 715
727 952
493 906
174 377
288 114
303 502
558 597
472 529
79 310
24 440
433 14
416 391
848 506
576 91
794 619
597 527
735 461
439 803
420 504
622 904
620 234
122 773
163 308
119 181
107 480
683 967
310 274
115 405
663 180
550 557
549 39
75 563
267 721
16 749
241 890
719 213
304 958
659 715
766 830
748 785
252 70
704 317
762 889
113 386
515 745
110 695
384 231
738 974
438 841
291 518
160 918
708 626
121 284
733 576
618 651
701 27
148 592
770 58
733 323
1 999
176 961
783 720
183 938
56 649
491 956
165 135
296 142
765 351
553 462
663 133
74 36
691 557
294 348
25 646
564 664
160 34
656 276
110 208
339 944
448 354
22 506
566 7
229 561
527 98
95 179
715 561
848 288
366 231
541 940
721 810
425 569
97 85
644 187
660 512
781 578
472 163
246 347
190 439
406 24
146 381
50 731
249 508
704 879
856 383
406 855
643 549
303 549
69 264
174 437
20 158
814 167
595 115
327 320
752 869
140 889
267 559
807 279
447 14
712 17
233 391
177 118
850 39
15 716
276 617
628 450
275 100
463 455
438 858
446 856
142 211
172 606
570 392
690 389
615 128
545 439
167 550
373 431
200 288
493 943
189 794
859 594
41 273
859 130
860 737
776 171
827 960
122 110
534 896
557 615
47 641
22 656
81 76
237 236
181 129
472 956
211 34
444 462
190 6
621 689
351 127
711 234
560 284
156 329
78 352
417 173
756 897
403 332
749 594
568 156
17 161
121 333
2 753
179 61
97 298
174 802
794 580
319 787
405 472
851 576
187 543
56 637
328 872
87 459
473 214
162 215
393 632
786 674
778 792
285 351
782 493
256 959
28 936
208 144
727 90
137 194
752 637
845 89
477 423
246 350
390 10
805 150
463 942
751 553
652 950
332 764
189 319
55 232
238 516
587 296
308 228
262 63
843 42
431 1000
376 229
351 308
689 62
603 56
816 740
331 468
489 595
494 933
772 712
559 235
803 927
260 476
295 302
650 615
756 575
660 50
116 522
462 773
99 224
857 525
161 505
83 202
626 847
704 273
253 393
163 202
132 73
459 227
696 662
143 35
650 771
682 32
542 606
640 570
75 794
655 941
411 981
243 755
586 923
207 304
191 49
95 652
825 626
217 932
769 662
335 778
708 366
227 96
622 362
769 729
595 771
208 81
393 97
427 303
672 69
663 26
225 448
424 17
498 59
196 346
224 77
751 676
201 273
444 284
498 772
809 700
362 499
315 608
377 987
465 647
30 583
43 512
456 663
426 378
365 507
364 394
161 843
75 217
153 522
498 548
390 174
675 250
518 683
15 98
546 421
197 698
764 169
694 345
324 700
477 174
553 114
204 230
91 873
722 738
720 3
467 926
412 160
629 212
748 257
16 735
820 598
851 960
267 609
172 53
796 81
24 397
61 664
7 637
239 238
707 214
523 411
301 124
158 120
329 232
856 871
336 895
110 215
558 26
759 97
130 300
148 197
179 103
837 806
438 639
664 314
54 493
142 747
370 109
516 896
183 288
150 909
645 411
196 718
207 239
246 448
809 959
344 905
722 820
748 43
651 92
357 533
38 679
552 257
46 169
626 119
660 739
28 913
114 370
535 437
650 423
90 543
581 741
353 996
555 173
705 7
626 805
795 295
335 821
705 63
821 673
135 974
668 930
53 69
383 261
647 43
789 26
130 44
453 278
650 830
799 41
522 762
519 393
592 521
60 838
238 29
810 436
229 179
595 524
84 944
38 818
9 865
397 176
59 161
42 426
256 103
748 41
312 309
628 256
127 50
431 386
356 25
584 930
499 248
158 168
257 874
346 691
540 605
502 962
103 605
391 842
342 535
586 635
167 647
329 979
755 154
437 913
349 13
741 347
298 92
804 521
582 827
640 567
19 73
554 759
770 856
75 349
337 639
817 577
388 560
574 216
199 938
324 284
483 48
81 935
453 895
453 236
63 612
833 382
118 668
760 151
425 419
71 595
586 558
714 146
22 96
216 817
184 337
774 393
44 210
500 79
487 658
400 235
350 244
376 713
638 791
218 427
831 629
303 852
331 332
414 30
14 680
485 973
744 583
413 3
71 491
23 754
371 140
829 861
860 59
538 383
410 24
305 441
337 702
597 409
447 66
227 662
418 247
650 141
724 420
349 143
362 524
125 104
564 133
17 354
200 682
50 664
366 929
586 339
585 894
726 441
410 366
31 217
694 965
220 704
165 225
572 711
299 172
152 26
63 773
378 34
25 816
453 204
20 66
467 569
456 933
222 236
370 266
13 887
361 890
284 622
823 980
721 473
747 99
435 375
67 485
173 870
240 613
746 564
76 345
115 881
4 484
221 522
635 133
67 488
321 391
509 919
832 159
231 831
491 425
227 943
108 820
342 805
580 625
154 751
504 680
541 213
640 962
836 356
383 672
858 92
676 851
273 419
510 114
469 721
691 295
495 410
294 82
817 23
637 988
123 237
339 917
181 788
344 264
576 97
36 42
686 948
499 606
277 875
682 931
446 373
119 380
528 896
111 439
784 580
604 127
435 390
512 619
408 254
328 572
687 993
283 595
138 183
615 568
734 830
572 388
612 261
86 872
48 586
65 348
540 253
444 113
711 11
539 239
532 43
400 976
485 972
393 971
777 206
199 330
696 420
327 628
701 640
625 356
304 767
719 480
429 481
110 698
202 42
600 891
642 188
222 635
743 211
274 922
266 207
693 955
762 693
293 971
250 655
207 542
38 23
178 139
148 904
774 531
392 53
343 422
327 512
637 421
767 421
506 393
543 84
465 875
838 26
162 442
195 384
797 328
579 475
521 621
396 42
354 643
54 868
436 256
109 447
548 751
358 538
210 31
309 628
116 706
285 546
547 767
419 941
551 25
52 66
489 495
291 480
526 714
767 421
123 833
134 858
815 408
661 274
527 28
374 183
538 337
441 149
449 700
420 45
548 570
762 772
133 671
221 993
823 992
189 346
794 186
822 672
496 520
139 326
300 185
557 422
266 703
354 468
353 665
645 361
111 953
672 249
332 407
673 669
587 333
608 58
289 530
67 136
377 127
444 997
71 644
361 471
325 556
855 805
849 596
270 759
576 760
813 969
95 159
190 37
425 978
34 238
857 281
853 109
418 54
416 127
224 663
610 957
398 344
399 394
483 655
59 169
661 223
416 621
89 341
531 87
654 278
298 196
146 111
549 476
857 667
616 388
21 401
404 373
203 204
403 267
485 889
743 918
67 316
544 836
122 891
688 757
605 505
245 222
449 213
833 479
393 192
811 781
743 491
549 544
763 703
56 134
721 554
426 798
772 313
331 894
433 304
401 998
362 388
654 291
851 514
46 317
181 581
788 849
462 628
348 375
322 809
34 261
814 523
139 498
406 373
45 788
14 573
399 867
418 973
178 739
4 254
790 870
634 984
384 208
511 52
415 97
136 418
145 375
693 875
418 377
430 632
275 45
450 104
651 874
14 294
7 263
695 401
745 867
749 43
31 578
819 291
812 662
558 867
127 916
61 762
695 187
276 834
794 681
559 275
546 621
656 15
483 286
758 44
513 818
131 157
589 400
213 161
131 831
126 667
131 124
772 120
599 872
275 580
190 784
129 981
235 891
195 142
315 464
296 238
817 941
386 398
222 49
556 263
409 843
123 298
708 792
589 405
665 529
844 917
342 642
639 494
848 909
63 413
734 901
448 431
144 892
149 831
330 885
87 556
371 714
450 104
768 311
391 666
796 5
554 205
442 64
194 55
125 290
153 235
718 622
54 79
449 749
265 71
751 908
843 384
210 892
135 190
12 305
185 166
141 748
193 276
823 153
454 407
362 393
753 664
692 945
346 639
608 82
365 862
828 407
634 92
587 802
156 443
303 791
37 721
739 902
605 619
369 949
27 310
372 709
181 293
763 984
59 558
393 586
577 724
507 941
207 334
426 114
346 495
814 383
619 52
830 84
204 233
21 525
468 156
163 131
315 600
41 787
548 292
660 685
84 890
720 262
267 208
542 174
87 658
537 203
202 454
425 37
482 86
721 16
303 522
537 221
256 11
577 768
137 361
664 923
508 567
456 666
422 921
146 214
394 501
69 202
21 951
33 545
320 923
743 966
116 919
489 50
499 422
304 809
662 910
758 469
510 843
510 714
569 602
711 48
403 558
823 373
829 439
176 552
823 166
193 79
493 491
736 146
629 495
411 53
73 122
704 890
580 22
640 805
131 482
138 502
379 752
236 491
771 607
193 411
718 601
595 219
792 662
17 149
206 600
60 541
655 213
102 394
757 264
644 211
66 744
550 559
39 696
850 163
767 469
515 481
156 363
415 763
305 145
59 420
427 608
86 351
341 695
360 246
77 26
722 316
17 519
76 867
776 376
326 80
371 219
656 490
157 341
356 678
689 699
195 550
533 279
772 109
226 169
335 380
36 523
652 481
211 652
101 723
837 406
653 127
802 737
385 310
786 862
779 724
659 828
279 195
487 62
133 438
117 962
399 566
218 996
572 201
817 81
643 46
571 509
300 754
315 221
707 246
319 173
534 406
810 932
120 995
330 267
708 154
768 218
352 436
24 955
117 196
744 253
495 460
353 826
817 112
807 785
540 489
673 501
514 275
320 684
18 695
386 824
8 570
608 882
56 356
457 426
845 66
261 928
505 653
235 599
202 361
77 268
604 551
491 123
820 755
786 874
283 934
786 861
129 685
420 936
287 976
252 744
342 276
138 506
41 642
225 970
823 789
198 422
93 496
388 209
266 6
742 760
400 144
95 368
90 411
228 14
37 95
215 757
87 25
354 300
357 713
212 21
298 957
820 992
790 853
443 262
1 268
653 990
222 37
577 915
382 292
498 611
713 257
685 450
47 641
408 445
673 692
190 8
704 136
74 17
246 28
28 362
455 254
458 426
636 494
576 885
412 721
250 560
543 351
794 198
279 780
221 77
277 99
370 25
712 142
458 57
384 928
419 981
505 235
708 726
481 906
148 950
734 97
537 555
463 367
491 553
353 539
685 101
415 476
671 50
140 912
122 152
506 278
778 136
621 916
606 345
471 881
313 646
842 228
452 390
449 531
196 259
577 29
420 452
149 745
594 10
316 788
702 246
563 799
698 138
550 559
129 340
475 644
626 486
237 162
616 744
618 538
773 861
199 482
112 873
166 185
852 266
635 444
770 828
361 844
302 955
568 694
363 93
368 17
647 197
500 83
337 2
255 621
347 469
95 282
297 135
554 404
318 264
707 495
166 937
732 332
287 243
279 704
476 662
830 770
747 699
492 392
155 282
451 915
26 661
167 878
818 787
472 995
851 494
586 622
116 941
735 952
46 523
125 797
8 878
835 590
548 265
1 920
54 802
439 900
75 261
686 621
261 711
37 485
178 419
128 992
678 721
49 854
411 242
264 238
43 693
536 758
196 142
777 60
461 169
571 824
354 867
171 991
704 418
174 978
735 208
138 853
222 180
156 744
102 632
751 441
751 596
37 736
367 498
27 146
435 920
298 887
685 337
323 548
57 860
724 154
427 755
475 93
190 726
656 181
542 830
725 272
700 970
323 166
797 973
560 156
213 5
739 994
286 38
313 309
517 365
810 182
690 734
365 288
83 559
514 342
854 546
422 907
34 551
404 991
285 775
72 801
352 754
130 792
32 762
201 81
469 814
233 228
174 560
270 119
8 104
445 985
320 982
321 64
782 555
484 796
149 185
249 929
52 870
800 305
580 590
146 168
55 814
129 414
640 994
108 849
809 903
734 136
250 393
677 713
246 599
158 444
405 298
140 325
667 586
135 598
758 273
434 906
529 37
602 836
389 474
731 142
560 950
578 282
789 292
748 789
702 554
101 382
14 986
491 572
721 797
529 973
749 483
514 504
67 244
704 28
790 850
783 102
789 725
532 400
197 398
448 84
715 388
470 957
788 266
75 902
361 38
373 472
655 804
402 521
73 746
745 312
839 65
469 122
812 386
464 496
369 110
37 159
656 29
604 454
380 457
600 955
360 704
421 599
859 717
663 541
537 598
191 975
638 880
763 745
407 479
439 716
660 47
249 516
286 870
58 107
665 759
636 700
25 888
307 920
100 716
504 548
211 947
572 513
87 253
129 635
226 467
115 91
362 886
659 461
427 982
450 483
683 860
588 136
616 584
132 533
252 372
178 711
435 902
573 959
859 10
135 953
749 910
63 117
854 821
122 242
742 437
635 902
686 904
306 311
499 935
397 973
452 194
787 709
687 769
790 536
832 742
21 113
611 409
161 283
720 75
238 489
54 523
39 700
506 108
597 417
799 197
665 184
480 743
605 86
376 379
165 444
549 458
349 733
174 266
429 740
193 80
656 884
88 505
178 734
281 7
294 367
78 282
377 823
286 996
797 610
104 284
850 51
537 460
182 957
269 547
253 312
350 284
45 642
149 357
383 819
115 81
244 855
562 471
253 112
48 1000
488 90
10 916
184 893
853 438
158 439
387 348
559 423
599 360
638 563
191 881
665 219
381 483
340 99
175 115
811 413
557 636
508 885
270 180
170 179
12 895
644 205
682 739
705 242
250 339
190 648
100 421
377 886
727 556
526 643
734 558
266 685
426 878
61 779
81 875
50 716
125 16
376 814
207 122
814 968
813 973
744 447
408 727
470 701
825 795
130 861
773 624
412 121
150 112
762 684
722 457
286 289
803 511
207 746
429 32
301 521
689 270
182 10
858 553
308 719
430 27
495 859
70 818
823 80
371 449
554 337
700 335
70 288
676 238
541 625
306 205
163 173
262 55
337 273
217 498
116 412
155 777
159 756
757 451
176 66
376 225
184 241
195 172
215 123
3 420
710 252
129 770
509 101
259 367
753 378
364 627
541 732
179 95
551 905
492 523
449 463
183 217
783 340
673 135
198 801
24 794
120 186
300 230
570 544
760 782
856 895
208 978
265 904
378 684
339 960
648 762
274 935
424 920
54 826
266 579
825 770
227 974
801 323
267 41
812 654
232 37
489 591
136 681
541 767
420 840
258 363
581 361
643 883
418 718
116 868
24 493
294 79
248 474
537 816
749 827
853 959
837 634
199 906
733 303
429 785
756 716
82 425
19 687
456 866
8 363
394 401
787 767
411 559
40 525
365 119
339 604
249 660
384 279
523 585
661 532
647 151
219 310
814 58
68 732
89 36
733 863
363 937
31 264
775 522
5 304
329 746
398 949
524 884
708 683
24 186
289 17
839 239
187 136
438 383
795 848
657 714
180 979
102 540
757 80
651 24
374 41
373 80
256 757
632 287
45 591
230 55
419 469
188 979
457 386
630 911
664 172
308 770
479 870
291 251
688 927
331 457
368 394
606 570
774 300
161 701
362 490
686 120
240 744
362 250
411 362
473 42
469 879
316 542
600 809
480 773
492 854
17 710
299 482
185 390
790 611
147 159
336 444
640 275
773 618
52 5
818 178
520 520
47 681
340 758
762 706
34 738
306 388
770 30
280 641
213 486
634 169
620 683
607 677
107 250
662 636
237 394
183 225
119 370
31 586
534 920
163 219
272 587
27 785
304 457
131 672
847 386
291 774
544 884
775 765
643 332
327 37
36 555
583 255
195 462
476 747
464 582
600 123
646 454
45 246
168 880
180 86
170 200
796 266
325 575
397 21
345 81
244 373
254 712
3 669
279 343
490 59
170 79
239 338
750 805
587 490
437 362
200 995
236 786
320 750
762 550
757 908
724 450
347 988
193 767
41 433
490 458
680 618
433 731
58 65
115 759
229 668
715 567
32 647
689 903
609 464
356 439
53 730
289 461
459 323
323 962
221 221
852 400
192 224
785 242
488 727
54 189
393 335
620 383
439 963
237 271
501 330
810 524
329 687
821 652
276 521
297 575
257 265
759 770
765 974
650 765
620 844
181 813
398 424
642 387
13 254
656 754
212 620
438 541
153 724
295 879
816 174
543 681
822 315
71 39
757 163
171 939
429 48
798 905
351 689
740 921
542 216
521 857
792 132
612 848
245 376
567 84
642 2
526 749
438 221
859 8
393 767
792 308
77 236
24 744
174 505
297 315
689 153
545 483
280 612
197 911
91 635
714 805
92 534
142 765
42 110
301 787
378 955
344 281
734 374
734 299
23 704
225 89
624 922
768 264
583 963
42 481
705 902
332 337
24 24
337 416
687 582
786 530
548 597
288 441
236 336
804 144
222 854
684 849
640 106
751 449
672 705
753 839
112 863
140 224
743 242
439 358
819 54
765 332
460 199
57 156
471 458
652 417
188 716
123 333
822 433
60 148
200 295
692 727
49 912
288 83
818 556
166 975
765 332
226 353
563 416
437 778
134 306
482 453
224 929
65 444
135 239
268 323
480 708
94 763
432 16
752 688
272 404
810 868
837 890
286 506
444 689
714 75
686 914
535 165
456 333
476 366
778 165
715 333
4 976
463 282
260 168
271 313
157 588
278 988
322 487
413 510
481 328
225 152
668 777
348 247
651 1
832 636
572 178
785 315
166 315
424 621
453 310
72 534
346 307
139 279
567 700
707 101
685 983
286 920
707 311
686 685
345 500
452 701
302 510
311 756
390 797
785 250
759 148
520 301
611 634
584 829
406 168
131 47
262 525
486 179
307 197
134 94
348 317
746 665
596 281
213 408
458 439
573 619
711 426
17 912
465 415
370 7
487 643
424 541
778 907
824 362
108 778
635 651
701 703
52 288
858 396
35 759
519 160
552 399
748 70
713 574
637 492
71 524
855 213
203 614
353 23
414 707
829 262
459 498
562 207
401 955
104 646
422 169
556 24
618 182
383 90
423 551
322 920
193 436
282 998
491 26
48 619
352 1000
465 201
836 53
321 639
62 448
848 295
255 887
214 24
388 673
330 373
4 804
470 987
814 975
696 95
624 121
51 814
417 209
818 892
312 603
439 350
316 881
856 495
264 432
25 607
763 103
209 799
598 556
191 350
276 654
649 583
507 811
448 625
427 308
730 142
708 5
26 996
649 510
156 191
756 172
69 781
710 960
290 184
15 735
427 888
360 400
709 782
632 457
73 450
666 147
736 383
456 761
559 697
414 485
434 766
501 259
1 930
526 844
852 65
539 837
200 353
128 261
467 381
748 770
576 707
221 549
461 911
344 969
684 670
136 544
574 556
291 574
537 94
714 188
166 937
403 270
829 609
539 246
202 979
305 335
837 851
630 90
227 206
397 740
81 490
411 326
436 281
6 572
337 794
405 407
738 360
718 211
682 353
724 849
541 512
178 686
656 371
131 322
287 501
667 707
643 901
272 495
410 454
197 69
410 93
506 77
220 710
666 771
186 336
659 384
687 20
791 849
559 690
2 670
22 531
488 172
200 896
210 788
355 946
256 898
653 288
721 262
715 932
15 670
398 582
474 770
277 615
44 71
426 503
711 581
365 673
780 97
714 810
739 404
338 429
190 489
16 753
787 75
348 761
111 645
298 67
605 368
333 546
162 840
841 117
70 799
469 749
765 289
825 986
551 343
119 319
369 428
139 714
190 131
841 485
425 615
145 832
125 64
830 644
116 677
556 745
384 389
144 409
563 709
623 835
105 877
482 353
164 947
335 306
745 886
352 665
118 996
806 892
275 412
250 501
491 421
445 437
430 902
98 788
482 747
17 2
855 255
619 498
633 804
586 721
256 924
500 531
447 428
104 247
557 588
624 638
434 352
402 599
224 762
66 134
254 181
406 337
667 75
442 754
644 1
17 80
536 918
503 229
410 167
601 313
95 326
506 726
705 926
366 210
135 57
686 504
742 778
675 551
811 579
531 529
848 377
645 165
109 339
563 502
524 6
521 683
215 636
655 309
519 504
33 995
530 859
318 273
430 299
563 388
592 487
65 984
134 252
744 226
163 499
575 575
166 568
254 315
763 932
158 603
733 725
336 612
438 833
249 257
660 390
50 800
308 781
771 758
854 594
729 791
421 542
693 38
184 341
848 251
254 729
397 640
320 349
589 164
390 458
657 968
260 205
420 164
505 639
391 483
373 124
81 882
408 229
846 85
76 582
687 731
488 1000
440 93
535 568
333 835
252 934
576 87
589 351
660 239
232 204
595 423
426 697
764 245
69 479
610 564
527 426
267 953
341 259
699 633
575 143
571 73
120 174
676 604
32 853
204 401
512 548
711 587
657 513
769 743
513 500
441 857
698 657
711 535
671 97
47 772
528 808
191 839
646 288
233 809
506 877
452 571
136 288
439 166
250 100
297 632
386 692
754 862
686 627
613 980
369 826
846 751
433 453
348 348
467 790
658 870
327 129
328 988
121 335
229 720
141 67
186 177
2 24
96 434
353 904
255 665
113 422
180 360
412 70
94 816
425 840
325 297
52 896
586 907
818 705
828 681
821 981
810 289
304 886
424 269
180 273
327 492
73 270
770 953
168 9
628 299
394 604
527 76
848 467
471 787
325 374
638 954
680 546
308 8
98 697
843 887
220 133
842 127
79 121
657 554
220 136
540 670
355 948
392 62
338 264
717 449
590 694
271 10
725 131
121 806
87 446
415 257
299 740
677 9
59 303
330 289
267 354
705 96
478 959
664 375
155 529
414 655
282 18
