9665 809
391 806
623 243
732 910
92 434
762 383
662 674
193 728
58 64
797 232
20 593
415 237
404 48
125 517
499 76
483 585
184 543
676 605
182 688
411 474
83 34
340 325
708 387
315 549
493 110
609 648
636 529
779 854
35 136
124 517
518 992
254 348
54 821
553 112
13 756
263 289
219 305
32 462
801 11
137 117
482 51
516 388
749 161
607 219
84 487
184 95
542 395
717 153
764 969
621 125
793 343
125 28
556 896
764 842
82 26
670 488
740 912
304 227
58 640
486 523
269 837
65 85
109 774
154 898
41 758
779 6
97 354
707 921
289 630
160 401
221 24
773 823
498 763
57 989
775 830
191 838
292 931
401 166
682 784
301 750
451 209
444 546
253 268
343 642
587 139
729 396
130 326
85 552
561 950
562 539
424 459
445 821
648 119
695 907
197 777
568 373
280 756
33 81
268 101
659 806
620 712
382 66
585 147
501 453
620 169
581 852
319 792
607 791
385 596
713 186
270 418
72 512
152 661
699 763
286 333
637 494
544 35
461 907
123 183
674 109
379 618
708 944
536 420
413 108
619 815
180 293
460 722
117 422
504 175
605 65
651 341
312 584
85 110
531 88
573 258
546 569
664 267
497 839
723 679
216 580
708 49
297 307
603 104
214 735
482 487
40 482
169 659
515 382
804 992
497 208
696 957
69 863
610 931
182 298
662 129
298 151
672 715
10 525
758 287
661 931
692 695
562 558
666 633
304 463
280 170
579 915
674 54
11 985
332 882
712 327
327 651
773 542
167 244
671 233
311 340
425 762
505 205
122 302
187 599
478 532
250 994
674 129
63 496
677 502
408 593
715 145
668 748
481 544
78 29
286 321
436 609
238 381
215 268
316 424
475 731
386 51
745 434
551 330
440 32
123 831
155 606
20 669
269 460
30 165
161 516
274 636
733 669
624 267
637 305
3 398
801 663
646 454
227 634
679 711
338 991
392 234
689 811
222 676
114 500
613 686
267 411
476 403
678 704
73 469
123 85
360 159
153 338
20 508
194 696
778 615
764 982
636 345
733 352
522 15
320 954
660 257
730 361
551 116
544 442
280 961
522 561
787 916
423 444
91 357
445 214
135 538
455 356
314 308
114 555
553 269
759 736
196 888
316 406
339 89
440 124
698 985
567 444
203 316
630 22
259 866
394 27
596 737
690 386
361 537
235 350
105 183
526 653
15 539
403 547
683 1
309 821
681 916
419 583
115 950
448 935
651 314
10 143
774 259
764 430
441 250
32 664
502 187
537 410
432 912
716 447
465 21
593 997
148 970
489 744
37 341
335 359
120 565
551 794
485 720
350 562
544 750
792 17
452 347
217 525
214 313
295 122
501 595
454 909
202 132
640 281
139 246
556 606
365 27
330 501
506 360
45 149
599 541
417 505
377 630
651 488
499 701
437 580
154 277
549 20
58 504
211 89
249 907
249 292
345 693
375 455
798 75
723 576
778 7
633 81
689 988
229 98
306 684
13 422
101 138
786 337
573 553
363 433
446 435
113 386
455 82
548 552
10 154
100 33
99 477
467 864
692 822
761 812
493 422
703 766
457 819
714 455
179 852
532 431
807 358
271 127
378 2
646 304
462 524
677 322
656 254
247 398
678 451
532 508
264 588
236 134
748 910
82 611
735 578
509 469
268 284
595 371
664 837
638 968
264 545
304 786
130 362
618 860
115 51
687 796
463 493
480 38
197 613
364 511
507 948
455 594
454 614
494 487
520 988
615 183
204 26
617 625
377 313
269 433
702 38
635 419
170 25
807 60
122 663
581 130
596 649
49 191
381 915
342 666
499 190
713 701
754 454
789 440
267 612
458 293
162 69
141 2
421 625
807 658
48 997
164 188
274 961
61 330
585 331
86 452
733 267
730 851
700 949
437 582
350 146
371 320
364 375
286 55
307 932
378 967
376 181
445 381
465 741
522 813
183 463
365 493
565 795
640 391
703 55
799 291
270 299
57 634
431 604
737 132
729 850
483 995
61 881
742 446
474 644
156 335
559 533
570 261
123 535
119 603
287 965
59 79
768 711
485 668
461 636
562 272
135 955
701 775
700 80
417 270
687 518
803 185
650 367
10 797
474 222
63 702
357 413
208 59
251 599
192 725
745 215
50 516
510 863
551 914
328 995
24 93
277 331
281 185
183 652
380 804
693 136
359 905
768 97
340 582
252 250
196 149
252 366
137 342
93 527
636 36
8 992
203 564
530 44
465 545
781 565
752 883
68 261
477 963
18 601
631 352
241 296
585 373
43 184
462 384
109 746
539 765
579 617
668 954
27 295
642 288
247 921
194 200
334 326
350 595
592 755
628 281
600 458
367 564
219 750
495 18
795 992
689 766
652 446
514 734
46 558
615 719
192 864
607 133
539 369
776 284
697 441
162 770
600 950
770 874
702 294
629 754
24 298
544 765
549 37
281 987
2 473
114 900
350 378
606 273
620 665
573 507
248 474
604 921
263 6
451 559
6 2
85 858
458 830
76 20
793 440
424 774
700 70
2 9
530 815
581 484
23 915
263 730
81 958
314 721
223 697
36 283
26 353
655 320
392 598
755 995
202 629
272 329
610 303
809 733
475 648
32 23
44 137
414 992
714 142
530 655
239 464
481 255
682 419
266 855
729 602
428 832
411 351
677 243
578 115
213 961
149 364
31 16
749 689
141 13
488 696
479 436
516 17
39 634
646 993
119 620
660 904
400 861
538 155
444 316
470 178
188 179
136 571
656 881
504 757
144 553
147 142
412 441
603 662
126 700
13 946
711 105
3 394
344 833
687 171
419 300
147 573
617 957
224 109
234 610
85 181
62 557
241 760
541 517
606 150
349 246
550 558
100 469
152 711
520 684
312 453
226 204
331 643
537 526
573 587
744 377
83 167
355 496
608 276
776 833
512 410
54 94
231 845
197 72
203 711
164 287
12 684
554 555
458 220
120 31
133 140
35 888
60 541
416 106
532 340
695 475
23 120
632 806
179 400
394 482
530 74
76 497
93 701
618 393
502 144
296 998
599 928
29 654
442 894
215 731
437 511
158 837
30 426
778 102
454 494
666 412
16 657
489 346
522 834
58 143
803 552
381 181
485 272
293 531
700 507
106 188
361 645
402 950
640 896
144 468
772 647
584 909
23 251
803 826
583 809
693 403
131 194
384 419
483 66
54 840
7 434
127 252
267 703
239 943
694 384
542 850
135 275
437 901
740 560
375 338
446 205
699 159
458 528
185 641
92 960
169 212
37 757
554 203
755 267
600 286
532 404
557 415
299 75
591 860
160 841
71 753
339 411
394 475
618 858
277 989
422 642
434 495
62 971
481 34
209 427
662 741
84 619
720 483
460 453
442 803
401 781
650 71
219 37
125 781
743 990
49 385
731 374
127 257
405 885
642 839
365 967
712 587
255 389
601 47
389 635
221 657
669 571
288 444
520 41
36 679
398 118
217 580
666 918
131 98
248 41
563 892
291 749
34 304
394 410
335 745
647 541
458 854
621 278
695 896
575 778
101 592
721 105
209 662
764 593
560 35
748 337
422 304
71 351
675 933
61 403
147 571
481 97
296 378
487 627
262 884
743 933
794 320
216 791
22 8
473 375
489 83
678 596
566 788
714 884
730 153
73 383
757 221
6 921
403 134
486 804
74 391
382 788
627 951
693 25
284 73
538 56
600 554
258 226
416 39
720 900
451 772
773 174
649 797
672 836
716 753
796 280
750 594
249 381
131 742
112 478
6 537
13 301
467 985
672 724
172 896
204 632
104 838
233 536
173 741
501 907
495 603
219 599
45 155
264 699
283 292
187 854
258 240
301 789
140 927
288 681
674 810
470 454
705 672
452 558
633 708
526 868
182 444
321 994
555 20
479 131
594 689
293 297
140 655
723 664
344 68
22 113
156 722
755 520
582 585
172 295
66 314
257 25
366 677
718 959
468 508
669 55
19 702
781 759
274 589
731 775
385 752
804 692
405 378
799 934
615 913
327 411
560 432
232 153
372 717
808 152
238 371
476 389
147 497
188 401
388 338
286 104
740 764
11 315
648 17
331 582
601 168
334 746
208 292
340 324
117 476
771 724
472 242
513 512
187 780
291 958
210 878
738 325
749 630
11 389
521 391
511 674
487 999
377 493
118 760
245 851
784 762
40 340
96 760
359 357
76 271
724 927
4 874
80 925
408 792
789 290
558 68
429 297
530 124
435 651
405 604
35 701
726 824
806 383
318 917
349 102
776 360
758 578
713 901
427 281
243 418
293 954
186 57
63 467
208 18
526 748
86 894
787 362
125 749
530 45
584 665
255 290
435 673
12 137
619 119
10 335
615 418
125 838
578 173
741 705
714 310
110 321
437 336
74 586
349 689
606 910
163 861
789 361
629 977
374 443
795 256
616 361
479 322
756 197
639 848
294 201
51 921
370 80
621 161
793 38
486 213
607 954
357 591
767 979
649 32
669 232
262 577
602 527
50 673
200 703
26 995
508 741
124 804
680 283
123 129
321 796
577 159
80 202
595 625
517 769
682 334
282 897
70 977
168 231
694 191
643 132
219 852
694 237
423 30
104 249
520 280
661 335
645 849
157 485
663 211
8 858
306 180
22 189
723 800
705 339
791 469
129 357
174 725
528 191
122 168
124 611
235 391
237 956
196 114
778 635
551 99
182 558
552 137
26 228
415 822
128 762
354 377
518 377
237 13
440 269
673 688
453 839
244 757
76 644
634 307
597 157
720 275
517 269
103 173
237 422
111 188
772 36
622 286
806 976
728 157
186 910
697 888
441 855
348 922
242 264
375 514
387 945
22 498
155 872
520 417
397 323
722 705
377 145
90 849
531 490
89 235
280 994
298 687
416 666
792 63
375 527
6 425
759 81
21 456
40 638
157 283
313 692
641 213
471 850
770 451
85 920
344 201
284 858
373 766
352 49
455 539
333 562
619 687
32 829
657 798
233 799
236 669
639 368
86 208
667 182
422 61
650 241
159 62
758 700
68 331
100 234
505 110
603 343
537 293
474 99
248 427
642 403
774 615
805 632
601 387
749 85
695 518
251 461
125 243
511 610
187 200
172 31
334 168
523 472
249 313
728 733
362 967
668 403
751 391
509 602
370 213
367 408
650 30
734 908
192 359
808 588
144 92
460 256
716 161
403 980
437 653
626 666
776 506
440 726
153 487
172 8
564 270
449 661
677 742
353 495
690 26
361 360
353 799
138 347
624 194
490 491
768 904
604 786
308 941
552 756
195 510
647 97
568 78
424 62
61 349
160 716
604 804
754 376
430 42
462 498
269 282
577 518
771 755
85 638
708 767
319 757
583 660
608 957
795 398
428 970
91 307
625 502
424 245
381 187
693 908
629 924
307 857
779 588
495 396
205 564
302 96
111 858
516 817
529 789
697 421
363 226
767 624
576 690
245 878
122 993
51 629
525 393
115 248
183 325
765 101
532 110
174 40
369 962
798 302
809 375
606 675
151 181
115 340
619 257
614 142
228 715
122 277
21 585
84 582
716 889
21 941
222 11
265 455
651 893
734 722
308 910
439 392
568 91
22 816
255 580
672 893
542 744
317 117
733 901
271 227
713 617
772 837
516 764
606 958
284 827
317 429
706 399
269 213
352 76
692 475
165 986
58 459
680 232
280 436
339 580
584 663
546 420
628 843
653 968
221 516
136 373
389 448
262 147
342 489
126 368
342 774
221 100
799 297
725 707
354 634
298 334
386 954
463 178
183 641
757 895
428 994
490 738
721 145
568 723
74 740
378 520
690 375
94 880
531 582
787 969
310 799
727 131
786 373
22 859
37 231
21 497
406 734
745 138
53 210
220 478
688 190
501 499
21 152
507 928
632 618
304 123
466 92
293 268
271 927
483 999
337 803
433 166
157 282
267 181
308 355
545 148
719 416
50 249
14 240
697 251
575 318
678 368
476 935
572 752
553 824
2 655
241 39
145 551
472 501
212 300
371 114
41 254
230 593
221 562
321 375
439 306
98 56
134 952
370 435
283 543
755 977
502 122
792 321
160 107
442 847
331 110
482 137
243 875
107 561
253 647
547 206
679 955
802 922
299 380
187 461
670 513
556 769
597 777
364 468
563 346
803 601
740 611
263 207
254 11
707 56
284 847
794 843
782 216
721 291
597 395
292 782
225 991
246 55
139 682
594 173
525 85
225 954
475 35
678 196
745 70
667 183
619 626
738 384
70 608
336 348
15 669
2 519
327 832
623 870
694 615
429 854
77 594
614 666
109 559
278 928
327 221
623 613
296 969
551 381
264 444
185 251
631 554
569 719
719 980
192 947
37 575
270 598
341 899
131 745
186 998
338 12
225 430
736 538
260 930
756 104
434 874
227 826
77 330
412 63
245 44
581 800
227 266
194 325
212 136
636 264
523 200
398 591
623 211
750 246
664 991
382 475
568 4
286 385
416 318
553 685
366 486
226 404
546 593
683 699
3 63
386 381
424 685
259 585
631 244
508 706
452 600
553 765
530 329
108 990
154 557
585 451
517 428
276 311
127 427
194 817
670 522
323 778
501 142
335 699
200 631
197 565
483 99
590 494
96 553
245 475
162 959
338 776
288 133
449 170
196 584
23 702
596 384
807 535
191 458
243 419
205 782
34 735
63 258
160 503
786 445
64 399
619 749
493 597
67 226
437 731
780 120
763 130
1 761
749 122
522 1
82 83
102 520
302 592
486 884
557 47
808 892
381 906
808 206
776 72
113 849
68 260
61 724
81 669
45 262
807 861
99 323
726 899
392 309
513 337
205 833
545 718
423 822
120 300
545 986
280 915
606 892
774 141
287 507
628 152
660 813
80 479
22 521
236 617
664 422
61 176
46 929
251 76
428 723
98 526
667 721
210 405
361 562
524 412
452 621
185 866
670 256
27 624
235 818
451 623
317 330
639 352
579 669
796 633
295 396
10 823
440 491
175 150
148 124
533 59
484 202
602 891
438 974
445 705
273 542
155 596
197 865
480 214
136 276
251 542
619 120
546 975
377 41
75 767
370 392
686 625
32 675
482 531
286 472
201 433
107 373
319 808
653 915
134 364
469 790
807 74
124 575
356 454
462 346
695 287
361 192
149 22
752 214
756 611
553 261
369 624
636 664
430 739
498 425
491 888
449 147
780 229
224 457
482 53
535 750
441 246
161 540
661 291
38 221
548 906
306 765
76 774
172 46
225 966
693 137
405 653
248 308
701 72
279 719
556 731
451 878
675 316
798 986
490 494
103 912
160 560
659 880
678 612
696 687
292 232
253 525
73 456
639 808
422 778
25 856
351 88
784 385
709 786
169 428
541 809
62 221
718 565
782 902
569 736
246 747
744 193
502 397
657 723
738 183
268 923
56 420
214 229
711 199
74 247
569 321
443 412
786 598
207 130
472 840
187 645
651 411
600 234
261 311
334 588
696 138
552 427
551 11
555 232
617 824
753 867
782 145
29 469
518 234
599 30
485 949
207 864
390 278
648 345
253 277
692 14
616 431
307 907
406 566
740 723
508 844
372 974
61 324
26 910
10 722
487 177
747 421
798 946
167 724
660 688
568 254
265 878
477 40
129 841
190 300
78 845
266 652
136 601
274 891
500 318
276 132
805 867
26 777
615 292
804 765
287 447
159 666
758 685
490 501
655 543
146 261
674 919
316 815
165 154
689 805
612 461
419 738
617 709
618 247
79 421
137 978
414 748
74 714
762 140
226 300
22 773
152 865
254 87
687 69
5 828
198 354
385 68
724 355
194 550
640 217
314 22
310 994
282 825
590 189
245 498
566 447
408 481
714 761
355 575
425 319
411 4
377 946
508 489
540 687
574 30
362 287
267 845
89 965
91 717
139 643
646 472
193 5
361 149
742 211
226 799
142 140
616 171
73 46
739 870
26 231
412 925
239 647
31 460
324 43
725 168
96 948
216 876
497 126
122 192
660 738
328 333
607 644
800 890
398 597
391 266
313 506
645 236
748 955
711 666
259 653
598 194
220 849
653 256
171 890
21 442
633 443
534 275
223 23
527 448
22 943
298 790
338 304
565 346
604 722
558 263
49 434
364 428
71 856
254 851
407 866
444 348
65 959
24 904
509 389
25 286
242 532
130 657
261 193
608 79
58 324
26 204
153 978
568 693
557 91
197 118
472 757
237 108
37 423
388 140
661 103
610 426
2 69
596 499
768 182
651 628
315 881
39 720
477 325
474 869
106 442
219 671
765 75
419 596
366 674
332 295
147 428
556 94
394 865
362 36
56 589
499 311
34 218
272 371
700 828
809 893
446 83
486 960
431 717
314 76
245 777
594 898
411 332
125 345
489 792
789 356
296 369
765 914
299 814
19 53
364 694
213 19
82 256
577 824
437 937
635 282
477 2
328 196
116 272
560 796
156 131
195 252
674 199
573 668
772 501
457 734
629 435
129 729
506 928
157 272
775 841
161 728
645 567
360 605
458 759
660 453
790 528
273 323
595 784
326 6
496 672
302 695
235 435
571 575
439 835
518 654
23 996
688 269
714 527
51 541
715 393
263 462
754 625
340 249
762 197
528 262
211 222
408 39
19 551
258 27
637 650
48 988
175 643
220 329
174 859
467 669
449 78
526 750
221 789
419 487
750 725
435 118
43 911
630 879
145 526
388 343
327 260
10 985
684 5
421 197
349 865
545 108
255 70
469 909
734 357
644 380
78 529
642 69
323 251
184 253
803 944
746 794
445 953
233 142
509 193
30 528
674 851
493 354
371 210
220 828
142 679
139 296
761 71
612 860
368 226
624 211
189 717
238 604
509 401
116 209
351 658
285 706
107 544
706 912
723 897
99 322
357 493
192 563
132 249
240 425
83 717
109 664
673 766
232 789
302 140
609 316
684 565
318 747
229 913
440 92
321 531
506 55
794 318
306 221
594 638
395 622
355 395
777 748
708 730
251 302
180 347
42 942
137 380
58 739
625 212
597 56
646 265
295 691
449 835
520 343
449 654
33 554
70 844
494 664
656 49
717 758
364 37
296 400
503 254
246 131
770 675
640 779
200 810
65 687
728 331
348 144
592 202
426 590
443 873
663 827
568 315
679 421
138 819
322 424
210 27
802 58
637 997
269 774
668 934
124 58
521 637
575 432
554 857
44 648
382 280
257 669
134 289
56 36
645 331
513 920
694 243
56 601
355 562
554 447
612 509
195 732
700 548
764 64
600 747
389 194
213 707
720 294
584 970
482 953
670 743
448 335
102 359
753 678
312 315
389 624
322 136
298 717
502 253
518 183
479 328
720 852
51 810
52 495
94 22
314 134
359 526
71 118
615 774
36 467
203 711
635 33
394 477
359 654
120 914
475 141
230 889
152 284
42 675
351 222
785 293
376 443
246 440
211 27
580 648
192 295
382 734
721 192
318 446
781 389
522 746
724 682
305 661
266 516
270 840
2 813
567 512
283 318
763 150
236 888
430 174
83 242
29 600
419 207
20 827
47 605
93 997
477 798
181 204
418 58
753 792
678 380
712 662
512 113
717 111
212 212
206 190
423 917
724 670
30 541
382 962
192 547
627 955
597 690
378 950
399 753
439 491
203 57
228 63
445 691
807 195
302 512
494 882
802 646
96 719
352 394
496 917
267 296
551 237
122 525
208 67
573 934
140 993
247 222
4 179
543 748
118 618
499 626
427 913
93 223
65 755
125 846
657 419
453 805
731 114
604 103
460 4
650 907
197 763
225 42
677 931
325 276
714 380
570 660
693 804
772 760
360 146
61 322
468 540
304 897
536 26
751 841
409 216
392 87
561 528
122 285
219 70
282 44
420 562
153 173
560 130
420 71
446 157
286 917
257 913
292 741
47 485
736 265
774 696
197 298
35 16
532 856
513 292
539 915
21 235
106 870
655 523
124 510
307 643
295 775
709 592
189 887
14 156
483 481
430 722
373 484
483 428
277 546
515 653
576 713
367 479
189 725
342 527
774 452
50 524
514 944
245 763
388 825
21 894
110 97
730 752
710 230
690 587
224 627
647 786
788 223
190 775
571 156
469 742
252 281
577 840
742 457
420 586
707 674
223 939
285 79
495 289
414 575
436 989
107 835
397 626
174 603
672 730
110 530
386 857
96 902
612 288
584 729
758 739
537 59
589 659
276 445
3 573
344 631
384 338
18 507
385 85
37 415
418 32
134 951
278 127
159 394
33 811
545 824
149 728
60 146
632 975
416 162
330 765
352 726
249 690
282 682
325 563
251 707
132 969
167 28
543 928
65 365
35 353
124 799
650 368
739 817
791 942
207 326
192 968
469 501
178 558
86 488
594 213
374 157
444 70
237 144
371 332
720 735
25 770
265 340
563 155
639 207
217 936
459 930
278 38
321 955
308 917
210 645
90 106
87 287
370 309
788 707
461 484
255 792
302 479
196 481
149 2
341 660
385 870
1 116
799 183
542 232
11 351
770 729
532 218
111 464
771 912
415 397
280 31
441 25
282 527
143 53
307 115
376 289
685 958
244 446
174 236
201 388
397 917
355 973
559 205
481 312
405 183
288 431
459 157
760 721
621 130
207 313
793 728
490 197
784 458
147 952
529 636
104 752
498 901
48 608
239 748
562 975
23 832
361 792
705 871
545 952
664 936
784 692
663 537
795 608
350 601
58 1000
385 127
368 651
654 9
756 995
329 942
451 726
275 717
715 192
290 339
357 159
238 130
121 789
597 828
655 290
44 172
792 984
234 269
124 549
44 505
151 636
724 131
178 244
13 109
206 287
524 475
669 549
751 782
809 863
792 715
447 276
329 489
679 327
750 639
1 734
528 851
341 381
609 619
400 233
729 328
606 518
115 735
651 354
396 374
658 855
302 997
609 21
499 850
83 893
781 155
590 39
488 65
223 213
293 871
216 342
738 727
134 300
731 301
15 238
636 786
148 319
290 42
706 885
348 934
416 51
231 115
493 335
207 546
653 764
387 38
584 265
399 617
668 289
323 279
410 730
720 480
541 294
774 283
97 204
673 726
436 463
124 847
578 822
383 390
415 251
621 152
714 300
513 662
288 597
659 484
277 316
611 962
12 740
435 582
806 563
135 761
624 291
318 173
317 380
567 381
377 801
432 717
194 583
174 14
425 769
143 916
363 486
604 295
354 745
374 685
86 520
516 278
142 271
450 911
617 322
100 64
126 286
102 670
768 424
690 362
462 588
642 119
215 752
809 408
410 830
437 688
281 894
353 744
638 961
81 780
246 527
719 278
223 762
153 314
78 561
411 16
777 902
668 574
735 880
745 763
191 322
37 965
521 850
231 148
717 939
348 173
416 323
136 247
594 470
464 977
342 569
143 730
696 671
252 280
170 872
35 514
304 885
20 990
748 861
570 260
630 244
237 320
450 174
540 196
485 624
680 667
697 576
500 816
602 752
241 965
20 911
166 132
147 47
200 314
101 632
280 303
473 380
744 935
361 681
268 228
3 946
784 897
262 854
701 304
704 976
198 974
22 413
710 306
520 705
481 33
693 394
98 117
405 723
753 441
378 595
623 319
81 532
170 186
760 756
17 652
263 191
613 233
688 211
175 18
114 346
132 12
661 876
116 934
239 914
685 894
535 508
428 653
635 428
347 806
581 873
139 179
57 701
235 616
511 463
214 190
131 946
491 617
34 868
271 771
498 568
9 255
222 701
23 318
13 820
119 62
533 229
289 909
454 747
13 106
283 603
38 597
696 58
506 466
423 380
86 19
624 701
48 539
275 732
604 371
203 379
683 304
439 57
68 219
65 624
617 152
317 575
28 136
234 928
251 231
391 379
6 70
393 938
434 818
464 619
585 963
629 337
780 806
748 843
223 204
137 348
758 489
616 841
37 797
640 814
89 38
697 610
383 852
70 302
719 4
276 601
225 942
405 623
307 783
20 829
377 200
78 767
636 404
523 43
144 198
580 395
721 593
594 47
236 390
205 97
682 322
701 999
363 885
592 308
773 900
533 95
234 247
225 610
262 540
712 820
509 866
305 448
383 975
657 108
525 867
798 491
736 666
461 571
191 614
187 104
579 491
118 359
38 90
369 900
711 94
178 668
408 873
791 844
300 872
559 360
218 187
527 188
572 847
598 71
375 859
134 659
675 886
271 983
330 679
596 141
798 684
663 524
638 460
463 230
312 149
384 211
622 470
477 581
795 846
461 178
200 188
783 686
747 84
242 102
274 608
151 413
473 381
655 475
746 858
24 961
390 20
713 630
384 5
312 837
587 584
57 37
30 743
118 319
315 174
323 612
301 101
22 117
301 137
340 177
514 947
507 418
60 95
70 320
44 495
517 284
223 670
804 734
606 758
453 17
770 658
318 33
513 508
291 108
642 392
631 662
351 615
412 219
164 846
626 569
270 300
675 403
623 903
531 695
136 568
734 17
696 690
739 374
168 663
237 42
161 683
635 146
375 271
111 59
430 31
717 297
505 213
206 833
225 156
808 599
567 413
4 328
629 405
696 386
141 501
527 151
248 865
174 222
707 362
416 386
665 572
573 217
644 224
113 702
408 147
294 631
792 781
366 439
300 884
803 437
658 286
128 900
704 954
492 697
5 840
689 680
804 132
520 152
502 583
174 810
490 398
656 669
626 209
533 29
152 85
744 784
711 387
65 240
358 983
648 779
311 417
566 286
7 263
133 374
584 905
44 773
6 84
288 339
235 448
713 243
648 330
75 601
449 731
138 619
737 198
651 13
112 206
782 51
546 94
684 115
788 79
438 896
468 885
336 176
141 378
688 567
118 970
710 434
602 110
727 765
262 489
310 830
640 278
320 279
2 183
221 600
449 215
230 546
640 642
544 941
786 1000
802 131
580 558
2 939
302 260
122 911
418 503
139 166
7 681
766 67
142 140
493 811
772 627
129 371
252 730
721 841
776 585
178 30
386 844
26 754
224 53
720 624
518 649
722 93
209 463
402 669
28 765
200 439
394 810
205 652
278 253
518 443
470 109
682 112
315 390
603 905
536 330
609 312
19 446
543 676
88 553
557 767
762 808
709 289
229 853
809 811
531 595
563 686
389 308
432 818
213 451
596 319
112 994
247 103
695 70
433 297
506 262
144 360
35 47
46 426
299 123
7 282
72 853
411 959
673 22
110 923
774 596
518 788
591 22
134 686
496 489
720 742
230 462
118 1
513 609
627 43
30 75
786 153
324 146
408 816
204 956
661 643
30 751
347 816
385 244
280 420
14 231
693 851
131 761
454 880
21 902
575 563
739 928
366 718
496 370
550 736
96 773
602 202
114 702
266 156
137 134
337 481
343 665
629 286
204 896
684 895
782 63
498 947
783 199
94 475
805 677
577 687
653 737
142 296
690 536
529 719
565 291
166 485
717 926
320 873
537 857
42 909
568 51
781 25
166 394
265 575
468 891
660 621
668 65
249 646
351 422
524 865
250 187
702 761
269 870
629 675
465 447
415 355
777 986
112 719
22 584
197 418
744 733
569 195
745 331
65 651
321 934
561 891
472 511
624 491
654 705
152 724
400 151
727 24
580 540
661 484
327 577
668 261
446 570
314 944
160 153
374 528
148 130
638 19
723 70
624 766
503 232
702 357
412 330
227 348
386 905
563 313
779 949
387 14
762 987
301 988
429 491
11 827
628 833
135 195
102 1000
60 295
124 794
196 533
410 889
528 535
345 826
582 76
100 277
214 351
193 302
176 703
399 719
667 278
288 860
200 579
358 157
557 64
695 399
372 292
99 651
267 481
620 342
326 183
448 232
511 16
293 309
635 498
485 495
644 88
324 593
462 993
659 29
672 919
369 920
759 554
783 809
439 387
337 661
338 729
706 70
341 383
330 599
796 172
464 850
91 545
571 442
589 215
641 385
142 199
789 923
320 703
160 81
512 100
745 24
65 906
351 807
668 366
537 548
609 373
310 200
247 626
384 502
341 20
280 288
462 701
240 378
606 868
761 261
306 60
567 478
281 571
533 140
27 380
698 173
634 829
430 145
365 586
554 542
204 128
696 619
71 123
605 85
185 80
212 348
711 51
294 687
759 123
286 748
622 881
381 273
790 933
109 142
590 937
297 608
328 939
649 64
804 711
622 538
518 843
574 847
487 346
425 163
5 274
402 927
362 942
368 48
376 308
52 94
431 591
393 710
131 510
445 673
203 516
637 779
323 366
681 148
544 104
308 354
147 656
708 293
624 825
752 954
590 682
273 969
259 13
120 23
211 792
497 661
154 223
575 103
356 448
273 261
746 197
531 285
472 726
609 23
779 724
97 720
263 847
69 48
451 617
77 4
74 825
661 948
637 146
529 918
489 625
771 65
408 74
572 787
355 467
468 764
370 415
339 161
465 748
510 425
554 13
363 427
360 210
402 743
617 187
405 408
412 921
25 609
749 269
789 380
335 103
585 460
222 792
573 533
191 168
795 726
793 889
161 198
656 425
588 276
545 540
744 518
315 249
377 755
243 264
669 249
110 178
694 536
25 201
474 844
455 627
618 631
316 691
62 108
674 264
331 238
496 349
379 191
84 767
793 769
537 250
127 873
465 269
223 206
117 545
275 303
716 677
352 362
657 381
211 870
462 399
377 714
236 244
710 467
73 797
71 906
276 828
648 68
190 990
471 944
299 320
241 108
687 807
525 537
417 414
555 482
29 484
42 937
738 595
246 499
68 107
427 78
646 204
576 946
133 536
143 405
751 294
728 749
264 232
674 835
319 526
193 698
715 465
363 252
27 105
118 413
278 647
176 646
320 948
226 931
500 872
583 502
404 636
793 226
194 400
234 576
782 398
32 85
24 205
596 954
298 359
543 451
163 11
564 433
345 284
775 368
33 479
620 713
14 737
589 921
286 343
424 225
647 965
249 508
182 672
591 475
281 915
617 556
363 822
801 111
82 442
244 344
291 118
61 184
319 269
56 564
383 582
692 852
83 363
655 13
348 514
739 512
74 695
459 345
572 240
48 448
236 792
285 499
207 500
87 266
780 217
546 258
168 660
408 395
104 856
714 682
738 772
764 936
749 106
85 48
764 298
495 445
685 397
53 258
601 658
591 712
792 108
468 756
90 721
575 133
296 541
665 242
159 237
570 843
287 285
31 899
610 962
499 85
611 897
552 44
312 414
680 553
583 758
246 992
778 38
803 91
272 449
450 350
800 197
337 777
580 574
101 418
4 802
391 784
11 636
660 625
148 826
96 916
232 607
323 592
455 649
280 124
388 644
392 4
103 341
759 75
27 871
317 707
91 930
740 782
594 559
143 25
280 749
473 484
489 727
391 219
28 924
792 936
217 950
117 758
265 459
703 759
308 255
109 336
173 880
271 912
509 609
574 844
166 944
374 854
267 631
232 969
82 926
271 871
131 151
586 867
197 801
523 871
234 215
38 648
247 30
63 861
453 18
472 435
385 105
353 940
659 310
730 891
439 368
344 761
795 752
707 252
328 623
654 547
31 197
705 923
592 51
299 189
519 66
315 637
540 330
11 781
42 788
592 656
708 128
358 223
452 888
32 927
296 795
188 505
440 715
657 825
414 535
439 544
243 34
527 922
411 362
296 81
243 402
387 88
291 288
725 664
201 888
746 94
716 495
95 835
729 248
328 307
11 875
514 799
612 945
285 299
250 529
721 816
405 951
46 667
673 471
536 124
700 838
190 288
520 178
326 512
736 837
184 608
707 510
574 57
344 919
697 463
544 952
728 883
627 891
2 714
490 22
152 724
564 516
775 582
564 812
408 704
289 784
396 736
123 336
691 654
447 165
281 270
288 294
291 953
504 918
409 243
609 635
719 398
389 985
606 254
722 893
106 636
401 755
430 172
731 561
776 734
192 505
585 288
321 443
360 578
470 48
487 585
351 80
657 652
143 701
611 514
768 518
758 779
451 997
701 122
446 9
630 266
289 717
12 333
733 231
259 30
337 34
606 185
193 508
320 46
17 825
274 281
260 294
708 661
85 183
549 604
142 297
381 169
259 416
309 998
753 827
679 710
782 795
42 100
89 992
230 18
164 212
312 900
372 837
269 282
278 703
230 185
160 304
445 651
254 411
356 722
347 726
797 825
781 499
490 555
793 106
414 618
211 254
352 609
766 820
284 995
556 719
53 562
535 494
787 704
14 764
145 337
280 608
718 215
703 723
574 437
744 364
655 565
425 815
168 802
452 705
682 566
126 182
253 366
462 740
386 593
375 509
341 548
249 833
200 640
128 474
498 939
72 637
594 467
174 536
722 918
806 998
458 205
622 69
219 124
301 9
531 364
53 350
720 290
555 874
799 325
774 335
227 531
387 118
610 589
373 15
418 574
601 691
389 568
9 938
343 975
363 981
197 835
510 981
272 555
317 401
114 45
55 125
60 583
751 806
476 305
96 990
33 312
287 166
720 645
60 375
742 580
544 136
167 838
18 804
502 631
4 497
289 328
598 65
265 238
145 140
102 609
505 605
266 590
10 313
497 614
509 91
182 245
309 51
575 451
232 186
167 238
303 735
393 639
672 725
38 512
343 147
800 932
153 90
498 127
408 363
763 674
719 271
692 297
57 836
659 492
544 503
740 153
796 620
488 968
348 624
495 598
606 192
153 587
302 175
369 884
285 52
300 561
227 633
767 96
90 869
116 880
85 467
413 687
409 617
255 261
133 738
411 55
478 685
571 733
140 923
35 667
401 92
762 20
517 291
139 434
391 270
192 336
496 871
415 817
537 589
466 941
708 940
624 3
710 248
471 178
58 566
170 470
291 660
204 954
801 388
31 776
726 933
650 434
23 746
561 693
596 833
189 617
336 636
68 418
741 156
707 746
551 1
802 660
630 123
63 91
331 229
771 209
577 508
645 192
763 716
669 869
430 339
160 343
713 188
670 173
429 646
185 117
746 203
27 94
551 521
558 343
147 188
414 693
536 570
415 457
312 573
270 344
389 429
182 57
290 612
290 787
294 440
557 420
583 228
638 850
294 455
131 22
353 267
547 901
137 23
65 534
258 438
106 678
245 270
504 694
652 602
319 492
419 409
659 934
153 116
607 178
210 699
285 593
201 561
658 319
495 540
260 741
778 70
47 688
104 23
741 39
131 216
449 176
12 777
362 971
276 500
147 486
670 927
93 703
357 974
712 485
101 536
565 392
802 229
533 988
301 710
337 899
58 653
390 423
4 448
66 596
12 586
100 908
293 315
512 873
612 627
666 990
433 35
201 374
358 420
637 620
399 245
57 529
650 945
792 34
230 167
503 303
809 57
392 822
239 989
279 717
404 7
304 299
186 565
181 312
612 241
380 216
245 243
45 636
335 933
39 560
785 893
237 406
524 286
349 522
561 255
326 253
360 370
480 963
352 926
797 476
299 278
194 886
213 480
234 921
284 95
270 226
229 186
713 585
61 394
325 227
375 272
439 976
36 284
673 30
391 839
799 980
718 258
264 16
209 653
279 530
527 49
11 870
610 702
787 422
765 806
53 910
769 48
313 734
159 830
46 308
253 903
257 503
52 126
562 549
394 809
185 334
616 859
320 542
50 570
715 127
310 673
134 605
393 103
664 536
729 255
520 285
774 142
770 869
363 808
208 29
421 44
308 381
188 187
393 585
526 813
218 795
796 564
610 854
305 830
490 997
644 567
113 986
25 101
115 343
451 682
44 73
173 198
237 583
71 835
483 999
194 527
667 250
539 821
309 428
723 476
216 973
308 518
650 826
703 443
358 460
624 828
513 551
263 88
330 285
357 922
463 169
130 72
511 669
497 494
261 484
244 761
633 752
365 101
343 789
261 704
12 780
9 956
662 105
683 513
199 822
344 744
385 558
533 17
317 194
175 726
315 632
245 822
685 166
724 67
682 883
718 932
264 559
804 164
66 343
505 937
609 386
165 974
227 78
544 545
659 171
685 133
772 278
416 377
93 240
316 224
674 733
203 759
173 870
768 747
111 983
492 760
265 425
671 618
727 865
571 984
71 735
68 508
705 841
82 396
281 893
512 796
296 298
547 666
84 592
562 17
808 27
245 879
109 492
258 614
37 624
719 222
731 591
285 178
742 934
684 383
499 886
759 224
683 610
342 932
646 77
172 742
432 794
252 812
155 482
240 569
690 762
669 924
34 554
752 591
785 95
691 608
246 481
538 403
156 54
265 374
411 557
76 107
435 428
405 978
354 211
111 556
682 167
371 569
620 784
730 611
726 978
635 177
413 528
406 669
107 940
676 782
680 593
29 95
509 370
501 950
784 303
696 174
54 271
85 141
752 673
174 55
244 474
264 433
161 34
787 918
179 30
753 542
248 832
764 842
628 74
562 185
465 95
776 95
208 835
211 808
108 501
188 753
618 76
558 672
67 143
671 687
26 884
50 965
687 258
630 468
129 774
401 188
248 538
478 191
11 649
582 371
134 605
780 107
87 874
756 854
163 992
378 759
521 316
12 875
61 463
436 822
555 222
647 94
751 568
680 846
216 67
152 549
520 736
788 653
428 546
413 812
658 331
357 854
122 680
11 33
244 432
247 903
643 576
809 832
189 962
410 365
52 521
354 830
585 646
98 197
701 63
412 121
447 11
585 844
511 431
144 5
432 316
608 247
40 990
246 728
802 990
354 603
559 297
180 407
742 688
520 581
466 102
232 173
691 965
269 258
443 505
154 769
193 811
486 919
518 351
353 80
105 734
576 832
245 597
143 830
297 572
763 868
724 521
529 721
739 282
414 639
625 310
299 669
506 109
107 917
452 131
576 879
182 929
222 429
528 668
368 941
140 324
593 818
328 270
418 419
780 995
318 611
639 455
278 415
613 347
168 235
512 347
802 86
193 616
297 281
470 263
223 651
271 488
631 752
579 952
158 301
246 959
171 502
546 899
436 89
757 51
369 520
543 901
364 611
645 961
593 828
647 500
131 17
740 190
571 109
706 340
638 879
495 838
720 625
590 42
172 658
354 304
641 173
772 163
432 872
501 134
216 926
499 925
306 5
466 352
249 593
371 468
632 247
86 9
206 579
192 869
138 458
275 479
413 841
776 637
742 588
492 142
459 335
500 153
346 689
211 893
83 596
773 575
183 63
504 663
662 988
660 474
256 778
790 881
324 899
693 985
385 183
380 970
605 528
800 240
498 60
603 149
252 55
493 453
278 294
730 232
597 892
285 523
545 137
460 559
283 494
309 945
207 282
775 505
551 728
551 971
9 399
369 968
784 360
726 302
752 44
513 772
667 36
652 439
136 663
301 256
297 839
547 500
774 500
719 842
587 159
793 857
157 896
29 559
638 977
283 843
468 249
575 492
24 827
322 847
709 204
463 677
567 960
306 370
525 693
227 744
442 254
572 986
778 433
266 577
692 418
202 451
458 406
470 758
110 777
587 586
371 576
653 4
371 872
727 124
673 901
691 992
279 468
460 718
109 905
300 662
674 521
198 166
455 530
706 276
698 694
337 7
540 388
90 15
623 831
580 704
5 597
368 484
432 777
298 390
267 649
675 383
577 328
612 908
644 765
170 246
455 59
367 417
510 759
778 341
457 757
212 880
261 948
309 883
509 405
663 192
196 47
213 291
730 262
239 950
25 48
802 98
294 735
159 245
355 905
787 343
441 915
319 460
509 178
231 901
386 728
269 423
236 605
616 962
790 36
309 531
809 849
596 714
545 722
736 69
286 699
449 875
120 288
229 378
748 783
317 834
555 771
314 968
53 82
707 372
447 576
780 355
743 962
55 269
21 228
234 944
324 388
170 995
232 820
779 436
29 564
708 827
153 789
378 764
93 7
756 233
363 988
327 590
181 555
94 531
517 630
474 566
666 828
601 510
509 39
732 81
800 623
729 999
494 38
643 300
165 195
805 42
404 423
370 45
215 450
397 885
554 103
592 527
349 35
515 645
92 330
82 57
150 946
511 558
215 471
455 607
211 421
504 214
325 609
105 615
388 753
495 410
124 727
298 284
600 178
612 678
101 948
57 637
171 117
499 632
363 374
147 182
804 744
55 293
550 939
112 988
142 399
604 306
570 214
325 628
83 503
59 331
302 909
100 163
608 958
766 998
730 637
518 343
8 841
415 232
549 380
320 796
360 500
312 109
412 221
505 647
308 612
262 339
578 838
619 309
408 223
337 175
202 588
796 828
561 402
250 405
200 700
89 304
353 728
783 556
374 539
505 398
637 297
502 790
186 845
347 723
287 543
482 971
169 529
378 964
175 497
779 582
137 227
80 743
559 452
623 381
747 392
45 471
141 756
168 309
91 28
81 403
627 943
3 970
161 390
639 327
256 737
292 971
390 433
583 985
326 687
328 682
328 828
629 548
485 759
47 175
310 274
66 487
296 949
482 117
782 922
122 6
183 79
157 226
642 831
296 638
334 321
192 915
678 352
761 604
401 633
592 988
78 808
400 518
164 651
273 307
275 189
405 816
586 333
591 269
785 988
83 151
792 643
603 478
416 954
351 600
204 162
480 924
113 253
139 456
289 816
752 812
441 232
527 493
103 426
276 563
325 337
496 139
507 323
263 773
525 21
629 959
552 915
108 248
35 848
186 366
91 324
656 49
641 625
386 253
583 350
225 812
296 196
473 674
360 291
631 23
626 310
240 289
243 939
800 439
83 228
472 951
484 952
80 648
308 554
124 265
332 185
366 256
434 631
360 588
298 763
346 108
153 271
506 542
747 106
200 569
191 118
732 419
809 587
189 443
504 435
158 760
797 300
693 208
415 809
163 18
641 761
48 5
180 894
349 446
779 848
336 806
648 456
38 170
259 141
508 929
380 538
561 706
327 510
327 139
20 754
688 331
60 15
251 393
21 518
740 202
575 757
713 791
584 89
774 612
313 414
97 411
758 769
471 431
560 447
544 49
460 843
238 639
470 516
771 56
385 484
620 257
128 386
658 635
16 129
83 786
513 671
252 631
516 455
460 383
644 655
160 491
343 347
667 182
273 136
609 402
109 890
497 555
47 910
399 42
347 864
187 35
133 431
119 231
605 524
527 843
294 591
601 800
641 66
763 585
534 907
599 920
255 822
581 976
376 529
253 852
406 431
222 567
546 14
756 194
205 881
790 682
116 830
292 360
368 480
694 159
139 326
410 480
465 258
667 409
287 916
220 970
30 917
450 7
168 364
553 497
391 476
66 21
89 748
485 883
475 102
272 568
496 992
306 36
158 726
554 421
476 774
645 331
802 562
717 994
228 386
733 323
768 127
133 250
161 217
520 49
253 42
279 868
670 201
343 836
481 760
467 204
566 607
147 751
113 39
727 752
572 463
252 759
659 217
310 963
698 638
496 931
576 790
470 644
404 402
604 102
518 930
243 103
227 343
435 990
219 58
94 297
406 755
302 160
333 459
413 95
650 250
419 240
497 482
289 983
619 921
499 516
241 435
597 356
255 558
143 377
780 237
175 117
714 230
273 427
147 900
670 934
311 557
420 536
731 300
741 701
779 408
523 709
558 996
200 685
487 965
458 694
394 855
737 517
746 529
123 162
544 812
397 481
8 167
323 636
553 734
512 14
623 823
9 505
166 763
784 10
170 731
529 64
638 241
636 496
82 282
153 340
416 267
421 15
323 81
91 562
240 271
261 643
129 748
361 177
679 298
592 281
791 161
49 212
390 793
412 414
323 819
733 201
163 697
249 808
542 50
456 372
771 215
723 131
25 833
645 116
651 216
244 108
579 381
44 60
405 41
624 696
793 852
181 577
70 759
302 756
377 634
190 194
768 551
22 982
511 477
596 362
662 702
546 26
649 329
3 590
364 184
223 493
318 531
565 925
325 332
604 260
17 441
145 890
406 318
182 388
687 944
145 35
616 546
140 987
576 12
261 332
8 303
598 341
270 242
574 404
735 896
87 719
798 176
61 358
412 244
5 518
563 650
380 439
653 558
476 383
759 926
606 990
314 85
90 688
446 664
480 374
173 900
65 149
167 878
280 821
545 801
677 771
764 228
474 239
686 81
289 999
214 896
389 738
653 354
77 806
696 670
644 811
114 887
143 118
799 899
621 679
317 102
414 419
35 133
738 882
292 156
681 322
291 944
302 330
500 934
355 728
170 770
108 540
364 537
113 963
578 680
108 268
420 962
249 846
101 61
111 785
99 781
181 216
410 528
742 245
294 57
377 781
739 862
743 328
750 730
12 610
706 995
575 477
363 901
328 893
17 373
599 850
292 38
144 378
181 416
21 484
279 764
569 117
569 369
690 567
585 618
295 757
652 86
171 713
154 223
273 551
649 259
432 879
412 974
328 310
311 158
330 669
657 286
379 81
437 723
735 577
294 42
442 612
115 448
319 656
597 664
752 20
248 657
657 375
168 894
289 862
681 884
805 946
754 655
773 672
195 813
605 103
286 169
488 637
70 490
439 755
509 929
26 772
275 439
236 650
191 492
32 545
652 177
533 178
285 943
145 386
75 774
148 208
430 759
599 634
631 722
369 81
313 385
9 64
303 267
394 633
338 306
477 952
80 781
457 166
510 463
401 119
36 862
510 340
360 669
380 450
61 906
557 146
650 889
346 551
488 927
794 475
461 679
526 857
634 937
752 884
609 710
300 255
124 357
533 700
581 122
271 806
303 537
638 254
565 871
621 641
712 474
179 552
254 564
649 934
432 932
682 942
125 940
86 859
25 84
699 230
663 966
677 252
504 640
289 949
503 621
166 342
494 996
161 712
28 255
285 127
54 694
582 531
597 338
177 426
386 82
358 548
732 369
714 534
331 61
158 720
214 378
106 607
396 789
102 371
19 834
466 250
465 15
207 20
653 286
548 404
354 359
598 53
751 619
379 819
343 474
559 406
56 702
659 123
665 102
805 610
61 132
251 961
647 439
545 367
650 346
673 570
602 891
297 266
337 861
429 819
23 990
636 527
718 546
123 354
20 118
282 148
466 350
291 211
143 375
768 686
291 477
632 683
605 7
110 529
201 902
264 215
373 890
234 68
542 757
349 236
655 621
793 401
410 774
485 128
480 126
695 1000
229 400
483 167
153 42
413 108
126 886
380 78
387 436
689 539
397 327
657 674
799 60
441 522
59 518
808 264
113 268
290 901
271 129
200 126
56 220
534 915
658 494
242 568
501 710
210 422
239 728
62 347
452 689
226 286
4 189
173 676
320 202
352 358
179 290
666 240
719 77
597 844
376 812
479 125
528 799
608 781
158 513
131 167
238 278
528 717
95 732
208 771
27 991
499 250
445 347
50 526
746 438
512 617
395 250
311 462
149 592
661 446
463 296
269 246
125 427
657 391
486 513
26 853
801 171
808 497
571 626
130 271
153 37
667 160
311 384
471 345
516 271
689 379
203 911
63 713
551 606
760 597
513 254
244 227
790 830
262 171
564 73
639 347
37 220
50 372
602 676
511 561
110 718
723 323
188 942
399 999
240 281
718 165
301 386
5 971
73 985
220 449
247 599
788 363
370 627
559 394
163 288
791 179
632 613
53 782
219 307
445 232
23 683
652 113
21 142
213 103
6 778
525 682
630 228
336 598
645 936
529 588
124 363
138 992
741 994
413 756
449 704
719 972
501 44
317 297
466 760
576 334
346 323
338 30
638 104
250 860
430 909
785 593
709 461
66 417
638 231
740 982
721 676
374 428
95 204
390 187
708 706
571 641
544 476
112 237
377 604
14 141
557 153
651 817
438 503
27 149
661 202
259 467
166 135
247 775
254 612
668 345
306 59
113 351
713 283
492 120
220 87
645 761
63 173
406 836
632 391
767 469
32 966
455 11
25 458
767 709
719 867
775 10
300 579
70 271
396 130
748 222
808 257
309 521
788 623
547 603
773 831
383 607
395 816
154 279
464 196
287 902
374 705
369 758
413 371
527 900
687 856
539 335
280 858
493 100
195 641
722 853
759 631
383 685
626 370
783 390
645 621
498 627
237 959
58 526
707 306
244 835
268 893
594 627
221 579
260 602
793 650
99 26
724 269
575 710
191 59
474 439
100 29
285 51
96 883
635 249
203 736
790 342
184 306
175 251
561 139
546 36
789 730
551 874
459 875
299 682
675 323
337 925
297 885
484 302
287 231
354 703
255 717
151 852
292 45
604 62
394 2
165 353
603 802
532 246
659 536
115 858
23 914
108 709
724 667
453 148
615 147
201 280
344 26
323 157
328 305
414 228
303 201
185 809
529 569
547 381
624 580
193 269
384 985
175 313
215 674
603 78
724 21
471 533
687 934
14 1
674 459
485 613
583 350
529 460
429 847
542 183
548 16
731 651
328 175
24 544
322 679
374 923
37 871
452 156
765 737
418 577
198 612
795 554
703 395
442 867
537 236
146 197
631 250
210 724
185 468
790 610
135 523
785 235
47 288
706 599
159 907
733 428
116 29
544 825
327 167
682 316
22 625
652 949
383 68
419 945
376 64
577 680
486 407
10 414
802 824
215 982
675 461
417 58
94 389
156 85
658 275
100 113
586 877
726 457
633 862
432 385
604 860
246 96
712 842
778 845
759 447
270 583
51 678
356 788
259 588
437 899
560 453
49 434
235 816
62 272
579 566
217 892
782 15
193 796
727 277
126 895
655 470
175 884
775 86
542 40
552 179
127 636
254 959
311 141
363 986
129 443
753 310
759 194
423 89
22 996
320 894
631 276
526 604
144 708
87 661
137 552
782 369
504 489
20 585
194 436
53 828
458 224
703 925
785 683
103 218
669 726
59 159
214 20
159 601
154 847
559 260
117 555
319 630
110 201
500 625
47 630
742 797
331 593
347 227
225 656
722 115
32 52
36 839
91 760
140 574
780 694
602 146
81 858
407 946
353 29
634 505
242 171
40 525
478 781
788 872
617 648
745 643
150 341
232 494
649 871
636 281
191 664
393 991
13 716
596 797
400 603
387 504
651 828
90 116
16 853
326 517
735 140
674 194
388 473
150 941
800 305
730 668
443 69
363 251
8 929
195 896
544 309
482 958
757 375
639 739
591 927
801 417
491 146
668 632
350 416
384 643
396 78
775 551
124 757
513 631
332 673
135 194
56 378
641 131
525 70
242 288
234 917
64 500
288 636
400 886
427 491
312 88
780 247
682 32
242 297
300 858
187 548
808 148
604 251
686 928
679 449
701 709
518 703
349 655
614 113
27 435
67 537
441 380
338 547
640 625
173 815
632 756
196 27
111 404
631 486
802 764
364 614
702 122
374 547
529 457
396 873
568 15
512 474
405 183
809 754
304 593
511 129
444 541
2 709
258 308
206 429
276 495
363 975
532 525
270 739
577 554
159 717
99 34
767 239
159 970
610 412
337 360
410 495
718 238
164 90
734 939
775 63
422 49
261 531
398 992
690 310
284 306
273 964
124 709
236 438
372 812
704 394
544 710
480 39
79 478
670 58
451 585
809 389
593 419
37 546
437 282
700 220
7 609
452 254
461 719
375 369
278 270
19 659
231 612
278 835
351 573
274 118
42 967
112 413
444 620
312 837
560 420
499 701
211 736
405 59
207 488
131 648
419 846
359 351
168 753
156 50
646 835
398 957
597 27
247 889
654 356
674 122
521 652
632 34
183 854
496 524
10 968
10 489
453 606
675 758
145 5
700 820
595 105
169 87
601 15
174 832
805 276
128 523
461 68
766 834
480 723
477 928
411 856
795 486
760 13
180 881
59 609
208 258
432 558
748 901
466 571
2 258
306 74
21 864
204 603
357 221
642 448
142 351
154 135
3 630
604 859
220 895
164 403
622 419
609 42
450 333
395 565
159 432
546 352
706 663
774 809
608 795
568 892
640 833
54 93
714 729
322 769
198 400
706 349
328 503
576 533
762 345
583 71
550 897
311 725
286 818
178 143
557 109
343 735
144 567
4 435
569 704
117 518
385 340
506 303
176 878
730 264
639 697
243 536
400 557
191 618
122 704
154 228
337 922
458 329
234 375
103 903
605 753
395 26
14 964
673 407
54 360
67 594
33 259
157 904
129 636
545 565
586 817
697 440
405 306
807 762
424 835
198 627
74 270
436 333
646 319
72 207
35 870
252 659
487 689
579 128
471 471
20 664
551 526
445 99
485 53
543 811
709 491
393 70
773 678
246 80
412 693
475 902
523 487
627 291
268 242
46 951
718 253
347 51
519 85
536 294
116 20
461 131
218 221
104 177
113 826
204 921
757 702
375 844
648 612
580 435
162 30
557 781
494 646
389 876
107 680
536 952
413 710
705 74
306 315
730 642
694 329
688 42
196 387
370 161
98 483
227 386
435 565
721 602
652 322
486 549
678 351
541 905
630 571
525 9
249 948
531 795
655 3
665 323
657 315
805 614
265 230
460 688
160 584
564 590
397 10
471 341
358 688
53 393
42 892
593 798
123 185
76 931
15 112
454 706
785 174
779 770
568 204
413 629
329 214
71 706
402 37
460 788
385 533
392 481
192 71
685 587
740 944
111 267
1 232
401 425
407 389
30 77
158 557
604 34
514 975
605 141
646 475
161 890
527 501
586 48
33 462
203 896
590 35
375 889
771 212
695 919
284 854
583 312
742 874
519 654
706 900
622 975
647 852
256 184
694 720
615 710
128 912
54 987
804 937
652 63
180 427
546 388
377 459
372 553
399 498
76 425
608 547
32 537
155 201
801 525
573 551
346 675
220 518
599 990
720 546
232 572
542 973
368 777
205 315
312 258
408 69
430 843
789 126
552 58
343 705
263 761
102 936
695 240
517 830
301 536
747 815
128 425
39 595
347 797
168 647
162 907
124 523
579 661
592 92
455 66
550 172
461 884
15 149
488 363
538 890
279 913
623 943
724 860
785 883
221 232
17 981
316 786
700 108
722 838
803 278
295 849
214 890
672 503
145 990
302 398
649 33
287 562
714 970
540 31
807 391
96 98
549 455
540 521
237 385
476 14
506 451
437 672
336 308
80 737
527 553
300 457
757 500
280 473
747 128
801 26
56 671
253 628
493 716
442 111
341 17
343 805
299 234
165 245
767 712
286 610
622 344
484 802
125 113
377 40
82 138
755 411
421 529
568 909
737 933
335 180
745 933
67 348
227 214
771 778
46 433
786 331
296 66
254 603
545 2
792 727
802 766
542 612
140 647
797 837
367 320
344 400
111 939
471 417
565 188
46 727
375 740
179 146
631 143
554 27
138 23
700 36
742 583
568 891
550 136
228 564
140 879
308 972
336 165
539 631
591 86
761 218
86 531
707 433
417 112
780 115
547 686
369 25
105 890
349 707
526 948
496 794
188 1
588 583
49 394
728 547
625 699
593 989
514 388
163 703
484 267
673 137
726 977
420 645
669 680
604 617
629 468
697 472
74 303
526 57
706 370
630 655
547 955
310 279
685 889
698 781
625 922
123 135
462 47
773 216
420 738
31 583
14 566
720 21
449 447
249 763
697 190
467 457
583 246
390 160
210 426
582 522
587 301
178 188
192 896
20 699
84 327
770 620
556 756
354 106
356 539
603 635
670 644
803 836
777 133
276 841
477 845
186 661
742 826
658 552
622 196
615 92
767 616
541 600
781 389
566 5
110 834
772 579
290 471
531 669
328 191
540 136
212 636
505 785
283 779
397 716
363 140
678 621
260 811
315 603
508 154
641 888
151 917
293 379
574 636
300 598
100 692
525 775
583 958
457 915
749 239
149 647
4 503
124 446
254 202
587 654
263 930
38 834
284 594
280 553
558 644
340 61
325 117
723 246
473 116
495 437
483 478
712 97
720 349
39 365
733 684
101 808
98 733
608 587
619 331
457 175
129 768
454 877
714 456
309 123
184 940
97 614
517 905
274 338
463 838
289 940
662 177
100 345
98 747
138 284
4 303
392 252
325 919
490 43
803 855
800 144
796 864
381 702
411 423
777 667
344 275
672 338
551 162
257 833
4 964
62 148
385 551
504 24
469 201
538 456
532 777
232 716
204 103
705 325
295 56
662 91
92 579
397 551
24 206
795 129
207 297
348 779
354 569
119 523
357 543
59 349
11 735
169 455
462 322
77 268
803 828
410 882
537 998
392 428
29 13
189 904
772 913
419 73
219 679
157 638
671 424
728 601
25 976
191 690
86 239
471 842
154 235
114 768
644 188
19 671
755 991
750 254
185 188
399 767
324 32
366 456
672 724
342 109
141 68
430 732
136 736
397 767
461 606
101 398
705 694
689 562
674 501
289 547
365 483
531 107
735 69
127 977
552 27
512 719
158 851
75 645
403 540
113 915
353 900
91 563
172 907
755 764
311 814
478 600
157 460
89 783
218 884
92 546
183 494
274 857
477 861
544 781
782 68
403 111
95 397
260 383
159 747
704 126
448 746
30 580
621 297
39 387
673 479
509 401
48 923
45 754
408 195
613 380
175 38
577 978
500 594
497 226
399 903
689 807
77 49
364 999
4 554
214 101
549 853
166 208
340 300
57 683
299 276
206 667
513 316
305 884
568 34
336 981
217 677
459 295
198 819
806 297
369 733
217 487
224 759
784 711
615 681
789 34
202 600
663 697
498 645
797 910
290 893
635 998
42 631
501 286
527 113
792 187
756 556
147 352
41 3
630 452
486 280
42 841
776 711
207 391
425 705
133 22
8 963
744 95
414 404
501 60
524 210
583 572
368 270
655 344
127 371
91 337
769 643
770 847
435 706
149 371
73 569
596 206
85 580
542 376
767 221
630 2
195 487
54 524
138 211
132 296
37 262
800 853
162 961
343 429
638 624
721 895
372 460
158 61
790 329
737 471
22 640
443 815
477 742
228 803
758 244
761 695
181 397
667 144
512 690
586 201
241 913
311 458
329 170
94 116
738 337
690 398
409 639
351 811
788 377
725 138
297 359
689 821
734 886
603 658
149 439
201 677
564 262
431 412
385 363
523 666
621 220
509 100
619 585
303 199
802 415
162 816
708 606
50 602
574 947
587 460
60 375
269 832
593 541
296 62
327 664
558 766
388 851
561 202
632 143
782 858
605 824
227 45
800 80
687 199
232 667
297 61
512 50
405 211
377 784
577 774
669 592
685 795
75 613
46 478
173 375
151 524
793 245
559 593
193 358
349 114
32 591
22 653
463 216
771 660
423 735
448 22
483 587
159 902
787 658
34 274
740 251
496 413
273 621
730 901
748 319
163 398
495 573
604 869
93 66
753 461
213 520
327 798
354 945
205 873
768 986
293 621
588 803
546 837
325 872
562 960
511 211
335 448
651 63
768 235
355 270
386 717
634 749
623 988
246 243
733 987
341 269
475 271
738 53
501 93
41 14
286 514
713 634
46 945
260 796
277 641
293 998
170 533
186 797
450 570
276 8
267 12
591 268
81 809
107 91
216 316
386 328
368 564
665 660
3 394
737 605
297 983
78 962
414 883
781 296
371 831
376 368
25 796
119 422
466 338
645 996
190 530
310 453
28 436
61 898
513 426
657 784
190 795
618 240
19 809
773 150
354 891
698 531
433 276
26 683
225 2
120 560
194 48
170 853
76 604
224 587
244 586
472 439
697 311
33 602
193 526
79 792
202 999
63 162
394 419
241 996
38 657
336 727
648 861
206 192
87 99
431 671
426 664
431 737
660 346
339 887
610 995
593 717
539 730
799 324
515 233
37 552
473 928
76 770
469 313
773 231
82 938
436 735
330 366
800 855
55 44
741 847
370 110
412 485
592 524
389 225
294 583
408 647
244 702
790 240
441 404
592 288
601 439
634 17
345 99
693 903
227 389
492 691
616 849
457 977
662 53
14 921
43 91
219 265
454 219
187 401
689 62
587 533
736 364
658 95
287 535
694 419
59 758
391 498
650 555
741 975
367 989
220 277
783 319
200 966
756 527
789 997
649 752
263 246
623 784
55 257
127 987
305 962
752 358
75 588
104 45
240 785
719 533
18 299
676 162
384 983
617 459
78 349
528 921
10 145
798 900
329 5
763 46
675 437
103 85
274 569
73 389
591 878
578 228
350 918
11 445
314 995
501 150
392 576
632 153
596 960
147 310
173 45
662 272
127 610
189 420
550 17
107 741
101 47
107 618
191 339
421 134
631 890
471 832
354 726
129 953
784 178
16 352
358 592
50 265
240 147
666 57
382 709
210 620
183 626
214 280
746 539
465 471
465 733
758 433
218 87
649 983
12 24
264 153
633 486
556 954
686 327
475 982
783 788
399 499
168 65
646 845
688 503
40 568
754 235
314 914
167 812
335 557
38 368
607 938
26 807
448 609
166 871
764 547
514 127
365 648
721 820
205 121
289 174
752 367
523 548
139 97
38 516
100 459
359 412
671 265
764 100
226 328
474 73
256 734
181 68
295 445
108 977
465 84
155 49
326 590
417 736
303 464
432 863
27 759
574 123
3 848
682 76
210 343
281 967
595 1
788 141
681 817
723 578
281 703
200 318
672 948
664 223
258 655
366 982
218 203
640 45
2 646
301 711
149 996
807 176
44 275
680 585
121 668
338 502
223 344
271 375
438 449
106 962
513 988
688 991
501 966
316 851
561 716
745 590
499 201
239 957
451 580
361 800
679 335
292 333
561 177
529 291
805 357
69 560
516 929
158 516
137 616
753 708
75 545
554 24
249 21
58 820
77 564
555 291
549 561
786 631
737 362
566 355
355 33
75 313
343 341
472 940
211 186
496 504
700 844
674 517
369 504
301 239
119 972
380 729
637 842
380 805
623 641
577 13
781 164
535 470
491 833
697 648
340 394
34 583
778 456
640 933
435 51
322 405
205 827
760 618
229 194
562 630
683 192
366 947
361 838
492 894
426 627
524 878
115 482
779 186
531 34
230 936
168 365
363 23
354 49
783 262
360 66
70 106
759 46
26 500
227 631
102 913
710 453
23 832
97 474
577 399
437 484
417 351
242 150
93 363
705 727
13 349
332 401
719 714
434 563
93 369
370 48
732 231
694 326
15 269
667 680
24 433
249 813
486 865
464 446
304 515
597 995
380 560
301 863
261 700
281 488
197 280
618 720
547 472
79 830
132 246
591 758
704 277
443 653
155 270
612 950
591 126
513 647
595 14
88 620
626 914
478 987
641 723
43 919
638 613
230 550
620 193
6 139
537 484
90 804
210 935
612 612
424 589
549 939
216 64
407 169
686 915
282 62
394 113
510 230
79 741
307 741
684 880
384 575
385 887
405 459
685 98
594 362
217 806
98 109
186 916
652 181
725 584
134 433
20 482
229 371
228 120
412 483
267 299
584 939
291 917
325 217
405 753
176 440
214 51
805 775
38 436
674 480
521 280
181 770
741 623
519 48
752 55
475 696
339 896
580 253
121 311
670 670
96 628
783 532
206 891
134 200
9 919
118 450
767 275
125 699
796 95
496 700
708 873
766 669
345 849
86 487
70 227
704 514
471 417
304 128
258 983
703 232
141 757
459 844
214 881
49 323
106 386
292 192
126 190
192 9
249 469
572 536
420 739
704 142
306 682
326 755
569 421
231 103
672 207
191 549
612 442
115 250
129 168
475 178
221 534
296 316
531 124
625 241
373 638
763 113
338 566
380 85
510 143
625 454
343 116
580 957
381 183
176 457
30 362
153 484
414 322
440 982
628 206
651 953
523 844
414 323
383 29
136 527
787 284
305 764
613 92
514 244
315 775
532 631
789 239
554 422
670 992
800 48
155 188
355 176
468 486
347 876
29 7
444 552
350 133
224 609
342 895
716 723
586 442
486 612
594 135
331 870
136 594
117 609
303 357
261 774
673 371
680 533
34 125
562 280
242 272
82 382
323 605
93 689
103 136
497 488
649 978
290 366
659 352
199 129
125 417
138 603
183 379
93 157
222 558
774 759
773 727
360 649
44 607
293 966
514 66
429 227
375 777
5 685
81 168
549 640
803 936
530 856
681 102
486 668
229 746
466 990
758 410
318 372
378 324
83 442
128 535
691 750
27 227
343 595
248 676
242 927
33 587
135 580
388 597
747 538
748 674
539 628
142 87
443 495
120 780
703 486
381 359
807 200
30 144
41 40
673 307
126 260
114 233
809 367
430 983
404 448
130 429
387 929
789 592
784 984
71 848
790 761
191 91
706 529
196 848
385 677
367 645
442 585
268 274
792 2
249 396
620 581
463 275
671 21
485 419
111 729
730 39
108 563
499 721
121 498
154 612
705 897
432 771
414 902
659 654
617 908
111 964
732 337
35 404
285 336
617 507
640 473
577 497
774 956
806 515
797 66
635 571
336 324
719 163
564 929
112 502
226 565
633 440
699 908
551 200
230 363
567 285
778 888
32 550
144 541
320 313
766 721
160 741
294 582
559 607
59 404
238 385
159 477
98 110
153 111
231 216
272 661
275 587
591 366
123 551
192 285
313 137
805 151
236 802
25 112
546 727
765 230
148 151
199 772
794 936
188 521
614 915
768 511
388 67
214 924
733 586
642 812
754 261
423 13
371 875
487 25
799 313
52 8
403 593
609 379
414 966
430 338
378 665
617 303
6 536
648 369
387 817
567 858
386 436
630 377
155 430
142 89
46 191
46 424
754 333
63 393
160 6
282 218
156 171
584 543
747 775
274 317
565 612
143 64
234 30
559 805
544 214
628 689
117 48
80 848
454 869
521 862
201 570
793 66
224 367
111 70
649 66
687 337
200 801
351 789
491 83
538 57
781 344
751 359
562 700
753 663
569 984
286 995
454 433
334 985
804 831
358 324
383 887
67 627
602 154
543 849
505 924
392 147
684 510
667 629
607 172
624 5
318 255
374 767
788 707
292 423
447 251
70 138
724 817
90 781
806 606
30 996
53 248
599 373
210 590
206 890
684 350
183 795
233 624
517 570
340 929
59 653
350 513
598 927
550 397
49 815
245 349
516 879
615 23
723 942
223 122
424 871
40 4
57 744
38 421
151 44
189 418
341 577
236 499
498 899
387 5
312 407
113 928
216 201
466 473
694 206
514 346
182 714
527 534
428 676
308 397
222 133
806 222
585 589
292 392
233 270
253 255
797 591
3 614
428 42
613 255
573 390
276 652
279 733
650 314
633 31
300 729
439 302
174 757
553 736
489 512
590 777
542 758
748 966
699 703
420 986
706 288
580 365
448 650
145 448
154 794
248 346
193 879
241 758
652 504
151 715
648 475
586 346
334 439
16 820
123 755
54 106
194 276
671 507
38 75
779 657
342 405
183 588
154 33
435 437
46 918
544 924
622 194
556 555
376 548
638 673
93 947
236 385
757 820
252 824
671 16
102 642
321 763
48 213
10 839
367 284
98 983
129 933
316 100
584 772
298 579
253 414
479 349
782 407
39 542
100 476
158 759
202 634
42 693
572 909
275 479
592 457
502 355
352 61
220 153
771 555
65 23
202 234
716 459
643 308
624 380
791 360
700 690
500 865
690 761
67 109
145 459
282 166
425 331
476 381
76 314
432 714
451 141
527 789
758 205
90 873
604 438
281 459
200 728
366 167
68 505
528 812
589 938
309 243
558 629
151 187
409 654
229 896
380 247
245 504
569 713
207 341
770 754
244 381
399 666
663 605
350 277
554 922
380 260
147 806
416 235
213 617
80 53
616 109
692 555
628 273
54 585
490 384
87 98
291 263
608 982
282 178
752 563
539 671
676 441
756 225
516 461
753 878
309 23
279 10
669 612
249 906
193 732
526 410
616 661
598 568
148 350
211 46
308 245
666 540
720 362
76 283
554 545
420 339
83 812
545 606
179 175
781 179
579 258
538 100
419 347
679 728
450 625
445 561
265 730
531 23
458 446
543 516
667 425
297 678
489 45
230 609
90 14
320 74
490 764
746 44
741 180
424 991
713 264
362 548
203 242
741 370
207 85
624 621
455 636
138 425
355 785
612 939
706 504
465 297
713 401
295 997
246 49
474 934
669 897
432 190
673 254
325 341
358 535
41 228
223 331
148 299
167 920
209 181
378 37
800 455
214 97
634 420
146 873
389 699
32 582
734 343
140 788
411 190
108 237
734 739
789 452
666 541
269 475
40 493
240 717
501 676
464 772
294 987
798 108
213 232
797 830
572 888
394 710
180 647
95 454
325 322
753 9
768 430
262 64
593 550
650 633
254 912
784 203
10 16
585 139
201 453
366 801
181 503
153 92
683 663
784 586
601 895
357 161
396 525
706 41
678 293
181 16
529 892
52 308
12 574
684 436
450 1000
489 168
746 742
65 116
203 151
60 953
5 140
326 476
650 221
204 86
190 307
228 346
699 471
663 353
799 34
461 833
223 171
770 914
184 844
197 144
388 589
280 604
308 328
805 371
763 467
162 325
215 409
483 647
390 345
215 786
16 166
758 985
11 157
581 303
345 426
552 863
10 675
782 634
284 211
236 269
60 681
291 376
546 30
588 696
685 659
199 389
298 816
193 621
344 790
127 607
438 791
155 833
190 416
326 275
429 662
122 66
265 198
74 302
429 707
480 540
218 475
520 852
185 419
500 156
356 311
341 691
491 970
431 167
792 20
42 64
612 343
622 570
577 914
191 599
752 118
208 707
645 707
707 206
156 404
28 485
553 22
683 850
102 86
473 207
543 416
131 31
670 72
114 46
565 845
500 99
339 161
463 445
266 787
464 339
522 100
541 451
137 269
195 124
220 264
683 507
789 939
770 10
487 393
23 332
595 280
480 363
172 675
597 347
99 225
807 540
705 380
652 571
378 484
757 841
631 434
81 331
254 565
710 432
445 800
463 871
426 474
191 350
773 828
240 964
307 175
278 720
101 547
259 399
42 825
770 842
498 987
753 829
678 958
708 210
267 255
664 36
508 691
307 92
726 69
317 848
342 724
663 975
245 962
349 846
807 54
79 574
340 131
701 227
430 39
197 14
756 813
479 580
581 27
575 886
86 637
469 799
262 488
440 745
767 407
282 608
236 826
396 469
15 290
439 428
677 719
231 838
211 562
808 608
140 499
302 275
414 908
694 138
79 419
161 462
384 676
808 877
181 669
266 703
169 513
389 624
611 886
765 697
438 174
121 415
187 626
383 410
598 858
542 352
384 150
734 751
376 664
567 878
529 752
106 837
161 151
18 224
754 188
297 16
632 938
714 666
546 560
778 358
647 488
144 897
674 120
170 99
108 404
499 538
738 106
157 758
142 780
631 450
69 402
786 530
135 165
290 199
67 829
78 636
347 204
655 101
180 681
651 819
108 158
741 969
359 147
453 138
177 816
225 641
546 535
380 886
204 503
727 840
394 434
188 694
584 784
277 469
95 418
168 405
99 824
751 380
206 251
713 217
298 428
669 402
757 851
262 919
783 961
269 412
267 974
467 803
128 596
511 808
399 737
244 603
282 257
730 265
222 418
259 564
363 503
66 542
434 614
543 490
194 170
751 819
448 161
572 907
298 918
268 622
577 344
6 828
677 994
151 906
477 305
71 961
129 881
386 70
63 705
467 993
99 690
188 470
222 403
233 295
251 584
34 359
212 767
20 160
9 745
131 798
363 927
662 915
540 771
302 921
264 562
236 563
706 785
130 876
777 477
708 365
55 193
705 548
114 388
558 992
727 632
329 974
499 556
610 135
606 851
277 967
537 371
167 368
350 127
206 141
162 462
267 95
637 185
87 796
35 817
32 491
654 718
205 313
214 881
54 846
635 523
163 385
640 660
209 704
645 973
21 513
361 838
478 196
263 497
795 919
138 165
356 17
347 972
289 559
27 685
604 729
450 714
72 862
459 835
15 764
500 514
592 785
416 517
529 949
686 296
79 261
266 288
207 962
587 440
477 952
224 968
751 327
83 881
664 270
11 626
654 891
218 654
58 476
666 52
491 753
737 390
335 543
453 994
254 190
659 116
279 484
745 2
128 265
732 127
68 121
414 776
756 381
705 386
717 394
594 506
797 856
112 387
523 524
169 436
651 358
642 439
519 332
554 316
131 613
293 779
307 447
55 622
649 714
651 693
514 11
239 263
767 66
461 672
141 532
37 197
801 353
32 146
336 223
388 692
563 877
240 592
516 449
105 234
208 67
264 303
163 296
370 11
190 383
808 235
390 919
627 69
699 7
315 515
448 333
608 812
76 664
323 707
413 918
395 190
332 623
555 40
579 799
375 799
585 800
400 775
15 214
298 869
216 169
11 844
186 598
163 836
497 119
298 222
661 902
173 513
206 822
610 696
41 338
292 506
799 780
715 681
568 784
530 307
493 94
478 292
567 427
768 234
730 96
540 280
419 914
563 203
351 848
382 520
235 457
300 108
232 259
764 370
684 805
425 369
518 326
559 972
145 27
684 64
572 709
501 569
500 41
139 541
552 374
728 311
746 74
254 566
759 142
776 459
357 157
427 79
314 545
77 722
134 958
245 5
393 277
376 313
92 883
242 974
662 743
350 637
61 431
75 366
801 251
252 419
291 793
164 435
98 632
591 584
220 549
250 65
134 361
618 769
140 656
370 966
118 867
15 707
232 527
93 86
250 876
476 395
312 584
495 391
588 17
226 253
114 342
158 389
559 127
695 112
26 40
45 5
335 523
55 247
266 154
407 781
408 385
196 249
425 738
340 682
185 550
477 122
337 787
537 136
723 825
477 446
641 508
278 140
723 317
319 707
603 929
711 68
426 816
660 799
141 79
71 660
744 159
26 637
353 180
509 74
598 862
82 163
110 787
127 938
804 259
591 647
446 763
323 425
371 147
516 196
64 104
71 189
512 354
791 16
737 623
315 131
759 390
673 392
377 349
119 519
780 764
451 377
746 208
431 422
661 697
764 752
683 316
573 222
542 305
59 986
129 758
786 243
194 746
491 508
235 211
424 931
278 305
766 531
600 856
201 666
655 498
369 140
667 331
219 526
270 139
31 84
639 424
722 971
328 889
382 951
299 476
764 15
734 960
325 772
410 492
383 486
314 327
698 975
451 21
328 781
463 872
482 84
33 445
143 898
722 403
227 146
586 504
474 386
176 523
41 636
704 795
418 656
373 622
21 793
388 35
637 644
602 673
142 668
626 357
144 768
347 824
255 395
10 567
733 604
208 177
117 948
114 605
615 698
67 681
552 18
601 220
272 73
344 445
335 755
797 57
434 190
516 937
318 980
383 81
654 77
67 275
436 442
344 986
375 443
520 487
518 82
742 352
658 174
491 132
204 553
394 952
83 203
765 645
313 44
364 167
761 598
754 944
19 264
579 979
761 812
776 889
230 978
159 599
18 827
750 734
685 439
435 258
781 55
805 804
129 356
783 456
615 981
788 967
592 358
42 446
252 955
459 918
33 385
571 370
289 374
741 804
398 460
596 920
61 34
222 526
708 99
628 604
799 44
677 675
658 226
715 325
335 2
563 926
512 896
651 792
294 497
66 788
239 912
405 440
544 868
231 836
512 201
442 812
40 139
38 961
217 590
752 424
705 800
594 497
659 21
682 673
563 179
84 376
509 779
501 292
308 110
362 837
704 750
735 447
597 904
394 739
117 185
626 373
604 166
113 71
384 354
589 253
116 884
630 568
270 214
245 115
321 319
468 857
538 826
671 301
745 525
82 904
215 843
211 734
788 339
502 49
127 134
654 765
603 924
632 410
324 520
268 446
754 456
627 280
361 966
453 782
783 17
83 928
322 157
790 674
511 486
609 510
444 985
316 168
33 596
199 224
328 305
328 875
317 415
668 827
706 801
211 234
178 389
481 675
476 213
698 114
239 946
193 518
40 108
360 998
621 875
60 537
336 465
190 956
357 838
155 1
42 995
303 442
208 519
381 474
615 533
602 460
696 724
48 626
543 462
302 815
307 657
264 685
278 665
273 785
408 796
356 890
787 260
611 741
301 969
755 132
247 421
345 106
370 430
38 152
37 263
343 340
35 767
212 637
234 40
727 808
136 489
103 230
690 293
732 939
141 98
277 401
8 147
715 443
211 310
307 970
355 127
484 164
309 43
435 72
766 278
291 91
582 534
94 286
773 573
51 93
572 722
454 225
57 177
345 463
538 215
350 80
392 263
364 71
632 111
102 502
162 715
798 65
334 849
541 128
302 268
344 778
41 210
731 237
782 302
506 711
630 518
50 360
306 109
166 637
741 35
788 207
253 104
506 890
682 604
634 7
111 515
234 930
656 9
685 812
200 378
99 506
60 901
154 532
260 507
62 327
148 909
538 164
425 900
365 446
606 175
116 216
44 728
241 429
283 303
297 870
651 765
783 992
383 835
201 323
36 585
440 532
670 447
66 491
339 663
409 702
752 320
372 205
349 269
367 107
263 36
86 459
291 184
467 625
696 144
788 373
263 453
107 956
574 176
138 54
315 585
300 25
809 809
558 604
262 489
350 525
95 889
237 164
643 490
174 558
497 580
64 979
744 593
113 655
523 352
255 709
600 475
765 951
498 337
690 663
407 29
559 842
202 797
457 8
620 803
641 885
687 984
730 11
575 372
133 422
467 879
356 574
557 188
17 625
173 80
555 334
744 535
707 226
601 848
319 103
611 340
346 793
159 587
253 263
408 350
15 384
378 902
268 579
317 708
54 293
772 519
398 487
794 825
339 118
415 802
427 442
41 676
208 343
556 701
725 702
616 200
782 357
202 484
312 899
341 595
631 749
459 885
269 204
374 819
261 421
54 68
393 839
400 811
763 768
689 230
768 905
726 361
727 141
485 625
401 982
113 946
622 448
413 650
375 68
226 267
797 727
415 116
143 112
403 345
509 421
195 79
246 607
794 833
740 897
70 870
421 685
270 952
268 167
468 350
16 808
400 555
487 500
226 501
487 284
103 926
95 285
588 791
521 736
544 648
381 984
643 57
624 783
305 317
766 313
166 697
716 22
312 306
733 124
392 396
551 284
622 499
47 593
463 134
270 156
57 263
578 698
513 596
225 476
733 41
240 758
759 356
34 776
76 552
10 168
127 226
201 494
103 391
240 855
579 92
127 811
642 565
725 135
672 591
638 492
799 581
305 630
532 94
355 797
549 413
772 439
793 512
17 252
187 962
589 185
222 266
603 406
770 266
799 704
225 984
770 583
707 520
600 745
425 767
643 198
716 290
206 178
424 613
660 285
149 893
674 590
74 79
647 76
589 598
289 868
770 705
412 174
686 722
680 16
597 856
682 129
498 574
603 639
494 890
257 194
291 159
330 238
158 467
786 645
469 481
337 235
419 801
493 96
393 899
580 946
339 392
444 56
808 825
264 264
805 709
66 642
28 752
245 26
710 534
92 154
226 620
420 205
504 896
684 510
56 940
775 47
740 303
194 570
15 155
226 812
319 968
613 276
456 856
768 281
459 273
752 129
326 846
316 579
808 774
206 334
71 644
588 575
91 477
625 488
169 685
370 779
191 898
806 83
8 591
96 739
587 659
316 364
576 584
723 300
533 612
663 786
527 35
187 571
46 11
658 632
283 326
355 62
39 68
807 540
369 182
530 976
766 572
420 523
555 792
473 968
342 817
467 233
589 689
809 434
20 567
668 372
559 798
454 139
664 428
517 705
386 228
735 681
532 4
791 548
693 16
585 519
793 293
391 875
772 55
263 884
441 363
317 387
662 990
355 692
40 116
171 865
326 449
704 909
167 108
719 153
224 487
366 354
62 697
59 953
502 628
263 842
121 559
157 5
435 620
453 641
90 859
207 468
116 302
225 724
484 427
576 393
681 85
799 624
6 699
126 362
319 856
478 498
161 929
472 555
468 930
237 80
488 801
159 370
765 922
489 686
531 809
161 812
654 443
592 705
716 317
255 46
352 115
365 614
194 675
156 524
741 87
58 107
307 287
550 980
585 557
747 812
652 839
593 794
254 320
316 645
304 151
750 149
352 494
186 830
306 460
535 280
411 44
381 985
35 244
653 17
397 223
775 484
739 19
719 396
420 724
542 205
403 191
350 135
143 656
362 960
580 972
343 519
38 607
591 18
64 152
293 713
543 912
389 544
295 183
741 81
158 727
387 616
735 751
310 309
571 985
622 206
665 180
14 626
172 138
295 487
169 939
653 732
613 777
282 992
772 682
264 849
316 282
11 998
520 382
550 206
218 457
302 311
20 98
208 96
284 933
726 846
86 438
392 219
164 577
574 466
572 749
111 429
213 667
228 71
632 644
635 35
177 761
115 243
795 961
289 161
406 126
450 825
669 184
788 965
675 448
295 136
719 582
451 516
58 284
63 516
761 393
602 714
418 248
666 482
711 6
224 797
75 7
774 984
637 329
72 506
168 887
387 465
70 111
662 30
181 845
684 428
449 510
556 557
453 438
622 365
146 682
451 509
297 527
478 745
634 169
34 826
529 860
239 597
504 767
715 139
772 252
299 719
324 650
485 123
91 147
803 411
20 822
702 48
634 134
725 998
701 113
537 422
333 345
643 637
109 175
591 715
505 75
640 277
696 157
534 572
30 416
341 428
67 89
755 894
176 700
380 510
227 591
462 77
299 174
156 296
789 845
569 423
13 705
363 639
540 1000
490 913
405 540
719 440
610 27
610 375
732 794
2 441
341 774
420 935
116 49
190 462
319 787
191 150
63 510
452 452
691 81
435 392
507 871
274 648
40 69
687 252
772 71
694 344
462 435
247 125
561 940
766 551
308 816
558 832
67 395
654 188
531 474
283 588
649 897
97 323
216 742
277 748
5 499
678 193
111 231
663 829
548 318
89 28
508 197
693 22
50 743
201 839
555 474
681 762
674 547
130 801
273 366
127 87
356 902
670 462
105 707
633 121
39 631
248 916
323 112
408 78
312 810
628 422
254 706
755 403
796 699
753 99
185 733
222 205
615 513
288 303
582 390
228 984
753 160
106 279
473 275
486 458
98 404
581 648
104 625
512 128
696 100
725 535
419 219
593 207
161 683
370 730
353 1
298 299
755 783
489 973
188 741
97 906
214 758
642 637
464 367
419 424
72 283
354 63
355 753
796 715
761 396
51 209
648 970
168 952
547 462
533 999
130 735
590 556
454 334
541 173
805 620
509 907
421 402
183 627
626 782
800 428
586 109
41 355
349 91
758 825
661 229
150 147
63 87
418 58
322 647
261 665
252 696
696 938
762 695
88 473
767 483
272 479
117 916
385 184
725 715
770 741
141 362
455 35
258 127
254 699
586 454
249 704
326 748
789 508
179 173
668 475
442 510
292 149
89 163
597 361
631 819
362 893
261 919
83 951
673 111
710 903
253 388
653 234
502 951
717 185
58 769
359 512
673 761
600 479
292 921
730 84
330 985
176 936
658 851
73 637
176 77
191 630
742 586
689 552
727 289
563 593
806 677
232 64
768 411
716 548
597 495
199 699
644 775
574 813
712 470
305 767
387 491
373 545
81 39
451 768
401 923
769 413
178 815
288 403
569 300
767 917
328 227
447 838
569 596
520 711
338 841
433 876
777 399
220 551
357 708
808 116
131 251
17 43
485 785
150 394
351 181
359 456
17 135
787 83
407 648
683 107
27 794
319 405
405 164
666 704
663 527
794 683
805 395
568 109
534 43
379 372
64 956
486 343
259 611
236 844
802 980
369 395
648 555
43 576
749 999
141 781
184 330
396 694
214 514
41 395
236 203
626 625
118 907
423 449
57 357
510 648
390 303
248 262
242 427
744 367
364 58
359 997
687 828
348 915
181 137
82 611
667 187
129 530
43 442
333 983
80 871
294 935
495 105
646 980
276 627
24 193
275 220
494 584
452 517
393 972
430 463
184 455
46 994
626 173
140 975
529 911
102 736
689 146
159 938
169 341
167 578
44 846
635 613
95 734
496 126
357 704
296 804
280 62
652 809
423 148
478 156
21 283
696 936
211 967
253 475
41 578
255 968
655 471
678 461
26 583
327 542
98 1000
296 120
725 80
292 638
82 598
647 408
639 866
539 591
616 600
247 987
755 50
234 749
793 931
506 349
643 284
644 733
41 866
381 179
250 254
726 123
119 996
105 331
139 53
559 638
607 341
242 738
705 837
484 841
587 378
719 428
636 420
687 787
807 664
715 790
568 735
502 551
244 5
174 878
82 314
568 220
112 468
570 136
433 755
44 693
360 444
63 946
309 663
269 936
620 657
729 704
501 635
599 27
459 440
139 72
501 467
772 505
295 615
339 734
173 301
806 368
317 34
132 959
182 894
481 613
720 590
17 457
773 898
350 421
214 968
296 801
4 927
207 21
296 613
404 810
160 210
745 290
263 66
800 836
122 39
290 601
743 229
656 754
780 349
404 999
526 210
458 953
98 950
617 433
287 54
333 399
752 698
729 220
126 815
358 848
433 372
491 837
612 704
410 385
461 866
321 624
253 704
424 400
155 153
802 228
311 483
568 290
52 301
598 581
690 102
97 691
321 605
797 591
694 734
344 288
564 107
406 113
174 929
157 703
316 255
557 470
23 594
33 980
392 220
508 765
585 376
552 205
652 432
606 753
687 864
576 470
42 904
445 200
133 965
420 885
576 192
573 576
631 941
718 558
47 286
557 468
367 686
99 495
439 847
653 754
550 852
153 764
681 863
588 671
456 836
366 218
259 940
765 128
373 108
730 551
152 939
46 90
483 575
535 176
711 505
584 98
543 292
782 169
269 330
537 949
790 703
532 271
538 52
431 776
722 397
290 24
253 804
415 304
125 12
328 752
185 838
283 338
646 551
222 541
513 896
311 347
770 325
593 683
479 471
210 215
424 202
402 447
681 151
87 757
448 491
432 279
620 910
153 617
728 70
300 336
209 721
746 183
366 510
565 422
572 381
725 798
267 226
758 982
577 950
617 281
768 118
167 238
173 538
504 551
385 511
98 610
670 118
647 131
749 371
470 816
118 286
796 492
86 125
214 636
164 80
790 613
109 508
277 932
128 369
569 852
411 644
515 524
743 502
355 966
386 594
603 362
360 923
525 304
558 932
226 98
127 454
740 472
220 29
593 305
302 651
373 833
45 252
236 709
250 825
298 521
43 501
50 226
666 835
629 485
678 494
368 510
325 854
44 754
265 482
456 189
602 777
730 268
538 608
408 205
162 487
626 330
529 83
509 658
58 502
671 840
687 739
397 194
524 786
416 211
645 802
1 369
528 554
146 399
457 182
782 741
289 8
15 699
264 885
217 578
376 940
369 91
281 251
438 357
535 713
269 219
608 437
242 996
781 782
290 986
629 680
172 891
254 917
121 523
528 938
357 472
679 494
701 245
513 278
529 735
642 36
141 339
593 955
520 782
356 821
167 523
312 221
637 185
461 621
675 139
540 778
321 46
772 443
511 614
684 77
347 729
548 154
508 378
258 477
191 192
412 287
275 596
438 942
59 166
389 193
326 137
783 157
718 507
356 267
370 878
151 383
130 930
499 746
332 528
162 186
478 128
661 949
64 852
527 537
185 131
763 991
539 887
204 267
178 695
206 438
85 158
659 356
341 290
753 855
90 94
741 210
481 256
281 622
313 635
698 320
3 863
19 137
3 132
154 861
790 27
421 693
486 989
470 637
335 681
565 590
642 954
752 853
187 495
348 26
511 450
554 370
747 258
541 358
107 17
397 114
226 981
93 286
752 315
200 161
232 936
381 217
411 542
571 372
263 70
14 130
523 544
650 680
639 516
246 670
61 332
404 770
319 872
298 788
655 400
736 312
793 886
681 463
672 674
630 637
753 771
626 444
677 29
440 992
203 205
328 194
30 847
760 973
566 817
528 468
714 933
163 530
67 995
187 96
358 772
279 218
687 288
341 650
525 921
615 780
715 198
604 281
301 441
362 292
