3411 161
142 968
90 177
79 191
44 551
123 348
14 22
97 859
118 612
101 220
35 573
20 931
46 70
84 283
129 715
94 918
17 553
12 14
118 620
52 384
28 627
64 652
111 487
98 286
85 456
27 504
7 24
49 582
19 149
152 784
14 803
18 123
101 432
94 440
63 679
145 228
21 909
149 231
43 279
16 517
45 954
67 976
60 786
75 883
20 100
32 592
107 43
5 108
155 918
83 758
101 128
71 275
146 800
103 557
138 751
133 967
104 164
93 691
31 323
47 620
94 913
30 100
85 946
55 599
49 964
28 374
82 833
20 534
104 777
62 126
95 781
57 452
52 373
121 897
84 531
113 72
34 318
53 779
76 568
133 478
31 305
29 594
64 617
34 884
116 769
22 443
97 443
33 957
32 934
8 338
28 539
11 688
146 482
97 134
154 782
67 513
141 845
148 921
54 537
80 765
55 785
160 451
121 865
153 129
79 965
157 767
52 834
26 882
156 406
10 947
132 571
7 414
70 864
72 52
146 64
80 9
23 184
139 246
58 77
145 248
72 828
40 39
126 249
125 544
24 697
48 380
40 175
21 359
152 554
37 57
55 333
126 520
51 191
95 900
76 889
47 194
85 762
119 2
64 374
64 89
84 611
68 48
105 994
154 75
54 372
100 162
113 611
69 843
104 124
97 518
24 756
1 184
33 512
96 481
107 555
123 158
106 724
113 879
47 933
70 282
94 445
92 902
161 495
122 697
133 49
57 651
128 702
96 841
113 900
140 651
120 439
50 981
141 748
91 162
46 431
84 700
121 550
122 742
37 211
87 370
48 741
83 771
128 672
28 509
107 48
56 64
156 602
10 624
20 364
41 144
141 616
34 786
143 549
19 688
88 14
128 215
148 209
144 935
40 544
140 388
31 972
57 800
123 453
50 510
9 99
136 889
19 872
36 491
102 492
67 214
17 552
53 727
151 603
103 541
86 80
50 887
2 246
40 483
149 919
59 648
35 609
72 781
40 576
37 575
104 738
35 743
29 177
103 50
81 581
61 407
82 584
21 972
71 864
93 26
131 216
17 132
89 183
11 28
43 735
132 607
31 319
22 844
47 778
61 512
73 294
98 564
122 990
18 925
23 736
15 404
38 536
103 284
86 435
100 655
145 781
105 105
39 28
160 347
50 74
55 977
101 950
100 165
134 868
84 226
2 17
123 25
161 112
109 207
77 647
35 533
139 34
47 15
37 207
84 158
20 633
137 662
15 798
121 448
134 161
56 329
67 32
95 650
140 550
58 510
139 682
39 798
80 175
139 400
97 26
73 700
46 439
126 398
44 517
11 887
73 357
7 740
50 791
123 525
78 812
157 367
17 877
132 275
97 43
17 421
2 101
144 509
122 421
52 209
161 571
34 513
42 560
69 130
58 141
58 972
56 114
137 300
83 847
96 739
125 958
35 172
92 374
157 314
121 778
121 864
87 536
3 791
145 419
145 28
95 802
20 151
81 110
72 348
88 896
104 222
9 896
29 31
54 167
114 786
68 582
147 234
40 861
109 416
96 869
87 704
30 518
84 772
71 850
144 16
112 184
88 556
122 18
100 718
40 575
146 453
99 130
88 439
25 337
103 923
66 46
78 480
160 634
133 45
126 653
76 806
47 671
98 726
45 299
102 207
132 238
16 331
142 100
118 159
105 340
57 355
142 455
156 547
36 677
11 249
11 855
156 608
14 542
81 418
56 947
50 68
102 221
67 477
130 958
158 114
8 670
104 821
90 999
140 785
2 991
41 896
101 993
39 565
80 596
53 498
71 450
35 212
72 27
69 842
72 759
84 217
88 736
32 675
45 670
160 755
93 368
73 994
114 786
18 350
99 481
64 390
90 761
106 495
148 544
37 90
34 120
116 27
61 56
30 948
159 796
124 616
76 145
133 688
45 98
121 249
25 118
83 932
87 295
137 645
18 60
10 325
105 664
81 168
156 585
66 808
61 417
12 1000
129 153
32 377
93 265
81 680
42 665
150 190
125 612
48 703
67 911
78 244
117 999
2 345
115 264
135 711
85 14
45 75
121 720
55 629
120 600
58 602
83 828
30 43
117 848
53 844
23 842
112 182
69 77
32 37
107 830
161 2
66 538
61 650
110 414
102 349
148 101
14 272
54 430
64 811
31 412
137 364
14 44
55 683
82 106
107 556
150 844
88 832
63 477
77 707
90 500
150 576
12 547
35 456
102 920
24 455
59 727
150 80
119 933
155 739
122 743
33 46
90 105
132 585
93 728
155 689
111 681
19 85
49 191
87 884
88 769
134 174
135 849
150 686
18 526
93 7
133 555
110 811
145 838
102 917
153 522
48 793
111 981
13 359
130 506
7 435
85 105
79 920
9 402
60 712
63 558
91 846
101 862
45 180
83 121
42 845
149 467
49 84
55 808
108 3
106 133
124 774
62 312
154 629
41 275
134 13
143 685
72 256
28 776
132 360
43 124
125 368
47 891
18 819
101 891
158 371
56 687
145 395
115 582
6 774
147 411
136 302
67 467
116 61
23 266
31 552
42 830
39 926
15 42
77 685
87 61
65 654
72 209
42 500
94 636
49 641
88 810
147 874
58 881
28 86
159 643
58 10
121 288
98 151
160 713
75 339
48 342
114 548
105 241
130 272
105 401
58 632
83 512
111 785
160 45
88 41
98 3
156 312
108 256
93 92
39 431
152 707
56 150
127 262
96 73
126 448
117 421
71 547
124 254
51 315
112 649
147 97
83 739
150 225
12 776
52 76
132 188
11 223
121 334
24 394
68 416
31 802
63 489
158 264
51 587
147 256
77 53
123 3
151 729
58 741
34 415
7 839
118 961
34 382
45 645
102 562
120 310
26 184
140 643
91 481
43 463
35 345
25 687
118 320
106 39
5 461
16 117
2 406
137 684
144 648
13 27
10 781
57 164
41 153
160 605
82 597
25 34
45 237
88 361
53 961
132 12
111 279
15 555
27 463
3 831
5 894
97 392
49 20
116 385
59 574
41 54
64 44
47 965
146 332
110 602
160 325
135 313
34 749
25 784
155 4
131 914
146 295
52 245
133 614
153 501
136 990
53 223
54 151
77 319
6 822
60 210
62 237
122 52
81 695
46 324
67 564
17 355
42 739
60 841
133 819
7 528
36 440
108 783
136 653
14 376
103 388
30 234
47 215
76 687
153 675
149 615
87 672
19 908
49 818
87 36
84 619
92 315
105 247
39 238
62 222
134 392
85 957
91 880
66 493
101 938
17 371
119 930
28 574
6 276
98 373
17 815
83 822
140 420
9 160
50 612
30 794
25 576
147 377
48 390
56 462
73 947
86 622
106 436
119 144
76 403
157 435
29 568
52 933
17 357
119 245
75 825
36 738
131 359
69 41
128 420
102 219
132 196
118 692
43 157
41 822
1 834
76 476
132 297
48 255
19 902
122 132
18 446
79 332
92 693
123 539
36 792
16 330
141 996
142 734
127 397
5 286
124 47
101 416
49 329
114 356
139 765
155 952
68 250
24 858
58 690
15 401
121 284
54 93
90 779
117 250
138 429
59 50
34 268
67 976
133 33
96 213
131 516
126 502
146 109
80 52
122 495
45 547
119 727
7 355
6 577
123 730
140 827
110 880
8 457
62 754
156 367
108 200
61 842
19 752
83 40
50 768
122 634
104 791
67 329
147 85
49 47
89 470
109 130
30 147
47 572
90 848
26 277
85 823
157 911
64 380
32 641
158 728
25 862
93 423
82 307
161 105
82 116
135 540
41 439
145 984
54 911
23 170
124 322
1 514
18 860
48 989
148 458
50 51
18 488
101 762
18 220
157 121
48 360
45 558
89 611
145 689
26 713
61 198
77 719
127 759
47 152
41 904
60 578
53 593
125 178
27 200
159 308
109 812
67 363
49 627
42 807
148 445
106 858
88 670
87 898
137 408
151 883
76 671
98 802
89 475
18 634
30 121
46 907
101 74
18 966
103 443
136 570
43 772
59 603
120 169
158 333
124 676
149 853
143 856
110 697
151 816
38 827
105 222
58 409
90 100
14 896
74 463
13 637
159 870
158 554
157 71
34 223
53 995
56 647
97 822
10 383
77 480
30 130
134 94
133 287
121 585
50 865
156 797
158 166
137 36
68 561
77 969
77 81
18 62
123 15
131 390
97 756
1 643
48 833
159 497
151 908
140 505
144 90
123 207
53 887
13 101
60 488
43 310
68 553
104 331
57 535
84 226
124 512
150 849
112 94
23 703
52 617
91 580
19 897
136 269
47 151
4 425
93 117
81 134
24 897
37 228
103 959
25 384
10 340
55 691
131 915
92 529
72 284
149 875
40 816
8 181
33 487
7 920
25 34
74 241
145 185
135 328
150 877
39 339
7 383
78 408
157 912
104 62
101 967
44 221
156 670
141 729
85 301
128 299
140 502
43 440
118 759
146 120
137 755
115 768
68 177
146 137
76 603
79 750
96 889
42 482
48 628
110 200
45 107
86 225
97 385
123 618
39 453
32 715
84 920
19 345
49 163
55 924
116 478
66 378
6 42
40 818
148 280
46 802
105 248
131 154
90 339
28 647
30 401
142 465
13 468
58 148
135 995
71 195
82 952
119 144
18 331
14 494
132 636
2 568
133 868
142 598
12 973
127 519
40 526
33 674
77 904
64 964
142 67
103 149
153 122
67 754
109 938
94 613
131 136
24 992
60 456
93 918
21 694
17 515
139 249
40 478
70 83
118 662
36 706
117 890
76 362
71 136
123 873
6 215
30 690
114 476
71 475
160 833
137 190
26 841
68 4
91 638
159 693
16 508
149 41
35 235
145 146
20 416
114 536
13 940
34 836
1 924
156 773
132 95
124 694
158 563
26 862
1 745
16 758
140 693
61 623
60 199
86 577
135 836
10 493
21 461
95 981
145 478
77 966
161 545
120 93
59 65
27 543
81 63
136 487
64 329
153 68
53 806
149 784
100 731
73 394
84 233
6 149
112 588
49 863
53 293
156 91
107 713
34 775
14 889
149 319
88 304
33 408
59 232
143 53
89 333
103 286
125 448
3 980
105 261
137 423
150 557
52 928
18 341
33 439
106 749
80 678
129 3
81 307
84 149
53 690
34 450
55 497
73 818
64 979
35 945
43 446
73 184
57 132
2 572
108 702
149 893
49 732
143 497
90 366
20 726
72 894
81 939
155 436
157 936
2 513
65 753
74 452
129 271
148 568
111 903
54 292
148 961
117 81
47 922
154 48
153 298
103 522
43 759
14 814
80 448
18 910
19 491
5 418
51 784
58 11
30 412
120 209
53 135
77 22
15 318
60 49
85 841
38 452
90 974
11 503
73 405
99 130
104 497
152 942
51 157
151 277
70 301
86 414
132 601
51 538
88 182
70 314
124 916
21 726
153 865
31 791
122 772
120 614
48 587
1 19
50 566
140 663
122 505
120 906
78 510
114 14
131 617
120 121
55 26
110 615
141 950
108 334
41 823
60 385
13 151
2 6
81 457
5 496
117 528
9 693
9 86
134 432
86 247
74 16
156 171
65 112
36 199
44 205
118 12
68 683
125 55
40 504
131 496
27 128
136 123
21 255
103 194
50 346
137 448
129 822
59 319
71 679
84 763
45 499
35 925
27 269
105 914
56 282
112 826
137 23
95 289
66 897
155 232
106 995
124 973
83 188
79 639
47 574
30 275
159 816
41 458
17 509
25 168
38 555
72 583
92 965
150 698
69 490
138 258
134 651
45 45
29 321
125 705
23 644
109 686
83 317
133 649
21 213
62 506
44 500
101 575
145 11
87 998
41 434
82 679
154 595
124 448
95 405
134 375
81 906
88 907
65 265
21 948
83 364
78 958
129 755
44 891
42 488
61 870
104 369
22 192
75 26
90 230
80 216
77 849
55 990
143 405
146 524
95 146
84 955
115 846
111 714
84 90
4 228
154 224
8 872
137 204
126 712
46 1000
33 258
63 197
51 682
118 369
75 950
54 452
130 160
59 146
130 160
44 484
125 448
161 983
31 422
57 379
137 229
160 453
118 684
13 501
111 85
146 169
48 336
60 392
73 349
83 736
13 214
57 673
20 275
67 128
41 875
61 61
106 122
111 181
155 197
34 280
143 224
22 268
63 696
84 872
95 786
7 186
10 2
100 170
117 973
14 444
47 543
29 266
135 157
139 24
5 437
43 182
94 113
112 346
140 192
83 739
61 541
69 479
54 878
52 782
126 630
151 204
35 235
7 139
37 608
84 663
158 309
133 432
138 514
94 955
116 888
40 874
22 32
87 703
152 49
101 405
114 702
51 455
86 390
98 783
92 635
102 641
62 795
64 285
53 618
41 376
139 70
89 195
151 746
113 571
66 707
30 863
54 478
15 798
19 136
50 670
154 676
27 462
127 601
60 469
35 554
132 824
136 604
129 64
82 707
38 90
83 525
136 93
28 949
154 247
146 121
120 977
101 517
50 558
145 502
155 696
155 880
99 811
53 817
94 936
92 307
35 732
40 54
2 878
5 955
157 844
141 410
10 582
160 837
105 522
20 347
71 831
50 166
135 626
14 413
79 572
121 651
16 113
44 54
152 514
128 377
78 916
59 442
124 439
132 516
152 89
141 175
120 168
63 651
90 571
9 809
59 186
39 770
147 33
70 245
26 450
110 253
129 831
49 889
7 412
121 3
23 499
37 346
90 829
99 56
26 240
10 587
149 116
108 656
91 173
30 180
50 772
31 505
67 142
94 64
146 299
1 249
54 216
89 612
17 326
111 91
63 720
79 269
28 345
90 45
11 396
142 458
101 978
161 597
147 576
111 621
21 654
114 838
53 441
127 125
7 969
73 830
105 492
83 351
132 321
62 882
17 782
83 631
121 755
143 863
96 949
25 954
107 524
54 402
105 597
72 102
85 504
69 640
118 771
26 407
125 989
36 302
1 412
58 291
1 800
155 449
17 429
65 798
60 413
48 574
57 564
9 718
117 682
1 649
23 981
18 775
65 876
60 857
81 501
155 511
23 383
77 522
54 105
39 82
33 817
15 497
45 342
158 525
50 7
6 786
27 450
35 230
29 518
49 860
30 873
6 569
86 402
44 554
20 752
161 220
107 593
15 467
94 748
110 716
136 776
76 634
144 530
93 572
137 243
20 541
108 248
38 580
82 976
104 618
161 306
122 262
48 524
115 284
110 965
153 137
47 500
1 873
134 398
131 306
14 52
129 854
95 314
9 709
100 370
121 864
45 367
19 79
52 562
114 820
94 737
39 422
53 547
63 231
58 293
144 679
71 896
93 806
122 32
146 421
142 38
40 486
143 568
105 752
131 772
35 748
122 912
121 378
40 565
109 261
67 951
117 715
24 655
65 62
132 25
104 613
100 198
3 988
24 715
60 167
148 201
21 739
11 371
126 358
117 243
47 314
42 644
133 710
133 473
84 341
109 333
87 276
46 938
149 136
48 458
13 14
114 665
58 362
151 713
100 497
72 163
23 518
119 813
13 16
10 39
154 914
28 725
33 347
11 280
65 604
154 453
49 916
110 892
55 919
69 34
99 507
83 863
37 665
134 241
77 706
105 400
45 320
125 672
49 80
73 506
112 215
10 666
132 642
58 698
108 788
127 294
98 220
148 823
11 732
19 856
28 147
147 236
72 772
48 454
54 349
1 759
59 641
88 323
146 630
154 212
41 136
108 598
137 876
138 737
157 638
86 819
151 251
139 411
118 984
135 799
65 673
33 895
118 899
35 727
71 130
116 697
125 963
122 729
11 540
146 991
53 343
17 88
22 643
110 902
37 627
123 747
63 573
137 242
8 443
158 270
109 749
105 489
25 310
7 215
74 563
149 592
88 791
70 177
78 690
98 108
142 645
134 795
119 655
128 201
143 491
127 25
15 320
98 237
149 168
64 272
119 305
140 380
156 575
15 758
137 232
53 781
146 534
66 502
1 97
65 979
87 562
86 871
27 626
127 827
52 649
104 605
88 575
28 372
78 294
149 661
113 621
151 761
41 463
120 924
55 306
141 200
65 609
97 152
29 138
77 637
106 737
94 661
43 795
75 383
31 692
146 624
18 634
105 113
39 791
19 926
43 322
65 736
76 847
46 364
18 715
8 267
58 65
62 848
146 87
66 501
70 801
54 262
94 653
90 499
12 598
32 851
127 954
121 4
64 148
130 452
127 346
124 595
52 919
44 806
123 514
19 926
151 710
7 343
9 328
46 90
161 308
120 659
83 25
46 187
17 536
100 423
5 249
104 359
135 685
59 344
91 557
67 842
145 466
82 843
24 115
147 171
50 850
148 694
136 47
117 733
94 275
130 133
13 551
82 910
27 67
112 797
72 455
9 682
109 133
83 643
13 364
63 855
48 991
102 252
40 52
130 306
54 630
48 846
155 772
112 592
1 239
56 333
30 48
129 861
11 863
73 830
82 925
151 455
73 803
56 54
67 369
71 523
65 104
88 227
16 744
9 149
18 739
20 112
58 16
97 948
111 393
40 948
121 205
150 290
154 247
136 739
133 925
19 351
151 377
156 290
111 444
50 310
63 430
134 55
101 95
117 301
32 74
106 278
128 180
63 729
114 913
85 35
134 392
21 638
54 10
90 981
10 263
68 874
105 256
154 489
14 166
137 498
37 994
81 906
116 739
1 2
122 851
137 687
73 10
118 313
159 450
82 868
78 177
33 577
44 274
37 430
158 124
4 74
91 545
58 746
8 249
77 31
3 428
84 390
60 476
137 254
73 377
161 45
107 178
66 748
108 811
31 166
123 913
33 717
36 328
143 205
147 774
155 583
102 733
112 816
25 868
72 351
86 255
123 490
147 531
127 986
55 779
125 346
159 966
26 260
98 574
156 316
65 218
135 227
99 13
70 453
52 757
92 683
27 412
154 666
35 675
54 691
54 34
130 857
86 137
46 750
84 19
154 758
108 197
118 945
150 75
70 781
145 228
122 43
24 585
3 662
67 154
88 391
54 633
148 579
13 28
118 251
38 423
120 250
145 736
119 683
90 986
44 897
4 610
5 621
55 709
96 644
58 952
79 414
27 886
36 864
67 606
82 995
96 963
155 603
48 658
136 440
141 759
160 912
110 760
16 203
115 320
138 622
147 782
2 873
39 436
68 121
109 504
149 398
40 598
117 990
158 59
57 433
66 676
64 610
145 469
75 636
63 635
16 963
109 163
108 63
12 944
46 653
82 529
70 301
72 552
128 621
81 196
121 708
50 216
109 976
6 554
20 9
14 733
23 827
64 567
157 128
32 83
134 500
77 225
67 127
77 793
76 207
32 356
72 819
64 827
25 1
23 485
20 696
38 526
33 911
6 698
156 221
81 102
20 910
107 496
105 533
64 994
78 220
127 451
73 77
148 237
58 277
14 336
39 747
23 822
20 830
135 573
140 452
49 168
139 452
1 654
6 669
19 626
131 740
82 537
105 114
13 855
13 364
37 506
92 674
38 869
56 728
56 519
127 775
42 786
142 189
99 580
17 169
121 601
113 112
124 814
155 675
75 608
101 510
137 924
125 355
32 644
87 101
113 760
19 942
62 770
155 609
4 289
70 232
60 103
106 647
85 427
44 959
83 32
29 572
141 780
114 816
9 290
121 750
83 912
94 151
145 42
113 216
131 909
157 570
141 861
132 689
71 799
8 366
40 767
120 901
42 316
5 144
50 871
57 257
106 888
115 732
149 113
91 691
72 433
104 184
99 74
66 791
137 587
32 888
91 134
95 785
149 227
17 755
62 100
68 705
71 303
50 100
27 951
50 753
91 659
161 696
29 6
30 159
38 189
56 374
43 820
160 817
40 169
10 737
110 287
116 99
115 349
39 535
142 165
74 666
84 957
117 525
72 865
26 19
139 111
93 591
68 33
118 580
104 855
141 355
132 42
158 504
57 402
72 197
85 514
127 190
137 670
100 236
135 236
90 938
112 360
132 947
57 894
128 834
37 20
160 392
11 565
58 553
147 543
154 879
110 534
79 974
79 47
114 102
41 830
50 589
38 424
153 602
46 945
107 683
107 56
40 952
111 30
69 325
133 763
130 436
156 73
160 353
154 839
31 172
29 871
85 539
100 744
100 837
5 116
134 128
11 915
143 859
158 71
45 589
36 718
62 340
89 715
148 263
121 86
54 461
12 359
124 276
61 454
41 187
6 582
127 231
80 222
75 762
30 543
73 671
113 649
6 296
85 61
16 256
152 20
72 57
80 447
48 456
82 52
135 4
56 40
118 650
15 360
82 908
153 798
20 285
135 42
33 679
9 438
132 13
26 465
71 169
11 37
98 447
99 922
140 336
3 569
17 673
57 617
18 737
50 829
136 390
64 347
59 217
16 111
128 981
142 606
23 820
71 508
154 138
75 574
133 984
102 505
37 50
48 401
57 41
34 922
87 418
161 107
13 454
140 86
39 712
53 762
44 442
48 649
42 760
131 210
146 411
93 784
109 415
23 401
78 413
27 663
106 58
69 355
148 590
137 213
144 118
133 197
38 835
137 670
114 601
139 669
13 689
136 190
35 279
136 663
33 948
37 628
104 925
99 937
26 90
116 219
61 8
124 688
20 896
118 753
41 717
113 679
4 194
40 684
119 378
12 638
130 998
137 943
104 323
36 207
121 681
22 432
131 477
89 729
110 303
122 117
117 373
126 273
117 671
5 753
124 785
41 259
13 140
62 818
65 564
115 316
24 403
126 629
21 557
75 218
66 658
38 959
71 1000
29 538
111 494
85 365
92 282
5 55
54 52
5 476
146 25
123 857
25 49
69 73
51 624
6 378
75 369
94 105
18 718
105 2
152 826
115 184
98 583
51 131
53 568
1 501
155 673
118 388
113 97
21 380
16 735
84 354
9 634
8 233
120 904
10 489
140 424
9 59
32 40
2 110
138 503
74 350
51 796
105 375
147 989
72 454
77 425
70 737
124 735
45 2
105 84
68 575
25 546
77 797
30 547
122 697
122 898
67 853
22 290
147 25
64 669
100 712
34 686
16 415
53 823
77 777
120 756
131 485
111 478
25 206
123 354
84 626
27 679
106 148
91 676
4 955
85 351
60 728
89 286
30 820
89 938
125 111
105 728
42 714
32 958
53 615
53 188
50 475
77 88
116 339
124 416
82 459
9 269
131 408
126 354
27 904
112 529
72 981
150 766
63 862
37 210
60 550
143 553
44 323
125 36
115 600
114 984
34 547
32 30
40 208
49 177
39 116
123 259
80 50
134 832
90 330
11 160
149 37
52 826
14 731
1 556
159 565
115 316
105 682
4 770
28 494
68 499
158 855
154 352
127 367
64 453
96 237
69 850
84 627
82 429
35 833
148 318
48 73
31 722
64 281
7 921
83 732
25 656
29 801
38 736
89 306
39 189
40 327
127 527
151 873
82 28
104 95
99 20
46 868
128 76
72 327
142 332
33 913
56 785
134 683
89 876
42 101
37 392
97 680
6 352
117 413
41 679
91 676
65 966
21 286
28 945
152 67
140 202
153 453
142 829
70 307
141 146
144 343
150 103
74 233
160 587
41 745
27 204
66 296
137 418
12 1000
52 705
58 576
123 579
141 329
142 540
58 859
135 204
122 761
117 937
117 736
138 218
75 53
27 253
99 860
130 74
94 841
25 949
45 891
15 472
146 812
118 566
101 402
111 722
16 817
101 390
91 455
89 612
146 863
96 97
155 815
94 429
28 753
88 452
82 6
106 376
127 574
12 444
13 889
126 922
52 321
63 143
119 478
98 114
59 49
27 936
25 425
23 987
146 577
152 638
72 215
142 850
9 863
105 749
96 511
155 838
130 72
43 994
157 3
68 290
131 738
16 163
115 890
83 556
24 264
22 323
17 393
94 921
99 784
124 865
111 92
16 917
151 943
120 345
9 376
80 534
119 202
153 144
140 667
127 593
60 62
124 444
6 9
123 746
62 80
125 376
130 536
46 839
60 36
70 851
69 604
39 45
81 905
118 745
48 403
50 297
117 779
29 904
14 401
34 927
98 111
39 635
138 219
94 701
136 785
159 321
36 727
161 951
122 408
67 926
44 722
121 988
89 575
141 679
76 688
134 487
161 349
63 633
69 998
122 782
6 901
137 57
46 682
92 973
59 302
20 981
62 240
104 426
158 979
85 441
153 870
96 242
107 706
89 82
83 464
116 866
131 409
112 397
102 916
67 582
19 579
130 408
161 598
100 172
44 422
125 447
146 875
23 129
148 527
69 319
152 193
115 145
139 595
20 485
152 541
60 738
157 639
140 638
40 986
38 921
139 808
125 159
124 160
27 250
19 699
141 838
145 850
49 108
30 365
150 463
30 885
145 785
54 779
50 903
137 142
91 945
60 58
52 899
48 780
143 719
137 447
114 657
23 689
79 985
122 606
15 341
145 540
79 396
99 990
160 204
102 442
28 372
160 507
37 747
138 703
152 656
45 177
123 103
77 216
85 642
71 687
17 750
10 235
2 882
7 656
84 291
151 44
130 355
64 851
118 837
32 889
129 307
124 899
139 265
113 902
97 263
123 278
108 370
102 321
60 651
154 594
8 118
112 534
126 245
74 258
69 171
95 627
101 74
115 364
38 293
137 564
55 678
55 237
153 369
4 422
17 159
43 170
114 909
122 591
38 954
60 856
3 996
124 556
38 900
150 908
86 941
10 977
106 297
99 139
75 116
69 195
11 95
34 18
118 102
90 808
37 795
120 126
31 953
86 380
20 113
30 836
60 408
49 701
72 423
76 465
62 234
17 223
93 658
59 425
18 27
16 695
142 462
76 843
3 824
157 587
125 289
9 427
123 471
147 288
24 832
124 805
41 547
5 458
51 984
53 144
40 835
94 670
118 125
19 559
24 515
144 970
120 645
72 577
133 648
39 890
101 237
68 617
119 576
19 604
148 649
10 349
61 926
94 804
84 695
14 147
11 857
80 496
78 68
136 622
86 173
84 396
40 285
157 452
17 503
70 749
127 438
80 658
21 109
51 33
156 893
74 365
112 442
10 421
129 214
121 659
84 669
133 533
140 752
96 647
56 866
95 358
161 726
97 543
54 998
72 990
106 829
94 351
9 343
2 929
157 604
132 630
136 401
99 165
138 958
123 440
12 168
151 966
30 313
118 642
144 587
20 450
160 953
124 601
138 967
160 373
40 892
149 257
144 103
65 373
38 79
73 313
9 402
33 118
122 471
10 597
104 940
97 413
141 872
122 569
33 370
41 144
8 520
134 796
73 769
15 243
82 68
30 209
14 311
89 692
17 873
81 247
115 591
161 223
40 619
40 569
102 160
68 26
103 200
108 605
4 6
72 553
27 620
36 761
89 86
107 418
14 862
45 968
146 278
129 241
113 72
34 376
57 898
149 651
126 898
36 486
76 39
84 502
51 336
108 383
125 730
29 231
140 478
69 584
135 848
158 186
70 353
150 662
39 814
119 420
95 648
92 182
70 962
131 27
67 934
31 485
81 560
105 715
127 753
117 760
38 949
90 602
73 78
148 724
46 791
118 948
20 641
25 757
40 817
117 887
53 424
116 546
41 618
23 87
128 304
92 495
146 454
136 273
55 29
21 920
16 610
53 579
109 253
106 132
22 667
70 34
52 589
55 926
77 23
140 505
134 345
117 717
24 194
25 368
17 144
128 76
116 184
112 394
128 53
118 450
87 841
46 156
47 61
112 498
25 295
59 419
143 663
31 762
128 193
135 134
132 358
55 120
87 850
112 927
143 631
153 983
90 1
157 861
75 321
109 477
99 266
29 5
110 391
15 791
106 995
140 59
42 95
28 266
87 71
106 468
34 165
75 171
132 357
120 150
33 328
40 895
25 969
145 461
118 466
158 963
1 136
85 679
9 923
45 636
89 176
4 992
40 22
22 7
128 28
41 86
103 114
99 328
73 603
132 717
7 929
129 846
78 833
38 619
79 651
27 693
105 571
83 68
101 659
125 169
32 711
160 165
99 719
155 81
12 728
138 876
91 323
66 881
123 757
32 909
103 230
132 997
122 194
79 446
40 259
94 732
158 972
68 676
11 111
90 377
26 537
104 546
15 169
109 234
14 908
152 991
17 340
8 909
93 956
9 904
76 310
150 517
130 197
116 521
65 531
150 400
118 484
134 352
144 305
74 571
135 159
61 937
86 405
2 259
24 569
1 89
146 980
45 389
98 697
58 142
106 466
48 814
20 259
111 645
92 765
5 451
94 469
108 729
37 162
147 273
54 858
92 386
115 29
38 37
123 721
148 426
112 668
24 772
87 741
129 809
139 964
138 467
72 622
30 753
118 770
125 327
90 374
50 289
111 258
123 548
89 115
37 214
13 946
126 689
54 379
139 540
48 959
76 689
2 146
97 544
86 701
101 299
82 741
96 696
77 74
62 315
107 81
116 33
111 811
29 85
60 884
150 734
155 964
149 23
14 33
8 631
112 451
129 175
85 791
61 518
62 757
102 736
121 922
105 699
44 623
93 400
57 312
112 792
156 749
154 349
71 724
58 212
37 981
54 82
104 853
21 260
140 300
52 549
91 263
85 812
122 782
14 451
44 543
79 225
105 33
50 345
21 810
89 969
13 418
15 812
44 310
110 240
32 733
138 305
77 334
58 764
84 25
144 717
28 625
126 169
93 713
130 85
150 299
64 269
47 186
48 981
51 770
60 556
99 898
102 684
73 217
131 84
154 182
56 758
139 407
144 913
134 291
36 360
54 456
93 544
123 910
64 286
149 689
25 919
144 515
133 119
131 543
21 251
155 679
158 294
49 984
156 856
136 9
147 410
107 296
12 555
68 284
1 966
23 924
111 90
102 422
75 857
136 137
93 529
155 508
3 662
161 892
159 502
133 266
127 675
46 275
121 909
143 998
57 37
141 249
50 771
75 997
42 738
117 125
71 751
150 323
135 509
126 563
118 635
34 446
99 900
44 153
70 550
91 691
103 132
98 714
1 780
26 319
8 298
7 669
31 643
158 294
87 939
110 726
38 416
99 662
44 700
127 522
133 862
63 100
91 530
25 575
134 189
8 980
81 706
153 384
124 263
11 756
37 944
62 492
137 555
56 817
124 747
134 751
120 614
18 79
17 511
53 790
17 540
61 77
45 904
36 47
65 466
27 869
161 757
85 933
59 502
151 751
52 105
153 927
140 757
135 606
138 683
62 257
56 971
160 136
150 318
137 472
41 813
146 970
114 233
78 922
161 633
14 408
148 527
19 410
107 395
143 528
147 270
140 951
147 664
35 831
118 436
6 245
88 719
126 850
75 452
158 345
31 698
23 141
151 524
108 433
131 864
127 934
117 385
3 24
111 86
57 809
44 552
140 157
20 800
123 277
55 774
47 876
96 803
114 453
90 880
84 435
