7008 605
453 535
515 883
368 365
108 818
251 47
601 500
413 497
13 848
288 307
27 376
289 907
322 347
313 112
323 916
187 8
55 169
101 434
64 884
386 701
123 262
599 768
291 279
362 23
119 943
382 61
169 833
514 996
480 66
583 462
352 846
506 616
602 916
535 802
89 813
533 664
604 697
312 204
399 209
250 25
267 806
534 681
550 969
138 561
535 545
322 416
150 376
360 955
245 38
188 372
280 61
104 574
37 643
200 419
450 19
198 134
172 900
431 481
310 888
214 849
62 206
7 165
83 705
292 434
120 32
292 778
474 876
597 728
602 252
272 557
471 20
388 895
170 281
29 437
182 967
65 980
171 556
312 45
204 490
239 716
49 120
394 923
318 282
477 149
176 445
266 371
238 284
284 18
564 62
588 51
14 637
393 498
557 520
538 24
313 410
451 313
319 168
280 15
558 887
449 197
353 45
41 180
59 459
55 137
224 737
538 165
59 810
125 132
175 475
27 759
225 256
283 954
33 840
295 694
103 76
319 24
351 652
134 448
451 674
203 387
307 988
98 234
140 758
302 129
378 982
396 289
173 927
446 422
515 862
509 681
375 384
138 103
467 42
372 360
394 47
17 169
221 710
510 858
432 434
154 521
473 616
489 118
568 828
97 981
453 252
91 519
283 91
277 688
250 680
398 338
579 972
469 465
108 536
444 478
525 133
412 133
529 137
13 126
408 769
408 55
465 529
447 688
317 718
264 493
262 381
430 664
431 945
228 853
107 9
431 917
549 151
470 923
527 18
427 690
480 829
334 420
398 150
462 820
435 512
330 526
521 777
478 410
338 692
102 36
137 473
125 895
409 704
457 925
400 58
447 456
449 816
527 733
241 945
296 964
485 681
221 113
311 700
363 382
440 191
366 727
412 784
339 180
362 233
410 882
360 305
68 827
196 730
498 561
161 148
362 711
470 609
164 736
94 711
53 158
25 905
113 860
355 238
461 429
429 761
328 915
144 783
124 752
124 260
600 440
491 166
314 429
189 856
172 282
505 873
466 937
141 546
505 917
144 788
497 576
107 384
605 815
437 164
294 793
429 429
295 595
367 743
574 966
60 55
152 896
225 250
582 951
384 819
163 329
30 761
480 447
463 46
380 965
564 161
435 956
518 941
246 73
602 192
208 99
418 493
64 152
162 306
573 25
485 379
351 601
28 437
318 970
29 260
337 368
36 557
74 155
73 532
543 194
573 536
236 707
413 498
525 692
66 930
605 717
86 626
162 187
36 617
285 47
572 681
58 125
126 25
443 510
81 3
195 262
147 823
34 950
529 719
68 667
260 49
141 957
62 880
161 921
93 691
586 152
282 693
396 22
86 699
466 179
466 545
452 437
443 877
533 309
152 338
306 429
483 359
201 248
521 334
181 850
316 21
395 900
133 344
181 762
281 309
424 76
480 758
325 912
70 691
275 726
119 813
591 139
297 348
273 287
46 907
273 223
190 526
99 211
269 443
525 569
23 214
462 632
366 667
182 942
153 88
542 451
34 32
409 388
235 305
232 873
10 311
371 286
453 903
442 862
210 956
580 491
213 430
61 336
515 6
405 727
73 716
399 675
553 89
369 240
358 661
400 838
226 490
280 97
303 991
439 964
497 334
154 985
90 358
525 586
59 441
397 684
579 223
106 623
119 730
463 359
88 664
3 46
575 900
140 399
301 334
391 357
121 646
104 130
505 244
550 192
7 915
476 580
390 298
522 213
548 370
261 114
337 891
540 473
328 214
388 625
529 244
380 169
40 470
381 942
553 170
33 233
576 581
296 79
245 140
276 199
22 41
93 456
213 148
571 816
107 887
570 501
338 329
73 856
262 180
317 86
597 56
146 86
442 86
170 389
381 405
272 420
65 888
284 401
407 933
547 82
497 424
352 973
571 22
268 179
290 91
177 560
588 396
217 437
465 21
89 367
173 933
293 445
396 221
350 677
67 685
146 823
264 975
243 8
474 418
247 753
334 272
54 70
35 904
201 160
392 333
220 691
164 445
145 793
40 178
600 884
387 413
332 736
589 262
228 855
542 461
499 395
365 565
471 319
369 819
453 710
595 835
269 875
13 155
3 551
89 543
468 935
387 187
430 395
539 924
163 240
96 992
177 871
361 664
185 852
252 709
173 703
540 705
32 183
492 177
525 698
303 418
228 117
228 689
536 634
272 777
233 973
231 497
15 431
174 908
71 940
187 295
458 60
340 974
523 429
28 671
77 791
105 29
349 167
135 118
500 909
252 38
501 53
521 650
203 530
492 894
359 415
354 712
278 604
317 946
560 415
523 251
235 160
140 871
444 67
499 251
191 130
344 938
343 153
51 170
459 328
85 400
485 125
38 312
276 575
479 405
47 508
453 455
571 428
332 752
485 195
381 342
417 595
259 349
444 600
198 266
520 626
517 624
208 38
269 527
40 101
348 960
527 180
348 426
479 243
147 313
390 638
158 745
268 647
513 967
385 241
26 369
337 343
111 48
262 619
36 269
136 599
515 850
189 680
19 677
562 861
461 720
144 940
421 619
114 982
110 649
2 927
554 215
207 527
274 560
184 763
175 331
33 956
534 131
272 502
352 262
215 339
371 383
554 30
218 357
123 544
180 657
251 679
337 156
101 202
109 590
281 422
296 88
301 876
296 883
425 704
445 103
317 364
486 149
390 483
367 181
355 758
274 161
532 755
293 56
459 80
439 612
416 676
226 236
290 151
155 387
386 374
186 383
245 760
354 387
274 819
222 701
290 119
63 137
504 521
162 44
549 818
114 553
414 630
439 864
142 726
585 842
196 726
285 430
543 919
141 568
530 182
432 412
173 459
135 375
218 364
190 135
64 343
379 702
558 731
445 891
227 904
473 16
356 642
86 157
35 18
293 748
598 365
554 763
360 467
492 565
333 673
428 449
97 40
302 497
361 67
385 573
569 733
285 662
402 545
96 323
351 136
364 95
377 207
362 952
346 838
454 274
91 666
482 395
232 395
590 796
11 151
73 574
603 981
544 74
300 571
310 896
356 393
91 273
213 876
584 549
120 716
161 830
203 637
596 107
456 386
487 782
476 637
465 847
319 577
423 926
521 689
505 156
112 813
303 803
549 956
81 186
516 797
289 682
189 909
223 787
352 540
106 888
505 311
253 942
498 40
118 649
579 721
258 232
486 445
241 132
500 504
277 309
70 937
475 205
250 119
586 554
45 553
395 808
261 709
546 165
265 538
314 668
362 341
130 163
485 136
392 540
123 734
470 264
473 801
221 471
530 661
266 433
121 266
296 264
174 261
132 68
554 607
55 22
519 389
33 221
399 462
475 316
317 536
179 377
596 596
444 856
525 77
362 391
116 301
600 55
313 513
66 617
239 432
481 239
429 63
463 510
442 472
180 379
348 566
16 491
86 506
418 921
508 762
274 68
363 725
2 190
387 128
308 46
33 628
17 535
290 189
306 999
462 396
203 273
224 430
596 499
531 988
417 496
295 369
489 608
141 335
442 875
149 330
46 530
83 107
266 14
333 334
598 127
288 308
559 14
159 490
275 203
417 72
289 480
174 148
276 307
5 756
248 808
580 783
352 781
284 597
170 181
381 962
175 470
70 95
421 466
534 393
283 866
23 64
386 910
544 857
593 902
372 877
260 804
2 760
158 304
331 75
57 259
3 122
77 532
605 590
331 158
130 964
549 752
110 156
262 499
535 531
460 896
541 513
576 424
157 876
72 753
514 131
74 904
540 348
520 210
68 135
427 353
376 553
101 549
224 882
471 920
262 191
137 145
493 88
364 690
376 819
139 530
316 40
191 340
441 146
353 678
588 988
549 523
496 370
264 386
211 500
8 580
80 135
546 826
193 707
146 364
527 134
446 923
357 887
324 760
593 644
186 34
323 532
347 765
288 334
37 558
283 721
278 448
152 81
289 593
435 169
389 853
144 203
575 754
59 585
82 459
379 368
522 78
528 360
163 478
312 109
597 449
547 729
286 946
363 760
181 56
354 234
31 398
340 652
557 625
466 167
601 21
3 568
95 704
477 127
194 622
234 592
58 747
195 204
591 548
433 169
232 406
451 270
171 893
107 720
512 87
492 304
75 7
150 107
530 114
311 968
142 965
260 998
189 149
94 819
483 501
260 286
428 884
506 214
456 172
87 184
352 196
327 189
100 551
426 625
263 963
403 790
207 187
60 335
383 750
356 5
11 37
304 573
397 465
443 752
452 130
38 98
69 761
355 252
488 655
17 371
453 660
535 326
106 369
373 267
185 846
157 594
390 453
432 33
385 341
491 726
156 656
222 480
306 429
523 159
126 598
343 607
593 91
51 850
566 558
95 59
85 805
120 571
366 612
592 479
436 864
106 64
126 60
271 754
480 920
128 685
524 669
239 703
383 986
24 841
27 706
410 717
100 332
583 863
543 338
60 265
334 962
133 340
425 496
89 142
83 2
10 983
430 354
209 587
297 808
47 819
472 70
172 67
365 650
303 158
153 47
424 630
260 300
200 252
196 43
185 814
326 635
357 179
567 927
243 193
232 629
58 424
31 912
307 709
510 839
139 616
287 876
558 254
479 189
291 647
63 950
44 545
171 316
124 315
306 980
15 875
130 746
412 177
128 554
369 945
214 979
286 597
27 39
398 321
207 389
299 917
578 407
240 535
512 820
80 974
186 999
514 856
535 790
130 749
144 316
254 169
207 7
435 966
463 202
120 696
228 133
207 607
358 288
312 72
477 20
104 877
512 850
432 640
388 561
172 556
97 324
419 364
373 522
150 970
263 613
162 522
566 243
131 236
33 1000
316 53
278 706
437 286
577 636
94 708
279 611
519 166
466 924
9 251
324 940
188 57
489 686
375 159
50 769
233 364
331 175
88 853
357 872
516 307
500 149
234 50
484 837
386 372
514 579
293 116
347 269
509 628
270 911
151 167
460 934
423 687
311 206
86 616
266 549
290 275
150 605
359 244
345 278
324 749
298 17
331 817
352 638
121 737
445 383
185 307
143 443
87 214
490 292
468 87
102 401
134 198
285 189
601 906
38 606
438 921
285 791
443 961
253 998
329 818
502 166
299 330
469 583
316 511
578 601
379 632
584 861
307 269
601 68
107 58
371 645
557 424
84 227
488 860
232 77
398 287
571 957
178 116
245 794
584 76
142 901
232 405
351 55
169 407
235 930
440 678
208 876
4 739
600 47
272 755
409 307
538 734
7 499
34 513
541 204
471 309
247 961
446 557
467 161
78 892
79 471
387 165
531 418
517 625
447 227
289 125
380 145
239 417
398 616
95 570
47 125
317 904
220 196
356 249
172 827
197 124
593 724
376 335
241 775
173 778
49 189
34 178
69 582
27 543
244 180
469 838
21 966
413 407
7 438
537 688
55 979
542 880
15 216
423 485
42 747
47 287
264 703
313 178
362 282
119 40
144 248
80 821
208 406
483 569
379 375
94 785
120 851
193 671
215 875
269 981
308 167
435 526
36 352
219 694
578 278
183 500
131 938
556 687
197 293
499 598
412 928
234 767
270 266
496 49
329 430
400 289
16 265
222 97
411 248
317 189
295 24
538 596
301 580
599 277
56 204
126 407
230 40
301 871
382 424
65 558
312 415
28 889
554 411
556 455
422 280
419 231
172 706
271 143
153 38
532 446
157 321
406 227
31 591
109 107
591 806
529 127
513 296
334 635
154 45
541 265
537 254
70 204
424 219
529 285
376 846
18 2
333 974
592 354
297 493
399 210
430 547
423 619
488 584
377 241
155 285
505 733
13 900
309 980
1 308
11 647
56 646
368 161
250 306
103 276
550 707
363 444
288 679
226 362
285 992
371 410
152 605
369 205
545 74
479 280
256 203
282 500
295 501
423 476
440 694
535 201
448 592
119 809
425 706
375 844
427 262
202 446
373 188
379 192
9 390
249 199
526 354
318 708
406 956
185 338
436 609
161 274
378 764
222 266
586 284
506 970
63 908
555 734
33 51
364 895
22 18
182 106
251 360
177 351
360 809
284 419
592 403
527 78
22 551
554 358
341 206
474 283
388 98
404 201
56 56
23 425
169 5
149 23
574 446
57 677
192 126
352 471
111 460
77 46
430 946
112 453
160 975
64 783
332 918
374 359
563 53
584 909
309 751
392 16
582 322
535 623
300 674
423 407
337 68
414 536
422 412
79 656
524 207
448 134
256 114
570 208
216 497
449 750
440 600
445 652
97 838
354 684
272 381
104 618
23 668
553 14
149 517
244 693
156 495
136 657
9 629
498 908
336 900
120 57
158 449
511 883
557 593
497 396
138 296
387 952
404 947
138 863
244 477
163 238
1 630
334 838
103 583
559 788
577 999
80 224
388 281
514 54
281 196
48 472
450 930
431 521
270 873
305 699
582 421
592 634
527 612
563 328
34 840
278 215
277 505
478 722
378 120
80 708
315 253
287 878
459 123
255 582
21 15
421 227
153 804
81 482
286 441
478 748
541 345
199 765
72 138
396 671
69 343
33 373
484 630
77 808
129 283
279 494
182 579
372 62
165 138
147 813
597 558
391 540
9 665
164 567
34 794
65 735
539 253
151 545
577 311
371 438
322 602
189 121
49 191
569 988
484 303
538 531
129 17
11 294
542 856
414 76
122 114
113 467
283 274
176 537
84 806
156 774
228 705
36 335
478 490
272 317
281 876
1 604
305 628
219 772
409 238
347 12
604 881
243 234
2 526
482 476
90 757
99 154
20 927
195 393
221 485
206 449
19 280
490 296
535 751
406 6
442 668
579 79
595 967
409 804
197 825
382 10
327 410
351 153
121 645
9 686
193 519
552 337
15 275
488 8
165 1000
525 586
72 305
143 229
190 252
318 769
202 572
213 811
510 952
506 435
204 385
583 766
154 240
410 308
374 493
14 35
115 33
339 594
298 253
333 831
523 545
229 674
554 302
288 384
590 452
252 280
12 565
361 729
431 952
450 579
28 671
110 249
470 249
311 557
368 289
417 820
295 957
281 518
476 871
211 263
242 32
361 753
268 32
223 712
532 127
299 644
398 280
162 642
493 840
365 996
164 347
480 388
321 720
582 93
303 776
288 290
295 747
256 589
70 394
254 994
76 974
238 433
184 888
531 455
193 199
573 581
336 501
180 80
14 82
336 887
118 744
575 705
590 941
491 980
258 812
473 575
478 244
598 9
262 727
149 823
516 500
501 802
568 70
117 463
473 532
168 421
414 711
146 938
13 974
49 319
307 717
368 559
378 113
385 44
562 326
528 122
197 961
216 858
345 591
200 233
227 444
451 46
87 325
324 103
209 279
143 653
82 613
38 587
250 870
366 219
306 636
230 825
144 486
148 606
289 662
36 958
41 388
51 202
223 906
136 543
512 591
45 157
14 772
151 946
214 641
576 852
594 41
590 458
23 449
369 588
387 661
225 622
218 980
125 274
474 567
420 91
43 46
7 834
6 267
555 52
513 788
265 706
81 525
420 511
188 404
205 134
163 828
595 466
579 370
568 124
15 251
515 665
374 20
166 993
206 320
106 41
133 142
455 554
455 913
205 976
40 142
589 435
342 441
553 609
153 320
134 906
530 582
598 379
191 330
92 932
153 205
24 874
108 624
503 541
273 740
327 587
601 791
351 579
559 766
594 59
167 373
110 587
399 697
304 768
265 7
228 754
348 738
342 70
211 729
469 476
485 574
127 66
341 976
452 815
466 962
291 441
190 162
471 832
145 274
39 984
399 915
562 275
235 5
586 925
174 985
72 894
480 359
362 68
593 160
538 422
421 93
138 794
120 333
563 231
592 963
87 100
542 102
531 688
336 112
342 415
516 808
37 659
183 640
18 809
37 535
393 288
291 863
165 238
598 896
511 450
179 788
83 651
169 625
447 191
574 690
354 365
241 790
17 540
145 72
387 241
400 725
403 885
31 289
482 13
107 290
129 296
121 939
418 773
556 811
514 154
22 699
179 806
186 844
587 680
422 727
569 933
146 930
23 454
331 634
378 111
583 35
134 298
13 618
308 586
146 52
279 73
101 908
600 970
318 201
157 415
182 717
378 388
423 567
314 450
63 546
560 53
71 572
267 887
455 728
81 179
245 780
471 146
517 620
52 841
547 485
472 681
241 651
556 206
396 875
28 193
446 673
246 678
55 132
325 406
596 373
334 102
51 604
214 287
156 315
456 764
20 553
311 727
218 432
586 132
270 14
381 819
26 80
297 634
413 291
115 2
261 938
474 133
571 955
200 407
462 665
593 658
92 723
271 7
52 652
454 132
605 793
576 513
556 782
464 802
505 777
159 712
30 277
347 736
521 225
544 978
466 447
463 475
182 709
512 307
140 911
239 656
458 635
471 602
571 451
312 469
599 919
552 754
446 688
239 397
215 230
514 976
438 740
212 759
331 86
364 851
392 34
176 519
579 572
327 662
237 928
64 883
121 948
189 975
24 147
124 118
357 851
573 994
210 48
304 351
487 279
107 149
116 955
197 146
482 324
105 413
46 43
255 252
482 552
120 647
322 996
93 922
309 455
502 127
284 475
90 114
89 695
173 747
212 149
501 472
447 780
297 800
400 870
137 80
103 99
331 378
342 877
308 946
476 986
415 935
424 501
82 680
25 533
12 236
126 837
517 544
140 186
444 150
202 464
232 768
247 638
473 361
445 933
188 68
153 388
498 187
570 335
15 825
67 196
581 560
406 733
504 589
302 912
598 87
170 890
35 571
452 880
166 763
572 220
594 410
561 238
332 177
310 840
479 662
272 705
223 648
135 299
240 444
548 198
493 147
261 699
283 921
161 441
83 16
91 523
178 987
592 207
550 499
129 817
195 862
19 614
295 91
279 162
130 799
566 818
53 451
234 226
100 507
250 889
148 680
83 664
405 799
59 847
325 521
163 232
401 425
596 842
34 657
117 887
94 453
14 126
275 430
348 306
521 792
73 313
299 476
441 141
425 167
548 615
495 625
43 647
123 903
507 637
318 522
233 740
481 110
268 561
61 396
158 416
599 736
324 151
386 803
572 354
401 186
358 85
92 709
413 365
602 553
488 495
463 7
496 111
385 706
355 403
460 13
241 918
533 923
124 589
125 645
31 165
190 760
259 139
193 188
553 770
535 14
309 721
370 318
444 994
419 346
105 189
123 778
476 923
515 209
124 35
566 378
480 520
291 225
573 368
497 662
527 711
142 910
42 418
605 969
186 477
386 949
123 598
163 177
164 223
205 219
110 871
373 339
596 290
43 774
315 21
416 436
283 99
316 457
71 330
571 608
289 470
271 59
142 958
38 597
436 186
32 656
468 307
417 663
566 915
415 686
601 600
584 732
404 854
151 216
447 850
372 785
57 895
532 589
13 589
565 251
373 605
477 537
47 822
336 430
447 707
51 185
411 731
367 624
346 560
577 274
311 297
375 702
578 175
162 97
521 779
53 532
89 31
466 740
402 729
217 217
380 267
596 15
416 93
411 623
46 618
51 143
551 990
20 878
77 423
441 17
96 697
464 897
429 800
14 819
349 34
55 318
419 82
519 424
216 775
242 194
9 298
565 759
158 116
295 713
103 909
457 500
287 830
101 641
29 496
253 989
338 235
502 927
417 856
311 237
544 919
321 808
479 10
126 59
515 488
457 208
558 435
435 371
311 426
568 125
292 24
197 666
364 603
88 19
566 30
47 565
391 367
9 385
491 442
239 946
44 84
99 490
527 696
410 357
452 214
477 475
126 439
459 27
57 842
471 811
190 739
179 921
145 830
241 509
26 536
538 772
423 415
593 583
240 797
327 34
200 673
555 197
135 277
348 622
54 161
222 941
434 511
260 391
281 845
100 100
167 94
414 289
218 313
393 983
281 352
349 242
323 771
106 634
484 467
483 29
311 895
404 211
227 690
159 393
594 898
595 983
224 259
258 258
458 690
135 651
173 963
546 901
297 68
123 235
298 327
6 944
584 804
303 388
598 428
168 710
592 31
119 469
353 63
111 462
261 915
417 753
428 965
240 940
182 653
387 942
182 147
227 13
309 872
454 753
67 310
223 70
370 747
101 294
367 723
177 973
339 795
418 227
117 151
246 78
54 540
198 557
199 998
52 318
406 20
308 209
286 191
589 482
564 495
119 563
428 758
419 319
23 290
248 793
311 279
357 691
568 675
354 463
180 601
189 810
11 367
26 955
409 215
427 713
249 690
98 402
72 792
592 557
266 433
235 265
557 23
256 67
297 210
137 309
315 859
293 409
65 833
574 322
284 991
251 787
184 883
531 589
432 537
98 118
114 143
565 989
466 774
305 815
497 359
386 797
273 683
318 188
160 186
439 219
433 198
307 336
374 477
428 964
564 362
540 458
418 763
389 556
85 685
207 830
604 740
66 537
206 284
588 73
274 723
55 648
321 820
291 721
466 477
569 133
271 785
492 841
123 408
376 62
4 466
147 432
524 776
299 360
536 947
6 202
288 299
528 240
98 225
312 869
228 989
297 202
298 233
276 196
238 587
496 60
495 575
256 614
185 899
578 522
108 362
469 815
347 698
244 75
558 229
202 772
519 284
275 474
139 479
547 458
170 998
117 69
132 299
485 630
578 54
269 128
21 952
512 486
175 160
421 633
406 625
139 54
169 322
602 285
458 412
377 363
135 64
356 809
407 495
116 858
480 927
310 273
9 365
50 913
143 278
112 443
15 220
377 708
395 615
133 460
471 785
420 743
29 921
216 544
476 785
555 386
162 336
136 397
260 937
424 527
418 570
564 768
408 982
543 140
499 788
372 133
358 285
439 983
222 185
98 626
280 787
255 4
507 537
399 876
420 445
324 744
466 366
115 728
546 736
154 40
362 976
385 994
16 41
213 202
529 961
332 968
482 836
202 194
111 976
390 895
7 512
567 493
580 274
266 43
501 785
161 136
495 251
104 850
151 475
299 248
592 920
406 681
104 133
230 43
160 119
177 709
164 18
361 36
532 652
448 538
149 432
232 946
180 461
583 422
176 133
102 529
106 38
261 366
509 20
323 287
529 453
274 422
191 339
222 543
209 318
129 44
339 744
122 424
431 199
82 701
9 878
26 518
591 860
92 197
278 379
204 206
604 682
184 602
550 124
107 486
583 487
208 369
481 662
470 817
508 712
487 415
283 94
496 102
137 89
84 832
282 657
148 521
272 295
513 394
555 500
380 111
227 592
228 433
303 964
418 142
86 112
243 796
326 614
143 313
289 860
258 638
348 615
551 359
544 563
433 37
207 555
1 412
324 479
501 421
23 465
114 173
432 319
216 636
435 869
68 383
436 816
392 711
427 203
260 536
339 118
50 59
125 618
399 668
322 726
410 28
489 437
419 232
233 654
527 448
149 699
263 377
440 130
56 188
28 759
282 877
110 432
104 660
246 791
520 551
251 356
272 62
524 385
445 430
303 212
470 447
14 824
439 182
270 492
391 116
477 426
25 356
477 889
510 929
455 404
438 126
427 873
362 788
197 907
324 87
228 689
297 209
564 196
239 886
554 845
243 303
151 933
58 863
443 322
31 369
307 832
289 863
549 374
90 540
478 381
461 196
497 221
265 895
137 216
429 129
139 77
324 621
491 614
72 189
217 306
224 44
402 556
79 836
515 922
77 296
256 271
469 372
570 297
207 399
166 291
506 608
371 796
224 862
200 759
603 455
244 865
373 746
237 343
381 477
525 885
402 303
59 375
282 119
597 300
407 83
227 870
290 2
141 819
28 739
403 319
422 467
118 96
198 892
513 673
71 24
347 895
214 962
467 663
492 357
573 246
470 427
39 399
218 15
572 481
476 475
159 342
430 323
516 134
279 176
594 50
544 799
379 633
93 279
110 614
465 423
585 55
82 853
456 672
493 760
19 622
297 950
446 973
319 991
580 771
484 17
9 866
297 433
484 178
433 552
107 340
88 171
227 400
400 851
285 544
110 739
544 731
348 53
23 547
533 437
186 183
493 196
485 338
21 102
410 714
273 365
205 834
110 652
181 384
333 196
498 863
593 986
463 415
379 343
353 280
417 647
4 459
99 99
156 425
344 967
421 617
19 372
303 254
521 511
301 431
602 520
161 702
522 196
240 113
102 596
594 76
517 228
552 173
67 332
95 519
506 586
297 896
328 991
573 410
413 413
551 933
208 775
473 612
358 10
445 76
544 4
445 552
604 556
339 127
276 57
523 132
145 193
460 518
115 844
213 622
314 783
491 227
18 242
435 785
119 202
507 605
154 656
398 387
199 735
242 873
88 986
194 129
534 588
40 83
432 838
556 744
127 52
181 584
232 400
303 493
375 630
187 262
47 414
157 965
204 6
318 953
455 773
217 333
26 25
215 495
570 642
233 578
376 845
594 436
14 217
263 393
272 437
483 110
315 96
506 422
197 136
230 369
483 364
288 416
178 554
369 107
164 482
67 931
322 856
273 328
363 942
579 195
227 576
147 61
526 742
344 463
107 677
94 600
470 886
578 107
257 598
545 205
4 5
529 75
8 439
460 570
368 174
238 909
368 573
342 779
321 750
98 367
571 742
184 134
105 300
452 788
287 421
141 591
106 315
470 307
381 273
266 572
589 129
550 759
90 254
217 209
170 882
599 822
339 89
385 996
325 444
598 341
446 856
563 289
412 660
528 313
221 318
111 405
16 983
21 927
231 194
522 278
49 241
47 668
599 8
83 505
200 504
487 341
514 509
456 361
100 593
222 439
176 495
186 830
480 944
129 119
185 218
594 114
156 819
27 858
599 210
228 61
186 407
498 597
444 454
88 865
516 529
334 828
174 411
300 453
11 749
467 766
111 236
517 86
285 457
395 127
355 480
469 368
403 978
455 931
301 99
379 320
373 468
506 921
159 482
27 244
395 837
457 260
112 458
455 745
397 122
255 787
17 545
346 818
230 247
269 969
268 202
218 543
220 962
444 253
355 284
428 698
413 744
363 602
4 835
527 658
597 110
383 726
335 709
534 244
91 664
502 743
541 917
533 436
410 628
50 824
212 98
68 176
491 623
314 799
420 32
558 284
541 293
151 49
181 100
384 477
114 980
306 667
20 19
488 657
383 233
131 610
536 59
101 780
362 768
527 35
112 447
581 348
453 464
597 979
159 326
260 885
504 179
216 495
168 732
559 109
155 601
379 115
188 927
97 288
196 365
602 70
503 586
409 548
329 221
558 404
74 772
388 797
561 926
147 962
338 929
493 512
91 12
572 412
449 910
517 491
197 846
147 873
454 472
483 635
233 982
219 908
548 605
454 244
355 436
92 596
315 617
69 371
311 835
481 340
564 552
254 270
247 409
158 115
399 778
112 633
364 3
477 156
299 249
225 298
402 309
116 77
53 900
144 493
435 61
579 219
85 686
575 911
86 920
286 652
407 934
18 462
510 34
158 371
138 800
1 279
356 1
355 70
535 762
180 382
453 602
399 986
355 335
491 648
421 458
474 452
569 726
24 739
55 741
420 897
207 467
531 611
444 929
59 62
197 843
91 942
512 507
490 648
78 564
456 256
261 7
230 235
226 537
259 415
491 163
426 590
393 57
490 887
284 300
257 917
605 616
458 990
231 726
507 981
257 211
274 928
356 167
292 202
299 576
563 922
39 356
260 987
316 842
409 426
202 858
591 203
128 448
170 133
199 261
384 833
101 78
236 703
323 203
69 704
352 801
508 141
493 889
195 887
236 879
364 477
398 475
354 777
463 35
163 923
346 263
187 484
324 340
379 92
318 874
168 310
583 558
508 207
367 57
20 282
255 374
321 382
324 16
189 158
577 778
567 72
254 653
47 543
235 261
440 122
459 476
4 962
513 102
296 431
126 668
314 924
504 33
407 47
163 120
146 354
33 892
476 381
520 69
585 537
323 642
128 14
505 194
166 390
480 586
284 240
195 890
138 862
596 832
402 463
166 867
211 118
600 25
496 985
168 241
69 634
207 42
36 218
224 611
281 353
232 264
401 847
36 412
92 7
93 489
354 774
358 73
138 584
605 729
597 716
384 281
110 811
357 837
58 276
76 495
429 763
367 474
109 894
279 400
205 175
265 750
31 877
514 875
93 202
534 964
426 758
452 699
206 723
376 955
558 167
205 342
416 29
435 151
315 388
9 728
517 94
497 982
313 106
51 824
69 619
511 675
61 16
94 657
214 18
241 557
154 424
83 888
1 974
274 56
402 361
320 412
2 261
405 65
289 695
22 920
113 932
336 181
450 792
54 209
552 944
509 698
469 945
578 510
271 366
183 579
16 437
30 250
282 443
275 399
409 508
232 779
80 283
489 210
349 872
473 262
520 829
188 18
331 129
378 23
488 269
410 746
383 601
259 124
204 584
128 65
445 447
363 258
587 114
169 819
334 120
218 813
526 434
92 509
490 168
510 859
181 316
303 628
232 692
576 481
351 204
497 70
57 834
243 548
145 121
441 975
394 710
62 360
362 702
205 108
255 230
364 771
127 753
557 746
162 582
419 505
300 600
463 30
324 276
393 145
167 758
495 678
362 460
317 30
105 305
64 373
229 196
565 693
601 902
437 2
507 568
279 525
371 819
363 737
129 589
289 833
403 27
546 896
396 825
335 503
484 468
307 266
264 89
44 179
236 299
366 190
525 801
440 340
367 29
326 536
587 822
238 165
193 991
167 21
406 510
46 99
396 461
389 595
36 237
291 805
485 398
551 69
149 992
150 302
222 598
517 346
260 934
435 403
372 946
151 566
340 985
400 483
130 510
72 278
213 504
339 801
203 745
270 304
46 16
414 763
204 151
161 111
249 733
304 958
556 612
443 34
334 636
28 246
492 423
516 805
505 387
552 233
105 739
24 173
531 366
28 107
342 495
177 256
173 163
312 299
259 262
232 209
499 630
29 588
180 198
367 47
485 365
499 228
379 756
32 190
239 500
591 287
192 798
118 987
211 632
144 179
435 447
442 492
275 455
371 173
7 605
280 285
172 166
439 826
352 157
224 674
363 969
394 142
42 892
310 474
536 981
173 575
476 391
14 186
314 520
328 202
84 579
31 197
136 478
525 627
380 797
428 106
326 565
451 545
273 722
502 869
118 385
423 118
43 534
246 99
266 312
362 794
462 584
429 41
2 558
277 184
484 228
334 900
36 840
393 646
400 414
72 890
365 716
428 561
83 837
586 983
409 263
261 349
466 653
246 608
409 285
181 592
174 154
262 66
504 699
448 239
365 83
266 955
345 735
265 918
391 611
591 710
453 381
514 292
423 416
278 794
410 523
48 91
65 880
234 659
226 149
484 11
524 382
362 207
301 177
595 639
71 400
516 857
64 555
426 229
290 203
10 200
307 432
359 58
591 700
562 208
471 70
505 434
21 849
327 414
8 122
124 635
197 93
145 871
211 928
284 66
207 574
276 553
152 165
137 228
272 153
498 79
30 95
254 749
528 82
189 592
299 930
50 451
2 568
163 376
176 524
183 970
523 919
49 93
566 49
126 913
227 68
458 714
534 527
223 131
45 564
464 838
469 122
49 573
478 843
43 565
596 119
424 926
492 376
569 212
302 324
497 937
21 230
565 864
36 181
365 300
142 12
145 191
588 304
55 771
234 765
451 245
516 738
141 36
160 432
573 391
280 158
270 84
44 344
388 514
111 852
20 872
267 436
387 163
311 502
503 804
261 423
402 600
536 971
21 342
3 231
545 916
123 560
124 315
281 761
339 582
82 817
141 583
25 794
137 283
321 396
69 49
440 367
388 462
591 37
123 963
503 350
108 910
116 841
277 341
139 458
23 262
362 494
1 906
330 33
167 525
429 120
334 376
560 983
103 927
108 293
365 692
167 179
413 74
581 153
150 426
58 801
409 865
207 266
65 624
211 910
378 483
356 180
4 483
562 183
7 804
53 932
135 935
423 688
357 401
539 825
371 651
238 864
259 976
40 981
245 602
335 730
104 380
527 887
533 729
472 213
94 268
493 787
542 190
217 701
453 404
530 647
59 710
108 246
530 665
222 767
552 198
458 670
299 25
97 881
219 930
379 939
580 23
403 649
369 49
479 840
140 986
24 261
149 61
109 323
239 822
536 961
208 278
113 57
404 33
120 979
15 647
399 512
86 862
401 527
323 806
499 475
178 580
288 882
35 376
201 368
530 478
360 602
378 921
418 484
395 843
107 300
466 223
8 140
471 936
108 27
152 807
14 829
605 896
541 23
170 989
576 796
26 90
159 474
376 247
100 5
284 698
322 700
219 426
556 359
126 93
170 359
226 19
303 398
372 232
476 818
346 462
267 47
538 264
400 602
62 73
594 150
3 339
188 515
566 936
460 482
276 277
315 122
570 722
279 550
19 707
254 277
433 58
464 401
43 626
146 641
82 973
229 502
530 920
94 65
276 314
564 604
440 320
297 941
1 44
98 918
443 201
163 407
515 945
298 907
224 623
536 878
292 438
29 678
35 504
155 367
181 991
505 413
307 423
186 958
478 474
242 701
177 379
516 881
154 691
29 635
331 152
314 716
132 649
432 204
249 371
366 132
546 343
318 53
76 345
271 799
301 867
42 315
388 784
64 393
528 817
141 147
456 187
422 168
476 991
188 2
96 569
30 952
547 618
411 53
159 550
116 943
186 511
328 993
68 560
381 553
107 162
391 35
246 698
533 228
25 777
436 239
419 947
590 700
135 633
164 860
223 975
24 246
176 366
489 134
180 347
546 336
226 846
382 201
124 476
205 271
248 422
166 836
303 224
388 903
89 275
387 138
279 19
188 637
108 9
104 754
89 978
422 375
277 934
241 367
563 146
378 385
508 998
34 687
331 968
210 873
213 976
344 16
361 338
375 395
476 183
499 333
450 892
72 796
436 809
474 20
531 330
93 74
238 170
348 202
145 836
335 434
18 176
251 532
234 876
498 32
449 16
214 151
384 313
347 153
458 711
38 512
304 678
75 651
248 9
549 124
539 914
145 906
452 740
179 384
220 762
14 852
517 420
72 241
71 929
452 109
168 632
531 740
462 829
470 307
388 555
250 158
371 844
581 802
232 51
214 387
62 538
285 840
531 348
135 154
248 676
470 25
409 332
381 647
515 576
10 154
370 400
343 766
208 769
547 89
21 901
545 366
453 926
537 675
356 375
333 18
303 979
233 675
97 396
207 729
51 861
503 137
188 809
69 254
415 706
600 720
88 946
232 264
124 526
171 309
140 861
341 50
300 621
83 829
75 47
451 226
336 694
79 919
601 124
361 501
211 334
233 749
65 291
420 112
521 808
136 582
254 703
14 393
562 179
463 455
366 301
264 499
82 115
206 755
486 123
266 228
358 613
171 290
199 974
276 673
423 550
366 143
367 563
213 367
382 283
515 983
572 823
549 994
15 562
255 720
319 558
547 9
413 903
354 214
307 446
96 752
436 495
508 206
440 43
404 908
305 103
134 407
502 195
471 433
193 141
330 643
535 971
85 974
104 772
475 353
18 872
365 991
597 75
37 334
500 670
272 968
516 622
410 309
543 283
310 920
235 618
172 190
595 412
178 426
411 453
39 724
28 974
76 653
294 747
541 124
145 925
319 204
555 512
211 244
484 199
117 53
69 188
286 400
106 736
85 758
201 377
57 989
338 590
368 34
443 413
280 49
584 294
323 775
402 942
136 961
250 853
336 618
208 688
63 281
34 519
236 520
226 696
136 270
409 874
141 822
425 595
509 606
148 723
443 441
239 495
273 566
276 47
288 118
422 704
63 281
170 866
367 786
476 706
61 415
21 562
204 946
74 725
383 186
151 547
245 547
515 843
175 634
62 580
482 25
564 370
116 81
368 808
433 915
287 432
533 342
215 740
429 781
348 313
294 502
597 631
201 803
224 394
586 837
53 116
146 988
499 433
194 792
552 905
69 180
36 481
572 629
555 722
392 63
518 49
205 784
324 917
100 563
326 541
74 775
517 391
271 998
226 794
62 254
98 85
296 243
460 245
336 51
335 155
264 640
405 516
548 538
92 511
195 899
271 731
251 833
284 270
119 431
427 759
123 996
379 189
287 370
521 197
205 632
277 744
52 441
235 570
281 771
186 429
177 785
7 204
402 818
208 400
222 143
139 630
486 280
545 999
185 120
563 967
478 357
597 679
315 825
574 612
547 708
371 685
63 543
24 168
184 354
505 389
369 391
219 50
129 684
270 357
469 870
272 557
124 817
73 466
429 584
335 528
352 195
329 969
264 516
370 392
412 17
243 446
216 286
520 576
603 672
175 487
498 370
66 599
581 324
150 64
277 295
73 856
185 730
334 472
397 288
437 890
581 544
238 594
202 772
227 202
544 954
376 691
272 582
532 603
548 118
553 362
442 172
36 564
605 496
141 930
439 452
437 392
366 486
311 440
594 265
421 438
177 212
268 787
431 769
135 163
199 343
334 886
359 681
241 346
160 349
57 399
49 510
306 610
432 971
35 795
241 437
84 511
30 885
211 638
583 563
378 550
547 600
172 518
71 941
223 124
204 154
430 840
50 520
94 246
124 911
341 416
142 601
588 786
91 637
375 580
489 45
292 900
366 56
212 777
166 761
140 193
504 22
395 44
499 170
490 550
44 411
128 129
24 84
216 201
13 860
483 486
299 918
48 229
425 191
587 927
380 140
29 833
35 17
117 683
249 842
151 305
161 526
120 109
370 119
367 482
411 387
592 635
267 270
542 58
302 206
504 665
561 925
40 829
83 803
347 573
498 930
279 488
545 328
411 164
244 120
22 480
174 417
49 323
513 781
96 802
163 612
12 862
528 743
327 235
30 557
380 971
310 889
539 113
327 9
128 855
483 865
415 736
582 518
568 806
376 540
445 765
103 377
105 894
72 455
274 733
36 830
526 172
199 999
271 798
297 674
300 988
208 857
438 116
308 947
540 556
409 802
352 932
449 373
8 153
304 823
237 259
561 486
415 912
556 829
291 6
20 138
471 261
432 168
58 306
429 862
340 526
126 151
48 909
314 585
470 104
62 662
263 131
485 685
588 287
285 457
102 505
375 153
309 473
145 807
235 557
580 465
375 475
387 11
123 754
202 179
272 530
467 324
456 55
280 812
13 842
336 341
506 104
47 119
124 801
197 949
162 562
368 148
18 284
139 383
464 674
75 381
465 799
385 497
92 534
341 809
133 336
107 9
402 162
363 909
245 876
100 42
179 75
44 917
56 639
202 458
170 598
100 303
525 719
198 878
228 24
91 615
533 249
489 835
329 559
8 714
192 114
128 190
482 7
131 550
20 598
39 708
323 916
39 831
74 627
400 690
135 958
442 675
600 582
526 85
224 551
56 222
15 35
508 794
447 982
242 326
357 280
301 309
136 238
113 351
49 186
27 461
528 342
456 758
142 205
503 566
502 387
603 986
26 839
147 12
108 512
33 501
466 21
154 838
386 484
201 774
318 12
142 704
63 386
419 657
264 40
160 614
453 153
174 476
335 503
482 638
183 694
245 435
560 454
482 934
127 84
141 580
116 793
565 73
110 930
302 987
236 534
68 749
116 508
184 430
116 770
462 888
120 743
385 633
253 618
30 853
291 168
397 138
538 970
286 746
293 372
605 653
297 496
340 620
10 457
438 271
354 208
579 264
508 627
15 246
376 945
9 899
247 87
436 166
339 430
363 458
510 618
236 557
222 660
310 898
86 369
14 992
492 762
392 288
23 722
331 938
475 939
211 233
56 617
187 611
269 37
137 226
378 523
44 629
289 804
227 895
170 509
279 175
17 262
103 391
295 973
134 398
141 264
306 406
164 286
194 174
49 15
244 544
292 975
446 956
465 975
363 292
338 484
515 742
347 902
147 397
95 931
528 552
549 897
390 978
385 607
396 624
390 845
80 454
458 751
150 923
448 134
481 408
167 423
155 28
577 314
477 403
393 884
335 90
376 389
133 869
375 243
388 674
247 78
320 763
334 369
308 288
317 447
493 971
587 572
556 962
374 96
179 472
246 56
529 940
412 613
417 600
396 698
209 43
383 410
191 216
36 111
580 221
233 388
38 245
524 861
15 14
372 258
203 684
73 864
289 44
116 207
25 162
470 853
560 491
276 41
408 228
505 721
292 561
157 37
549 782
461 9
48 314
575 855
5 959
88 27
338 396
446 501
570 179
189 378
604 443
225 196
563 183
329 949
40 452
474 472
390 639
248 208
71 261
559 895
587 82
506 73
319 379
535 342
501 171
415 627
280 530
20 617
209 273
268 45
341 647
106 167
528 807
48 187
522 56
330 475
291 356
383 754
590 97
333 34
524 363
543 695
83 192
173 339
216 242
177 696
538 865
564 281
12 614
233 169
394 209
46 161
151 77
522 647
308 814
490 194
367 914
173 279
553 501
38 975
259 419
408 902
360 586
97 438
538 549
406 474
316 698
66 435
7 677
453 551
175 427
121 196
452 640
191 578
367 353
133 182
226 355
48 632
392 426
126 278
536 723
84 942
492 114
488 64
208 788
13 50
106 543
134 355
373 757
154 680
301 277
518 817
299 106
473 381
479 170
254 762
450 768
24 414
203 90
184 961
173 83
380 88
121 610
436 76
72 946
495 465
16 760
129 991
589 280
376 725
171 761
291 281
576 652
532 601
473 208
74 685
283 761
10 338
247 429
406 376
236 990
382 5
473 123
504 321
208 454
571 408
334 927
510 811
164 207
397 263
36 630
389 116
188 639
98 687
8 358
226 424
577 633
176 989
512 380
447 741
559 291
118 838
604 116
452 576
301 698
97 296
255 596
417 158
37 315
480 415
249 975
506 787
105 715
562 432
530 181
27 37
586 919
244 472
525 601
299 945
549 980
219 388
286 112
129 219
204 791
288 210
337 792
150 993
435 253
575 342
235 725
348 784
42 643
79 901
354 348
147 541
497 669
245 828
588 556
113 84
505 986
175 553
161 903
416 595
211 126
467 23
1 812
393 647
431 813
129 213
183 16
444 420
532 622
125 575
491 550
421 64
489 588
272 59
391 574
87 752
260 38
3 948
486 539
175 840
232 343
339 713
430 98
486 94
323 630
303 14
135 785
190 871
59 150
415 872
593 276
269 904
468 109
154 308
246 408
100 405
48 616
57 272
457 203
598 68
535 908
216 607
201 410
285 466
20 503
417 608
57 153
189 843
57 908
605 807
145 149
4 805
487 713
562 778
455 900
8 821
526 75
564 628
266 27
546 159
258 351
166 292
487 125
440 250
333 698
496 374
488 514
134 753
340 672
187 111
561 772
579 489
544 720
262 364
525 563
64 392
7 478
25 147
46 601
347 291
232 519
424 903
322 493
535 863
385 143
429 575
580 244
30 921
304 645
321 607
115 722
35 149
223 69
275 765
330 588
95 400
152 83
294 340
427 504
401 849
257 246
414 699
440 74
463 627
528 809
471 774
461 704
79 12
201 674
46 834
158 318
193 257
198 991
583 645
83 674
449 886
80 11
259 250
466 968
495 609
510 948
127 120
311 14
153 367
282 999
512 19
147 976
372 276
418 290
303 944
562 91
269 246
97 512
191 348
215 189
42 66
459 855
418 965
561 187
381 509
91 692
135 895
250 232
382 371
521 236
365 223
258 644
118 282
19 572
311 562
302 922
496 399
292 680
57 349
72 215
56 262
218 159
255 78
364 920
215 381
80 645
192 49
193 764
596 369
478 767
508 763
513 437
183 598
140 161
565 657
244 578
531 107
128 586
77 992
27 440
473 874
15 414
82 518
543 107
153 515
385 985
417 839
462 808
393 313
455 650
80 496
108 221
483 578
260 644
309 798
339 614
302 131
279 197
49 486
41 593
556 392
474 771
112 854
459 538
111 407
517 889
129 226
255 839
579 557
264 325
472 103
527 332
512 7
81 357
22 122
429 486
426 881
526 780
120 984
22 587
139 601
238 792
595 855
85 640
284 547
308 814
463 3
128 265
106 470
529 563
393 873
368 835
508 957
82 396
26 814
442 308
577 373
228 630
344 40
39 632
457 5
45 150
459 42
359 757
277 496
429 265
438 123
227 743
366 572
339 675
190 927
144 660
281 293
77 347
3 787
100 152
494 666
557 109
336 453
68 984
67 870
261 245
497 464
346 290
491 94
484 522
462 691
557 427
72 649
44 392
61 858
302 599
201 82
556 731
365 227
375 707
103 94
489 114
495 801
119 997
401 772
551 792
352 859
72 17
113 535
510 387
141 429
493 29
320 181
415 409
208 396
518 685
474 890
449 389
203 613
594 399
275 773
444 189
204 382
333 559
349 225
387 390
445 938
59 626
260 299
136 797
566 704
52 134
126 858
185 424
522 172
118 760
208 641
96 226
568 740
69 788
194 518
311 657
93 627
285 55
553 781
260 114
324 496
530 623
536 364
250 81
302 935
92 528
218 656
206 365
543 333
519 200
147 150
97 218
426 383
561 363
266 298
9 861
200 147
266 350
510 618
132 659
597 716
558 520
228 539
8 568
129 977
72 867
446 297
544 91
493 599
23 790
228 970
430 39
602 601
68 549
590 91
424 539
29 309
400 638
184 681
15 338
280 169
238 166
472 656
12 939
104 25
160 456
185 382
466 185
563 850
445 124
458 535
534 666
442 626
238 900
299 810
433 820
67 524
417 519
453 770
54 290
267 447
290 170
331 76
271 402
92 31
357 553
50 623
62 265
393 177
459 898
456 150
80 156
184 170
428 793
220 943
134 873
371 872
118 395
229 558
441 195
200 447
576 270
404 682
470 127
419 732
383 670
262 398
290 564
64 236
368 89
515 471
500 886
565 892
91 91
240 892
137 890
2 234
587 306
348 136
538 781
322 282
336 234
451 712
81 60
55 145
17 840
403 51
495 659
561 908
1 850
23 284
204 497
414 288
100 805
419 617
183 777
322 131
161 597
561 903
324 442
101 89
403 127
142 698
561 439
302 615
201 481
149 912
290 567
72 114
597 455
253 230
413 469
53 119
53 751
602 448
23 872
58 308
428 5
445 12
359 403
486 221
465 71
191 735
405 348
507 735
527 177
213 917
378 344
270 847
399 777
505 276
201 965
79 122
226 835
391 193
435 950
81 582
417 572
452 57
113 41
374 599
303 594
174 208
460 587
1 850
301 369
93 684
65 729
213 828
239 287
516 210
78 176
518 699
247 585
238 438
594 53
119 314
248 578
45 487
579 204
328 512
165 465
455 807
497 972
133 777
78 715
453 30
370 777
528 490
491 348
157 423
20 568
263 513
415 330
191 632
213 605
602 754
579 673
403 302
164 719
455 889
514 414
404 93
512 137
293 198
290 47
437 227
480 146
354 675
540 16
329 213
77 453
591 966
560 199
534 999
330 441
156 221
549 361
89 800
1 409
25 788
543 241
140 722
148 787
253 272
126 110
584 877
429 757
282 230
2 429
396 500
35 642
187 620
144 674
495 5
203 464
76 893
454 979
233 421
252 164
160 456
19 428
584 496
383 331
338 545
314 578
481 364
406 538
338 390
568 747
592 670
298 62
530 146
46 83
106 467
226 788
212 564
106 48
318 239
327 81
48 992
37 126
324 432
479 586
160 643
206 355
174 634
472 148
298 34
77 779
447 532
478 252
551 91
560 308
29 697
584 862
533 842
571 330
549 598
112 825
28 195
471 418
556 898
103 233
385 622
350 362
186 584
605 618
263 725
179 575
212 166
415 299
247 646
547 813
538 248
160 39
209 287
131 857
329 756
232 253
279 580
431 881
10 15
237 712
71 610
8 961
392 22
472 974
491 207
160 511
219 485
49 653
147 934
135 335
267 10
340 136
595 574
411 102
475 866
391 197
247 563
274 554
527 17
264 129
561 634
271 16
123 758
107 945
528 48
238 564
397 123
414 354
100 787
526 291
199 904
495 449
9 879
138 27
139 424
346 83
595 425
487 784
321 729
546 909
247 414
462 40
29 760
182 308
363 139
527 767
202 185
220 917
402 574
239 747
425 978
350 261
381 803
198 8
456 488
342 104
396 71
559 244
93 744
299 861
165 711
165 3
21 334
118 672
243 112
439 890
393 192
532 125
112 728
406 399
527 26
269 947
81 99
77 39
89 378
120 205
341 878
261 133
439 357
81 394
90 910
544 401
539 8
588 621
391 200
560 998
580 999
74 148
277 74
574 809
398 97
426 661
352 72
284 31
375 168
158 747
57 351
547 390
376 300
44 20
433 916
502 299
556 840
335 541
367 341
588 578
249 954
26 260
53 741
138 561
487 335
273 876
266 675
583 131
557 563
204 979
455 123
208 824
393 180
64 646
158 474
305 123
453 279
350 418
548 566
118 273
489 488
471 859
121 578
213 344
366 845
34 784
76 917
331 372
120 595
489 669
442 91
568 354
487 935
27 279
544 66
168 113
583 581
147 514
243 581
455 299
421 723
276 117
436 363
558 999
478 493
262 452
311 424
419 170
362 426
204 787
192 513
480 511
187 637
517 297
428 915
322 206
409 964
419 177
369 515
483 658
172 883
47 634
455 407
132 368
554 816
381 527
438 627
108 902
159 264
189 670
553 92
540 840
556 456
286 333
211 719
273 43
448 260
576 415
600 554
8 357
118 250
48 154
312 560
250 371
495 934
78 299
9 536
432 969
159 295
596 927
143 78
140 820
584 392
439 187
213 184
509 338
291 375
233 628
25 265
182 312
260 344
160 79
230 528
92 769
208 321
348 617
327 49
285 461
229 343
549 175
108 905
20 166
371 183
424 46
195 181
114 540
384 69
41 530
543 307
171 321
546 295
156 362
570 271
422 260
66 946
309 770
335 774
10 346
302 450
296 910
432 21
199 335
529 661
272 309
505 41
385 648
461 616
338 419
425 704
200 691
424 536
61 316
455 653
421 476
294 993
521 6
190 535
476 25
330 945
321 471
20 818
27 782
136 772
213 562
553 340
52 729
387 337
253 469
269 256
325 582
52 307
11 22
277 493
584 107
315 576
151 16
46 687
210 196
70 924
6 337
295 435
373 422
440 861
204 54
280 959
81 15
466 624
463 388
482 382
289 244
171 810
425 160
351 639
484 240
56 415
180 151
276 622
141 827
262 781
503 494
416 352
212 552
227 48
459 418
595 330
439 548
57 447
560 776
243 842
213 348
314 829
593 340
20 84
134 871
54 416
518 861
156 477
358 687
443 156
439 927
119 906
347 987
349 199
176 743
440 376
300 360
199 454
383 17
443 861
226 554
178 518
369 388
310 461
298 38
72 475
80 115
75 909
380 290
130 299
456 853
375 266
517 466
592 747
264 605
55 849
463 452
253 911
158 897
83 232
306 92
195 525
517 927
562 971
56 80
291 266
261 986
319 647
348 148
211 578
345 936
309 161
423 413
51 284
149 6
495 399
90 313
563 675
540 993
35 116
74 813
472 508
155 742
468 71
74 781
247 685
565 514
391 276
101 990
55 788
575 226
180 296
551 166
180 403
603 555
228 873
282 65
235 210
390 642
162 954
601 357
18 652
580 900
257 634
237 726
586 711
266 366
124 93
499 794
255 439
33 613
340 961
166 973
275 514
129 29
553 857
33 236
444 837
251 573
543 964
572 269
209 869
344 601
287 790
469 149
586 846
245 325
22 412
43 568
540 22
232 144
605 355
194 459
423 82
334 85
116 496
209 132
481 359
547 474
496 705
406 551
342 777
37 437
245 610
127 554
107 158
240 625
43 328
64 1
322 682
256 124
551 192
90 666
94 115
478 620
510 552
252 169
562 214
488 268
373 604
190 107
181 912
590 474
297 888
3 854
463 941
519 443
540 52
425 767
116 99
259 188
363 66
321 386
40 991
226 442
342 520
474 876
12 126
196 138
233 540
285 851
313 724
151 313
579 394
259 467
439 279
316 52
225 823
192 298
52 771
431 816
412 344
253 268
141 239
334 993
306 819
436 374
579 374
182 86
270 460
170 567
360 293
335 923
103 792
82 105
441 971
78 940
445 388
463 971
416 971
602 392
370 333
541 825
318 235
314 402
170 33
199 921
219 647
354 81
43 51
32 704
297 510
433 720
225 298
80 289
539 450
439 646
96 538
14 420
348 83
545 438
210 153
545 955
282 164
231 102
257 58
89 605
581 763
348 588
500 860
548 247
12 549
20 51
590 867
218 45
325 999
142 409
429 404
595 869
59 573
308 923
68 429
592 355
301 669
489 486
557 289
308 556
322 827
469 823
476 63
185 758
598 717
136 787
191 603
35 789
34 904
238 559
114 466
286 887
160 561
393 240
352 802
605 328
446 756
544 851
565 134
392 886
544 895
440 260
96 101
103 973
489 207
367 786
507 459
256 378
62 281
339 289
392 293
296 347
518 793
437 909
427 880
503 253
224 549
110 997
16 378
518 268
392 129
376 524
418 271
353 381
446 692
543 609
500 572
559 246
402 969
182 255
169 958
381 443
201 605
563 573
523 323
74 370
123 847
544 974
218 830
592 567
432 106
117 56
494 182
191 472
145 84
223 849
346 759
122 585
278 337
199 852
282 886
44 152
326 911
356 927
189 25
564 313
184 403
170 335
49 955
582 945
315 970
542 185
391 731
58 350
564 688
519 74
314 517
276 652
582 723
256 559
503 22
571 145
458 176
298 949
10 644
444 538
151 443
217 993
78 955
226 258
404 66
497 304
357 815
279 664
415 82
599 223
579 575
93 705
221 352
594 274
341 664
66 345
71 488
430 312
542 237
559 542
241 472
458 341
308 205
517 92
509 317
485 357
323 668
388 696
337 283
453 335
326 495
402 792
72 880
299 510
203 443
81 56
50 385
349 545
474 342
571 958
416 226
383 443
413 451
137 215
236 865
66 411
268 617
535 414
461 323
434 780
50 932
90 226
182 389
255 804
324 865
161 688
412 99
248 552
23 54
276 356
120 275
118 582
520 775
384 964
380 106
328 129
587 545
149 660
206 796
62 455
529 361
163 457
241 759
291 141
261 660
415 593
103 656
517 104
496 639
81 120
452 387
373 733
434 400
539 724
35 63
8 241
526 275
262 953
466 438
497 121
558 493
551 525
20 664
268 361
389 428
443 436
138 144
405 472
246 891
28 980
300 460
95 306
383 761
68 841
192 289
291 795
101 730
91 296
126 571
568 610
67 315
53 7
432 257
254 35
386 81
328 859
117 781
138 554
356 762
523 616
506 7
145 854
320 425
432 315
256 626
245 482
296 413
153 594
402 100
521 492
124 819
52 353
155 954
351 514
305 846
516 462
117 568
65 575
372 260
170 725
569 716
258 225
474 923
105 987
13 859
220 950
535 807
268 54
503 41
151 753
346 893
369 483
264 108
182 264
48 483
277 758
591 321
523 752
258 52
33 340
120 285
4 14
71 151
213 163
605 788
283 679
600 520
80 63
548 356
259 624
148 36
44 862
374 314
237 902
217 49
121 540
8 466
73 933
340 346
570 223
419 738
170 428
228 198
503 755
560 623
239 607
337 673
250 998
336 237
19 67
474 448
192 700
463 714
488 844
510 665
338 786
307 51
591 593
465 599
35 246
203 853
96 93
326 569
563 421
336 492
227 815
97 251
175 474
449 686
114 290
352 322
212 405
200 16
384 949
597 188
224 888
292 838
427 419
265 612
350 739
162 662
583 970
562 729
91 632
196 277
364 352
543 807
270 238
202 752
384 200
191 75
526 2
514 963
136 440
439 339
424 240
529 980
480 685
487 866
111 317
207 703
383 76
178 751
207 423
88 867
385 666
333 582
555 267
127 187
476 876
575 428
471 669
357 836
90 111
403 391
137 106
213 485
327 136
510 763
602 496
489 105
95 316
159 12
158 691
417 38
270 800
546 9
236 856
73 672
541 680
196 767
413 206
555 238
355 187
370 177
97 903
595 554
508 253
383 902
348 922
383 76
519 586
185 514
106 116
65 655
173 329
573 498
158 720
208 266
11 125
32 523
567 822
390 55
525 301
252 531
483 769
47 366
505 708
400 989
498 14
540 234
105 992
170 976
345 483
159 241
210 743
73 912
23 116
100 607
31 204
129 107
111 982
48 323
529 261
284 852
63 951
241 128
527 351
235 882
175 204
265 627
227 72
46 1
77 329
509 915
89 99
371 862
224 27
590 411
482 614
39 742
195 40
127 856
345 62
97 623
414 541
314 385
331 64
118 876
317 173
416 705
476 465
27 548
587 496
480 14
501 237
77 891
1 64
463 197
372 827
538 807
371 5
173 978
107 503
228 587
321 585
311 859
440 94
585 694
287 811
344 333
255 60
334 844
557 800
151 796
84 984
582 658
585 564
604 222
510 645
314 109
91 164
236 768
197 746
555 779
536 654
491 566
108 826
120 200
284 646
142 63
154 284
74 224
142 490
558 854
256 643
508 675
136 54
401 40
228 558
452 891
182 880
390 684
417 464
400 391
312 540
599 797
72 103
588 298
314 248
441 592
49 160
35 523
146 240
321 860
238 640
307 94
90 353
423 860
102 877
583 689
193 177
38 62
516 474
253 751
398 589
228 990
434 165
543 575
319 752
488 139
215 915
70 517
98 602
581 543
225 697
93 350
572 102
32 698
450 459
447 856
29 745
556 720
387 960
421 126
68 96
427 421
432 532
95 879
193 34
114 6
310 524
327 391
160 321
437 946
227 348
368 731
428 812
493 404
427 515
73 185
284 936
572 874
569 477
459 516
89 841
220 160
304 582
456 787
23 68
511 925
172 237
353 258
249 911
48 636
194 901
204 982
441 190
413 498
45 36
426 141
354 735
396 782
114 840
466 282
369 278
241 155
146 564
264 940
45 49
310 863
383 238
80 287
124 908
274 742
605 676
376 776
435 332
256 782
547 969
103 29
562 303
262 804
531 155
433 545
265 986
550 157
578 679
29 795
101 257
552 109
238 802
9 15
437 657
231 218
156 705
354 987
332 912
66 129
77 465
386 266
12 282
450 622
18 431
116 931
500 53
197 776
568 776
23 418
231 685
22 385
159 16
411 740
138 176
539 361
569 750
286 214
292 330
405 963
96 326
406 101
547 592
240 837
379 924
48 447
454 488
402 268
30 95
456 240
289 407
586 364
470 963
213 277
473 865
240 635
86 452
56 107
261 995
482 542
448 569
511 640
63 243
338 425
415 301
249 319
438 5
266 898
225 606
51 903
587 15
316 294
347 10
491 668
82 125
262 514
365 580
87 284
84 5
346 178
583 106
303 154
109 755
168 916
115 281
422 125
93 28
128 93
72 590
537 929
404 102
269 697
548 319
235 91
313 774
405 870
6 847
114 192
186 480
268 305
61 844
393 942
519 17
42 334
302 234
518 832
194 511
604 884
430 424
503 917
290 646
408 222
96 778
223 353
232 36
480 777
483 445
264 618
553 5
23 187
117 86
16 451
560 422
58 329
232 897
533 843
207 678
147 984
517 973
98 950
543 999
315 805
87 614
8 449
99 912
268 564
141 536
191 937
536 325
284 939
23 706
387 956
178 316
339 822
519 431
377 998
494 114
212 267
95 550
117 444
533 618
274 511
521 506
356 691
391 772
330 679
307 817
325 744
200 138
69 367
115 937
342 409
542 515
333 5
482 381
540 273
330 612
118 294
524 803
354 871
467 217
240 206
69 32
566 208
593 376
348 891
551 913
278 327
393 533
354 802
531 795
130 650
208 429
304 208
119 107
179 191
1 366
107 177
417 462
414 714
113 324
398 763
536 833
37 24
513 469
171 859
490 905
453 951
294 733
86 13
62 555
499 602
74 10
216 671
485 932
488 344
288 72
484 678
59 9
537 605
252 564
579 998
564 998
593 374
7 372
201 102
481 338
369 841
503 981
213 256
124 528
381 305
534 587
199 708
391 279
6 413
159 907
365 917
122 914
240 321
198 771
395 993
409 928
266 914
122 511
125 717
76 892
520 822
201 701
502 781
121 421
597 816
583 625
64 935
202 422
125 903
181 593
252 440
261 53
303 279
271 849
239 445
167 447
109 413
60 503
383 378
427 194
279 151
559 511
227 957
113 321
83 265
593 190
293 546
412 658
125 727
59 858
425 240
351 74
395 728
86 831
70 82
548 726
89 433
524 931
213 62
277 699
282 333
167 651
195 104
539 118
110 195
271 930
279 246
145 347
594 247
387 511
531 277
296 881
158 990
417 279
53 953
73 268
228 933
514 438
398 769
60 865
243 745
91 42
374 912
553 260
519 704
595 15
366 491
18 700
186 454
152 626
40 665
429 596
410 120
591 417
43 677
311 963
442 795
389 248
324 988
290 236
475 533
535 653
105 645
46 726
268 321
486 501
358 859
177 756
296 86
387 179
516 28
395 36
16 672
462 110
150 180
216 804
300 997
575 563
513 602
404 175
50 496
361 926
555 473
509 907
599 168
573 549
238 966
237 365
207 185
226 772
492 160
526 210
572 240
505 680
106 10
593 255
276 634
361 135
205 938
3 865
345 941
253 5
378 756
567 21
583 396
493 776
16 950
460 416
33 766
226 340
230 485
15 743
539 303
483 911
599 110
240 47
540 917
570 453
430 717
25 285
495 779
495 308
339 456
429 917
166 176
186 536
348 108
363 54
489 344
233 14
386 13
290 116
421 888
96 636
404 545
470 691
114 53
156 311
461 845
415 962
145 141
289 747
431 742
199 116
419 284
208 117
323 808
604 504
430 647
284 403
385 777
129 881
414 347
549 825
517 293
390 517
408 325
292 533
216 611
543 130
19 187
339 619
465 310
419 995
158 312
47 176
184 91
375 454
548 611
156 338
91 641
422 448
513 953
419 982
503 43
174 926
440 837
531 328
504 63
101 61
218 110
64 813
143 1
124 426
198 735
557 451
435 160
369 538
465 975
57 358
555 983
279 586
505 690
306 436
150 955
176 951
4 886
26 785
597 835
154 926
255 894
21 547
11 890
412 876
72 649
367 158
115 854
460 925
400 947
158 952
124 163
4 960
507 273
190 701
4 231
332 921
288 817
378 642
602 935
238 388
72 998
151 5
331 624
486 544
198 351
100 3
550 262
550 824
374 216
393 839
327 791
432 83
84 806
400 673
409 560
158 972
458 159
228 859
202 277
264 217
184 774
531 597
525 132
458 480
280 74
596 9
528 570
264 204
195 423
529 518
499 443
104 283
75 3
195 337
194 542
261 986
319 241
132 46
570 389
365 551
225 568
312 218
548 696
142 317
330 275
451 251
268 290
460 330
180 1
406 62
390 481
12 323
150 791
36 263
268 122
221 252
462 320
535 659
573 962
238 428
395 451
234 880
13 269
435 799
457 948
569 898
354 264
166 658
211 56
313 246
600 682
545 810
61 228
581 947
6 294
252 643
60 573
215 755
596 570
65 916
582 233
363 85
580 939
564 977
294 724
98 622
339 725
317 710
50 715
348 441
388 398
300 562
435 843
271 54
510 99
126 296
337 618
161 440
198 824
370 567
138 859
92 300
14 788
73 802
508 85
285 872
18 257
187 63
50 772
208 296
207 847
23 60
553 678
552 369
119 353
204 980
543 534
145 625
531 613
76 685
46 651
524 37
551 496
89 132
583 785
279 105
43 958
538 670
531 613
326 490
107 117
546 232
77 484
601 14
436 506
256 503
187 44
436 634
442 114
411 64
222 72
545 697
550 881
540 832
234 967
249 499
589 709
595 236
539 30
212 954
