2535 946
138 505
720 288
634 429
798 71
108 763
762 963
691 25
329 743
831 937
783 533
303 842
806 199
104 815
328 506
732 974
784 6
348 969
292 47
276 369
458 391
52 766
67 425
101 152
760 656
539 418
37 862
735 345
551 885
21 785
155 514
851 520
505 388
910 745
237 402
210 443
234 410
575 304
112 187
216 102
521 556
693 457
21 42
417 543
224 798
681 850
14 557
237 546
714 990
401 825
230 664
218 757
914 761
862 185
93 471
541 668
600 363
569 896
689 810
857 700
788 315
716 835
563 523
56 547
53 419
740 167
244 137
726 526
270 403
691 97
115 103
27 992
191 838
168 366
825 76
491 961
159 650
806 675
942 541
931 932
120 92
831 413
665 237
240 678
656 232
690 529
681 979
582 876
697 444
928 467
651 546
223 493
363 381
792 378
432 457
688 867
561 784
426 946
447 916
243 117
859 369
807 335
526 897
462 648
447 918
638 976
836 731
463 592
711 395
529 705
377 425
803 106
63 926
645 558
39 199
48 804
685 652
378 542
405 187
384 834
461 50
501 292
256 152
872 554
186 693
865 478
572 493
88 896
244 545
796 578
60 605
605 722
609 211
905 195
727 39
55 348
675 98
163 95
352 600
726 931
310 729
192 883
938 315
911 45
110 734
563 52
602 663
256 351
842 958
275 335
769 624
811 509
256 453
154 689
68 691
627 316
115 505
765 831
89 349
696 794
856 279
187 878
825 203
342 43
506 299
794 859
43 91
512 237
441 563
382 267
58 49
578 756
474 972
815 395
879 802
34 926
523 315
290 8
414 475
513 151
721 92
647 870
726 746
705 420
920 765
198 324
784 426
848 363
382 34
424 981
123 914
263 705
137 442
792 352
150 622
282 290
335 72
240 577
64 299
107 555
133 762
41 780
74 991
421 426
261 348
98 79
561 350
892 163
173 540
76 200
347 740
380 708
139 671
199 98
915 377
72 65
219 522
118 507
224 887
156 784
634 729
386 865
26 164
716 269
198 298
775 375
789 390
679 45
128 314
306 995
770 241
62 774
76 741
571 330
215 258
285 637
519 809
5 345
97 638
837 894
510 203
515 909
189 939
899 406
310 375
125 683
234 437
852 787
777 955
192 336
627 440
116 177
436 356
31 41
749 108
95 494
73 535
52 475
742 803
243 886
618 128
164 842
85 667
279 942
55 901
746 141
145 626
648 836
162 387
490 224
827 284
726 949
709 262
291 543
512 510
816 309
247 828
464 193
248 878
611 881
82 906
257 217
103 607
578 319
136 989
351 518
428 216
483 660
351 321
765 155
855 941
830 99
867 52
937 535
185 11
664 372
516 539
688 405
867 671
107 297
682 386
63 187
235 919
33 601
64 551
750 846
174 135
935 809
858 199
561 748
772 532
447 813
42 374
368 752
707 923
451 35
606 802
384 312
302 777
572 39
170 136
634 801
806 732
872 350
281 301
493 664
756 775
171 78
391 149
457 306
569 545
426 195
69 958
676 508
225 247
213 555
164 444
318 883
933 92
223 218
222 758
842 828
250 911
238 214
945 207
851 691
357 27
896 19
186 13
298 383
225 295
657 174
772 180
867 236
39 960
174 397
193 490
180 550
909 793
199 373
364 580
364 76
610 281
582 802
777 919
854 465
224 579
784 625
502 559
269 724
739 310
571 680
228 866
642 360
96 383
84 747
915 309
407 452
728 665
419 192
698 348
585 107
937 467
572 187
735 349
367 499
438 504
528 138
563 677
925 362
936 423
561 921
209 464
385 91
18 93
95 854
274 173
374 796
463 949
725 333
790 799
869 434
750 262
459 235
582 91
203 706
222 668
685 270
216 392
75 73
182 628
161 498
846 329
385 84
72 475
206 125
60 59
761 168
421 478
801 804
924 101
556 178
754 267
899 98
836 842
943 863
142 982
479 470
125 888
574 532
296 484
122 677
257 723
574 757
572 746
539 187
921 465
468 809
727 814
349 206
760 311
853 316
878 699
487 74
112 626
497 242
468 744
343 956
55 726
443 938
46 681
309 866
8 17
892 191
833 971
567 864
498 832
766 208
798 228
28 892
614 256
580 208
48 104
710 931
774 533
466 678
929 964
291 136
174 741
649 317
468 589
154 498
403 588
576 859
128 176
665 966
346 912
461 781
102 274
192 64
709 390
851 393
707 385
248 102
485 315
945 354
575 313
617 884
190 827
504 342
165 895
89 415
276 925
514 450
904 560
763 421
385 523
588 235
167 114
574 2
711 965
525 374
85 649
698 628
364 134
801 152
161 418
379 855
617 668
308 982
142 378
551 49
824 483
185 812
776 926
398 366
636 546
391 417
910 708
19 76
592 116
195 353
243 63
876 127
541 30
612 136
438 606
175 708
543 215
20 893
734 885
567 865
171 642
737 68
893 442
185 867
853 501
630 25
583 544
413 222
906 740
772 883
749 398
181 759
778 270
774 53
513 984
199 308
371 525
115 61
644 235
717 689
150 377
27 617
453 748
556 228
667 317
918 12
792 769
693 465
421 903
25 924
846 118
132 5
359 948
871 934
475 176
217 798
815 641
206 272
673 244
628 761
169 762
381 453
197 159
579 18
494 125
111 403
40 71
441 646
295 174
43 335
143 96
583 459
562 571
357 438
511 199
749 597
304 929
468 437
150 345
31 786
717 989
511 409
709 195
879 630
861 395
664 342
637 523
654 175
898 881
558 723
923 508
143 9
944 84
647 916
632 397
587 2
568 433
54 614
423 723
434 814
776 516
708 581
311 33
535 594
532 779
277 760
758 142
173 172
908 338
576 410
541 5
2 953
346 576
656 794
685 949
246 308
822 504
734 291
49 667
620 317
372 207
544 428
836 762
838 382
389 620
364 376
340 393
132 23
627 2
919 325
278 156
902 506
428 863
700 361
41 960
155 214
222 31
256 447
680 778
732 56
175 400
748 517
684 119
736 316
789 871
632 288
486 325
172 199
900 929
926 853
47 848
411 775
735 666
83 257
370 133
664 729
410 976
36 865
679 305
196 289
591 368
472 722
519 889
820 932
894 918
135 137
337 907
901 544
729 672
396 163
266 123
376 593
931 779
68 148
419 814
376 92
872 660
899 971
480 137
832 120
610 983
78 708
752 578
775 647
431 330
678 580
220 508
122 752
199 402
5 159
457 310
510 943
414 347
372 148
780 988
582 162
50 59
394 646
820 548
399 78
474 855
203 172
742 89
750 719
4 291
636 57
937 194
666 538
86 877
355 819
379 539
808 621
702 714
149 96
743 777
736 340
56 23
277 715
582 881
144 316
294 456
931 738
763 424
526 187
50 715
420 354
163 796
617 590
493 357
151 481
702 561
643 745
509 98
221 290
669 748
180 513
318 120
326 155
79 290
849 332
218 916
738 761
697 705
556 479
831 378
512 905
492 437
574 557
812 721
523 896
297 563
511 54
801 67
568 698
219 760
407 388
802 272
238 214
668 769
389 974
81 75
945 168
811 404
399 241
450 922
281 93
599 188
39 505
205 874
915 689
529 360
247 284
2 583
858 19
636 92
166 590
776 200
291 270
136 798
295 484
323 831
599 57
915 929
134 300
735 428
844 191
182 228
12 410
128 482
64 391
217 611
352 4
884 23
448 284
715 19
83 270
501 992
7 413
499 617
355 126
15 793
492 949
868 355
94 80
393 528
105 482
364 677
361 138
29 626
627 537
854 956
519 184
409 907
15 383
443 253
675 535
621 137
73 674
794 405
893 501
109 17
214 813
164 90
494 831
706 280
35 910
916 504
247 368
226 994
922 890
95 308
292 760
112 917
17 725
437 459
51 289
940 246
14 534
191 482
662 787
443 337
612 369
870 823
169 344
692 684
416 187
409 934
131 912
215 580
87 121
909 244
183 765
903 317
524 103
661 14
527 910
452 757
920 28
872 289
209 536
861 657
710 68
590 27
232 231
836 678
526 91
28 392
572 552
261 384
551 504
493 413
889 361
869 189
601 918
892 23
573 846
36 210
789 563
162 859
845 485
931 763
772 61
609 215
218 410
634 230
16 199
656 127
571 195
398 352
382 295
682 776
23 484
387 622
277 515
74 983
641 170
281 980
539 918
829 657
512 675
577 96
243 854
448 492
20 548
5 454
696 296
258 996
918 625
319 389
884 793
288 870
331 87
151 688
508 942
24 863
799 36
399 196
65 284
839 652
320 764
735 296
291 456
582 115
809 349
447 407
711 943
686 144
918 763
591 199
944 29
14 792
291 60
96 332
50 993
728 872
31 340
296 37
850 407
667 822
98 760
940 701
662 667
402 197
928 966
35 33
21 916
768 692
360 707
494 935
538 470
848 927
894 235
489 589
347 485
551 108
205 755
41 429
777 847
258 870
689 249
424 959
385 402
512 596
304 265
685 542
208 705
905 226
231 169
77 720
536 859
468 189
423 517
425 161
160 859
140 994
315 251
889 120
639 519
798 55
420 463
940 888
589 628
7 471
216 206
564 718
909 599
583 505
353 526
481 345
871 157
309 89
401 564
85 92
360 148
534 741
445 932
108 28
333 886
661 24
375 963
184 296
294 323
9 1
199 519
201 523
206 343
7 556
390 484
937 139
210 887
590 750
673 80
709 573
540 768
754 52
82 191
259 797
815 39
846 852
466 30
799 473
188 744
541 361
920 923
582 350
597 74
350 26
823 995
136 968
645 617
818 99
673 826
670 725
911 561
850 314
288 677
190 146
585 697
193 770
348 874
5 203
260 372
377 370
712 70
263 495
875 145
603 182
495 876
582 921
582 843
528 907
427 812
93 158
368 384
507 271
366 168
520 93
302 14
901 517
48 759
76 961
502 208
160 652
309 350
663 223
253 332
411 384
336 17
230 486
148 583
559 246
302 70
408 145
359 406
199 627
241 856
208 790
655 942
904 517
187 911
902 753
562 260
271 896
24 902
593 449
217 53
759 353
425 474
49 657
893 870
790 469
751 185
352 742
758 868
689 641
437 655
832 439
383 380
663 195
507 994
809 383
653 187
813 167
60 678
51 771
439 421
788 810
711 848
373 570
445 225
95 25
554 574
937 903
571 675
389 345
807 821
498 8
665 223
240 584
886 545
437 633
666 836
15 778
742 967
73 449
745 277
471 252
44 125
263 59
111 33
425 91
671 495
577 660
327 771
168 556
708 555
500 219
598 394
600 973
325 557
72 323
189 449
740 754
632 323
563 466
866 862
220 808
416 233
335 684
511 214
151 772
51 485
268 671
851 127
432 67
676 243
512 104
687 772
68 683
577 544
237 860
492 443
695 808
600 186
274 47
497 233
740 119
314 917
853 39
30 563
329 229
441 359
34 201
195 198
205 360
681 957
943 417
871 335
569 675
147 938
272 870
313 34
98 373
825 677
912 178
181 622
385 90
367 939
301 429
397 175
752 727
772 336
357 938
291 706
212 514
690 618
70 567
525 923
601 191
735 997
334 273
329 273
744 538
164 470
409 924
297 623
778 962
81 243
413 166
93 612
706 876
480 848
723 252
382 379
444 99
502 387
381 730
229 515
3 614
775 392
135 678
933 375
805 873
293 877
247 133
552 133
857 641
683 310
749 20
886 339
46 107
394 345
439 583
457 900
171 469
312 538
93 180
432 278
785 18
258 783
802 200
32 838
48 345
579 196
74 703
212 617
371 270
150 918
457 959
795 996
487 295
895 595
897 965
330 260
751 191
842 551
452 582
578 254
944 221
119 920
875 422
797 967
605 125
373 818
404 963
274 20
177 524
644 955
79 425
775 346
6 31
806 591
598 15
497 766
797 988
830 900
169 960
297 276
700 582
221 22
756 449
293 963
107 452
189 130
759 641
362 647
228 171
280 686
859 843
25 860
829 222
202 55
200 877
550 113
115 483
801 425
741 787
127 593
858 952
318 697
137 787
902 691
291 929
816 981
105 242
90 498
859 211
585 865
194 837
587 708
765 684
493 891
46 184
331 791
390 159
640 919
718 553
617 998
216 875
580 450
642 933
910 343
142 668
432 818
120 376
48 55
896 679
607 380
306 857
944 731
482 521
511 332
508 90
125 160
648 144
408 63
258 571
862 523
244 944
716 547
345 463
23 529
659 454
663 588
263 564
553 199
857 959
130 688
851 767
305 890
633 856
328 659
232 36
607 631
694 695
711 131
603 41
230 35
891 496
81 908
534 115
190 834
129 936
587 412
292 302
364 371
165 388
921 415
121 225
301 82
480 617
49 42
670 718
81 3
384 693
481 307
73 85
539 157
364 492
662 815
856 217
860 515
531 611
454 721
172 192
347 396
242 383
99 913
847 463
470 163
678 117
872 801
866 74
75 190
827 859
495 833
259 960
313 379
588 965
173 771
827 51
895 725
785 736
126 478
846 355
56 562
587 113
676 375
88 923
305 567
9 333
700 58
434 513
638 537
714 986
826 860
266 986
619 46
184 460
366 419
189 930
373 657
508 200
331 52
70 991
237 944
608 571
11 243
591 630
592 159
5 107
340 397
912 571
939 429
538 51
873 104
138 556
444 934
874 930
16 240
582 582
85 151
226 452
145 66
350 709
653 525
90 54
575 476
815 400
507 676
9 886
934 491
907 170
408 75
111 168
934 771
28 456
840 142
605 168
250 105
431 497
68 345
938 222
576 883
454 736
459 203
261 380
30 654
340 962
451 583
102 520
815 838
333 662
189 812
794 480
359 648
578 703
229 165
467 392
672 226
557 235
458 496
204 725
193 904
858 982
317 867
168 260
606 839
788 943
490 105
826 851
337 597
623 137
622 312
707 837
71 847
626 417
436 189
205 753
633 753
478 982
293 77
869 435
753 64
99 739
75 557
642 625
210 474
163 502
218 218
269 366
379 36
249 459
551 585
859 657
269 41
462 456
907 95
451 286
24 513
192 674
257 449
580 514
546 518
488 46
930 76
902 282
867 583
196 984
208 532
822 460
880 289
360 358
511 616
512 660
526 328
165 245
605 228
212 758
721 754
424 625
730 60
130 42
896 555
49 336
580 887
36 938
22 600
139 543
869 760
471 116
668 423
410 499
331 310
121 470
172 700
350 640
30 364
259 972
36 773
657 620
743 337
702 131
21 894
84 979
211 632
1 913
869 21
677 988
575 447
113 865
360 806
163 986
664 180
388 418
203 351
128 275
284 306
7 176
546 100
79 35
945 647
304 976
139 818
140 144
134 824
235 151
35 167
649 959
302 634
318 443
316 552
51 340
324 930
915 120
858 656
738 838
320 861
359 619
240 239
528 552
104 360
270 57
728 279
229 375
152 560
289 775
181 600
265 930
369 42
513 67
805 284
610 876
686 578
171 225
754 682
292 115
390 719
872 558
526 991
130 619
437 597
115 855
828 191
88 450
569 664
527 929
718 952
423 645
222 191
736 722
314 726
586 193
333 126
415 446
671 678
406 706
255 769
181 82
121 478
318 758
688 543
377 795
823 914
254 306
331 499
758 14
821 816
495 426
735 427
218 577
125 876
635 604
274 461
385 824
74 316
353 485
349 804
250 752
370 988
442 361
433 518
323 622
249 201
265 935
876 328
525 832
576 913
359 994
739 231
800 385
417 305
198 367
627 144
89 112
872 757
19 860
380 952
738 329
839 2
846 190
287 484
55 737
729 334
35 578
65 561
673 14
751 461
534 221
920 708
587 555
42 549
137 659
909 538
226 103
925 586
273 802
257 216
185 590
587 738
654 414
306 227
24 374
645 785
786 709
167 463
571 738
538 620
125 204
850 595
47 105
375 97
199 864
52 834
416 399
842 877
890 533
754 323
929 425
317 652
548 209
81 418
138 500
486 683
750 409
38 563
520 509
490 56
220 585
296 820
285 50
279 455
866 920
944 555
127 863
631 350
336 161
569 403
505 321
37 337
604 505
716 154
410 485
651 246
830 670
350 654
401 569
5 225
210 205
551 346
443 792
914 207
503 635
898 204
450 585
888 318
155 188
715 441
375 896
539 579
432 726
29 334
117 267
218 290
2 998
741 168
485 693
814 360
383 625
23 92
72 229
567 627
262 955
494 23
543 815
691 711
943 402
741 878
361 640
68 450
399 114
615 461
659 509
628 704
5 538
840 331
775 972
302 206
684 717
78 100
942 145
746 394
79 96
60 477
411 153
128 793
354 258
407 666
944 905
225 495
120 270
906 922
651 350
392 97
431 410
95 744
75 934
519 709
936 290
869 267
338 708
222 760
460 708
733 14
389 399
187 565
500 141
323 456
465 427
94 516
427 290
658 588
663 278
910 351
553 215
819 712
758 395
698 493
847 954
412 897
712 345
8 819
413 592
824 93
246 452
12 317
409 718
318 999
792 449
894 953
669 552
906 21
924 342
216 546
809 4
311 884
863 558
895 976
21 294
535 665
76 32
210 246
525 36
293 601
637 144
195 225
388 267
692 809
615 691
878 711
634 496
624 222
879 710
877 284
593 599
276 100
42 599
705 334
182 286
617 954
345 818
95 577
812 482
518 532
525 476
204 594
183 80
363 351
655 202
898 831
252 596
75 135
184 169
164 93
137 316
9 523
566 623
941 648
282 876
169 214
128 712
719 429
13 323
757 495
377 473
356 282
318 899
138 169
72 287
403 699
67 156
201 427
448 151
8 678
401 618
215 960
357 767
133 311
502 769
327 334
67 619
154 220
480 550
493 531
257 688
376 897
193 584
928 330
33 499
118 268
291 898
702 473
212 994
281 593
251 98
706 205
18 416
828 85
575 93
801 859
576 84
64 990
106 687
537 80
646 386
680 536
419 550
527 361
271 831
277 961
864 639
745 867
391 433
422 429
247 886
898 83
613 315
754 914
301 801
891 814
210 860
28 68
223 389
597 193
558 208
747 457
415 671
33 240
172 501
590 781
778 131
212 202
946 470
262 510
586 359
859 355
17 450
764 784
915 191
136 543
593 589
593 936
778 578
839 821
635 932
456 124
623 75
272 184
161 108
440 192
725 400
478 983
842 66
832 194
790 605
384 613
464 596
637 718
323 704
199 737
75 46
192 666
484 342
807 94
580 461
53 330
691 148
521 770
594 974
530 676
175 478
214 138
598 447
765 668
832 970
110 644
503 924
297 432
941 301
87 451
333 369
634 60
907 771
324 205
165 518
904 613
256 778
25 527
734 45
244 361
278 887
658 982
459 396
734 764
342 862
611 119
415 545
343 220
129 805
935 151
215 88
389 821
467 425
35 426
246 102
404 805
569 295
277 703
909 624
47 216
23 971
646 810
886 212
448 924
215 75
281 296
380 294
139 813
495 620
306 325
874 307
298 160
767 122
68 864
924 56
832 851
264 491
482 405
168 722
928 763
808 852
544 768
5 839
454 500
11 634
777 72
465 418
793 867
707 609
12 808
153 154
594 854
90 775
529 710
186 851
16 513
8 353
43 464
553 683
145 850
199 443
426 9
167 477
125 85
660 395
825 335
188 112
691 511
667 174
817 863
485 32
533 942
650 328
557 895
334 170
133 311
309 783
14 50
773 820
192 862
548 96
717 414
737 609
456 368
742 864
527 296
185 192
190 539
919 219
676 933
651 885
394 323
103 559
828 554
676 949
526 14
192 953
547 683
383 478
52 744
604 13
508 199
769 675
534 127
263 857
156 482
935 811
899 311
897 890
944 897
856 346
86 822
498 828
590 648
11 845
553 648
633 541
584 62
915 394
658 770
264 538
479 7
606 204
792 730
463 432
862 535
131 138
803 909
60 827
492 317
193 824
569 206
331 433
184 172
767 603
708 917
775 335
332 275
896 449
803 316
363 89
478 133
488 365
131 27
588 357
192 928
239 670
679 180
736 888
836 577
644 368
150 254
755 303
396 46
715 344
681 790
788 870
108 346
403 724
805 632
416 667
408 987
790 103
862 73
45 250
202 190
243 968
851 103
688 786
250 264
142 427
331 207
933 462
158 606
18 61
750 245
676 75
12 293
341 548
644 606
377 968
332 754
112 388
786 736
768 128
828 186
298 129
390 79
618 945
534 929
147 786
64 672
235 463
167 926
232 708
885 545
780 600
864 805
629 138
537 551
82 177
802 811
263 923
492 358
762 575
723 508
886 195
15 995
353 446
740 479
827 15
534 28
931 796
492 615
504 740
504 430
259 526
393 179
680 696
799 373
603 801
50 958
695 830
573 94
60 905
353 742
789 685
699 783
403 68
207 177
243 473
918 692
97 814
327 970
604 823
793 794
265 389
421 119
191 701
191 935
267 30
146 77
683 159
378 568
326 342
469 10
224 698
796 329
296 402
567 17
749 867
275 895
677 238
164 104
322 535
128 48
7 191
782 324
638 275
415 745
330 140
133 882
242 693
560 517
811 1000
484 838
799 137
30 12
36 617
556 55
103 860
782 824
450 228
546 561
157 100
918 184
598 293
417 281
43 36
841 617
576 226
220 172
548 211
822 799
570 8
474 46
111 261
50 656
687 995
255 718
207 943
831 144
74 793
715 871
813 694
869 228
26 895
139 600
599 48
26 890
189 161
822 588
26 832
477 742
595 934
267 522
433 285
795 910
210 865
133 733
57 124
10 566
520 47
707 140
425 192
318 468
328 750
860 218
408 23
149 76
344 148
654 981
697 319
173 44
362 699
193 874
766 404
541 584
85 275
403 222
140 803
558 877
110 823
363 479
282 962
610 361
564 205
450 616
573 484
419 289
522 945
67 71
322 976
125 600
808 593
556 561
423 674
739 102
623 946
494 114
607 991
313 893
447 625
226 217
390 245
111 621
276 298
140 674
145 367
548 416
428 948
663 642
73 820
450 101
355 369
491 718
635 520
658 513
678 81
745 474
63 216
706 736
555 151
530 5
22 634
622 88
258 697
780 643
468 673
714 756
39 539
842 704
16 756
397 28
298 76
801 627
46 871
664 587
871 943
845 799
468 367
414 638
102 969
555 930
178 658
306 371
18 545
64 458
179 75
434 798
267 842
196 450
585 713
476 413
57 122
834 816
945 288
689 324
846 445
647 554
717 885
115 728
348 489
528 51
642 414
43 663
332 699
337 585
159 726
445 926
674 576
524 297
780 852
573 545
51 124
800 528
650 84
482 549
769 797
312 947
149 788
872 656
327 312
431 967
119 135
357 718
514 857
295 785
775 156
86 829
552 542
311 69
168 830
109 713
704 868
726 442
4 557
888 416
242 552
100 476
63 147
654 134
791 118
180 528
748 782
427 992
239 204
145 258
853 396
803 92
268 943
105 753
279 641
697 543
418 723
370 825
387 802
775 381
795 614
260 790
792 204
821 507
442 133
606 286
52 677
46 79
867 724
793 775
444 872
912 229
152 945
612 700
332 796
499 555
743 809
239 740
16 949
452 773
12 697
124 474
255 481
718 649
612 477
809 932
592 411
841 939
775 523
895 759
257 770
344 648
498 56
253 296
303 442
62 358
