2055 184
129 92
24 872
96 530
25 521
150 304
5 601
184 120
13 688
9 129
154 899
6 181
15 153
128 276
61 321
62 999
140 67
184 414
129 466
13 538
42 729
30 716
100 970
137 220
22 640
23 59
91 887
14 41
68 134
47 648
156 876
81 222
122 464
36 175
34 600
175 473
124 27
179 591
52 343
134 535
40 908
41 156
29 902
2 44
59 679
139 130
84 482
169 285
105 641
70 480
109 617
119 840
24 961
30 193
5 447
169 522
108 258
49 116
25 208
140 462
83 130
60 36
174 740
6 116
89 382
148 647
57 77
179 30
60 242
182 291
103 122
177 547
81 812
126 75
53 270
116 712
148 905
91 925
177 632
145 49
67 13
80 838
94 564
141 548
66 438
91 995
11 536
126 964
23 561
169 529
67 663
64 697
23 635
30 605
69 728
137 990
70 64
129 620
93 23
93 376
153 918
157 947
16 777
161 941
127 90
56 191
138 868
114 25
98 648
159 253
130 595
46 690
58 966
7 90
148 141
145 28
146 361
165 378
78 934
160 628
111 621
125 284
11 51
161 56
168 369
22 300
145 210
168 197
143 751
171 798
117 990
67 71
91 855
2 201
117 158
101 75
105 780
120 872
28 430
54 535
46 708
81 586
169 363
16 255
38 140
44 978
160 635
66 617
78 656
148 919
173 193
128 281
77 382
55 60
167 212
95 381
173 939
146 687
170 528
37 705
30 436
66 21
19 274
126 939
171 869
11 291
47 416
55 399
145 780
108 679
19 269
70 874
22 109
168 28
45 792
95 642
95 959
13 32
80 477
159 163
144 181
80 464
178 538
76 739
135 764
70 657
33 634
58 30
184 619
107 839
160 332
54 570
25 293
181 849
78 156
110 219
183 640
106 243
87 935
142 799
166 880
109 178
71 50
91 498
59 172
20 435
125 202
75 290
157 239
51 490
173 357
170 587
87 790
41 990
124 231
13 930
86 400
9 538
103 717
26 381
32 456
161 261
107 508
149 120
34 163
62 194
86 146
91 177
64 504
109 784
51 202
18 140
7 930
99 706
176 51
86 535
70 703
60 158
59 65
124 134
104 659
175 586
143 250
154 559
26 813
175 289
59 841
100 854
170 984
122 497
27 149
127 169
165 217
117 463
12 50
32 332
175 919
156 960
34 741
37 396
166 709
78 657
84 395
155 887
38 33
46 103
166 618
13 121
13 639
34 887
142 53
162 424
112 949
79 286
175 275
78 848
115 672
170 433
31 344
119 655
107 701
151 213
171 826
57 1
103 952
133 695
113 244
57 340
89 223
15 611
116 205
116 628
137 255
171 80
75 257
184 830
98 788
38 906
105 229
10 928
41 812
77 53
173 366
109 783
164 92
140 128
3 594
48 383
72 921
122 606
176 749
15 77
113 935
2 94
25 500
64 255
101 548
130 507
99 356
22 185
153 892
71 635
75 650
65 321
25 742
94 684
38 620
83 147
122 357
155 257
161 325
99 92
35 726
180 912
82 692
101 602
102 584
175 966
132 182
111 858
131 70
167 424
6 878
76 880
149 70
113 291
83 290
60 929
105 268
132 396
10 992
145 835
77 311
148 456
119 828
146 354
46 138
125 100
182 211
171 92
112 562
181 645
22 851
81 133
97 62
89 832
11 879
114 843
93 17
126 474
138 734
66 858
114 744
33 911
17 364
55 752
93 34
134 342
75 742
20 737
106 890
139 547
94 514
73 434
111 526
22 810
127 811
160 169
152 107
25 474
132 840
136 219
171 333
4 134
184 381
109 859
68 258
51 845
146 959
140 777
105 206
42 42
158 412
59 735
135 600
152 963
112 151
54 677
146 707
8 14
47 351
154 725
176 117
56 406
95 432
125 430
173 754
172 321
101 391
115 445
7 184
11 916
46 482
161 382
34 356
16 212
127 269
173 998
149 539
10 991
134 492
115 803
66 401
44 440
38 574
169 322
168 444
180 245
173 248
82 439
20 617
134 826
137 77
85 15
139 660
153 214
173 324
175 16
113 860
120 85
88 553
179 430
107 995
121 4
126 729
144 214
143 465
145 704
155 609
155 334
154 129
165 445
126 94
15 947
80 457
42 786
131 742
43 617
167 302
157 499
175 733
124 709
11 804
122 100
111 416
61 285
26 793
167 68
88 308
37 526
153 122
17 270
160 535
56 516
92 155
5 657
178 68
92 924
169 427
16 336
132 538
21 235
36 372
78 49
156 453
104 488
107 126
141 977
141 563
59 941
27 124
50 990
102 23
146 313
136 420
18 259
99 320
138 289
31 787
130 670
65 858
25 737
182 261
31 788
172 466
107 830
154 960
21 442
171 525
69 974
96 553
123 821
2 745
180 614
19 765
12 538
86 705
182 721
107 136
6 742
53 620
176 135
43 136
85 302
170 486
101 906
145 73
136 327
163 397
116 841
49 634
170 765
110 428
169 753
153 46
34 967
142 490
26 318
69 986
123 833
66 371
171 54
163 429
163 663
141 116
9 533
136 18
174 1000
6 522
97 168
128 583
19 631
25 307
1 53
49 680
157 435
11 787
109 288
55 587
99 959
1 23
43 351
72 5
184 402
72 20
127 662
48 467
66 287
117 311
62 11
141 929
181 796
149 758
165 890
52 549
8 815
117 820
90 625
113 52
102 803
123 480
81 100
58 810
21 398
26 615
96 936
67 222
34 301
41 308
139 283
178 706
114 405
115 886
103 258
156 174
66 915
15 664
169 232
141 661
62 380
25 729
95 21
98 949
29 693
125 893
45 299
42 171
42 283
138 930
161 314
55 995
3 75
140 987
78 28
57 83
125 305
184 831
99 416
115 8
180 956
124 2
37 587
138 734
63 936
131 489
152 401
52 724
153 505
139 906
81 528
134 429
112 902
9 240
141 763
68 886
49 763
91 442
58 2
172 429
81 708
28 92
28 816
11 103
85 751
107 3
48 554
77 105
161 674
28 477
124 758
87 191
59 336
131 605
12 192
119 400
56 536
135 962
158 486
178 806
53 45
36 208
13 332
173 873
87 861
127 941
80 847
91 212
107 677
181 412
140 197
28 869
157 522
19 828
60 3
11 361
35 481
31 480
95 501
174 52
18 783
180 352
34 288
9 572
151 625
120 294
48 658
106 542
159 508
169 864
64 679
141 494
95 429
82 908
71 797
136 154
3 313
138 574
104 768
48 455
145 69
37 315
10 6
1 890
70 85
79 824
26 635
8 815
119 768
87 706
3 844
108 516
129 770
65 567
180 63
159 613
72 31
154 707
2 297
57 73
139 750
167 979
96 30
5 491
165 706
37 36
21 467
184 505
124 258
2 236
22 302
113 743
29 561
121 903
142 259
98 587
148 22
16 161
28 568
83 618
120 724
93 249
20 537
182 33
164 993
83 788
132 940
139 820
70 979
105 69
48 157
5 705
27 213
59 395
53 185
82 964
96 109
117 58
161 926
38 860
154 120
70 183
160 185
7 828
165 739
2 975
23 438
57 866
7 243
54 184
148 946
138 770
69 69
111 941
82 803
14 98
132 438
179 533
17 181
68 903
169 91
13 949
91 598
166 310
153 736
155 96
175 730
147 379
72 988
59 980
49 534
184 324
44 915
8 567
63 272
2 30
18 714
65 941
109 109
29 781
143 981
65 923
160 657
166 623
88 211
183 479
13 457
19 161
58 463
71 548
178 627
41 384
113 272
166 89
28 900
28 912
35 689
73 314
118 647
162 847
21 353
109 452
159 124
184 361
68 675
175 444
67 757
2 269
101 917
100 40
184 977
117 806
76 532
113 876
9 549
128 154
56 726
124 13
174 869
101 477
52 638
96 232
145 86
68 885
102 306
60 906
121 718
80 39
35 159
51 41
114 298
78 760
112 698
76 312
41 774
68 52
25 368
163 174
44 735
127 81
92 326
148 984
183 163
59 795
119 993
134 457
8 782
86 465
109 853
21 184
99 782
108 526
27 977
14 456
157 519
3 792
168 505
166 176
83 382
8 371
103 770
115 837
83 729
103 605
87 248
160 10
97 453
118 539
19 666
11 190
90 94
9 578
73 667
74 884
100 145
118 390
38 882
120 83
123 44
113 557
46 170
124 800
37 251
24 444
32 450
146 614
45 220
56 543
127 557
6 644
130 987
77 956
81 921
63 53
121 430
173 16
107 268
177 160
45 401
172 31
82 57
105 866
118 106
128 376
58 294
116 998
62 349
77 14
170 704
71 579
76 111
121 598
53 276
168 309
124 782
137 790
121 63
58 329
11 886
25 523
35 334
51 548
47 61
151 450
128 118
49 659
108 343
175 616
148 548
151 556
135 114
103 481
86 245
100 923
30 2
84 123
49 662
36 925
45 229
66 426
99 539
107 823
145 943
71 148
73 771
152 591
136 254
15 246
159 266
143 136
134 254
40 973
132 124
117 473
160 372
46 877
147 496
87 326
36 638
55 708
10 761
18 524
158 368
96 63
166 886
116 937
11 344
5 731
124 442
152 513
40 66
68 236
121 812
132 264
171 684
145 800
89 975
110 830
137 658
26 755
19 569
25 269
61 418
123 83
18 911
180 763
150 376
162 597
132 175
83 294
128 466
20 966
38 788
26 626
113 28
125 442
76 900
160 236
181 643
107 431
173 380
153 417
9 749
18 450
100 793
10 911
59 798
72 104
183 56
168 922
71 444
170 693
131 6
65 926
18 251
100 903
21 455
80 491
89 737
140 610
113 994
107 259
82 890
30 629
94 859
144 740
26 508
104 547
7 791
138 916
4 907
118 265
122 570
120 975
103 636
46 918
116 707
165 370
7 509
157 109
170 974
144 355
122 147
63 140
24 71
21 397
132 874
106 119
133 365
9 559
98 623
114 972
156 219
105 677
49 760
13 576
3 575
10 444
159 601
15 416
23 447
49 289
144 168
6 480
165 910
51 450
170 873
95 126
1 842
61 83
89 345
166 87
106 608
101 441
82 998
129 768
139 518
6 761
10 373
92 829
146 503
87 632
159 514
29 788
124 401
67 236
93 578
57 497
101 769
89 704
98 811
44 978
140 180
173 979
17 713
123 212
164 567
11 930
26 162
60 492
27 126
170 376
175 58
180 94
110 984
62 300
7 15
176 352
18 825
92 609
118 749
116 7
60 646
9 822
161 986
133 512
160 203
67 920
166 282
169 583
164 895
157 850
105 170
109 122
150 662
173 107
88 720
53 621
17 876
81 78
70 425
183 847
18 448
84 274
66 760
48 667
16 637
13 348
33 373
76 718
22 538
184 863
127 298
24 31
83 898
105 458
33 119
106 513
106 947
55 224
76 254
55 154
137 722
94 368
14 806
35 854
44 869
147 191
27 692
132 987
146 239
43 488
16 844
119 486
78 54
99 450
83 267
56 788
151 103
176 145
56 783
85 745
128 871
80 818
172 725
90 347
95 147
142 450
149 625
173 479
88 24
105 822
71 1000
130 553
170 619
76 788
175 160
87 303
96 369
70 496
115 597
136 558
73 382
42 887
111 668
164 611
176 953
7 646
112 27
29 514
18 518
121 139
36 199
114 945
22 457
61 801
127 812
88 853
104 569
160 527
38 391
52 202
12 642
127 361
143 94
130 134
136 392
151 53
46 718
143 22
113 338
126 454
56 99
89 142
148 787
183 75
51 986
21 76
22 481
40 920
83 944
24 165
75 66
159 586
109 980
141 566
113 193
55 438
134 288
4 979
158 988
31 769
4 235
104 226
61 952
107 657
92 730
71 56
179 858
111 10
129 329
141 209
167 224
42 841
42 685
72 339
172 85
32 387
147 412
36 771
81 799
182 166
26 635
103 861
129 995
113 182
171 789
165 328
130 765
6 696
3 58
20 166
161 308
99 25
88 716
33 183
178 612
3 22
38 338
120 246
68 754
5 605
178 297
143 761
178 307
180 313
129 421
11 237
26 251
135 689
121 388
136 534
57 457
33 457
118 842
83 139
68 272
65 527
174 188
130 182
175 263
83 574
5 744
122 991
64 449
68 173
112 242
111 529
173 365
137 120
4 328
39 194
65 742
87 60
47 822
87 231
18 827
91 982
173 650
59 876
156 103
154 156
36 432
56 399
118 792
145 202
128 510
44 69
147 323
126 933
142 72
28 810
9 965
52 906
171 163
21 868
5 36
161 438
157 981
146 472
36 963
51 807
40 731
179 643
139 816
174 257
170 960
123 905
158 752
86 9
143 380
128 904
44 159
138 148
164 449
102 109
128 332
150 727
54 119
75 756
88 843
79 48
27 312
35 579
97 121
154 626
167 667
68 559
167 323
100 740
71 605
67 116
1 685
67 835
161 698
68 784
98 454
170 410
137 528
20 592
88 737
87 752
125 738
34 961
112 429
40 800
121 312
65 591
87 630
104 849
10 69
134 488
90 144
62 120
93 918
127 473
13 601
13 664
136 273
25 614
118 519
28 304
63 2
160 197
162 869
7 524
119 903
162 787
78 521
91 881
158 12
123 925
63 656
93 220
144 614
1 535
162 296
42 738
74 355
40 623
163 404
15 9
98 864
78 641
120 394
97 413
36 801
8 348
102 759
62 3
61 875
146 555
50 752
129 216
115 156
10 691
113 98
9 169
82 776
20 763
104 554
41 308
15 789
150 886
35 140
152 357
72 575
117 714
112 111
145 289
153 428
53 59
124 695
107 701
175 872
100 656
84 329
82 455
160 1000
182 107
85 913
83 18
152 410
89 548
43 646
99 653
44 315
89 894
165 347
23 92
34 671
36 775
158 631
20 493
54 875
47 300
180 93
87 835
149 805
110 394
140 284
6 245
21 1
167 77
90 815
164 791
34 349
118 339
165 429
184 446
113 133
153 296
72 457
29 703
48 263
172 835
161 609
162 207
163 903
109 791
37 810
51 44
135 354
169 297
41 777
148 34
33 318
124 8
162 771
76 766
71 560
52 223
148 941
183 198
14 564
93 667
173 124
18 269
105 471
157 715
131 205
98 626
111 191
153 618
24 85
28 393
164 336
101 878
100 265
70 839
6 480
39 676
163 166
107 377
25 859
179 8
33 425
177 773
122 366
47 896
85 246
78 598
23 759
151 953
82 940
182 555
19 475
89 527
174 415
77 288
94 102
138 48
157 275
66 283
138 29
38 665
142 47
65 631
158 830
42 718
148 30
55 787
22 46
85 94
53 47
81 483
88 736
42 460
126 325
44 556
143 188
110 13
180 126
29 315
123 164
151 248
52 728
73 374
6 271
162 176
99 878
37 185
47 162
179 298
133 542
183 105
18 729
8 421
184 389
26 843
5 265
149 644
73 424
156 324
139 488
40 773
101 148
99 570
156 459
149 420
161 414
35 889
130 38
66 592
97 475
16 638
172 590
164 115
116 336
33 430
174 953
47 357
5 106
2 598
45 427
1 713
114 230
32 4
47 922
119 278
63 457
40 876
8 506
181 222
99 159
175 395
142 920
104 657
58 311
3 758
20 490
174 570
128 605
159 458
130 933
116 383
11 605
129 45
154 853
174 780
40 766
143 899
179 151
146 1000
116 363
4 65
89 721
181 726
51 291
55 348
49 247
179 371
28 449
171 993
81 687
73 814
58 268
127 310
109 933
37 922
147 399
103 511
178 983
12 853
84 952
184 201
6 521
82 499
162 548
143 233
13 377
173 178
137 488
153 444
140 531
154 567
80 802
3 568
113 884
133 327
26 829
66 705
144 418
123 982
53 951
116 348
47 585
163 346
118 781
180 838
97 671
39 264
90 364
33 805
29 832
143 436
53 768
46 108
152 234
78 652
110 392
42 738
5 361
169 301
80 792
136 907
3 251
6 564
145 285
31 852
55 668
66 125
142 308
35 979
84 746
97 878
75 281
129 795
153 921
49 892
39 515
110 395
43 446
15 659
149 957
55 143
29 399
23 201
84 78
81 469
118 392
38 595
63 593
65 176
26 87
90 445
91 101
165 559
103 984
152 581
31 61
128 14
129 705
36 112
47 375
145 34
37 118
60 763
103 89
11 136
33 701
5 466
125 142
85 702
81 890
99 379
182 212
147 759
130 787
155 595
143 440
153 106
162 836
12 86
180 903
110 571
165 298
8 426
84 734
14 40
112 259
39 332
122 34
14 924
136 27
20 424
148 416
75 726
67 240
12 637
159 37
130 258
62 438
125 310
144 982
17 213
140 75
52 720
68 712
115 12
148 699
29 9
23 192
22 205
34 492
46 662
119 986
24 587
28 58
51 428
9 229
108 405
70 482
58 576
26 268
89 503
157 994
96 758
167 390
67 239
78 479
25 803
141 183
31 736
151 853
107 342
184 891
162 633
52 753
82 874
142 104
152 702
163 449
156 333
4 660
49 340
152 865
70 612
71 794
23 81
184 567
132 539
44 152
88 824
128 399
139 680
95 860
153 728
78 942
73 32
23 417
31 957
142 706
43 903
15 677
104 236
102 496
61 123
45 661
87 586
26 988
85 233
6 638
3 525
151 539
160 342
150 213
72 953
98 723
146 246
20 655
170 603
129 320
113 255
43 777
80 848
120 296
57 910
113 744
54 181
29 103
24 191
131 585
153 224
163 491
74 888
6 521
6 53
153 176
37 734
39 652
10 137
84 604
62 429
82 793
138 961
152 755
137 812
54 196
52 618
178 170
51 741
70 153
115 378
127 527
139 168
48 95
86 509
53 967
28 16
8 833
144 552
32 965
27 267
45 326
112 552
181 105
182 894
107 377
81 442
154 453
162 253
6 448
18 884
91 281
43 750
116 641
159 978
62 799
174 382
34 567
141 633
102 846
178 442
13 536
49 790
34 251
122 854
145 945
104 910
71 2
107 528
117 39
111 823
104 976
115 684
60 183
179 405
44 275
111 233
52 558
2 581
136 704
131 570
106 257
63 380
31 259
157 325
74 437
128 496
56 849
57 854
155 215
139 932
8 696
101 99
80 348
68 263
98 532
94 529
112 753
87 381
173 490
40 484
6 459
171 579
86 976
169 227
112 822
132 367
40 795
157 281
18 265
15 333
50 575
90 323
51 408
89 985
97 769
20 704
134 887
111 778
136 103
25 627
177 325
150 509
134 974
182 441
97 757
3 141
136 545
47 465
19 462
12 209
177 72
106 30
60 731
52 701
40 293
59 750
144 394
74 942
113 992
152 165
22 528
177 593
10 251
77 50
169 899
184 140
175 901
160 128
175 278
106 994
37 363
94 268
4 263
118 986
82 713
115 781
15 747
80 488
154 108
157 462
140 295
117 482
130 650
