5320 557
402 952
187 603
149 768
479 326
420 331
126 834
382 713
15 423
241 245
329 907
169 949
283 701
507 115
443 179
154 790
10 237
468 218
477 879
505 403
56 715
464 462
376 13
255 601
126 821
182 158
86 168
277 436
355 32
433 646
256 79
527 962
321 808
299 538
455 839
25 119
276 451
88 633
221 123
325 536
271 22
37 806
451 993
393 659
329 78
173 488
490 911
159 692
531 343
436 410
31 497
412 921
150 615
59 43
284 412
542 190
365 874
10 790
104 606
363 865
255 287
421 545
147 490
158 470
514 513
251 714
182 847
382 147
200 645
244 148
403 553
414 492
233 410
556 957
165 109
240 318
219 987
131 306
320 184
202 503
546 702
322 496
66 848
160 43
502 367
191 20
32 217
376 560
341 581
540 131
84 808
59 595
63 619
222 562
207 938
56 743
371 550
340 102
358 500
274 676
484 501
452 428
506 748
502 20
158 763
422 976
171 166
434 166
327 533
377 889
120 775
551 975
369 626
533 587
383 956
266 227
179 853
72 650
531 314
67 8
204 356
345 861
411 15
321 185
29 972
258 304
129 823
425 726
509 969
286 807
382 927
311 218
277 393
42 384
1 724
63 314
22 41
418 473
405 51
46 884
99 605
519 37
218 810
106 892
294 843
536 970
309 37
489 920
63 272
368 510
22 553
465 940
11 48
276 308
211 315
364 677
463 578
140 242
348 872
85 561
319 72
219 93
319 342
283 61
266 842
546 994
151 465
111 213
154 843
32 62
147 406
514 510
491 873
467 582
184 90
31 550
469 985
157 895
75 395
255 521
120 272
68 350
523 412
175 661
173 202
32 280
128 604
227 38
503 956
249 490
262 551
389 42
459 869
326 288
17 274
438 437
160 448
38 529
502 819
269 788
545 331
533 465
484 686
50 501
274 235
222 724
396 919
557 357
285 204
155 841
211 774
206 472
103 788
516 11
449 709
127 827
552 896
240 585
417 82
225 828
458 684
423 86
222 987
548 791
111 215
286 129
186 756
169 938
523 795
532 541
400 154
551 417
67 256
202 760
509 994
120 938
499 249
439 912
188 866
131 193
463 84
391 728
341 629
541 659
409 78
232 990
330 338
534 854
214 467
428 503
191 229
328 255
92 313
375 856
67 868
486 369
359 301
168 990
485 946
410 748
237 812
338 510
442 590
92 779
496 306
322 621
155 916
39 579
202 373
182 280
255 673
387 522
156 633
122 163
248 90
404 484
55 453
307 213
65 733
331 510
438 444
48 666
555 710
240 982
546 715
386 143
464 681
272 265
258 161
306 440
308 302
1 115
469 689
379 92
449 511
317 857
554 1
385 150
46 419
225 497
278 685
205 653
34 893
486 55
150 747
553 468
266 244
383 657
253 904
413 170
318 132
188 484
473 97
466 50
131 427
44 763
176 506
103 850
296 428
41 341
494 745
2 943
128 390
206 135
367 947
60 119
457 357
539 757
391 204
90 885
96 166
64 84
465 947
488 311
144 447
510 946
89 682
134 434
276 475
90 764
168 457
213 35
206 209
262 78
78 251
18 647
541 37
110 5
130 70
317 843
74 924
366 855
276 391
200 404
549 107
370 608
93 722
27 566
280 376
203 790
116 277
204 64
162 463
353 629
65 397
438 310
403 725
391 554
17 719
379 717
254 167
338 179
118 95
399 785
246 26
497 189
421 539
378 65
303 604
501 460
205 215
151 128
48 121
527 213
416 737
228 637
539 166
9 574
8 30
295 771
375 536
507 667
97 875
335 569
504 260
481 18
47 421
544 106
450 840
88 583
137 120
124 532
256 632
78 200
239 385
506 397
415 905
448 177
143 311
427 816
173 16
69 200
530 725
268 59
46 483
20 993
230 665
442 819
455 861
545 449
142 920
546 373
46 205
454 526
5 822
508 822
112 615
487 4
353 577
499 523
195 672
377 593
258 630
258 801
94 14
405 801
130 121
293 405
261 460
536 690
68 904
8 652
435 433
185 824
175 624
480 179
100 289
447 89
295 734
485 142
528 970
389 353
8 854
477 860
556 423
545 22
388 614
187 433
421 223
181 372
319 706
476 137
142 774
23 440
115 681
187 579
528 945
326 160
325 270
243 90
235 725
105 696
150 855
360 741
247 319
366 894
92 800
505 751
209 549
395 430
212 103
550 431
441 219
363 262
232 377
77 352
336 198
282 402
315 379
505 480
167 43
320 360
369 201
79 580
495 832
404 828
330 153
126 610
463 601
318 476
449 79
373 269
336 282
120 324
230 122
23 51
60 475
88 97
266 757
210 289
25 998
199 233
46 598
430 36
536 273
301 16
352 561
10 209
437 986
302 764
160 876
90 461
288 53
548 937
283 924
30 172
368 879
271 325
121 742
340 341
212 365
500 116
21 534
77 92
444 629
455 900
517 546
445 214
401 859
93 649
532 999
147 719
140 372
393 904
193 209
2 478
37 965
553 751
197 718
13 807
473 475
115 275
223 587
331 710
194 948
538 879
259 933
111 498
420 547
542 107
369 896
455 382
541 327
344 666
220 874
132 192
183 252
236 249
214 592
150 654
532 744
363 334
417 662
512 763
96 158
6 437
185 850
64 749
31 493
93 779
504 329
219 705
106 673
374 566
234 783
124 141
42 695
42 619
395 130
336 84
198 701
264 982
271 255
444 572
247 542
58 732
197 451
444 618
43 33
502 795
80 714
313 707
52 658
31 351
136 242
70 636
134 86
458 366
387 367
244 385
326 90
272 548
285 608
37 857
118 300
232 159
101 528
380 400
131 992
73 3
479 613
312 147
33 347
408 134
455 339
381 222
248 146
173 796
73 328
94 64
10 218
58 314
269 297
286 173
110 961
313 326
507 403
2 609
233 659
549 756
68 314
300 619
468 733
78 90
532 908
274 582
407 724
393 221
197 438
441 681
44 453
224 232
437 844
273 79
316 710
391 459
411 76
32 958
142 619
387 952
469 467
38 411
253 809
386 262
247 701
157 164
380 757
261 898
110 761
358 828
473 461
424 832
554 530
118 457
55 612
167 397
186 973
198 432
410 129
278 695
269 385
509 854
204 464
324 19
512 369
391 416
413 526
292 996
243 714
460 987
162 673
152 26
65 915
249 860
193 452
384 103
29 543
384 312
239 590
72 179
91 476
29 763
524 371
184 696
19 150
48 652
395 825
478 621
336 59
468 215
132 443
498 503
35 272
405 624
23 232
140 850
526 378
431 406
534 300
97 243
250 381
490 37
321 324
363 112
53 935
346 249
184 797
467 942
178 205
495 369
410 356
422 456
248 92
302 112
159 519
228 454
359 656
431 772
386 530
507 874
347 783
278 243
307 506
137 444
359 141
42 928
493 732
383 990
142 912
523 441
156 830
153 535
429 693
456 499
466 324
469 244
199 289
283 419
51 714
387 385
467 288
452 255
261 272
366 659
240 809
177 866
155 960
328 592
173 654
142 930
380 592
421 452
386 135
421 436
418 214
358 965
264 423
351 908
6 958
151 720
118 612
41 585
384 157
78 736
492 922
3 831
220 664
327 964
54 328
202 707
286 469
243 329
147 945
511 362
164 224
34 75
26 978
501 640
274 998
437 360
347 826
167 316
418 796
386 820
536 36
430 313
117 863
90 20
495 126
453 926
99 773
15 286
405 836
118 702
211 889
156 990
174 997
20 312
224 250
196 106
438 355
326 447
302 85
225 446
359 998
337 482
123 645
294 512
304 833
93 676
127 312
69 444
418 434
307 27
184 884
236 80
107 966
517 844
236 917
96 232
457 658
139 612
440 648
8 825
549 634
371 408
13 323
118 561
258 876
483 686
315 25
87 804
495 324
245 417
239 257
421 672
51 288
509 182
546 391
492 770
283 461
299 620
517 8
354 173
311 552
149 103
57 322
420 865
172 493
403 468
87 360
446 72
474 58
240 360
483 257
548 697
296 212
29 96
497 801
472 65
262 624
10 384
345 573
262 980
360 18
213 151
385 731
330 887
531 624
33 592
353 990
16 464
307 414
201 250
426 357
516 380
25 723
182 984
139 964
384 119
269 914
135 657
113 704
247 934
179 424
481 520
135 895
341 119
55 668
101 180
494 516
22 78
519 401
533 32
431 302
157 969
257 853
374 618
498 569
414 292
186 164
13 479
198 618
405 60
448 724
474 669
332 471
481 119
139 586
520 903
404 579
494 282
328 763
242 323
240 221
451 569
237 579
270 286
307 681
131 1
516 608
323 389
35 412
481 616
238 383
33 557
145 932
10 386
513 420
353 899
347 645
92 221
178 509
284 947
202 683
64 813
446 271
434 276
207 757
250 600
544 903
180 250
442 104
534 186
151 201
106 770
414 599
4 288
365 947
296 144
539 337
164 376
507 290
410 467
266 410
8 343
31 378
466 438
298 255
206 457
183 425
22 776
514 733
183 971
80 804
104 796
200 258
470 899
407 215
244 9
478 297
63 125
85 480
239 386
362 713
437 935
47 484
356 493
4 70
251 829
164 32
80 520
36 589
466 173
510 560
218 454
504 452
114 99
498 674
43 917
144 879
113 700
169 515
182 922
419 907
82 254
13 287
327 626
279 365
468 350
222 204
512 146
162 938
440 623
148 55
418 623
411 663
170 849
398 852
123 702
162 418
527 263
71 474
45 804
287 439
339 566
362 587
119 446
482 371
217 556
409 375
431 745
130 348
366 949
181 217
372 282
189 581
476 534
127 207
419 637
506 901
56 277
319 622
346 161
298 888
548 503
164 562
354 282
112 315
154 616
496 146
314 116
347 67
294 885
149 416
278 278
500 862
57 508
212 804
252 915
448 927
551 529
244 33
56 818
373 245
538 714
342 173
29 846
434 725
382 323
313 269
429 781
106 162
184 226
330 45
451 757
464 258
158 739
301 307
334 105
469 59
183 52
356 316
436 143
112 649
100 153
268 180
233 156
167 657
149 383
512 905
520 565
462 185
504 220
552 568
172 327
372 804
352 157
225 174
338 559
104 841
170 374
66 983
245 42
375 268
419 804
328 729
156 197
237 522
10 165
78 113
417 133
244 953
485 837
19 795
84 703
420 708
154 930
34 389
120 216
44 970
102 600
485 532
100 244
420 895
44 580
350 844
433 554
280 768
452 580
556 595
373 678
280 371
123 661
16 670
294 884
48 955
202 299
447 90
372 339
398 919
297 475
291 3
291 582
244 75
510 371
312 303
190 44
251 364
403 119
52 435
485 760
35 464
66 477
285 283
440 81
346 362
465 185
362 341
341 442
281 65
146 33
265 326
472 457
50 841
497 353
373 915
17 635
378 999
343 727
439 120
484 757
37 993
52 647
524 307
390 621
251 234
116 318
416 608
323 390
139 217
431 178
86 958
475 174
509 586
470 39
253 944
72 34
400 75
531 827
429 243
307 903
390 231
437 378
298 894
485 361
23 773
91 514
146 484
188 159
34 808
356 759
325 211
343 613
509 648
525 207
474 719
322 200
270 223
496 894
478 439
274 668
62 523
439 194
1 421
151 488
504 274
392 271
7 233
417 608
520 328
515 706
507 254
556 984
8 50
309 961
51 947
186 231
379 645
344 776
117 194
480 912
192 271
491 597
297 507
350 842
375 275
238 740
91 201
532 968
34 352
447 987
229 626
546 672
495 346
241 582
88 834
467 264
285 863
159 531
179 616
523 723
115 466
267 502
214 927
439 455
540 154
288 933
210 20
437 457
112 523
436 939
177 102
369 286
395 362
305 128
129 520
13 827
451 956
229 47
389 863
152 205
379 647
406 957
438 530
155 161
139 638
444 424
118 676
22 260
445 584
295 220
129 875
305 987
553 929
336 167
380 308
111 203
198 335
547 901
2 419
67 384
118 581
291 932
300 382
475 777
133 554
416 936
384 90
407 914
20 746
223 854
164 523
494 703
90 42
396 916
212 711
178 199
36 191
43 119
115 43
221 358
554 967
539 66
417 507
360 880
77 446
395 101
256 742
475 11
519 97
436 419
389 223
532 581
398 933
73 201
232 403
224 769
27 527
400 173
541 793
533 245
106 757
463 675
169 356
513 23
102 170
510 952
364 993
61 306
16 629
265 114
347 391
73 996
473 418
357 830
524 81
416 594
30 519
9 256
482 661
20 33
381 327
377 397
265 551
360 334
508 609
476 731
548 350
442 526
391 857
206 958
192 797
514 390
480 748
73 300
120 481
109 307
525 408
501 449
338 185
45 178
13 736
470 611
103 328
478 1000
44 379
84 566
377 555
175 833
127 829
283 504
354 177
514 180
301 131
512 437
369 373
343 333
104 531
77 74
552 157
430 976
100 992
167 245
133 565
501 324
401 521
219 698
139 348
145 148
54 34
172 439
43 837
200 735
361 288
542 761
88 117
476 320
376 953
427 587
529 35
399 453
492 480
553 213
83 618
367 428
15 988
129 785
34 456
236 632
360 585
396 478
509 25
553 263
18 828
177 417
145 539
507 774
334 651
491 686
365 739
61 986
507 921
217 306
333 814
12 344
150 653
388 523
500 448
201 901
298 843
170 622
433 183
425 310
290 233
81 358
477 184
378 376
75 410
229 51
391 687
216 672
200 541
476 543
471 619
508 107
474 318
394 474
201 526
123 446
55 258
498 294
233 832
372 982
507 406
451 866
508 548
231 47
108 487
425 363
100 1000
469 320
121 707
343 909
27 73
373 125
510 710
475 885
499 555
556 426
133 773
42 113
370 804
205 542
44 981
536 726
544 681
243 380
179 420
177 591
455 262
99 706
430 597
468 796
398 273
9 686
231 703
93 951
15 119
8 11
553 606
290 32
49 869
395 343
78 336
457 961
448 303
489 632
53 400
367 593
476 251
28 505
308 781
159 125
459 766
537 952
373 875
264 913
190 820
25 810
172 639
240 570
6 931
309 124
543 30
541 862
109 704
298 467
526 750
164 401
279 336
34 964
521 762
190 473
376 215
187 156
65 161
464 771
331 459
108 992
380 519
460 434
76 152
417 701
235 642
504 85
158 141
264 855
246 141
517 385
93 405
146 141
438 519
483 410
25 501
91 195
285 836
547 438
291 716
96 869
79 241
50 33
307 853
319 114
545 987
223 64
26 974
432 573
246 608
462 985
353 507
410 693
312 388
274 184
387 146
44 597
443 756
97 11
62 368
141 796
462 269
163 670
378 906
277 61
240 948
140 519
479 276
446 142
173 343
306 458
509 620
494 877
472 457
267 437
44 991
33 981
49 969
180 348
254 113
36 28
315 28
416 508
333 481
285 7
426 645
16 347
534 217
133 99
513 706
501 37
498 273
187 909
459 73
530 136
275 948
229 130
465 526
160 601
364 512
260 831
234 582
221 507
557 866
552 137
241 991
91 366
549 14
81 965
50 44
548 284
326 858
145 327
387 828
303 228
221 363
265 782
67 691
487 811
257 957
238 686
2 454
463 973
224 335
248 195
171 867
186 943
333 707
281 604
118 533
26 95
486 641
173 532
264 715
533 402
198 220
320 322
309 505
134 988
172 410
190 929
345 596
66 338
448 224
87 752
243 882
255 690
232 362
459 122
132 318
483 648
274 334
266 125
278 191
28 458
178 793
248 535
154 817
439 500
287 288
27 115
253 569
246 939
203 143
136 551
24 565
500 285
278 828
11 824
305 857
462 15
309 956
356 187
377 329
393 85
484 347
179 973
388 540
431 396
214 527
534 387
219 967
467 10
163 149
75 306
256 165
426 27
124 473
158 327
236 917
287 349
146 233
97 127
30 267
187 244
334 842
390 735
137 44
547 334
144 608
153 627
161 813
72 159
95 762
148 602
373 651
280 60
226 827
477 280
515 652
2 763
256 176
14 969
467 524
23 977
441 688
420 916
238 104
356 538
544 350
25 308
266 789
3 363
230 551
74 456
541 313
449 706
99 762
463 643
475 207
278 675
536 258
285 892
246 14
285 124
12 469
152 526
168 642
281 673
97 951
544 783
373 409
8 232
288 943
522 252
510 70
125 485
230 224
208 707
433 880
256 325
163 167
473 431
247 859
69 222
326 371
87 934
496 548
443 381
501 567
368 181
239 160
139 149
141 793
259 369
303 981
24 294
162 237
521 735
500 790
120 307
214 465
102 748
538 386
289 321
371 610
518 653
459 229
86 574
483 77
339 894
186 125
226 374
531 670
499 838
501 645
557 886
48 683
6 713
384 524
465 44
500 953
68 292
45 814
520 349
103 196
483 139
183 280
500 597
522 898
518 285
120 607
102 441
293 128
272 989
53 89
82 551
479 731
84 458
147 90
27 715
58 943
519 335
396 671
83 363
201 250
100 338
272 941
516 707
376 32
549 617
24 889
164 809
237 144
190 343
499 121
481 201
380 325
389 538
538 840
506 937
101 397
495 912
424 765
107 693
65 748
506 740
444 421
391 698
353 392
466 508
172 939
55 942
504 206
507 917
421 46
399 454
167 850
84 524
455 393
441 78
190 99
247 134
277 211
61 3
244 588
94 416
480 184
253 491
175 66
435 999
422 374
337 914
2 428
218 103
157 872
457 278
55 125
205 679
353 229
379 995
531 499
75 507
192 105
402 966
276 106
536 648
329 281
123 365
317 456
345 930
33 627
232 453
142 890
482 256
88 274
235 522
203 389
535 581
287 933
396 393
124 773
69 480
442 736
55 568
117 128
116 380
240 24
164 387
12 851
516 552
84 619
424 704
72 674
330 503
374 181
258 667
30 467
322 319
347 906
466 218
307 59
236 534
405 737
2 409
452 630
208 775
344 791
269 958
278 363
104 704
479 719
491 885
418 764
497 926
509 536
306 307
520 681
414 694
143 525
96 902
433 917
539 813
304 86
454 394
259 630
483 368
246 557
261 957
321 993
552 116
253 464
449 227
193 51
497 902
43 477
12 426
106 120
531 723
297 344
269 462
337 150
108 88
436 262
208 845
342 129
388 545
486 300
501 555
137 887
553 917
254 55
554 150
500 525
511 984
402 685
38 570
397 160
303 454
430 170
416 276
442 756
538 470
74 763
27 658
115 631
416 123
496 173
165 800
161 150
438 164
142 206
176 724
44 165
86 812
24 802
112 810
384 867
113 9
293 581
183 376
314 146
80 793
179 470
350 986
551 386
62 135
539 10
517 694
59 206
288 217
495 444
269 576
110 404
524 892
268 43
356 757
157 329
226 982
16 259
267 595
535 281
49 218
189 129
115 71
371 842
199 662
137 594
485 661
84 9
477 31
461 804
278 2
455 635
179 666
75 163
501 124
467 572
390 772
161 891
156 215
220 170
209 601
316 284
282 217
552 281
205 16
68 760
180 694
356 872
241 509
126 101
194 44
218 490
240 733
549 457
1 447
431 620
244 356
203 800
495 332
516 821
96 65
219 599
385 601
539 736
16 624
413 460
58 43
396 523
485 949
113 58
339 237
522 778
396 799
65 648
310 615
491 707
365 881
111 234
93 308
462 883
211 401
490 445
27 649
462 711
546 581
442 814
254 675
308 35
154 400
141 75
465 73
1 285
337 760
381 112
251 37
53 346
477 114
70 410
126 342
312 247
460 980
409 54
240 697
158 664
458 137
393 169
115 362
379 155
184 439
480 801
260 686
4 356
310 907
455 449
131 307
232 593
355 210
197 408
272 981
274 23
514 417
53 107
10 330
48 35
124 860
330 613
152 310
288 329
414 514
336 861
73 95
12 559
80 519
219 670
318 561
384 482
3 968
546 903
390 306
11 23
232 737
387 749
337 382
122 250
493 257
165 315
279 970
447 473
492 596
339 280
525 356
126 968
339 142
125 175
440 256
48 421
342 302
32 919
398 780
215 349
36 711
227 949
182 925
438 301
455 559
61 212
43 318
540 42
217 484
255 635
469 503
348 560
363 593
484 509
203 770
515 948
517 956
201 209
154 374
128 965
12 419
473 700
518 32
68 310
164 129
431 169
339 772
324 645
510 276
299 831
451 807
462 119
64 889
40 682
289 519
545 904
182 501
387 199
489 929
4 742
32 845
270 35
175 552
127 614
362 574
539 43
189 724
427 76
450 637
256 637
74 455
83 766
406 191
409 269
362 185
340 121
48 16
316 624
370 748
440 530
203 623
190 203
135 575
10 309
330 536
93 12
511 279
399 216
527 719
525 294
149 440
7 23
270 891
130 280
377 647
90 529
257 384
389 766
403 754
100 857
392 842
539 437
116 926
147 29
170 184
92 371
347 918
241 201
320 909
186 452
414 818
44 803
55 223
153 612
418 156
23 184
144 380
528 651
335 316
418 13
454 591
37 987
16 876
19 862
42 446
25 594
534 259
220 713
90 366
99 838
164 214
419 219
286 868
138 819
96 937
362 840
85 950
331 286
52 329
206 246
498 263
401 188
155 132
132 522
300 573
194 275
134 494
553 560
479 828
503 711
515 965
310 862
9 843
35 860
29 86
319 561
231 478
494 514
361 236
350 358
385 578
535 955
88 358
25 369
84 164
305 829
552 185
309 280
366 800
71 982
38 897
472 248
219 909
346 706
88 932
452 989
326 159
222 478
367 694
494 621
545 410
180 32
173 924
16 437
488 69
162 883
456 372
325 26
520 675
253 142
463 74
503 880
516 843
455 749
93 76
177 973
94 384
357 949
77 710
518 670
164 384
390 739
354 798
181 751
280 961
220 69
236 208
44 678
169 670
468 447
498 618
130 352
505 781
383 534
451 672
309 969
350 571
254 607
84 535
230 55
227 253
100 183
121 621
26 159
448 184
496 140
161 286
305 46
397 233
111 441
547 144
182 608
476 381
404 221
200 448
469 483
491 873
224 261
381 985
246 419
381 162
76 20
340 323
142 583
424 5
491 513
57 128
153 946
40 391
553 127
7 783
551 218
484 837
25 93
382 333
84 755
522 195
67 952
225 558
345 651
114 992
304 411
60 23
200 175
216 959
452 693
287 206
471 492
12 871
146 617
447 672
9 366
6 331
231 342
543 729
151 515
514 234
296 249
126 654
2 120
265 959
228 285
245 301
260 25
120 225
395 457
296 586
139 852
407 187
433 168
15 539
248 630
193 723
469 986
100 52
409 92
139 806
308 817
201 778
283 74
217 186
90 155
39 723
461 214
468 834
29 174
304 204
359 468
209 204
17 630
364 825
147 931
399 781
209 360
350 351
54 70
90 994
534 913
288 932
9 202
272 440
155 150
112 476
119 174
484 60
183 613
19 509
492 629
217 178
305 874
153 651
224 797
471 281
493 26
301 332
73 314
358 37
143 314
67 748
92 986
515 491
132 304
316 440
341 162
130 951
78 519
189 958
392 231
263 664
223 398
347 27
466 853
143 417
518 585
190 699
424 410
539 689
9 838
219 507
243 99
349 91
80 104
299 625
446 373
101 902
312 326
27 897
368 852
141 725
445 956
105 273
264 414
176 926
210 327
197 373
53 791
482 207
37 636
173 67
239 237
496 27
511 960
487 759
34 157
180 112
104 705
516 878
65 988
37 331
396 875
133 414
161 214
76 809
454 99
173 684
166 146
111 903
131 38
554 547
427 954
343 562
48 298
385 899
346 886
496 71
286 339
141 863
415 441
83 339
187 750
3 644
378 577
545 363
346 504
358 176
514 675
151 668
305 110
350 447
502 675
217 43
118 310
472 390
74 471
187 212
111 435
388 963
195 156
412 950
405 180
160 171
338 110
220 5
382 421
373 826
221 403
69 389
214 780
33 133
15 632
210 741
80 468
421 978
443 137
550 880
12 132
181 357
470 701
167 629
83 672
281 948
185 679
63 543
383 989
176 499
49 684
533 724
106 168
83 952
512 570
118 530
395 327
444 943
103 743
84 468
391 470
527 222
336 533
116 72
350 458
443 529
446 116
428 731
248 872
485 549
190 263
326 674
350 685
339 280
127 924
174 874
449 263
96 143
316 543
13 696
438 586
332 110
29 294
191 849
212 803
478 978
330 6
478 210
85 239
454 89
221 620
66 96
535 707
80 623
435 668
466 752
20 613
460 34
470 188
439 103
144 328
151 78
293 65
185 217
76 635
453 240
257 664
59 333
297 579
341 302
507 133
341 999
195 83
127 637
355 406
61 171
373 26
528 185
225 871
252 800
179 811
332 671
427 87
520 681
349 77
36 77
323 761
16 741
476 645
399 631
546 242
20 847
132 846
543 299
232 361
173 549
214 767
366 405
469 145
445 341
429 324
389 859
551 656
89 714
145 994
398 161
36 562
351 666
89 318
7 797
6 813
410 410
34 989
312 91
68 206
418 216
293 101
90 992
333 602
447 319
377 874
279 706
150 597
41 389
379 329
113 141
135 813
146 551
300 695
489 807
340 23
102 258
168 73
378 516
175 447
420 266
295 181
2 306
345 723
303 838
207 415
547 261
155 8
196 754
178 52
45 339
460 195
475 715
330 121
181 48
489 856
280 773
415 388
417 642
535 37
229 327
207 872
472 197
32 663
355 229
45 196
336 742
185 242
147 531
291 788
332 435
60 372
267 672
430 422
162 496
191 530
542 39
275 909
194 771
333 552
272 279
340 152
240 320
65 756
210 947
556 155
363 533
104 19
357 529
328 611
274 54
307 522
364 463
90 517
299 241
257 845
510 320
346 143
491 618
260 826
520 762
522 548
385 94
237 966
335 394
402 411
10 83
70 949
485 749
140 432
323 78
544 77
118 728
127 257
3 899
411 11
557 368
525 993
178 911
54 955
213 106
381 327
172 832
467 572
290 723
336 295
90 370
340 577
17 744
136 534
422 595
401 247
142 150
334 425
177 615
335 172
301 865
481 606
464 412
318 989
172 936
326 136
19 78
73 151
260 767
467 94
385 226
502 647
113 482
372 772
242 798
144 385
480 712
129 256
80 879
489 538
232 45
428 629
52 752
448 425
483 205
133 746
530 913
160 753
413 206
487 731
336 901
96 944
352 214
193 989
430 81
259 931
489 72
414 973
317 586
59 166
449 498
396 265
219 367
351 423
76 26
549 797
174 178
171 251
223 731
415 694
361 738
421 582
90 923
270 409
394 836
129 982
327 687
453 859
300 908
420 96
361 580
436 570
87 743
44 657
177 31
43 554
377 267
40 973
24 997
531 688
212 532
361 714
281 619
544 609
389 640
6 29
94 262
404 946
234 827
275 114
28 987
220 729
349 139
324 215
491 342
480 994
378 580
543 281
482 126
199 474
464 892
422 156
339 831
37 582
294 703
489 750
215 30
526 171
273 298
143 460
213 327
297 383
488 723
334 683
202 737
408 278
459 974
285 15
244 847
251 749
426 569
366 838
33 584
331 489
85 905
35 389
361 935
337 263
353 633
126 48
539 490
43 677
23 33
180 797
203 31
160 991
267 419
479 737
479 105
538 114
530 206
392 33
73 990
65 651
524 863
247 953
363 523
300 167
225 290
341 919
281 941
42 596
249 204
539 575
404 609
359 886
238 715
61 168
16 436
443 842
451 612
331 933
45 243
92 533
19 546
246 603
469 531
24 485
510 845
157 185
455 721
506 597
48 855
452 442
313 370
449 596
373 504
535 436
312 939
482 830
239 914
513 315
271 873
124 472
284 228
92 134
154 672
465 416
236 835
205 552
256 247
164 945
3 971
196 606
524 714
424 586
266 857
387 95
450 13
89 503
54 171
95 174
325 79
149 294
28 494
430 896
531 347
529 170
226 341
377 204
276 47
340 34
166 824
139 637
6 617
480 618
250 193
495 769
461 788
376 223
26 440
38 204
46 558
510 910
438 943
202 573
520 965
1 221
159 621
94 263
437 164
475 583
98 791
116 151
527 537
449 907
133 73
397 876
250 305
93 813
18 912
230 561
86 401
292 683
68 450
168 788
59 518
117 312
28 803
402 305
305 37
251 835
99 33
513 102
474 627
125 808
339 616
520 720
330 253
378 740
412 974
278 620
488 352
164 316
386 407
556 414
239 448
206 150
87 289
263 700
53 100
380 189
376 56
69 707
6 704
531 264
107 658
279 543
337 328
198 675
157 114
42 46
24 859
324 468
283 952
109 957
299 708
472 822
401 55
281 401
242 698
206 584
160 852
7 622
507 512
381 150
398 173
8 994
437 501
470 549
500 494
224 929
435 276
402 211
407 621
313 450
545 931
392 763
258 950
555 808
410 799
45 932
121 175
159 48
84 558
506 898
65 300
219 849
541 211
532 434
105 962
500 62
160 68
74 473
445 615
288 101
278 446
32 245
542 911
222 58
56 446
335 714
369 880
63 524
279 97
396 685
115 535
351 494
398 476
510 11
24 423
540 301
505 212
416 385
41 264
160 416
287 62
524 773
263 460
409 866
394 774
534 507
232 666
171 376
102 731
18 736
328 415
62 417
280 73
379 985
477 119
416 960
254 228
427 291
98 967
387 979
465 75
123 932
105 381
295 175
50 865
499 928
486 62
490 80
474 5
292 660
287 422
274 756
540 794
515 941
77 890
267 647
201 575
90 72
11 1000
221 168
88 807
369 59
86 20
291 378
521 952
455 954
196 84
238 475
335 120
411 234
230 548
255 415
218 250
115 952
375 121
473 420
281 212
72 529
440 841
461 447
372 179
21 123
391 889
495 109
274 116
430 914
36 373
398 594
443 804
374 699
152 578
100 156
122 472
133 779
254 910
264 360
241 29
175 632
495 645
135 338
470 880
231 493
149 837
92 673
200 454
395 521
173 530
232 663
368 644
432 584
459 570
511 236
530 294
134 903
234 545
31 91
365 731
276 372
47 52
81 18
397 319
145 907
258 225
410 390
333 918
419 984
436 661
207 75
388 887
449 234
484 4
211 231
178 853
86 654
25 3
318 615
64 991
512 623
270 704
531 863
110 632
203 44
487 231
40 390
109 639
343 929
184 614
109 14
503 55
202 507
70 569
144 599
466 798
138 719
282 190
343 676
337 561
144 371
458 345
91 699
41 798
227 666
261 567
220 409
295 736
80 115
516 582
223 170
323 573
268 546
180 155
249 868
376 722
35 877
222 809
554 236
310 20
465 519
466 256
323 535
28 24
355 783
543 147
422 873
143 859
539 385
377 711
25 616
82 722
186 42
83 314
313 64
85 201
40 239
117 520
307 640
296 151
456 54
466 134
550 651
139 624
187 643
486 482
284 262
482 792
184 882
496 513
299 920
383 246
262 619
121 935
278 76
535 222
8 200
388 921
132 488
384 860
504 199
461 325
350 744
113 103
197 622
418 367
383 634
479 682
410 505
329 77
261 507
46 995
3 29
215 763
93 896
43 64
499 8
276 551
545 141
128 956
496 581
203 845
283 80
121 813
333 315
145 603
384 462
111 257
463 238
547 989
404 747
436 11
277 971
67 600
244 262
253 937
115 567
351 714
189 753
433 928
189 512
91 112
379 892
506 845
62 674
268 182
297 242
329 869
417 778
463 497
297 417
359 829
265 477
122 799
348 86
44 90
84 144
535 892
370 165
95 944
82 761
422 774
267 540
75 830
516 548
504 297
396 56
373 984
68 326
530 930
464 925
209 291
435 804
10 991
438 458
101 579
412 323
462 981
113 298
281 183
429 521
453 280
324 482
246 330
368 642
171 613
202 664
66 995
533 907
111 122
412 529
187 485
114 481
390 275
396 74
120 735
360 521
430 158
479 679
259 172
245 681
493 775
364 399
174 146
417 589
510 220
161 52
336 79
448 890
258 841
425 894
497 14
209 821
198 603
511 304
275 749
317 123
177 801
441 240
15 81
376 930
133 525
414 107
413 551
548 598
284 590
54 381
176 836
333 596
157 912
476 420
499 301
330 649
169 217
377 77
406 135
114 139
494 765
401 724
478 575
228 165
526 618
480 959
228 762
343 726
391 276
389 427
510 244
534 18
47 593
307 357
25 644
423 494
327 981
172 801
488 494
323 256
236 518
443 125
40 7
468 612
533 224
445 773
478 819
358 150
259 576
484 648
307 593
382 774
202 92
459 337
194 244
505 670
401 688
236 117
318 363
355 700
450 906
214 307
507 809
162 750
16 830
370 198
193 668
294 368
258 906
303 676
308 674
450 823
31 458
329 450
385 966
459 968
60 100
193 484
222 22
295 417
165 148
41 936
280 759
325 845
29 799
219 994
253 919
445 259
520 675
123 113
364 641
322 719
278 565
421 480
168 187
116 935
311 89
460 901
359 850
247 422
287 876
379 732
451 427
87 371
379 284
277 667
428 195
39 570
313 581
110 551
348 846
16 344
132 373
507 437
458 467
110 186
350 648
5 465
557 638
216 494
1 732
357 777
220 108
384 552
179 117
392 146
97 329
482 533
199 392
175 56
84 844
525 602
394 787
354 193
93 856
216 228
190 323
422 570
304 188
174 777
115 883
97 200
284 811
290 316
220 723
456 431
418 596
29 468
315 326
120 653
393 146
301 477
532 281
240 334
223 620
282 949
121 745
188 433
188 85
52 151
482 773
119 497
309 259
450 218
84 391
114 476
408 987
492 314
505 742
549 390
47 330
364 684
188 959
419 469
23 830
530 142
77 278
237 630
468 810
194 707
501 624
181 998
302 588
250 242
483 755
542 865
291 921
150 31
461 891
43 717
173 94
142 479
119 294
332 486
30 799
209 231
5 192
335 715
27 627
161 285
98 543
314 415
126 422
447 845
113 999
252 600
403 117
483 308
368 222
62 418
321 284
482 511
456 632
95 35
450 378
237 627
465 746
202 824
278 355
154 766
531 290
195 86
16 267
170 652
113 660
257 769
146 625
483 346
106 38
170 583
457 728
145 253
418 941
356 797
206 430
452 394
230 164
99 615
188 25
102 967
557 811
25 171
498 132
19 512
132 628
417 190
65 165
268 610
173 702
42 444
328 498
494 642
470 902
443 844
503 966
67 670
144 432
551 329
469 79
239 841
256 497
534 848
313 514
229 826
392 935
498 247
282 972
477 181
529 767
516 203
328 66
62 431
209 188
34 505
134 769
256 6
89 454
516 470
427 678
181 605
532 815
270 830
515 718
146 83
272 55
373 439
1 381
199 500
528 624
459 469
42 762
355 654
350 649
29 86
255 737
311 740
20 303
386 119
69 934
31 157
143 38
115 613
243 768
125 141
321 19
204 708
494 195
136 473
67 172
350 442
1 339
168 966
402 182
503 868
521 903
111 193
143 956
98 647
71 42
50 968
179 894
97 407
233 170
86 751
57 358
448 850
179 957
133 91
131 620
529 660
476 510
342 513
196 930
174 211
159 803
318 471
315 39
452 356
315 497
198 825
498 424
499 828
384 405
346 835
552 217
38 543
58 756
386 485
260 175
53 35
430 876
105 265
97 960
264 269
282 968
163 725
429 176
244 434
212 957
89 199
67 957
225 558
219 914
478 419
481 875
508 207
218 99
143 6
44 368
76 801
446 917
319 933
285 48
542 851
105 117
392 238
199 641
474 272
92 599
144 517
200 191
310 53
401 498
166 959
211 200
468 737
321 170
301 665
249 295
470 15
151 91
78 976
260 876
170 149
79 68
53 554
73 18
92 399
545 312
498 490
68 766
192 203
419 646
151 63
47 974
211 390
242 97
105 805
97 222
304 397
358 631
28 738
471 652
337 60
413 814
114 681
239 228
369 473
76 529
353 41
550 564
279 265
91 686
260 438
85 1000
54 889
528 458
209 749
397 941
339 293
65 530
166 700
254 553
33 595
289 587
26 718
471 32
434 79
473 730
52 202
128 896
267 215
377 44
42 380
550 374
433 128
298 870
123 601
499 613
399 487
495 821
24 726
87 373
165 992
338 446
293 889
137 200
245 337
297 246
269 710
242 285
553 239
236 722
416 330
492 241
192 711
221 766
237 762
310 136
144 453
108 265
12 747
457 71
431 935
317 270
281 963
20 388
174 481
521 788
330 710
3 924
220 818
300 614
238 497
487 803
518 997
507 387
540 561
26 918
368 639
204 750
268 964
497 531
226 575
166 870
270 837
283 278
19 760
329 614
198 563
556 124
168 519
31 148
277 186
343 844
416 995
468 101
336 63
437 688
385 191
142 479
137 936
197 239
282 9
443 685
1 552
541 462
116 870
139 965
46 174
105 553
554 842
337 724
551 494
271 565
205 75
359 791
418 277
375 888
411 390
250 435
121 1
264 198
493 751
503 173
454 773
215 349
523 884
374 841
159 976
420 641
144 122
379 982
443 270
301 16
99 446
516 464
375 21
437 894
514 868
307 748
311 736
285 680
165 626
516 38
335 358
545 108
240 28
511 213
453 483
93 287
250 761
120 300
461 764
53 69
316 108
243 730
406 774
113 803
426 739
139 722
431 70
549 559
554 810
473 659
53 122
87 69
303 943
68 864
365 510
67 451
309 791
217 183
68 495
524 109
181 727
335 446
479 722
51 217
192 339
469 128
537 717
196 523
278 121
28 635
313 100
440 480
431 214
235 588
86 324
241 630
135 478
455 456
269 570
105 874
252 135
285 812
484 819
263 879
448 646
71 13
156 196
499 725
190 87
115 312
141 195
429 855
326 497
477 538
132 836
364 474
409 822
373 936
524 764
460 523
403 438
294 295
452 24
286 449
49 476
199 300
458 214
391 198
495 134
394 435
161 746
544 129
348 569
82 43
24 489
444 679
419 97
546 88
80 552
331 140
291 325
497 22
466 68
102 453
509 127
243 532
300 99
161 688
287 455
28 765
191 560
511 721
270 928
64 256
58 706
441 862
404 920
206 360
530 614
369 515
55 116
409 243
254 895
340 86
147 768
54 95
294 643
157 275
447 330
12 159
248 776
336 736
278 183
320 881
472 490
38 761
442 291
548 226
235 870
347 819
352 884
305 407
370 906
442 780
117 175
258 597
513 17
514 193
526 993
70 289
215 106
458 958
318 94
110 888
358 833
96 80
129 516
362 535
33 571
220 645
500 256
123 819
42 766
474 361
248 6
197 537
353 213
298 362
113 636
138 958
489 343
109 644
412 399
277 878
267 520
130 924
449 395
57 384
35 789
406 352
275 950
267 768
222 596
259 301
362 85
411 322
256 880
542 207
101 917
289 557
168 496
161 395
554 530
490 812
280 496
58 959
346 458
409 702
366 213
555 431
434 690
466 374
180 885
235 353
12 254
374 290
448 947
262 137
449 732
167 664
228 214
227 957
502 745
537 59
478 890
288 121
535 274
391 913
139 108
285 914
465 251
273 271
478 194
325 142
290 82
127 258
103 607
143 330
245 811
555 760
466 106
129 690
204 229
353 868
224 439
514 419
445 475
12 876
172 755
400 483
342 738
515 716
539 84
7 182
508 313
367 211
452 702
218 794
385 699
545 925
188 917
159 899
136 14
301 751
398 760
277 367
400 14
455 830
94 12
550 650
537 929
316 478
443 468
167 786
141 852
403 390
335 759
311 835
226 220
45 738
380 673
420 434
329 173
311 702
538 655
192 173
32 725
51 377
373 974
297 360
42 361
16 822
291 188
419 769
525 358
167 468
387 772
289 268
224 704
383 630
144 13
47 23
439 453
439 618
429 619
229 374
55 809
133 590
215 515
234 111
78 227
395 221
96 11
312 670
411 741
212 573
63 951
555 864
343 927
391 43
219 772
379 715
67 613
166 428
389 895
388 540
372 379
93 37
314 341
166 879
452 374
207 75
438 883
273 385
267 597
411 355
490 615
196 208
308 115
55 874
344 597
62 608
149 414
190 765
262 450
238 119
342 963
352 297
176 300
516 257
242 478
431 162
484 334
49 412
18 501
539 143
234 799
16 908
376 725
413 508
189 315
293 374
184 362
248 789
118 559
85 688
190 194
423 849
358 992
30 439
359 898
320 107
188 860
262 950
522 526
249 594
217 95
448 565
165 557
284 57
511 973
16 215
259 546
115 607
375 70
50 801
62 706
395 479
297 468
442 752
445 572
177 175
43 822
100 875
369 523
498 381
487 591
552 564
446 844
277 140
75 206
463 186
383 646
529 778
168 671
129 50
492 676
38 900
47 880
438 336
242 788
556 383
125 652
478 433
553 18
172 152
496 266
422 363
463 69
178 388
163 470
41 810
148 871
450 624
490 421
148 132
43 824
467 729
121 981
297 733
196 651
130 492
267 865
360 691
312 815
119 589
341 96
274 730
365 982
163 539
469 462
233 496
335 432
40 778
533 296
84 121
526 336
23 998
37 948
289 682
83 524
23 934
91 549
152 169
290 312
73 558
41 210
242 26
178 315
121 466
185 415
533 771
230 592
387 177
170 873
235 273
360 900
357 454
147 390
123 991
197 886
34 855
26 281
555 796
239 601
355 322
295 833
478 789
92 243
150 602
325 66
318 886
295 160
481 965
126 401
201 805
524 814
131 616
82 84
305 118
364 778
516 472
90 86
15 526
123 473
456 290
448 430
162 939
327 119
287 555
529 304
307 818
29 610
91 792
335 162
133 694
483 935
480 990
530 767
16 279
410 586
42 306
156 70
214 7
68 721
171 209
299 354
38 70
33 985
238 64
128 251
470 966
206 407
409 924
383 851
439 142
49 23
311 657
383 616
305 227
164 487
155 158
455 920
304 25
311 76
340 726
455 991
63 605
289 386
411 776
40 538
400 845
208 303
117 296
334 734
204 494
409 440
454 674
169 65
109 435
429 361
199 860
519 486
68 884
33 872
94 156
358 244
434 107
177 858
121 989
431 95
458 344
79 652
84 101
395 493
498 981
109 18
555 482
501 497
20 729
219 442
460 791
78 106
135 545
231 9
470 402
96 4
327 641
532 627
309 576
383 140
357 430
244 30
257 830
355 143
106 966
57 399
380 449
337 211
80 397
476 210
163 742
531 643
29 473
511 598
506 914
363 678
544 174
324 78
177 90
276 160
412 698
419 831
134 930
532 751
49 969
80 847
97 753
443 374
117 657
29 403
422 99
421 708
457 294
509 656
35 277
46 509
169 901
407 411
143 187
384 470
426 788
447 360
226 204
106 204
60 472
450 4
239 291
50 365
260 613
239 982
62 831
550 741
456 264
152 497
148 347
281 345
302 423
271 323
176 206
476 414
448 454
489 457
311 931
59 145
67 811
433 239
220 960
29 328
506 346
175 123
80 890
105 222
258 304
23 858
68 543
284 506
163 932
18 472
186 10
163 624
221 56
167 283
47 633
475 758
69 523
323 896
282 641
399 135
368 545
380 164
445 991
19 410
430 120
145 683
498 344
210 259
490 957
429 531
550 361
134 535
171 115
34 913
374 959
159 868
72 434
550 865
47 791
410 821
257 868
396 649
171 157
495 321
338 480
444 854
360 320
40 940
85 235
501 76
376 884
337 259
248 945
529 394
501 229
95 76
101 223
316 746
5 322
531 914
68 251
523 468
248 686
114 84
506 874
75 331
337 600
51 598
110 320
453 725
21 683
296 965
467 410
111 207
66 686
136 367
243 606
212 421
407 388
442 559
14 360
115 373
105 731
519 956
452 341
95 732
453 385
541 242
433 372
422 935
471 393
538 494
336 63
524 738
537 265
303 6
185 597
83 155
536 638
251 877
55 899
212 318
220 877
287 162
518 781
290 2
545 419
393 449
42 488
263 90
424 277
64 88
239 34
535 644
532 560
58 858
228 687
436 84
11 465
479 86
443 821
38 872
480 245
472 624
414 336
439 741
473 665
160 621
502 70
189 95
213 297
123 506
450 835
140 589
347 988
520 956
452 588
232 778
206 798
402 257
60 423
285 723
346 339
362 485
157 817
536 343
140 50
466 357
527 726
378 601
300 510
384 998
404 259
476 270
335 910
12 606
224 86
65 317
297 493
491 592
62 787
116 577
157 194
520 619
351 480
144 696
334 416
411 547
98 401
91 374
175 733
2 46
280 619
279 714
21 446
282 479
6 733
66 287
59 841
123 189
255 977
460 682
106 873
97 916
376 566
326 746
443 740
390 545
78 377
161 26
302 55
409 17
158 5
285 928
469 695
113 970
531 642
379 920
248 889
339 663
156 139
280 232
520 106
443 615
46 765
316 981
222 191
147 150
142 605
208 676
267 636
267 554
304 34
10 465
416 88
357 206
547 222
89 258
187 375
148 801
485 304
23 852
265 341
354 431
71 445
282 131
240 537
330 53
77 537
358 229
25 431
101 744
310 57
117 983
127 35
457 102
413 859
124 838
255 428
205 643
384 179
541 654
438 989
408 844
96 759
499 109
277 188
27 662
416 755
82 543
121 479
143 718
208 621
103 35
530 225
308 474
277 777
485 756
402 576
383 581
403 869
502 479
373 513
93 406
303 421
292 155
21 402
529 90
108 334
15 915
348 278
511 100
537 678
75 173
316 867
547 874
424 818
175 637
26 950
175 506
268 806
409 362
494 356
307 936
435 151
260 207
374 946
420 73
437 699
404 505
433 205
167 915
556 422
538 95
192 273
313 649
57 710
60 196
44 253
106 218
352 815
486 661
457 237
130 98
1 598
192 841
101 870
173 230
157 137
54 891
519 20
527 420
358 109
187 425
88 190
310 751
443 726
405 776
280 375
361 846
204 745
546 36
147 606
90 805
3 444
324 531
248 198
119 433
222 83
108 626
12 294
61 88
451 604
298 757
100 409
125 85
209 795
142 18
492 973
376 103
426 102
240 654
396 751
218 506
12 657
85 925
141 701
79 60
377 753
354 46
438 914
506 856
144 316
523 699
451 172
399 693
379 527
453 508
135 680
451 774
499 958
21 52
30 267
140 794
63 470
229 161
181 354
228 214
404 373
402 504
487 658
460 917
496 647
38 86
253 152
230 894
518 450
533 663
134 241
494 245
455 810
530 880
526 377
58 23
352 925
378 160
149 951
337 625
42 207
493 338
289 639
146 400
149 438
234 156
125 414
300 162
362 174
212 803
144 296
25 579
170 748
534 203
353 52
422 952
556 326
174 746
236 701
415 486
330 576
151 301
460 74
231 171
170 696
237 280
464 398
490 682
371 322
21 666
534 551
518 858
400 212
76 37
181 283
398 671
62 730
403 41
129 901
380 303
286 50
40 193
15 179
540 141
221 568
374 539
225 858
246 792
138 785
422 60
192 360
293 588
50 515
531 304
517 48
336 454
200 467
351 669
350 464
264 827
470 149
92 336
222 533
265 441
133 422
351 830
334 900
28 539
519 404
222 355
49 689
355 216
286 427
2 173
439 99
74 476
267 153
209 120
323 566
133 173
216 482
279 715
511 879
259 758
343 908
443 121
462 611
529 70
328 979
300 991
246 846
439 793
361 364
406 548
306 167
404 620
241 629
492 395
501 929
290 132
413 691
252 146
517 499
538 343
220 457
338 309
191 352
317 193
427 319
5 802
280 431
499 783
420 760
46 614
127 667
247 718
194 953
50 678
445 667
78 619
99 791
375 686
22 458
502 652
340 41
503 212
176 766
215 277
105 873
288 869
8 876
322 58
386 862
69 277
343 705
386 291
211 269
48 203
427 419
274 890
179 826
346 449
484 997
240 726
46 890
89 815
302 45
366 898
297 275
104 8
246 664
266 5
20 41
90 786
76 642
267 404
450 666
186 858
129 2
6 954
313 770
422 540
305 868
83 965
78 743
555 870
171 341
386 907
435 189
350 37
293 458
258 952
218 226
537 406
375 599
143 849
331 738
115 69
374 91
242 484
451 410
59 224
296 98
220 748
534 128
543 971
147 184
543 8
538 136
509 844
522 956
80 628
141 152
393 696
485 529
41 549
171 413
26 836
442 141
62 809
191 186
279 76
73 110
455 940
176 246
337 95
556 335
349 170
167 454
165 799
294 54
557 538
449 934
391 348
172 761
162 625
397 628
381 881
367 355
537 290
393 476
323 996
461 346
418 404
356 411
462 66
519 123
397 810
16 311
499 831
320 875
321 468
53 581
387 777
34 511
148 68
340 472
63 13
443 756
64 304
152 424
58 143
205 15
485 534
64 767
280 861
76 981
171 210
365 829
179 980
62 306
521 65
349 916
376 529
328 965
311 240
71 979
18 944
249 866
44 69
455 103
13 127
