4375 885
218 91
118 892
753 314
510 101
546 177
402 575
380 464
68 678
180 227
768 438
449 268
277 908
399 270
493 630
301 780
265 541
351 416
282 642
795 84
411 783
831 61
127 514
713 922
229 29
226 257
665 960
428 235
543 54
676 540
730 676
776 52
680 829
517 320
702 424
639 825
159 176
461 147
469 411
255 312
537 924
130 379
347 66
9 101
12 14
680 364
397 689
308 679
502 707
831 979
128 597
737 857
55 176
149 917
342 436
670 897
265 370
160 264
708 274
292 755
418 526
587 488
744 501
3 101
383 481
453 57
752 393
304 756
275 760
383 755
380 212
5 333
487 312
687 720
854 34
390 108
558 694
48 30
623 745
128 255
389 518
491 75
636 493
559 627
358 319
678 811
630 907
338 788
24 621
674 795
541 737
641 224
279 980
252 153
274 940
149 884
117 699
825 536
13 56
833 365
544 437
426 175
689 362
365 399
687 601
824 946
501 848
207 928
99 418
78 638
424 558
468 101
735 118
668 384
349 914
458 314
157 771
636 214
636 992
750 373
195 100
671 52
862 677
564 51
396 927
182 119
845 16
726 264
49 657
689 844
680 203
515 394
103 791
436 656
125 685
120 326
93 782
547 945
760 714
54 353
39 371
86 514
146 552
129 383
852 403
639 946
101 324
281 350
516 11
657 214
254 273
60 210
456 712
585 921
175 399
340 986
876 167
613 994
767 232
658 689
714 45
24 716
847 699
39 965
534 230
418 110
312 725
673 858
311 425
594 221
754 90
845 22
189 250
123 260
151 567
739 182
660 381
494 618
34 82
817 783
384 89
860 450
665 496
865 357
562 385
149 259
744 957
595 654
277 716
629 682
632 190
145 7
462 469
570 50
536 417
561 636
347 131
328 682
366 530
175 331
16 753
704 101
637 526
117 537
102 701
424 82
127 236
732 298
845 124
533 886
31 814
370 493
449 756
589 140
368 643
309 197
234 424
58 635
168 568
158 295
451 342
214 807
323 137
718 938
656 507
109 837
93 579
447 145
565 428
110 370
345 356
696 57
239 318
676 747
645 272
101 481
651 285
541 598
313 333
567 516
192 624
4 679
424 735
286 272
430 619
292 147
28 652
535 425
585 323
705 767
681 80
754 989
41 397
630 257
842 408
569 465
819 405
511 308
812 170
198 722
132 50
442 447
412 27
608 756
340 87
528 374
400 639
418 853
188 171
379 326
278 979
554 498
165 489
463 253
695 261
549 912
679 232
720 959
606 345
407 323
815 11
13 873
849 941
507 993
568 256
130 400
691 653
713 318
781 973
666 665
506 518
854 640
742 237
586 25
413 111
184 932
321 30
551 494
575 994
573 367
847 189
331 980
467 254
634 357
403 103
673 96
856 895
834 69
67 177
885 87
359 275
559 25
771 104
127 567
231 335
81 569
416 833
426 220
396 567
439 152
526 553
774 419
608 472
647 340
179 53
638 977
462 351
195 897
831 986
373 107
741 67
790 558
42 989
37 222
159 622
409 486
361 882
411 64
670 495
624 470
474 160
857 637
581 475
186 237
708 75
260 842
803 790
366 942
181 943
745 581
279 829
317 743
375 619
141 801
117 574
677 268
767 794
326 45
117 893
662 44
7 387
68 501
567 408
527 25
737 217
215 366
680 563
773 75
822 234
300 813
723 684
158 85
834 692
390 384
853 247
528 197
413 586
117 363
424 834
79 712
750 722
764 123
244 537
48 643
576 745
768 525
139 457
792 810
62 724
798 422
640 816
110 787
371 600
193 748
714 267
764 178
469 210
529 274
673 838
232 541
874 199
236 239
307 278
42 929
497 956
711 616
150 345
783 179
584 126
642 416
398 331
23 583
758 50
640 310
767 746
552 211
31 389
98 805
445 58
67 612
526 491
20 444
122 480
12 215
681 651
523 512
652 306
550 440
380 73
660 404
879 885
571 93
524 369
685 815
122 173
620 906
99 106
422 508
592 87
474 38
165 23
507 354
534 601
298 116
360 719
381 382
662 279
567 73
801 805
641 411
415 839
230 556
114 111
557 352
278 453
632 16
777 963
556 560
885 359
691 723
269 380
664 459
92 393
106 545
585 432
438 219
255 1000
426 64
718 164
590 230
774 82
381 541
102 317
246 514
758 468
739 965
706 425
338 563
325 106
502 372
590 787
527 262
298 921
874 656
218 145
109 112
4 39
750 910
239 479
73 518
317 520
28 218
561 844
97 974
278 274
335 154
337 700
837 980
488 929
52 891
425 868
826 645
246 475
789 138
711 849
522 662
541 76
564 787
188 335
722 717
239 338
251 740
694 893
34 317
855 265
213 586
253 879
503 845
370 918
275 1
847 625
158 537
574 247
859 767
379 898
298 303
59 976
529 849
794 957
750 298
292 975
127 875
167 1
816 129
208 880
160 123
465 737
541 936
838 849
390 214
44 611
486 556
211 558
404 665
134 188
416 250
329 117
329 448
226 818
193 695
151 394
843 169
132 320
99 857
639 218
688 969
587 204
51 420
711 867
191 180
76 75
314 261
784 706
340 320
309 442
421 41
700 723
693 442
341 374
647 742
321 803
111 534
147 124
604 720
437 920
25 707
330 777
76 724
243 342
630 83
231 962
806 311
660 595
695 150
327 836
578 398
563 43
490 647
861 483
249 79
101 484
656 332
782 262
814 445
586 738
662 530
185 257
82 231
353 954
255 677
788 192
575 729
392 906
92 172
843 842
104 137
256 591
647 257
860 642
567 34
143 788
269 140
120 999
558 923
872 145
102 560
458 468
10 976
195 720
841 947
813 984
13 430
658 441
750 74
390 782
220 370
658 118
618 761
683 700
655 90
867 407
693 510
619 480
486 618
301 366
456 734
93 493
163 743
227 250
873 109
706 457
399 182
498 848
869 625
93 785
129 668
841 572
358 391
25 58
533 735
21 139
109 988
819 777
248 635
509 723
36 500
300 307
664 901
549 672
839 941
392 485
420 66
32 96
624 644
279 236
772 903
52 423
541 461
802 69
215 562
442 507
829 902
482 956
739 486
798 80
61 540
603 232
88 794
71 164
221 507
342 773
275 491
281 771
115 1
58 711
450 268
62 58
329 843
792 549
832 412
655 255
124 838
231 251
282 22
455 614
618 438
495 157
10 546
666 341
414 777
647 297
734 954
568 537
474 540
11 837
465 668
275 581
685 267
233 676
621 846
723 872
273 532
12 149
802 940
124 631
667 668
425 651
158 859
560 398
479 824
166 356
484 896
444 275
131 324
71 981
444 840
469 810
262 142
114 443
358 537
327 760
787 722
738 635
217 447
202 875
771 911
585 122
341 687
304 944
369 376
406 877
748 854
327 994
106 202
55 937
83 521
817 577
294 220
712 667
871 22
108 999
617 81
467 32
102 745
566 308
193 919
345 277
111 495
72 34
163 530
530 351
63 701
867 832
862 665
490 50
713 281
539 35
234 358
885 157
243 414
128 807
153 25
485 523
702 899
436 145
385 893
707 411
743 60
285 687
115 145
493 273
398 895
674 246
238 695
531 377
874 503
384 777
215 495
510 521
593 755
779 384
838 548
332 127
651 167
776 245
5 268
692 990
194 920
270 360
839 387
802 196
829 707
491 763
96 432
858 255
614 430
85 557
299 374
40 634
463 652
793 667
575 722
815 835
492 572
786 865
749 955
173 271
727 410
407 924
754 836
518 907
475 732
325 954
157 434
51 708
625 461
827 767
217 564
825 103
687 124
701 225
563 293
261 273
305 701
327 372
203 43
10 223
118 5
368 550
795 203
499 885
30 257
643 187
870 841
467 890
338 847
224 473
51 851
213 810
251 322
212 124
570 966
592 58
433 921
208 321
881 646
459 822
194 784
68 270
257 505
73 477
702 341
525 800
801 932
580 498
73 203
313 467
53 171
623 612
587 417
365 636
111 501
8 374
343 387
347 17
883 5
847 239
397 710
159 542
435 240
699 418
659 327
230 441
326 389
36 661
767 700
597 830
775 119
497 149
192 609
696 562
335 355
17 64
792 179
796 260
504 616
639 537
570 359
90 30
60 609
345 766
436 954
718 575
85 668
591 300
568 274
875 179
840 453
63 224
223 963
563 160
844 867
337 999
79 746
263 827
637 385
561 462
519 716
820 903
276 772
551 498
829 750
624 772
353 843
539 143
319 198
490 44
752 385
195 404
360 552
785 246
280 467
813 29
770 289
716 391
407 728
681 551
637 774
696 659
649 835
856 798
538 444
381 647
644 98
149 777
748 289
750 977
179 609
798 195
437 585
688 574
47 279
756 963
394 345
88 586
544 807
670 196
440 310
303 866
199 302
185 45
740 869
784 716
393 523
48 289
491 844
813 932
181 833
126 606
475 727
454 127
434 966
458 842
160 67
573 828
466 558
701 200
524 125
709 573
303 383
646 510
379 626
105 425
705 558
298 177
159 280
779 685
534 16
493 422
518 323
104 373
667 593
490 698
481 920
853 358
738 247
219 234
590 540
286 574
209 839
248 379
318 685
17 625
813 757
224 618
617 862
448 597
611 64
404 108
454 750
846 614
472 234
806 550
435 729
213 122
9 35
465 636
814 196
853 493
857 894
280 5
489 661
449 60
561 145
706 909
98 663
803 821
179 537
654 184
872 601
186 165
551 610
611 933
205 447
803 568
770 2
297 47
195 711
577 459
275 174
864 125
422 140
213 28
29 522
104 922
528 637
672 63
119 92
497 277
638 454
579 594
70 289
639 473
627 860
158 617
612 734
424 404
494 564
537 665
336 143
448 875
379 804
256 561
813 74
723 972
683 255
822 339
739 780
411 250
687 268
599 830
378 585
826 187
823 551
440 534
752 703
521 292
655 118
745 873
749 851
356 842
372 972
262 772
397 370
470 34
834 480
771 955
599 944
638 657
388 118
133 171
685 131
114 563
879 275
217 305
656 735
154 71
311 404
110 924
769 162
300 561
45 927
736 598
365 113
262 726
328 439
77 46
851 945
775 674
737 195
306 401
422 351
614 68
200 16
681 339
312 391
455 240
140 193
456 241
853 855
276 202
710 956
662 665
89 659
467 761
745 607
833 855
435 929
574 240
485 118
864 233
156 398
22 949
673 94
200 275
670 679
666 62
779 597
880 867
428 952
200 710
430 78
427 373
165 183
494 811
575 1000
96 815
868 601
675 922
573 359
786 133
394 522
841 617
369 944
33 868
472 496
115 979
216 824
457 842
453 632
477 246
576 805
362 428
794 447
871 111
365 779
432 270
541 1
665 315
658 367
226 741
469 628
333 39
447 878
182 23
869 805
450 55
206 165
104 56
155 696
638 762
338 722
272 726
109 59
31 684
100 761
833 117
711 187
240 234
660 807
334 794
541 436
614 328
696 673
693 483
4 341
9 533
133 324
149 93
322 168
724 309
164 886
737 156
630 165
813 596
107 483
797 221
15 55
629 577
786 640
360 630
170 540
136 7
501 690
785 659
455 313
241 781
135 638
725 138
560 498
722 238
876 114
494 71
49 341
797 968
512 810
631 792
536 695
723 976
482 515
540 521
293 421
24 596
522 834
741 631
183 331
813 511
517 36
295 200
196 559
645 871
433 71
58 825
850 510
55 497
208 703
486 598
122 52
316 770
631 329
580 516
639 887
68 263
207 794
883 105
422 708
819 669
629 256
265 913
592 351
250 497
217 814
158 922
772 958
407 64
190 963
674 296
767 878
745 150
302 835
615 129
16 779
15 154
880 747
644 857
815 436
399 608
264 153
103 710
102 172
579 805
270 617
143 787
132 200
708 245
781 135
379 16
819 591
676 167
422 866
122 920
297 20
739 662
313 511
80 984
293 884
633 297
532 401
384 678
436 246
247 59
323 807
797 206
536 725
165 458
393 453
531 790
284 711
216 484
631 8
85 338
33 48
335 380
573 133
452 648
130 535
436 656
808 538
517 980
762 479
559 893
344 2
349 507
94 805
600 697
93 356
119 747
622 432
41 191
509 956
441 577
437 883
220 197
205 488
805 601
335 828
553 128
720 587
408 48
522 735
630 981
816 780
708 516
675 842
759 512
103 439
512 473
807 626
804 296
369 617
89 813
360 516
456 969
330 647
505 924
1 932
159 760
114 207
540 452
202 432
583 410
147 861
715 961
722 277
640 539
61 341
117 912
111 903
39 434
258 607
696 71
731 676
326 274
111 37
701 426
717 89
470 170
589 621
452 383
246 51
131 965
58 245
348 683
805 950
461 458
12 137
40 137
393 792
321 396
740 910
701 41
723 85
817 306
67 682
16 149
310 52
875 759
175 256
69 165
3 984
757 961
238 735
487 451
385 78
429 933
781 11
209 910
663 733
808 808
796 633
26 483
71 608
127 72
362 582
535 742
719 261
756 24
37 152
642 964
594 80
191 334
1 795
343 363
482 656
363 839
199 708
876 799
276 96
161 631
734 848
105 86
131 333
408 909
780 860
313 244
110 182
293 909
766 214
472 207
460 702
788 300
66 354
50 835
458 163
738 679
827 245
330 950
387 777
736 818
406 580
673 372
53 14
174 700
268 188
589 698
46 679
522 65
265 819
366 774
548 585
306 85
852 861
318 396
145 736
727 127
336 199
546 842
224 602
877 330
713 158
481 500
187 804
882 356
655 279
562 776
12 314
380 435
480 976
210 370
562 458
451 754
843 205
305 40
666 497
340 455
33 939
52 414
164 795
119 183
448 575
532 634
475 223
287 416
511 766
579 184
730 471
823 349
24 438
794 869
296 315
806 348
159 603
551 943
535 470
93 370
583 186
885 387
270 878
656 724
354 200
868 300
673 968
568 31
334 395
547 994
394 209
29 208
68 846
114 503
116 485
283 667
768 312
853 755
290 770
120 735
290 677
179 720
856 748
476 536
633 51
421 925
151 737
53 283
475 405
722 879
770 390
50 788
375 82
306 778
727 168
509 250
403 750
605 715
634 51
296 152
535 510
278 416
34 685
520 501
473 431
447 878
853 715
453 716
369 918
819 936
125 673
662 508
99 617
812 86
488 110
531 136
175 308
38 746
186 116
708 743
144 92
391 827
299 363
646 172
593 686
808 958
507 390
85 661
788 40
510 415
649 267
689 567
244 309
159 812
557 23
569 791
732 28
318 665
743 550
620 954
301 193
745 483
372 422
554 277
668 954
837 720
137 876
763 829
29 722
136 508
706 909
634 647
458 512
19 37
647 685
585 696
505 608
59 31
82 914
204 973
187 503
408 112
80 80
546 827
603 354
101 140
719 326
611 911
885 535
71 81
855 519
463 21
763 394
180 403
328 64
810 596
350 888
8 335
732 256
283 288
490 302
435 955
824 282
142 413
191 321
618 100
370 60
470 354
781 287
138 126
57 466
101 586
664 459
9 246
178 578
737 204
124 660
682 922
546 25
352 299
560 278
767 710
88 612
355 533
495 559
838 544
4 343
698 392
305 738
587 700
747 16
709 87
461 838
881 503
806 852
841 440
581 639
309 327
532 248
131 784
476 82
660 673
542 608
115 908
268 133
267 817
585 201
513 897
303 307
107 676
358 250
684 28
822 483
790 904
391 62
6 578
521 321
216 66
347 219
860 840
356 194
37 693
459 670
504 955
355 507
381 464
336 531
856 840
567 922
399 432
720 72
467 924
540 755
671 105
558 658
170 459
263 443
635 121
322 374
838 116
202 823
690 316
668 216
666 747
187 60
862 759
163 710
877 20
641 488
130 696
326 764
761 974
304 343
194 332
472 176
183 692
862 222
449 367
305 871
303 413
859 418
715 118
160 6
105 860
764 56
834 863
876 586
323 800
153 838
537 198
16 159
434 180
213 736
684 368
688 890
294 910
753 219
608 292
807 418
39 851
20 716
260 572
510 98
451 944
736 121
76 415
374 296
835 323
444 477
10 954
771 761
184 455
235 279
790 640
249 225
510 994
723 227
784 713
96 902
287 129
320 422
348 336
611 853
806 993
382 710
7 946
469 106
790 430
573 622
112 245
272 651
523 207
579 125
848 565
571 909
640 832
718 319
96 336
291 213
125 510
322 538
340 42
825 991
339 694
785 353
362 928
321 41
462 860
557 355
530 224
776 863
851 943
250 868
677 151
618 688
566 98
447 777
138 945
468 319
554 476
402 87
256 251
217 626
232 304
5 139
689 803
104 429
760 893
479 659
730 349
669 662
463 710
273 635
38 127
871 386
344 417
486 216
584 541
130 446
49 708
127 775
393 652
193 22
176 530
269 6
664 371
287 984
385 217
519 985
595 100
732 729
351 718
255 148
558 118
769 749
879 502
464 383
229 357
374 226
850 86
45 764
214 767
305 389
76 987
591 137
872 617
811 114
723 826
428 924
549 78
374 807
631 152
620 833
867 30
599 937
483 546
474 669
545 603
530 157
73 909
397 285
819 821
871 295
185 22
194 559
465 630
224 349
797 497
381 527
97 989
475 380
833 125
554 378
562 439
851 456
874 854
420 141
146 104
788 879
365 568
121 861
744 133
443 974
512 290
247 520
418 444
827 314
651 399
210 953
686 65
780 479
208 309
321 423
748 418
695 131
338 866
20 590
524 827
137 99
483 681
163 476
788 570
203 843
591 72
775 612
1 739
870 905
404 733
76 381
838 172
14 762
312 939
592 419
308 89
238 634
756 288
872 403
115 919
426 287
123 473
686 715
359 908
398 710
249 411
713 750
222 933
375 156
219 811
784 787
695 670
42 293
262 182
150 614
764 756
852 599
409 233
628 852
577 837
728 62
192 537
756 947
515 813
639 857
817 667
593 486
276 505
128 691
761 44
370 836
448 8
449 178
32 448
717 121
138 332
830 410
537 166
372 650
209 860
388 689
189 202
133 644
31 637
805 604
372 656
27 557
137 563
255 144
646 239
381 441
269 699
631 689
161 466
166 653
543 211
794 421
207 496
552 366
612 823
321 985
27 676
146 930
54 877
148 777
630 116
59 588
185 401
688 691
45 406
567 891
544 961
605 772
497 805
871 435
518 937
695 801
575 391
210 793
792 270
683 862
121 593
487 539
190 982
46 25
17 472
26 548
760 318
797 78
230 49
757 3
396 722
546 356
619 34
510 148
435 367
472 582
170 285
309 4
844 267
176 881
474 810
723 937
595 658
706 108
679 597
516 470
559 634
458 922
383 171
594 482
178 87
33 257
676 337
84 369
187 567
703 797
836 964
854 353
829 62
19 492
322 688
2 709
14 585
463 523
221 28
637 412
332 430
203 287
187 420
91 794
809 698
11 380
519 404
260 900
409 513
833 448
117 611
694 975
29 584
576 56
621 972
644 712
491 541
884 561
836 934
251 213
762 908
287 575
45 788
596 402
858 371
418 952
11 884
674 132
347 142
392 968
93 483
572 216
306 155
57 69
719 375
49 188
647 622
729 372
111 947
426 972
710 156
754 890
135 349
398 469
671 795
143 227
845 738
641 748
448 272
214 286
291 839
382 174
597 79
18 405
25 97
38 480
243 749
509 472
774 397
322 656
408 408
522 642
202 72
461 506
788 884
872 905
882 39
685 539
399 183
881 18
580 399
409 553
856 581
73 785
179 852
356 791
723 812
475 180
168 461
799 836
236 992
306 368
480 838
860 300
253 358
403 225
766 555
399 636
330 668
556 837
18 315
352 849
794 694
306 625
83 617
199 281
72 586
113 377
833 340
49 303
512 437
865 300
2 511
841 194
273 538
214 684
862 97
542 823
769 505
505 169
853 581
516 561
53 612
388 374
281 337
776 238
30 739
520 321
715 427
850 340
374 824
290 639
392 134
72 391
383 354
333 229
494 256
467 324
201 70
680 871
679 510
459 89
410 8
564 667
187 325
298 817
331 37
251 925
557 970
142 443
88 275
466 243
119 178
764 459
191 974
837 682
300 858
433 942
793 668
23 647
373 199
660 618
679 881
393 326
8 686
230 426
155 11
49 357
737 883
711 277
639 606
440 833
317 301
871 975
874 616
828 343
406 336
3 661
718 61
63 435
460 560
762 333
349 778
778 507
353 604
270 378
266 493
201 451
524 232
473 331
444 578
798 474
150 672
851 268
667 775
288 691
371 970
449 474
493 536
562 115
258 956
318 19
609 987
313 465
844 441
368 682
734 308
666 296
515 384
622 534
221 249
76 326
870 844
866 443
61 494
348 39
100 243
876 494
72 977
313 113
81 930
256 389
219 862
183 209
476 38
769 107
875 466
218 660
381 60
716 287
218 891
38 782
882 937
704 853
23 950
644 533
391 746
676 970
706 526
477 734
869 356
49 196
478 891
139 533
184 644
417 799
255 231
377 160
122 335
471 535
501 370
778 772
420 322
384 227
723 6
428 430
874 49
350 96
179 970
783 506
305 403
174 369
402 571
17 310
119 948
312 85
145 797
406 903
79 360
883 696
712 269
501 761
82 942
364 943
17 777
502 650
454 561
525 751
809 758
848 607
628 176
753 774
830 7
73 660
719 6
461 535
176 860
193 335
764 138
729 401
819 807
21 645
127 975
833 704
384 943
675 867
882 387
218 738
725 857
584 373
866 892
217 130
144 121
677 529
358 125
1 231
102 445
228 172
157 820
699 917
675 169
458 50
426 30
546 161
313 690
130 65
847 128
625 176
462 958
493 278
792 47
264 768
10 905
858 749
673 400
603 596
569 457
592 677
125 256
385 683
324 90
296 16
533 60
233 913
261 690
218 734
494 192
457 172
763 685
686 410
856 963
450 903
584 897
59 138
475 785
389 553
633 794
720 155
714 143
874 726
824 309
122 753
121 905
390 955
877 288
120 299
653 502
50 333
321 720
659 555
75 513
688 178
718 873
852 105
24 97
326 774
756 432
555 368
98 193
786 133
335 291
80 958
174 840
255 511
433 542
9 408
645 929
567 910
466 255
854 26
459 506
387 345
308 714
596 818
544 264
565 859
50 116
797 989
352 593
62 171
525 379
801 855
289 792
521 213
593 348
355 270
279 19
697 255
575 587
725 71
251 823
847 732
527 101
419 799
467 585
557 155
535 816
194 346
772 670
97 224
487 920
219 22
836 643
382 464
515 115
476 552
516 461
391 913
422 429
172 908
40 584
101 702
160 708
683 40
115 355
809 910
752 540
673 393
498 738
797 277
708 931
297 443
511 618
755 40
117 317
794 348
731 519
106 293
650 783
354 313
789 488
873 63
395 167
314 495
449 584
740 53
78 602
765 306
71 438
63 923
810 620
41 1000
806 333
497 974
574 994
496 126
92 908
590 620
460 954
173 576
169 22
347 240
213 408
188 852
270 745
219 897
440 457
65 383
58 803
775 747
360 876
191 686
726 535
413 203
187 579
716 501
311 283
234 447
50 397
637 882
109 764
350 258
743 759
867 105
677 167
292 147
537 28
432 705
685 337
390 166
739 908
118 661
769 463
752 289
234 210
879 970
35 574
784 287
836 171
90 791
826 963
174 575
327 757
313 975
137 211
413 53
91 212
357 160
473 835
772 462
843 718
632 998
457 103
461 39
423 767
545 152
837 534
418 381
628 164
408 161
804 268
390 902
510 979
758 678
865 117
503 222
845 601
45 854
22 944
310 282
44 681
684 388
832 32
525 871
846 99
66 973
115 460
720 307
180 594
506 216
265 871
794 969
725 475
709 496
107 216
6 936
404 428
317 955
685 706
853 132
171 241
434 157
756 251
209 195
821 143
491 637
636 432
739 736
390 789
678 30
690 815
822 66
661 141
60 173
272 451
74 605
118 310
437 673
844 50
156 670
313 620
230 709
825 929
177 882
165 373
447 894
213 805
361 415
513 822
223 395
333 867
404 40
190 330
248 791
707 960
257 100
187 561
745 632
609 760
33 47
124 173
572 131
512 162
469 23
172 902
439 236
200 778
124 551
880 254
28 825
554 245
374 998
621 116
526 447
538 215
232 720
584 69
406 210
753 239
88 562
146 669
479 272
200 369
456 865
884 233
562 118
311 545
476 811
264 487
71 321
374 158
693 780
205 475
747 485
751 235
752 97
658 835
669 400
100 326
223 183
713 515
791 966
237 605
285 907
503 537
402 46
590 51
789 139
400 161
824 427
261 118
702 146
329 665
72 570
872 443
717 775
680 389
565 594
399 272
784 326
6 146
640 262
192 104
231 509
169 214
441 84
330 889
879 383
538 798
494 776
121 392
478 299
306 694
51 833
486 58
185 653
519 435
759 634
625 972
336 178
706 587
353 736
351 82
127 208
235 394
569 338
17 891
272 386
699 29
213 715
90 451
560 455
46 211
825 792
150 71
267 379
238 566
451 696
158 315
794 539
576 429
354 382
425 918
411 365
634 349
293 216
190 500
775 220
135 562
770 739
307 297
777 447
612 785
744 723
417 652
369 842
171 992
560 46
693 536
351 594
857 563
501 728
731 644
697 109
125 880
278 8
228 955
822 590
86 363
484 665
309 275
564 612
101 786
396 465
300 665
397 651
626 393
756 500
495 267
27 376
403 45
829 256
159 260
774 17
653 524
554 338
885 42
708 906
731 363
114 39
736 738
146 839
372 686
108 403
346 745
662 759
361 370
671 220
815 460
711 455
75 301
539 415
168 944
160 90
363 11
226 272
150 826
190 375
426 26
520 782
651 935
693 522
401 686
297 227
326 99
577 224
291 925
87 767
174 957
463 142
510 715
492 53
119 361
101 489
648 237
571 915
699 795
170 951
882 529
95 518
772 922
652 308
418 476
85 58
35 338
322 325
70 946
764 325
392 591
75 927
308 536
652 500
676 856
150 896
455 708
661 179
544 960
80 899
520 698
711 857
651 533
486 247
361 600
47 344
450 461
525 920
665 114
719 840
180 411
705 148
5 742
540 556
596 245
614 782
736 216
155 34
189 432
24 181
869 149
749 815
859 425
406 589
300 923
277 991
440 118
661 531
596 679
222 528
94 162
732 940
849 397
827 759
201 683
827 374
822 354
261 537
832 478
739 428
232 996
556 730
563 703
148 173
354 423
717 16
796 221
178 997
136 729
131 943
256 140
840 842
854 958
64 222
18 89
561 279
258 28
100 24
390 369
777 59
674 871
288 906
820 912
732 482
703 508
37 539
524 509
353 289
106 513
36 150
443 907
725 157
817 18
188 1
166 873
101 852
700 493
479 728
495 682
832 122
76 599
127 905
742 877
537 772
861 11
484 321
814 173
116 423
656 353
174 285
760 241
441 904
884 475
70 153
744 36
521 413
708 656
304 235
89 252
560 193
744 61
315 336
326 206
1 59
481 678
272 524
335 447
772 392
614 553
716 934
55 724
529 403
219 602
458 320
684 483
282 955
637 894
254 234
760 519
25 27
762 643
112 991
447 782
632 346
758 445
270 909
220 924
644 124
748 754
721 481
645 344
204 255
542 166
698 7
136 742
710 206
9 975
509 789
777 827
276 600
810 105
93 264
97 364
121 897
343 33
181 412
244 781
649 382
843 134
49 480
657 789
341 845
675 842
208 471
309 303
54 897
323 908
677 438
486 570
193 209
316 224
192 251
670 994
399 49
868 500
113 171
103 219
316 206
427 148
221 611
789 115
452 934
447 158
432 535
239 320
187 196
613 238
332 254
304 261
539 951
635 610
701 274
602 656
552 427
248 814
710 995
541 926
432 846
59 440
532 500
427 869
116 563
566 436
707 59
303 56
465 513
354 487
689 693
684 629
148 123
195 791
762 198
280 937
142 712
389 745
139 556
185 521
257 181
543 752
430 596
402 178
532 349
148 588
457 714
333 177
262 127
830 911
514 148
301 466
553 647
821 761
148 47
592 524
172 922
658 844
213 472
448 475
289 125
545 239
349 587
539 332
508 493
761 327
665 566
244 323
663 288
537 936
328 341
796 471
689 154
457 655
465 631
63 915
311 296
352 258
539 647
526 606
461 631
410 950
74 538
605 251
111 781
639 422
860 87
620 681
27 517
465 42
533 145
517 395
670 110
668 572
770 870
848 400
765 948
423 691
386 459
137 467
682 221
394 700
772 84
431 442
705 340
311 283
504 79
394 586
855 328
85 70
881 872
79 424
752 21
324 913
805 526
794 441
586 920
753 529
203 900
272 74
884 294
289 340
16 824
353 984
356 205
704 166
572 294
650 408
102 888
599 725
822 820
39 215
321 190
100 317
304 671
678 930
686 675
865 636
744 252
408 118
255 661
464 774
794 223
615 384
214 87
399 609
300 782
814 892
847 808
806 953
85 782
873 753
252 332
563 363
112 963
676 635
305 536
641 85
83 195
724 614
469 505
374 140
524 299
333 897
839 941
638 948
193 112
216 199
777 392
312 98
883 390
615 639
387 359
525 644
499 915
858 164
712 95
48 486
162 787
812 564
412 221
586 574
766 981
52 509
840 15
55 648
866 940
260 578
377 465
451 393
220 310
635 673
631 383
451 31
491 687
882 543
160 225
16 911
731 101
691 729
257 785
375 61
284 493
329 228
540 886
179 102
292 124
235 357
853 563
831 896
567 902
549 185
27 87
35 455
799 417
288 141
592 831
731 793
139 321
126 374
723 478
743 746
842 405
446 945
237 362
797 848
127 72
538 619
750 209
408 79
88 8
71 672
79 631
746 557
584 49
151 167
550 985
687 294
858 849
87 844
360 637
832 87
438 93
78 835
509 662
799 518
392 234
882 339
148 715
190 880
519 276
769 687
721 728
726 944
53 649
862 886
11 602
748 350
759 934
351 75
189 831
596 477
336 935
606 701
406 915
591 530
89 258
791 447
694 482
800 466
537 84
641 391
38 123
173 788
549 49
766 146
361 211
205 874
568 320
502 469
691 405
748 915
37 324
188 566
317 624
637 452
666 378
208 336
520 536
806 640
335 32
495 473
41 226
150 495
657 75
3 734
592 299
872 100
820 696
633 420
432 280
208 756
333 852
93 143
461 319
74 485
754 723
851 390
278 876
611 979
516 355
209 77
668 964
98 763
502 936
430 433
698 100
5 756
406 616
548 278
453 986
266 832
441 96
556 619
441 577
687 406
844 509
624 356
124 928
490 283
89 827
178 133
730 883
782 274
460 56
664 197
489 831
666 219
227 585
466 15
236 98
326 57
196 227
780 122
185 80
343 105
270 226
548 873
448 485
532 161
330 644
337 546
660 745
735 709
819 269
755 179
803 822
848 682
336 747
155 999
369 42
417 838
259 851
719 548
591 275
796 790
58 282
195 671
521 533
100 766
484 828
776 701
763 53
366 747
191 199
223 443
158 464
284 611
631 16
824 414
881 716
881 883
323 236
772 211
275 541
252 934
185 463
257 375
747 911
83 564
566 695
297 903
85 778
808 271
461 912
283 104
4 792
809 527
718 321
268 902
471 775
503 694
120 629
809 984
571 85
189 611
225 697
694 442
707 342
92 955
9 68
531 904
123 495
858 506
703 745
609 633
577 854
426 533
701 470
822 25
22 118
763 746
510 727
661 532
866 342
500 725
386 962
611 712
844 714
512 524
785 260
869 955
197 359
794 499
606 746
112 784
330 250
260 400
126 192
65 277
185 585
729 559
432 580
341 408
525 912
204 806
12 179
378 596
318 364
709 489
135 202
136 263
463 698
4 157
224 981
386 830
702 463
612 256
484 794
741 734
835 185
525 639
52 69
855 564
198 315
420 461
442 108
693 469
770 140
42 962
757 196
750 446
839 977
783 825
652 66
114 684
648 965
607 975
473 498
72 356
363 559
748 689
139 442
683 43
294 418
281 678
215 783
607 229
277 453
198 224
884 750
10 873
427 117
73 206
857 875
164 139
833 101
604 5
238 812
455 423
347 516
403 481
781 501
640 148
432 21
391 287
113 389
879 781
467 327
322 589
109 967
28 521
590 103
241 927
517 232
460 563
570 672
842 859
344 127
878 9
158 889
165 253
186 79
647 57
114 949
375 883
776 525
429 54
226 859
662 233
875 840
871 870
371 352
682 348
805 763
659 702
213 879
761 906
600 436
709 883
426 959
760 824
864 264
175 266
316 68
75 818
447 291
136 384
71 851
4 293
1 979
232 922
354 505
263 951
837 173
630 205
843 691
221 844
315 109
677 222
596 943
435 466
575 545
823 130
200 953
791 29
231 862
365 806
873 510
191 835
182 441
16 375
77 443
83 856
528 982
111 497
349 830
601 545
151 163
486 923
141 322
106 492
501 980
30 825
460 382
81 670
647 968
246 143
503 438
51 939
441 722
681 580
812 383
725 784
554 632
254 779
229 919
642 755
339 390
205 242
287 506
530 952
436 330
837 15
322 317
219 765
596 57
870 725
446 141
710 254
242 880
353 18
296 423
192 97
435 971
350 988
650 296
374 98
868 736
36 782
94 6
337 950
740 564
51 782
552 621
360 27
322 251
876 849
436 954
307 38
214 67
478 828
678 138
7 587
809 57
874 420
201 19
55 215
550 9
332 790
713 153
339 536
546 729
775 927
735 65
883 522
803 446
456 908
819 176
761 147
706 965
229 858
877 899
459 879
91 714
501 877
546 191
468 739
479 571
33 500
682 306
523 894
325 565
469 267
526 448
597 546
814 716
110 574
518 718
758 406
663 798
578 796
568 858
701 430
438 136
270 216
145 655
776 88
637 79
593 545
429 692
596 929
884 23
398 578
324 677
868 524
137 86
259 778
246 719
359 377
787 737
783 76
791 487
209 994
712 756
549 622
171 931
77 974
561 893
703 718
411 935
248 106
706 33
42 831
560 400
729 378
146 556
860 199
113 371
371 980
707 68
670 523
325 29
399 948
707 270
798 184
138 468
624 967
356 991
290 491
419 468
321 915
197 139
503 209
882 33
876 404
388 360
272 439
578 147
764 656
445 211
17 354
633 308
727 195
55 1000
65 335
163 827
80 35
510 637
444 298
471 155
305 908
815 639
326 818
423 411
158 491
721 434
663 603
71 136
850 367
176 620
745 41
764 565
770 186
522 794
170 955
737 961
708 467
789 737
338 589
495 647
332 174
807 421
211 51
806 798
255 473
93 36
297 179
308 539
254 224
562 627
464 155
541 665
865 737
446 606
806 574
858 319
235 272
83 691
447 386
352 361
413 947
771 831
648 413
594 836
454 542
836 95
882 386
285 421
590 639
204 175
487 375
843 353
369 826
593 909
614 529
102 422
554 644
359 805
874 981
92 192
19 579
451 750
111 264
353 124
867 555
711 27
112 215
473 351
462 970
391 449
864 343
703 246
61 261
416 535
225 181
402 663
438 375
641 496
223 294
375 798
607 200
796 890
849 39
486 816
380 602
768 857
680 4
146 202
244 892
304 587
403 868
398 450
569 931
73 493
598 43
680 827
121 235
637 68
245 597
487 540
1 305
668 748
565 769
635 985
156 971
300 283
17 730
250 992
348 541
436 638
519 599
830 548
630 301
740 338
76 371
241 220
194 528
280 907
231 629
146 908
49 153
526 583
352 128
260 329
570 703
244 274
302 194
828 584
708 863
335 131
803 552
571 990
345 677
531 788
211 400
667 441
435 479
79 933
884 365
49 61
763 313
821 706
858 501
65 287
363 104
383 207
18 197
275 772
182 826
436 313
673 914
68 178
511 635
729 655
279 953
788 781
716 217
42 660
75 823
196 266
274 960
856 590
841 297
808 710
417 382
274 226
754 211
395 534
798 663
852 356
144 396
503 72
416 889
512 474
756 104
270 351
801 408
488 537
204 868
405 978
618 521
815 957
815 4
796 325
1 266
212 268
750 207
24 422
238 304
868 315
97 816
193 336
361 151
218 302
587 294
403 746
519 332
814 828
15 388
443 552
784 773
779 16
436 657
722 671
638 854
174 391
121 368
64 660
556 285
470 800
734 711
327 821
478 78
75 774
877 235
202 334
143 102
447 606
310 578
850 564
487 491
490 207
277 287
227 164
225 58
202 220
115 160
465 339
739 567
444 163
347 530
515 383
451 847
419 936
705 562
574 660
604 816
165 281
691 885
869 799
847 110
204 907
316 984
455 261
863 559
754 795
601 944
603 451
538 711
624 837
814 889
248 615
68 100
266 200
285 426
273 493
783 546
252 998
531 31
665 722
860 191
108 695
432 413
309 67
342 839
96 326
73 80
611 941
304 783
187 593
88 399
260 366
293 821
384 892
211 245
759 810
551 718
438 6
218 369
665 630
334 813
149 10
343 694
307 103
320 170
716 885
266 531
189 634
578 800
683 878
273 371
682 581
179 28
134 752
480 212
376 404
85 547
151 297
413 396
385 916
617 507
781 653
591 78
753 546
126 593
390 674
574 88
412 987
178 985
314 29
122 671
766 861
714 257
843 811
47 440
410 772
202 636
56 256
591 112
241 453
482 186
15 658
286 716
27 789
312 726
70 150
791 817
871 9
496 181
739 616
619 660
562 103
384 677
597 654
688 74
672 595
552 954
184 77
206 864
49 402
439 257
567 322
512 402
533 9
376 497
734 513
514 639
880 174
413 124
302 784
640 475
197 444
250 953
314 484
363 794
465 810
496 349
795 25
863 395
343 836
120 59
264 437
281 121
305 448
272 507
510 133
166 635
25 313
376 456
297 877
128 524
307 78
148 255
623 651
605 731
239 163
406 70
14 764
185 299
4 565
490 697
373 525
355 114
255 825
864 109
535 74
555 805
191 877
371 728
596 945
562 913
336 436
527 463
571 359
469 868
748 797
523 934
759 184
189 185
652 628
318 738
585 922
11 246
134 415
775 153
163 66
137 736
77 537
464 600
728 972
348 476
854 361
620 618
416 991
487 871
567 307
596 215
383 422
626 397
127 596
775 65
794 886
231 269
550 529
240 184
717 85
387 651
131 816
38 446
289 112
727 100
32 508
103 138
319 972
100 84
314 932
52 513
547 318
372 106
270 132
241 759
116 98
145 146
286 842
571 825
424 797
159 840
469 801
66 453
781 150
472 627
211 888
406 319
424 752
196 342
15 531
593 205
633 441
237 751
199 191
531 955
627 326
559 796
503 818
772 671
526 635
290 384
188 39
7 517
647 998
41 713
329 277
249 179
238 132
423 924
19 312
97 413
324 921
34 159
866 693
772 632
233 971
478 797
826 41
613 106
394 967
584 692
233 98
736 408
214 778
131 65
138 524
842 781
448 512
869 713
19 788
62 97
164 103
213 529
128 159
363 7
420 380
251 301
249 922
671 396
197 883
577 36
133 827
162 461
124 826
182 674
710 102
446 561
842 974
626 524
746 800
365 930
702 91
737 350
11 926
280 247
714 704
130 263
862 221
447 645
135 655
670 195
570 275
822 640
618 584
307 886
686 572
233 301
739 126
641 879
507 29
395 418
125 535
388 81
254 843
673 747
650 280
192 434
411 515
725 518
736 877
6 664
878 747
134 39
739 980
768 982
649 551
885 708
590 786
826 26
167 852
739 945
111 884
141 690
379 935
856 835
17 238
843 897
683 533
848 456
473 54
133 573
97 332
198 53
67 400
543 331
213 512
756 198
550 715
571 968
109 414
243 72
607 594
864 873
626 227
4 945
850 362
286 979
578 389
441 869
424 362
791 595
775 863
235 442
233 181
879 926
773 312
425 524
409 593
350 976
721 652
879 497
4 954
110 256
75 768
736 493
664 527
448 242
730 874
422 333
412 235
305 90
828 629
257 127
129 899
763 583
298 664
208 648
81 750
131 181
878 487
399 964
482 399
171 360
692 624
141 536
582 331
491 575
384 430
680 362
324 833
750 669
188 352
505 526
381 628
