1158 488
314 122
298 130
448 522
177 990
46 721
49 970
211 679
364 346
75 546
400 444
142 754
373 130
176 395
179 508
375 302
417 395
9 631
95 199
83 176
277 938
442 565
218 867
454 71
342 965
194 281
15 469
446 966
376 679
461 185
222 273
303 27
162 646
168 224
33 236
31 234
31 991
192 589
39 788
411 609
61 142
291 252
44 381
159 549
160 386
188 738
446 37
153 907
255 631
441 284
361 24
101 703
381 882
304 16
162 91
265 503
313 168
108 1
471 141
393 192
374 597
324 190
396 432
259 782
266 960
227 428
118 707
132 935
65 372
392 870
18 834
288 320
386 384
367 786
166 723
197 886
360 935
77 974
422 67
47 397
122 952
455 166
8 909
252 35
331 750
130 815
208 865
136 20
64 55
163 543
11 505
73 839
176 441
111 401
150 204
36 231
151 239
371 796
343 263
173 793
65 759
29 356
402 590
234 396
148 518
64 142
13 743
375 243
37 249
243 631
68 638
2 876
49 694
441 917
164 344
48 547
397 168
57 60
402 227
13 263
117 596
87 889
420 435
38 691
280 601
103 313
278 414
154 860
25 619
488 513
406 328
363 585
142 743
286 847
383 479
201 293
300 250
462 631
408 279
79 709
455 801
125 790
22 709
386 168
350 728
449 585
173 911
24 529
348 558
149 973
346 690
374 174
367 758
15 608
234 522
144 812
124 31
149 382
19 444
92 455
248 196
418 228
121 822
207 621
296 300
405 223
473 924
437 747
112 82
442 4
385 836
435 149
286 277
53 537
365 706
487 881
207 216
53 938
258 468
174 748
232 889
94 468
222 710
212 554
366 861
173 68
373 262
159 217
118 346
383 791
333 592
380 798
228 251
409 659
281 913
303 38
206 62
64 940
304 47
126 637
145 376
18 287
199 862
245 713
26 958
474 569
17 620
354 239
134 77
303 1000
429 54
401 579
425 82
76 527
144 95
376 388
378 785
312 365
45 422
219 660
204 801
150 46
283 384
337 635
117 174
253 655
471 961
180 756
274 973
17 414
220 351
52 989
64 514
327 199
129 830
107 67
139 124
164 254
379 3
33 354
393 982
181 883
469 932
409 720
464 559
271 248
430 69
104 10
467 650
408 211
267 252
45 380
207 782
147 266
463 702
474 493
427 142
6 441
345 334
327 55
219 400
359 397
53 395
334 130
227 938
313 827
81 330
151 873
329 591
83 761
313 143
205 434
234 501
217 546
290 920
142 826
315 193
463 157
170 657
358 797
241 704
276 294
181 351
267 81
40 959
148 851
456 648
177 19
350 499
124 223
193 560
254 1000
104 721
409 41
387 109
326 204
475 894
393 933
62 747
447 837
364 951
335 96
76 344
198 31
184 545
9 975
436 752
463 793
195 617
309 432
34 593
88 950
187 83
318 159
348 463
14 899
349 206
155 200
486 567
117 623
262 334
463 451
229 335
74 789
123 215
401 954
462 236
27 931
193 424
117 467
319 58
453 141
332 604
144 724
420 702
68 857
178 82
295 705
451 54
134 732
376 661
391 159
56 454
88 843
267 619
197 116
320 748
422 274
48 874
126 515
96 740
477 183
59 685
383 915
422 299
483 167
443 586
142 792
182 439
269 134
91 342
366 55
350 189
416 811
25 406
454 717
394 25
79 344
282 303
233 544
135 952
154 29
11 414
54 156
450 320
484 685
400 728
193 622
169 885
443 78
319 482
86 11
352 893
131 837
174 193
468 712
61 524
434 982
263 154
215 27
347 992
444 655
482 250
308 584
202 813
71 277
139 773
416 68
156 777
368 149
46 418
17 4
336 920
19 371
114 125
418 125
210 191
398 933
82 874
233 461
303 140
213 663
28 680
324 376
245 572
462 551
221 226
462 587
472 490
69 282
305 647
398 443
334 646
128 597
455 690
40 477
42 563
68 188
186 433
56 655
243 998
421 926
40 826
85 269
86 724
81 109
222 648
459 44
326 475
92 313
121 73
247 89
290 752
484 61
133 850
382 746
167 319
477 287
441 17
149 722
217 782
341 884
200 1
121 120
309 328
265 96
320 232
472 480
200 677
125 593
238 59
429 263
432 544
415 316
407 911
263 699
57 438
67 61
375 776
105 247
400 645
183 882
253 69
154 298
139 817
344 248
356 186
413 32
14 439
322 636
106 988
97 623
270 550
59 122
228 111
90 426
313 232
135 776
414 170
437 144
11 684
260 402
239 441
103 93
249 927
470 319
442 216
29 262
168 572
419 634
445 414
148 448
438 619
80 241
173 806
225 232
96 695
89 872
463 87
402 428
193 637
292 365
456 20
50 328
136 347
437 221
412 915
32 289
90 669
482 773
482 34
375 324
34 312
207 313
77 420
6 951
271 634
322 311
123 351
313 965
389 256
64 203
193 224
252 949
170 534
133 684
339 324
326 299
474 57
439 277
296 32
59 301
482 855
18 420
139 937
360 430
136 933
404 101
82 668
298 685
336 78
18 710
410 886
214 158
471 874
280 420
96 444
186 126
474 787
428 564
392 59
313 962
71 897
218 522
289 55
73 800
51 78
320 428
46 79
328 460
233 201
466 863
61 551
298 971
88 175
342 375
395 179
451 746
460 428
161 354
357 66
146 310
307 37
239 429
311 792
427 429
152 8
149 813
216 601
459 146
27 257
282 822
51 987
319 148
374 174
193 550
422 108
428 823
120 83
223 529
414 143
263 801
445 318
282 966
160 954
125 69
99 995
303 72
216 811
427 810
22 64
442 413
52 549
63 12
347 665
233 897
90 990
36 768
71 731
448 138
189 339
88 348
256 788
437 93
427 289
449 643
290 761
12 703
344 333
315 260
299 29
140 660
299 164
274 107
430 176
175 970
31 459
93 381
162 733
292 669
50 583
328 351
388 297
184 388
393 301
8 495
208 505
272 730
193 929
218 561
475 652
256 885
167 418
435 930
362 876
333 921
319 908
329 903
211 232
101 172
111 380
215 589
426 621
37 595
269 526
51 202
284 623
321 579
380 225
451 658
487 483
215 24
185 824
34 890
255 431
396 752
395 714
311 607
314 135
20 816
245 506
333 278
459 713
236 580
246 214
211 485
90 57
130 466
457 572
229 256
177 429
451 767
452 631
360 172
63 433
243 79
163 821
233 334
432 346
240 377
37 995
381 964
393 326
455 488
29 246
129 801
344 794
436 257
106 595
178 196
145 882
196 618
55 423
22 609
185 523
318 473
66 703
328 557
94 771
132 808
359 656
287 334
52 102
118 847
101 47
398 567
312 770
391 745
183 457
140 783
424 283
164 348
235 915
108 618
376 479
43 604
126 186
213 294
333 218
113 703
189 402
475 30
437 713
306 802
141 962
139 25
228 506
172 514
43 542
386 699
207 362
52 523
83 266
421 321
148 85
286 963
11 461
305 912
111 288
303 951
168 906
123 229
37 577
277 332
423 303
129 614
164 844
309 550
269 426
454 863
56 711
131 883
230 806
65 469
94 814
245 983
360 505
253 669
147 919
88 928
225 945
337 925
53 350
352 35
339 961
273 73
241 808
42 381
430 791
305 285
298 195
461 826
422 240
336 609
223 492
91 448
343 417
122 959
244 511
100 284
40 471
364 677
119 217
59 35
52 903
371 737
404 952
53 753
425 94
252 15
272 880
160 236
347 81
117 532
49 943
249 392
249 85
113 757
410 961
276 620
326 470
350 824
171 659
423 91
249 163
98 377
54 956
167 522
53 72
369 117
466 798
200 56
80 9
167 513
203 648
455 384
478 213
379 218
415 486
266 720
430 511
297 910
250 934
278 380
123 750
406 920
457 813
71 731
196 869
263 383
89 798
99 191
12 275
1 271
248 49
471 400
9 739
337 406
410 8
279 329
447 411
220 127
77 18
480 672
397 545
463 273
109 948
352 146
438 520
39 48
415 338
188 724
208 478
18 489
112 634
464 474
280 184
259 962
22 24
234 946
323 355
97 766
309 401
279 736
310 508
352 492
139 371
363 458
181 32
292 128
140 114
92 629
431 476
244 351
237 980
142 982
271 717
276 175
283 917
143 769
243 72
153 179
84 795
467 324
96 425
408 218
84 450
376 324
146 879
46 600
128 319
403 342
152 30
361 194
102 688
448 438
341 546
276 653
58 506
428 282
175 546
413 567
210 985
334 94
107 217
154 300
153 834
313 369
406 854
70 49
183 43
10 494
381 540
400 275
414 376
383 858
244 794
323 736
109 431
437 284
185 779
366 691
8 212
192 335
65 813
213 243
452 757
238 985
305 758
29 284
359 910
331 734
118 249
75 411
437 77
261 948
357 52
484 686
307 990
48 656
82 692
45 624
39 534
378 359
107 350
451 704
413 899
440 941
461 503
316 66
210 593
302 568
317 340
35 667
428 30
74 693
432 482
318 41
215 807
224 376
331 302
451 192
408 135
158 111
170 109
214 188
437 141
289 399
467 68
75 20
298 598
469 45
179 727
33 893
132 54
120 549
447 893
148 906
321 619
86 349
476 930
137 402
253 393
285 474
222 2
397 433
325 245
65 896
124 508
333 356
303 21
376 101
465 355
206 296
103 333
191 550
67 342
293 523
194 731
426 71
335 992
408 480
150 820
463 526
249 616
402 406
439 459
162 232
328 905
194 889
410 375
377 890
7 545
123 750
229 949
232 368
108 437
412 19
92 137
389 840
60 595
280 692
100 145
229 103
28 438
102 798
114 721
28 97
193 220
234 494
132 478
296 756
79 994
153 545
103 614
125 757
316 165
304 876
110 245
217 288
301 658
332 805
328 457
433 332
39 934
418 568
361 182
49 867
71 854
456 114
71 890
454 189
42 494
65 465
398 641
287 293
140 909
115 384
307 225
271 977
139 39
292 758
147 190
155 422
85 952
199 607
388 245
369 776
396 111
19 336
27 636
214 230
384 816
308 854
139 632
102 130
189 183
127 135
155 533
46 788
359 659
57 198
423 40
245 415
44 543
38 386
325 615
230 121
313 417
270 152
216 366
462 831
475 207
331 139
456 187
451 45
39 348
243 409
383 42
450 921
362 366
171 712
388 984
447 656
392 659
248 228
107 611
104 246
447 22
224 186
386 320
153 817
212 845
46 880
212 123
232 686
252 629
281 329
328 601
337 842
468 3
341 68
115 656
50 329
96 748
390 29
345 660
488 201
262 349
355 497
71 371
95 791
204 603
448 870
50 465
45 95
429 346
346 543
288 132
