5127 127
80 57
43 91
47 848
13 380
15 900
82 630
85 83
111 874
92 688
92 861
117 793
110 447
40 681
111 590
111 575
21 808
68 854
75 796
34 419
51 98
5 690
81 958
81 466
100 65
46 908
114 208
41 887
60 915
119 87
127 887
41 530
80 477
105 762
8 641
48 181
21 827
8 360
20 97
106 56
116 819
9 663
27 766
24 701
6 106
23 21
110 12
96 851
121 749
122 781
126 192
122 831
42 536
87 365
70 8
38 469
35 441
123 186
23 831
109 602
101 60
97 961
12 844
21 156
42 256
11 991
44 507
41 720
73 160
110 217
77 689
123 18
56 537
12 116
39 708
51 375
125 258
14 245
88 384
118 165
122 126
97 769
105 745
13 704
56 115
47 197
43 990
74 437
58 645
65 837
55 180
72 659
21 19
10 664
42 510
32 228
126 967
3 930
74 971
5 199
79 929
74 575
2 855
101 313
100 972
104 286
31 919
85 237
81 503
17 674
105 248
48 603
49 220
44 962
76 128
98 782
54 371
32 537
72 458
92 923
66 127
67 749
24 717
7 584
96 390
50 820
89 365
108 929
115 612
108 409
36 160
24 763
15 528
82 74
26 641
110 20
41 997
97 508
116 159
10 713
76 104
34 485
21 86
113 62
46 528
83 128
30 627
72 72
3 640
58 651
20 955
95 949
102 237
26 491
95 148
49 114
117 510
94 773
95 273
7 490
95 430
112 238
102 57
37 557
34 179
109 746
57 744
31 541
3 98
109 456
118 68
55 82
19 319
85 604
78 248
94 38
49 480
19 755
23 307
22 224
127 338
8 785
25 993
71 613
21 385
24 853
102 775
87 313
68 683
75 306
27 642
116 489
96 309
60 463
78 896
110 203
28 283
84 303
61 5
92 979
46 356
56 569
61 173
33 295
61 571
69 872
25 776
12 995
5 397
79 427
74 568
99 5
57 577
69 965
120 532
18 241
39 962
8 172
13 71
116 709
25 925
125 629
81 544
72 413
90 145
21 485
42 835
11 182
121 369
49 338
102 886
84 822
67 155
116 183
115 324
124 306
112 227
113 978
78 148
124 861
106 392
71 784
104 362
86 303
86 588
64 470
120 811
19 611
56 599
117 640
9 109
19 854
73 597
55 677
9 755
22 845
92 770
64 193
78 516
1 655
117 699
60 473
96 668
7 438
113 311
127 377
96 448
5 345
110 585
70 256
103 622
124 909
60 255
87 634
63 369
55 686
57 85
89 643
61 856
62 697
87 458
102 706
91 303
93 300
11 9
25 730
64 371
112 859
81 663
39 817
37 386
115 276
70 827
32 877
126 519
63 43
44 8
54 721
115 561
53 78
40 60
9 779
106 148
93 841
39 155
75 329
122 133
50 305
72 779
105 334
82 130
79 284
14 817
106 32
20 406
49 31
115 226
120 396
124 96
114 14
82 826
24 919
53 772
109 646
22 15
102 150
9 992
2 117
74 678
64 766
111 815
73 423
2 755
13 940
39 512
107 274
83 373
63 637
76 375
11 258
42 510
50 613
39 681
54 645
71 382
124 843
32 899
101 567
61 200
7 699
8 586
123 389
108 386
84 177
29 140
102 173
2 409
72 692
63 285
54 732
52 241
28 608
4 138
50 134
18 112
108 921
58 976
61 800
112 923
8 854
120 893
97 120
74 478
96 562
93 460
70 610
80 599
55 147
112 388
82 644
6 211
71 447
92 889
104 146
95 639
110 305
109 529
21 218
107 799
112 895
29 383
11 1000
24 241
40 326
69 954
50 249
8 66
126 411
48 422
27 131
47 54
75 884
47 128
92 755
45 307
110 924
37 541
7 669
16 118
103 873
59 843
34 502
99 419
59 223
100 93
123 740
96 881
62 461
40 986
1 459
67 11
24 407
108 262
88 809
39 614
108 18
124 519
22 122
107 264
86 755
70 744
11 819
122 782
95 862
104 320
39 779
1 853
92 418
44 987
70 52
16 842
14 971
121 54
37 61
122 553
23 277
96 910
109 850
48 968
62 399
65 969
52 305
31 955
5 356
84 555
59 255
53 832
105 691
31 361
67 575
16 468
42 151
48 344
91 673
73 620
96 542
121 861
120 279
95 244
23 918
86 182
49 400
123 794
18 10
99 822
51 713
9 195
118 528
48 980
96 38
103 491
39 829
98 853
5 109
84 576
17 710
115 748
102 258
85 95
123 968
86 231
48 586
122 461
127 240
40 804
46 635
90 446
77 211
6 135
95 345
4 600
7 318
34 613
107 74
36 552
35 470
88 52
113 498
29 282
110 176
102 935
50 143
18 196
27 817
112 157
58 141
89 891
67 958
10 650
54 913
102 51
110 179
96 91
61 785
60 955
88 183
81 70
14 874
33 285
97 965
102 246
63 824
87 793
118 556
125 690
127 408
52 266
95 503
74 438
74 416
40 246
124 389
70 911
93 372
8 314
74 321
105 211
28 602
41 338
33 306
126 525
22 638
15 956
46 83
69 900
20 238
109 229
87 666
61 260
2 750
62 786
65 748
38 874
116 620
91 87
98 159
75 404
19 236
77 994
94 798
122 14
2 547
1 63
12 999
8 188
31 183
38 13
101 143
12 45
95 868
63 591
93 43
83 902
47 984
15 419
87 120
68 714
75 624
107 149
81 139
57 200
30 31
43 827
99 504
118 156
23 260
116 826
109 534
88 315
101 820
96 686
109 737
77 498
3 251
114 686
92 846
60 742
70 959
109 621
98 361
81 477
10 508
67 912
95 761
89 27
108 175
72 574
83 673
60 133
53 806
122 946
32 144
37 384
23 429
35 505
120 657
82 986
121 898
34 930
33 171
32 854
23 498
95 520
41 201
13 307
70 184
69 153
89 329
110 829
39 987
59 25
11 129
122 106
63 936
70 935
115 500
107 397
61 843
59 126
122 664
119 541
27 146
62 83
100 898
68 550
6 641
14 453
75 687
4 13
3 109
48 159
65 724
1 543
26 596
74 655
117 614
30 122
5 170
30 833
56 890
24 393
81 565
17 219
51 285
29 451
50 33
5 810
91 244
12 396
105 884
73 331
43 468
73 338
55 682
34 266
60 930
65 384
118 297
96 933
117 866
96 565
106 341
38 921
112 675
86 205
52 507
55 354
63 81
79 477
37 33
26 390
64 224
63 930
26 68
51 474
85 607
67 106
68 792
93 475
102 833
27 209
127 250
31 309
53 437
17 244
122 680
116 206
94 630
93 320
77 230
42 826
109 578
109 226
45 418
15 56
14 343
106 800
64 464
5 899
107 496
13 141
21 61
111 192
76 139
46 272
39 647
1 630
78 285
39 46
102 131
45 984
45 619
37 586
122 421
12 4
67 634
58 579
15 362
56 222
36 583
38 852
44 16
62 365
33 543
8 132
49 611
21 92
92 239
19 127
5 321
89 888
45 940
35 819
117 374
69 720
41 651
83 99
44 904
79 487
120 657
8 990
4 883
25 155
106 730
123 56
4 717
77 872
42 5
39 886
44 682
16 492
69 278
88 22
122 807
2 212
111 481
31 699
19 66
125 949
98 893
106 940
33 984
102 579
57 437
49 605
52 804
73 260
41 376
34 67
17 462
6 293
34 233
26 228
105 840
103 938
40 910
15 379
86 658
110 369
55 765
9 543
98 254
10 903
81 297
29 100
9 635
64 224
33 8
123 592
96 614
1 147
45 703
114 774
100 995
79 306
4 52
58 805
7 167
46 989
46 290
26 576
46 688
3 311
56 135
113 934
101 275
96 182
5 864
57 148
109 748
37 143
64 537
91 117
122 336
109 247
91 161
35 368
49 509
91 50
7 636
18 561
17 39
21 637
6 823
78 893
109 955
84 871
7 671
11 169
19 696
70 739
93 344
21 58
89 232
80 335
57 537
88 518
105 410
49 608
38 854
41 553
30 979
94 818
34 451
125 480
72 718
95 491
68 679
28 424
24 155
53 352
96 205
115 23
100 781
75 229
43 652
33 592
15 569
10 73
20 999
56 50
76 45
99 110
35 812
42 737
12 957
82 628
66 177
11 787
45 710
22 174
43 185
61 827
50 806
43 130
88 570
17 576
11 178
80 285
49 577
5 806
18 870
85 403
8 739
67 954
121 391
6 650
66 53
36 889
124 139
78 279
6 604
100 897
59 759
95 31
52 413
116 269
16 782
92 446
21 429
50 508
38 72
31 26
60 273
44 731
4 119
81 615
60 518
94 725
85 530
6 724
13 288
17 456
69 342
89 164
64 462
83 890
24 271
56 460
72 364
21 911
60 683
84 203
35 182
2 932
106 486
80 44
114 179
49 374
9 789
1 909
31 287
51 507
96 174
125 618
51 662
19 39
17 37
83 489
7 206
66 471
88 808
22 343
45 77
81 240
108 555
17 497
121 830
28 679
47 468
59 507
102 447
80 242
2 255
25 723
49 238
82 565
68 626
92 206
60 734
1 748
81 9
59 568
110 957
33 887
57 993
11 312
88 768
106 232
15 592
93 376
106 964
76 910
33 155
19 304
31 478
88 892
54 293
58 899
110 899
63 401
46 366
15 807
116 56
100 58
87 489
90 521
102 866
62 610
81 539
64 981
45 174
97 224
113 489
87 737
86 520
61 655
63 410
52 170
55 495
103 670
3 144
28 997
71 791
80 33
28 218
112 182
115 212
104 630
108 117
83 443
33 293
39 920
75 69
123 464
9 686
105 70
112 239
116 579
127 747
113 364
20 345
86 73
124 779
86 96
30 799
28 623
64 465
109 253
52 23
70 666
33 923
78 610
121 589
90 470
18 15
41 42
118 735
101 720
52 856
70 684
98 713
124 727
48 732
42 693
20 184
24 310
125 704
16 656
90 418
85 3
73 617
21 188
33 252
86 771
31 52
22 549
62 90
58 450
106 718
110 288
124 297
42 798
127 556
39 210
126 511
12 924
93 635
14 128
67 680
32 968
115 16
126 88
123 322
25 464
52 456
76 230
51 201
87 945
83 928
111 871
13 307
96 32
31 789
74 696
25 92
81 697
68 683
113 399
89 513
66 994
37 361
117 791
43 328
102 351
117 930
27 15
50 966
69 87
5 877
81 835
107 215
97 213
101 526
57 744
43 120
37 967
94 961
72 100
49 375
79 737
111 172
114 619
15 504
34 305
67 61
64 433
77 89
113 908
36 207
93 126
48 374
50 351
74 88
64 44
71 413
119 926
7 510
108 273
41 914
57 663
15 28
54 67
37 498
81 919
104 656
87 982
115 467
82 746
43 879
7 7
54 626
39 526
100 374
2 259
92 379
29 288
58 2
42 368
84 43
48 252
121 224
40 322
119 712
45 416
116 333
122 189
60 358
11 361
81 854
8 33
9 243
77 916
37 120
16 568
60 35
103 517
97 247
105 808
3 723
116 778
17 914
121 103
122 801
126 168
33 965
24 657
93 482
18 683
3 636
44 971
49 914
1 817
119 894
66 91
34 838
119 679
48 198
16 988
126 36
73 586
26 499
86 253
104 553
31 70
57 352
25 282
49 912
55 929
87 420
64 40
74 521
85 800
74 578
107 684
18 686
77 951
114 432
102 804
28 870
68 596
85 211
93 12
16 806
123 724
55 353
53 209
124 242
67 907
67 901
80 360
60 488
50 527
101 749
44 470
85 836
115 261
114 942
47 305
17 715
76 26
105 677
79 916
117 763
57 962
50 559
115 198
15 768
23 971
120 153
69 356
80 880
4 33
71 112
34 505
123 247
25 91
22 697
124 876
55 35
85 900
20 104
108 472
31 536
52 874
21 772
82 740
110 547
72 561
51 921
108 565
63 298
79 271
1 251
113 30
97 394
107 977
89 105
5 118
7 423
105 700
21 126
23 600
116 814
38 612
94 913
54 443
35 181
79 871
70 141
30 108
96 216
68 130
43 513
16 550
19 277
88 601
93 56
34 624
78 504
124 922
27 24
115 813
53 367
60 290
51 815
22 612
35 374
109 541
102 616
68 610
37 507
7 426
23 681
61 418
93 122
39 676
3 991
18 275
81 560
66 56
37 367
35 281
94 643
36 373
9 806
12 241
53 487
111 886
38 937
126 664
9 362
91 584
53 949
42 115
83 681
91 82
2 655
27 408
90 991
70 863
110 676
72 459
26 139
2 645
46 73
5 505
68 802
13 632
126 498
64 127
33 304
107 454
123 142
55 699
13 347
121 28
126 633
4 784
52 215
40 671
94 719
63 541
115 817
98 771
55 583
18 134
101 511
78 758
115 876
8 552
2 733
40 501
46 445
126 585
96 873
97 237
126 845
109 229
127 144
102 250
55 131
59 993
74 813
43 290
2 2
110 802
80 79
112 577
78 984
98 437
106 499
107 477
76 618
103 815
95 653
4 859
81 446
3 398
70 931
75 552
48 743
104 750
52 49
119 312
35 235
77 724
34 812
118 394
80 31
96 117
33 362
4 480
25 440
99 103
9 431
22 538
17 411
116 286
59 233
85 899
1 629
90 911
7 148
73 953
86 939
13 463
98 862
14 128
35 209
121 3
93 219
64 919
39 414
86 881
108 865
127 857
106 350
65 692
98 844
11 715
73 517
4 155
110 249
114 420
124 986
14 338
66 718
46 999
17 65
18 575
93 984
117 418
16 798
14 221
74 851
77 297
11 416
48 587
71 124
63 243
15 242
12 389
42 745
59 490
64 770
18 1000
43 270
41 966
75 158
40 705
72 1
36 706
54 249
2 62
9 686
99 308
10 961
77 363
92 410
69 777
40 307
72 829
40 643
52 910
102 997
40 257
44 190
114 911
125 34
36 260
4 367
124 402
54 632
121 28
123 3
55 59
13 884
82 757
6 72
22 456
91 83
78 124
79 450
120 766
115 610
23 678
127 871
95 106
73 750
93 344
109 571
22 856
126 227
112 184
18 852
83 894
86 360
10 417
26 526
65 905
65 121
52 986
47 271
49 646
9 259
33 320
123 179
110 705
30 602
40 158
90 303
27 264
96 285
96 867
56 257
95 15
61 799
68 418
18 590
53 589
88 911
25 258
3 321
84 317
42 920
65 184
20 642
119 196
32 161
32 567
37 891
40 337
36 901
97 910
120 356
17 375
87 458
94 729
28 39
112 828
21 206
33 965
20 707
89 988
69 236
34 495
77 325
100 397
99 26
11 140
13 617
125 804
104 69
60 810
95 308
116 182
27 866
122 125
2 188
23 631
21 966
104 298
115 238
71 493
4 998
85 142
53 654
26 245
116 439
82 542
61 1
50 251
3 46
103 976
9 301
29 925
121 896
10 656
34 398
120 616
42 665
27 915
86 57
127 17
53 792
39 94
115 69
6 604
56 865
33 775
107 276
62 839
107 553
78 857
96 877
75 951
3 612
90 627
36 988
76 352
122 41
64 881
108 287
98 624
36 771
120 137
82 987
21 396
40 353
108 742
107 140
87 944
109 94
110 703
27 503
18 802
118 200
63 696
70 850
76 311
82 557
67 918
29 441
48 980
108 872
14 782
57 481
54 277
23 223
99 629
62 304
37 552
42 927
101 449
93 371
8 586
115 990
84 862
124 222
42 471
64 719
73 681
119 318
118 741
6 936
120 399
48 121
11 217
125 902
20 966
35 356
91 87
101 446
48 98
81 386
124 6
29 125
29 472
65 891
13 408
76 151
28 21
46 769
55 61
3 187
118 870
111 515
89 848
49 549
98 585
70 286
2 343
117 290
91 833
79 998
76 559
67 462
19 21
99 737
87 636
34 344
46 225
1 275
54 853
68 867
116 827
106 9
79 788
11 294
101 630
16 649
13 537
15 436
111 881
49 727
89 535
26 180
55 584
1 425
46 108
31 825
33 96
24 19
30 13
121 698
49 950
123 195
46 702
77 738
87 888
88 733
74 661
7 415
101 490
79 207
47 799
56 494
93 857
42 885
51 320
63 660
93 410
63 956
58 598
31 663
1 634
113 178
90 86
111 658
117 247
115 164
45 165
88 403
74 661
69 941
22 743
49 903
29 857
96 317
20 58
37 874
95 720
11 422
96 659
44 219
17 159
35 24
28 662
57 678
95 348
109 909
53 721
69 936
102 875
124 965
76 737
3 102
59 505
103 218
53 618
11 236
23 203
87 587
50 498
64 481
70 574
29 181
76 126
81 465
86 696
54 988
44 843
86 768
69 325
3 629
35 613
113 77
42 690
9 358
59 170
47 699
51 204
57 763
8 775
13 640
83 448
28 954
127 536
93 506
38 620
125 855
18 851
2 876
126 164
104 688
7 685
101 28
126 173
95 449
113 355
30 840
92 524
74 263
76 209
77 691
58 246
120 968
24 861
39 91
1 761
71 913
34 627
17 669
91 1
97 406
52 554
5 862
6 347
47 28
78 133
11 915
72 476
97 305
56 881
120 481
60 713
70 713
23 309
11 293
108 688
27 2
58 404
30 868
11 373
65 920
86 404
88 570
84 885
15 665
104 289
85 934
58 197
117 889
16 626
123 988
72 203
117 421
28 706
103 784
101 162
47 691
72 486
120 505
37 553
52 544
47 76
84 131
97 868
32 16
47 818
45 250
111 577
118 56
23 954
43 732
105 875
119 22
25 172
39 207
116 105
32 166
125 827
120 142
9 823
58 118
70 189
17 208
117 834
122 874
110 198
120 616
81 103
71 856
97 61
80 316
117 540
111 716
23 349
21 657
66 564
13 387
122 571
98 340
127 350
13 259
5 14
88 498
65 694
73 313
80 937
65 497
59 634
108 753
123 633
41 3
103 165
15 952
50 285
125 368
100 262
71 412
10 544
6 620
78 313
51 969
11 232
22 284
91 315
44 717
114 658
69 253
42 161
43 972
82 434
18 20
95 697
69 875
65 574
95 29
91 558
12 104
60 707
23 287
17 927
59 432
43 533
88 702
5 8
16 295
21 522
56 766
67 111
58 746
107 655
45 478
113 959
117 967
28 240
62 185
27 511
27 651
82 884
103 62
105 619
53 641
58 142
112 624
29 760
109 673
61 619
122 901
41 220
107 453
18 898
100 299
5 410
90 452
47 486
90 677
61 745
23 739
55 284
55 665
76 405
57 414
20 67
48 892
61 995
111 595
30 590
56 555
85 112
30 957
50 419
78 523
82 866
111 876
54 758
107 705
37 421
89 787
26 86
91 26
113 870
5 247
108 798
98 259
24 802
74 758
59 499
64 721
51 46
63 740
23 772
43 121
111 264
87 991
109 956
94 536
111 764
117 371
54 664
78 738
40 359
26 773
27 327
64 78
43 198
1 355
103 444
46 864
56 46
100 650
23 381
92 868
118 733
44 110
49 278
121 657
1 951
57 476
19 854
114 346
127 401
59 466
61 624
82 166
21 504
117 252
22 313
99 680
127 465
109 576
37 824
25 319
34 986
58 402
102 176
68 606
65 967
110 632
71 223
53 595
25 357
119 622
40 705
5 667
99 297
28 834
18 124
25 324
34 352
55 624
102 957
28 585
83 632
5 37
15 993
71 264
88 325
22 391
75 436
17 334
58 252
69 210
51 708
14 128
66 442
92 524
6 862
116 83
17 245
7 634
79 446
110 700
65 320
8 519
47 915
103 119
104 58
62 18
61 911
31 747
117 111
38 472
52 754
37 468
44 220
91 653
82 719
64 719
33 543
75 151
20 796
99 968
47 308
112 538
80 518
43 342
59 855
61 771
59 649
64 796
29 935
13 40
74 291
92 721
100 9
58 869
110 657
107 264
16 992
22 240
85 983
121 224
36 355
4 325
11 987
90 900
22 894
1 722
61 618
14 458
87 254
18 275
12 945
53 264
94 152
110 6
72 956
124 649
122 762
49 215
37 713
111 587
46 151
124 44
115 709
29 523
80 902
26 713
22 476
118 142
15 787
58 419
14 28
40 177
25 396
97 840
19 218
77 881
12 492
48 524
11 179
93 811
47 458
120 421
28 779
117 348
2 378
111 167
65 888
91 217
20 601
50 32
78 62
5 463
71 460
110 780
46 828
100 443
115 689
19 385
124 253
8 513
11 491
64 619
3 174
126 984
110 505
20 55
87 462
106 828
61 160
120 307
125 520
27 785
27 763
64 916
86 962
61 630
68 800
124 878
99 40
102 726
104 301
112 718
57 368
50 880
88 630
43 74
35 63
37 311
42 328
92 86
62 466
19 641
72 113
40 112
7 773
75 940
87 436
39 724
124 726
116 419
63 424
125 847
30 2
117 164
16 273
79 559
4 21
98 372
19 868
9 729
53 982
47 600
102 86
74 657
79 431
68 517
96 773
10 132
6 56
95 520
102 621
38 480
112 100
87 30
83 779
117 601
41 297
34 876
126 980
61 693
73 932
127 839
29 597
72 768
69 497
64 812
119 476
98 208
86 750
1 360
80 13
87 969
55 712
62 831
111 709
15 905
120 179
114 872
125 153
56 956
41 982
24 607
93 326
13 383
3 995
100 984
38 482
39 376
5 986
54 578
21 33
71 340
27 166
27 688
32 616
56 686
9 989
69 993
127 308
34 750
28 804
60 880
114 210
21 294
40 207
38 131
23 504
26 966
84 93
49 832
69 722
6 872
63 752
69 250
15 333
15 427
19 880
38 415
12 566
88 788
22 80
121 148
78 546
19 623
50 310
30 46
42 823
28 329
43 815
5 427
8 761
16 376
113 335
69 574
126 45
101 417
59 172
101 365
22 408
44 696
8 315
65 988
94 992
127 82
57 864
104 842
100 832
25 965
50 377
56 75
115 415
21 165
29 755
92 420
71 121
126 111
58 66
109 778
2 211
109 121
102 621
84 425
30 139
35 544
105 815
19 912
51 301
78 744
67 461
24 659
126 981
90 70
36 174
105 750
80 835
72 464
95 901
83 72
19 537
15 51
61 975
17 740
2 461
87 683
28 947
22 897
98 365
41 413
41 596
92 98
59 637
26 727
75 576
108 101
75 986
109 613
23 803
97 960
46 401
45 260
62 828
46 262
127 568
70 690
22 918
79 533
100 706
38 956
63 510
61 418
96 510
74 214
63 971
24 570
113 216
19 229
48 808
99 106
87 550
44 327
52 275
113 759
19 331
107 865
16 896
78 150
97 638
106 694
98 469
124 876
91 387
87 558
45 615
102 198
20 935
38 427
88 387
104 457
73 15
26 356
82 517
21 17
38 185
78 254
35 851
112 509
8 521
93 933
64 122
74 705
48 195
81 159
46 774
5 161
57 207
41 896
99 925
91 324
123 199
119 797
111 700
2 581
112 809
83 748
68 752
107 427
116 259
1 857
122 589
58 761
42 433
11 850
59 561
30 294
80 872
41 315
83 776
28 957
90 62
25 290
123 649
10 612
84 950
56 35
81 471
25 889
10 327
121 924
87 600
109 111
22 341
16 433
110 664
119 164
4 541
61 911
124 837
123 565
2 308
13 4
77 84
44 783
8 256
3 381
94 121
61 679
115 797
24 69
36 179
24 482
11 720
78 404
5 357
1 485
5 86
97 4
104 996
98 949
92 324
70 901
59 359
51 455
120 728
36 177
58 449
64 447
121 310
26 831
88 112
100 252
43 979
36 148
92 768
112 978
99 492
3 156
29 863
61 237
12 518
58 749
106 746
18 772
109 695
43 731
48 942
80 707
97 75
6 315
58 159
106 598
102 255
46 427
13 315
72 100
96 992
122 975
49 359
112 696
122 19
61 309
22 463
44 752
93 678
33 793
22 977
12 42
28 349
42 193
125 978
127 937
38 349
78 337
94 286
110 851
42 651
87 782
99 492
70 837
75 885
89 654
3 991
3 884
64 494
52 438
99 220
39 989
3 557
99 714
67 201
87 469
68 318
116 847
27 363
94 809
122 22
26 771
120 247
40 646
56 827
80 922
64 898
36 665
120 960
16 530
89 640
99 111
20 932
68 527
61 791
15 165
103 331
107 799
51 363
62 992
4 395
43 734
108 706
103 660
88 295
40 929
102 185
44 520
95 598
65 422
72 133
84 759
83 516
123 906
34 714
33 592
89 662
60 297
89 38
37 839
76 657
90 696
46 542
117 368
3 634
19 517
84 686
3 929
110 503
61 148
68 165
116 144
81 228
25 67
46 694
100 1000
72 502
96 230
105 246
9 495
27 154
4 363
83 35
48 779
9 134
19 422
76 386
109 711
52 485
105 228
119 352
44 281
79 198
44 859
69 801
28 494
107 773
35 32
12 83
80 915
66 440
28 759
3 851
113 269
98 218
108 5
90 150
16 377
83 930
51 168
100 928
18 988
118 812
69 364
115 135
26 547
75 229
37 287
40 335
81 746
76 450
98 909
106 127
102 928
22 993
25 387
89 434
85 705
51 14
70 543
5 5
105 370
127 590
109 366
100 399
26 727
45 150
16 436
84 107
112 663
74 395
14 958
108 855
100 349
78 347
69 738
76 639
99 608
48 849
79 557
106 473
54 715
91 12
126 98
48 642
102 757
90 984
93 169
45 367
39 577
94 499
116 388
94 132
56 349
1 304
60 626
64 199
110 318
34 622
2 528
61 509
89 290
18 561
60 786
8 931
94 172
55 446
63 406
70 293
76 386
98 323
79 887
65 361
63 265
17 355
73 253
54 707
35 870
6 5
30 603
6 809
96 806
86 157
110 654
111 328
78 830
113 960
124 60
72 853
40 467
67 995
9 33
125 740
70 369
96 820
40 75
93 27
103 559
1 415
9 414
25 767
35 761
71 649
8 703
53 565
89 140
38 343
59 388
22 705
82 252
92 398
47 786
63 649
64 192
40 420
124 989
33 257
44 595
11 853
46 762
44 136
118 700
101 310
18 687
49 552
55 902
37 140
2 416
8 521
48 888
123 932
42 283
26 151
68 125
32 644
101 196
10 854
62 379
16 600
75 913
43 363
61 576
82 669
98 894
22 341
33 927
26 264
38 257
53 127
32 870
95 503
124 94
88 63
70 122
115 301
102 834
94 714
73 984
57 249
56 595
44 668
89 765
43 375
75 581
98 603
72 38
104 884
115 582
38 764
86 840
18 646
79 618
123 683
22 888
48 216
124 159
115 774
50 387
48 377
32 129
73 970
104 486
120 445
54 710
89 172
42 45
126 778
81 394
69 536
15 551
126 907
118 107
117 84
29 344
19 551
56 965
25 996
21 412
2 538
6 717
49 631
94 778
110 209
99 681
60 608
8 269
115 433
37 557
72 253
8 412
10 23
35 183
7 402
27 602
101 745
125 819
114 557
10 190
113 739
101 575
99 699
65 283
105 242
93 759
77 513
126 31
83 139
39 601
20 723
80 791
92 388
66 153
100 919
22 489
1 561
72 325
29 378
40 760
111 110
12 225
117 736
59 682
83 59
118 74
103 207
94 188
55 186
7 822
75 188
13 83
38 985
18 393
59 403
67 724
124 838
109 593
73 658
109 868
48 37
4 490
121 350
118 959
112 179
18 266
101 252
47 12
82 973
19 133
53 352
124 607
114 1
90 673
40 912
63 501
96 707
96 314
8 345
119 578
57 464
50 597
80 511
48 301
96 365
50 752
11 208
113 74
109 39
114 344
51 97
23 541
59 836
101 337
52 455
88 789
30 847
68 376
112 854
126 173
44 335
24 203
26 468
72 659
105 392
68 750
35 222
70 901
87 216
105 271
86 720
3 462
26 42
69 810
48 680
35 612
76 45
18 12
106 715
87 460
74 253
126 771
85 149
93 724
85 247
10 932
34 52
127 87
93 345
29 803
94 965
44 451
92 182
117 45
28 349
21 669
61 525
108 168
62 808
90 610
71 162
27 736
92 468
95 543
108 666
72 171
111 198
21 608
117 379
79 221
89 90
80 604
103 432
77 772
50 278
81 391
1 568
67 964
76 135
112 382
54 311
30 363
39 505
38 965
114 258
44 373
17 674
126 939
58 839
7 415
84 919
78 252
55 393
55 135
42 325
68 276
41 215
47 738
39 256
120 722
111 13
44 427
63 214
61 577
83 88
108 242
99 636
30 384
14 734
65 649
52 406
108 994
126 546
67 784
68 602
83 469
42 11
122 73
28 157
62 542
1 709
107 123
127 684
114 987
106 869
7 587
76 867
21 679
110 921
35 989
114 160
119 696
23 748
52 318
113 567
14 683
29 341
57 284
127 623
85 709
73 368
116 372
60 283
38 91
126 410
121 530
112 1000
99 90
6 769
9 403
47 541
19 7
25 57
86 189
66 397
50 951
40 390
17 988
111 814
34 22
46 431
12 813
1 772
115 379
5 441
25 998
22 741
52 394
1 919
35 788
88 566
101 536
20 168
25 531
35 204
68 73
101 400
109 816
111 627
42 868
25 316
81 73
11 177
12 668
19 913
60 691
111 507
12 824
19 45
115 506
33 782
74 171
92 203
95 507
23 222
57 99
14 602
76 548
5 281
3 478
127 918
15 881
34 211
24 831
29 620
80 735
122 994
13 540
70 338
18 508
44 3
37 818
1 724
43 309
21 811
69 583
55 39
31 854
58 511
14 598
36 312
53 580
64 627
2 109
56 172
24 405
119 388
116 441
56 912
124 726
53 921
79 111
45 850
58 162
33 925
60 387
41 870
2 417
12 918
22 204
62 657
126 301
93 689
27 14
81 57
103 981
37 690
1 798
3 969
61 182
12 911
64 657
89 928
56 972
20 541
30 811
61 74
127 541
32 192
111 659
112 924
57 557
106 126
10 860
83 747
31 369
48 244
28 621
38 61
77 751
51 830
23 649
86 461
104 867
89 211
1 271
32 18
43 547
46 86
99 442
47 113
15 827
35 308
78 697
30 901
11 89
28 843
94 239
110 68
42 897
12 225
119 426
37 508
56 217
33 496
107 879
43 201
1 229
49 600
62 683
94 8
103 202
75 724
107 748
8 159
42 486
33 226
105 837
12 737
19 838
45 646
87 404
42 541
74 45
52 430
19 982
116 559
123 715
3 479
27 607
70 900
66 954
85 422
62 862
14 770
33 290
12 151
106 839
115 724
85 293
49 241
94 231
68 593
28 890
8 78
55 99
91 701
80 94
125 510
79 359
88 405
23 485
11 748
50 138
23 975
63 13
3 934
81 136
95 686
28 545
80 536
41 261
71 385
30 345
99 81
47 56
60 20
72 688
51 100
88 180
49 652
114 707
41 14
65 759
92 311
91 48
45 318
102 959
61 880
24 419
75 719
107 807
59 398
49 170
64 183
23 301
1 157
94 329
15 770
111 407
47 738
46 61
29 438
107 984
117 723
21 380
27 680
92 318
64 547
13 427
107 429
78 566
68 897
85 654
17 521
56 5
42 321
113 154
127 570
98 992
80 241
96 893
93 213
35 4
67 348
119 779
41 326
5 894
30 953
88 522
121 811
83 402
123 483
111 870
115 513
39 191
97 34
107 949
59 333
106 617
41 240
105 595
61 331
53 773
83 75
16 117
2 961
72 695
75 649
6 657
73 580
66 278
33 334
127 396
82 808
49 766
51 439
38 978
18 171
127 515
98 905
4 208
84 266
121 715
62 258
23 572
114 881
36 772
60 85
72 434
115 494
86 785
39 329
108 240
39 510
60 49
76 34
94 778
56 534
112 207
27 958
30 334
42 34
31 681
69 872
53 696
71 480
99 36
94 463
92 901
116 61
58 629
66 463
14 787
8 949
18 369
105 573
21 55
51 646
19 701
124 862
59 853
109 549
19 790
95 1000
82 978
64 534
28 537
116 214
105 268
73 600
29 579
41 39
84 303
72 782
67 441
16 207
23 193
82 949
94 400
65 548
115 86
32 395
66 189
79 529
61 931
86 189
43 316
122 749
92 342
71 64
73 132
34 724
10 668
81 273
39 937
126 643
2 953
90 364
60 655
59 39
120 914
34 222
106 317
68 806
34 533
57 878
20 646
22 700
108 743
2 447
124 73
110 293
109 451
95 207
90 809
21 49
35 49
56 763
28 324
108 794
76 59
43 655
30 952
96 159
84 648
48 833
78 728
108 515
7 317
51 910
12 834
81 197
51 542
42 58
33 603
101 761
11 977
29 643
24 544
124 829
10 265
84 206
92 566
116 92
77 886
62 584
20 818
115 605
50 795
54 853
91 377
8 572
78 805
125 259
44 696
46 982
8 194
90 591
125 84
27 705
8 446
73 317
48 570
86 336
70 447
10 755
66 655
77 370
43 761
39 614
73 215
48 435
25 537
2 570
19 777
14 616
96 397
54 958
43 289
55 423
122 946
22 548
111 515
8 987
104 156
78 844
59 326
40 379
98 272
42 433
56 877
58 627
7 796
80 961
110 655
123 424
97 316
103 529
99 911
55 408
104 662
58 797
103 316
82 342
117 350
11 939
76 569
38 361
121 658
22 232
61 996
100 197
112 478
33 409
20 978
78 991
84 720
48 554
11 472
1 261
17 740
8 913
43 68
108 954
41 295
106 834
99 81
106 677
17 223
61 836
52 621
91 554
70 16
67 90
120 245
66 135
66 728
39 193
2 974
105 255
62 339
101 16
89 4
19 937
96 47
3 186
104 126
81 441
78 752
59 941
23 104
48 284
25 412
4 989
25 943
39 999
48 823
38 409
33 936
16 791
25 335
122 556
92 935
115 858
108 864
114 835
65 739
103 924
13 207
115 429
55 559
61 970
60 194
31 821
39 754
55 201
108 589
96 648
73 895
112 119
116 942
68 21
78 317
62 679
114 937
31 271
66 559
102 808
73 308
26 740
37 267
104 662
63 91
10 344
39 375
29 167
1 604
116 394
29 622
107 246
49 83
74 589
70 326
72 66
73 294
29 94
65 564
61 135
98 209
53 148
57 797
41 938
116 273
88 458
64 198
93 192
98 900
127 710
114 836
47 167
94 14
39 140
105 676
58 658
83 53
106 178
104 443
8 736
34 373
82 469
78 782
56 637
100 540
103 922
38 778
1 983
58 654
99 5
17 564
100 81
30 737
26 908
74 488
101 162
32 297
37 764
64 253
14 142
88 499
75 177
24 159
31 746
108 285
113 889
107 314
105 803
63 652
29 401
77 669
109 903
68 252
116 862
83 907
75 154
83 2
94 84
120 699
115 729
15 956
56 137
8 136
21 961
89 718
9 505
61 896
35 623
89 486
102 67
90 329
9 689
83 920
18 898
81 350
69 18
117 601
43 955
68 133
82 873
122 191
82 757
84 523
112 395
41 311
8 355
51 325
27 987
40 749
61 195
65 968
66 503
75 606
38 393
123 881
36 245
19 736
6 356
9 525
95 873
79 727
110 583
85 961
41 840
65 441
123 831
36 906
45 120
63 578
121 179
102 413
30 364
11 624
10 326
23 287
18 763
11 855
87 21
87 956
113 929
75 277
86 759
5 947
10 187
3 742
104 527
78 888
50 767
94 951
30 291
100 535
79 328
39 174
82 760
65 423
29 461
23 992
93 594
107 27
55 938
92 936
58 447
104 394
51 668
57 158
105 451
100 967
18 545
103 148
28 373
105 520
74 580
3 482
111 712
94 499
18 844
37 802
5 570
45 331
67 669
1 811
113 191
19 758
83 836
86 786
49 893
112 905
117 583
25 171
121 497
16 377
103 314
19 211
115 280
124 132
92 705
19 696
31 62
110 221
111 51
60 447
34 185
120 194
62 309
12 572
10 942
124 847
49 498
51 716
106 25
34 955
122 713
115 821
107 81
29 986
18 630
15 963
113 840
4 321
44 462
77 899
37 566
2 317
91 214
48 795
68 614
61 210
98 747
61 752
64 470
49 103
48 843
90 38
8 427
119 112
18 954
104 402
124 441
95 729
77 701
32 778
50 110
59 441
114 865
113 523
76 383
109 323
2 628
70 177
123 704
3 990
3 529
29 409
38 520
88 373
104 399
73 376
76 777
120 966
94 346
36 749
47 283
28 502
127 456
46 154
52 25
5 555
2 692
32 814
33 529
74 80
114 957
118 862
73 248
57 627
108 959
78 710
104 474
9 161
119 103
85 83
51 837
6 983
42 986
98 747
57 414
65 66
98 350
125 51
42 18
42 967
38 190
36 550
44 277
5 867
52 513
88 252
97 77
73 27
124 259
41 375
38 574
8 620
80 658
22 78
43 23
17 266
4 129
69 678
18 803
71 364
95 583
106 515
96 263
71 286
95 672
72 163
4 210
25 108
74 497
14 410
65 415
64 109
71 415
99 717
75 836
21 452
77 680
39 394
126 45
95 544
124 960
35 205
120 656
124 532
95 4
12 748
102 738
70 895
79 89
31 739
41 504
52 508
21 100
125 32
112 838
98 881
34 771
104 623
71 954
12 764
53 265
97 806
5 449
99 936
115 61
126 625
1 31
79 827
90 308
73 29
14 987
11 794
20 849
19 712
31 975
39 466
98 867
95 919
19 515
79 184
25 269
17 685
56 282
83 137
13 30
84 450
38 378
104 634
84 474
54 120
18 768
115 656
58 399
29 447
116 592
112 32
18 1000
49 481
25 216
103 742
75 420
122 893
13 597
104 769
98 543
23 16
14 899
41 93
91 902
74 830
13 313
7 526
7 559
35 149
14 786
64 11
5 333
80 384
93 299
86 888
49 287
73 743
80 42
50 313
40 993
16 77
76 180
80 996
106 528
49 415
86 318
55 351
100 218
111 75
32 380
9 805
69 522
123 237
77 221
60 629
89 295
69 915
67 155
116 402
104 797
94 865
22 390
50 450
44 842
7 468
96 617
79 330
120 385
67 506
115 378
106 399
101 545
72 264
108 638
26 718
29 381
7 146
91 817
112 540
44 261
93 597
77 9
37 406
66 835
109 119
120 915
57 969
98 877
96 756
124 963
70 834
33 761
7 770
67 703
13 726
74 683
106 701
39 732
55 698
42 448
84 51
17 47
14 778
86 173
12 896
93 180
67 397
76 695
29 761
50 225
35 743
67 724
20 132
38 810
47 68
12 880
73 694
46 982
84 323
90 880
82 483
114 392
24 967
29 137
113 424
74 630
8 335
124 313
27 579
73 724
79 142
31 372
11 208
68 288
114 883
75 646
74 821
85 615
87 265
125 798
6 838
103 958
40 38
7 9
94 345
116 225
56 144
65 130
48 514
40 790
80 554
68 168
75 166
34 473
53 842
69 559
67 731
36 465
90 325
1 828
120 214
35 105
108 624
115 524
101 579
70 871
18 424
23 341
69 903
78 919
1 746
57 986
25 376
108 967
126 315
111 610
101 106
2 852
95 456
23 626
25 747
75 947
9 709
37 149
84 407
90 928
109 721
114 713
46 339
119 561
3 912
1 844
85 909
120 555
120 599
103 82
23 626
71 426
2 954
45 968
13 134
104 180
121 552
81 804
91 526
85 62
37 148
37 145
95 760
31 549
40 133
49 350
73 97
56 157
102 158
101 135
89 884
25 844
84 822
104 961
50 993
38 142
103 936
89 993
27 746
37 538
7 890
122 125
60 766
74 547
109 569
104 873
119 762
33 759
92 483
79 866
77 66
94 154
45 507
2 237
41 331
122 914
7 543
16 407
104 803
53 708
34 724
55 398
68 87
1 157
21 847
100 949
18 411
87 953
42 789
6 779
7 428
108 278
94 987
107 133
114 656
67 488
3 198
44 438
34 475
13 686
89 466
106 85
94 747
44 379
116 14
54 949
79 196
13 965
122 838
84 117
86 323
83 128
120 119
3 826
102 654
50 610
112 445
69 551
54 122
112 896
102 239
61 395
20 571
101 831
120 224
126 81
15 334
105 827
72 943
5 640
109 657
33 346
54 311
73 821
1 224
35 545
114 663
10 307
90 649
78 844
121 690
54 881
77 960
125 633
105 854
46 642
2 299
63 109
73 169
51 973
62 926
19 340
13 478
44 279
26 31
51 877
89 659
54 371
89 978
10 259
31 437
28 248
78 404
36 747
53 105
52 578
93 123
68 259
23 772
43 526
59 107
38 456
57 483
32 697
30 946
103 343
45 35
75 576
85 860
120 717
124 729
51 233
99 503
63 278
40 738
109 120
124 167
76 16
27 163
99 690
17 218
28 495
116 648
29 524
61 580
30 537
65 80
35 788
32 315
51 659
118 871
71 77
63 595
35 914
120 737
103 510
58 161
28 18
50 29
2 147
24 307
120 521
76 510
99 441
61 725
94 76
62 667
34 534
2 941
60 624
37 215
106 814
98 791
113 609
20 321
98 549
91 329
76 533
52 740
27 715
2 31
102 72
85 910
57 866
48 823
71 280
107 324
57 936
51 877
35 810
107 564
117 675
17 23
44 451
91 793
100 503
43 697
87 951
91 505
3 721
120 880
70 988
60 577
97 478
88 738
89 263
14 246
94 12
103 643
7 781
44 789
68 695
86 601
93 98
10 715
79 939
78 384
32 956
57 316
84 88
77 366
71 151
2 967
57 8
117 983
106 290
100 128
26 673
24 929
78 776
114 468
6 241
81 904
88 814
38 959
89 380
27 169
7 67
82 136
23 63
73 442
32 162
85 963
39 280
32 280
30 97
19 492
103 138
57 527
67 76
110 234
35 140
2 980
64 865
102 920
46 354
16 333
56 381
24 812
55 777
73 806
125 141
51 236
28 846
71 741
61 917
46 227
119 31
85 518
59 867
60 815
77 232
60 870
52 20
23 77
54 246
114 811
106 605
43 611
10 238
9 602
119 898
46 748
39 29
97 647
44 521
121 998
24 953
26 967
86 774
103 206
76 541
4 768
17 271
109 153
36 728
33 102
93 465
98 804
49 175
121 807
31 737
43 195
127 69
90 671
83 571
44 365
37 577
37 932
21 349
19 462
68 846
15 842
99 972
59 651
3 395
102 919
47 525
20 160
99 173
61 271
121 636
58 868
96 255
59 135
63 479
48 379
112 480
101 349
21 410
106 809
55 51
46 566
53 668
48 789
73 279
39 5
78 200
112 466
61 841
116 594
108 307
112 879
51 372
103 463
46 924
1 447
84 839
28 908
24 222
56 248
33 53
38 819
24 919
33 71
39 869
89 867
98 955
110 610
59 268
39 433
65 64
10 172
59 93
25 377
119 619
115 251
118 487
72 544
41 57
23 932
88 950
56 852
103 726
21 908
44 255
58 258
22 368
63 440
31 631
68 326
48 940
2 845
46 627
33 509
47 342
86 72
18 73
75 397
123 268
66 726
63 125
34 994
72 547
47 611
116 604
84 809
126 256
69 198
25 899
50 696
2 151
38 595
14 328
14 356
125 86
101 686
56 390
101 529
112 642
85 406
103 468
60 780
46 943
108 175
3 710
24 851
52 707
127 229
21 554
55 123
78 739
110 415
6 731
67 336
74 235
59 120
63 632
49 559
33 273
81 374
119 613
127 637
32 482
71 255
44 271
8 969
3 275
47 214
83 763
35 525
17 152
89 801
125 478
31 384
121 119
84 701
120 662
40 335
22 253
103 143
119 431
79 214
74 326
78 413
16 222
82 42
81 368
30 746
61 680
11 49
89 352
16 644
48 115
33 128
20 202
7 664
28 659
97 74
82 189
8 682
108 189
57 343
95 3
71 417
53 670
83 601
48 484
20 809
25 155
1 407
3 539
101 863
39 226
34 366
25 686
77 936
65 222
80 986
20 402
65 976
79 182
58 929
70 251
75 470
93 726
49 399
31 320
120 725
29 436
79 929
86 219
28 12
110 939
112 317
14 708
71 678
85 602
81 967
49 926
19 530
68 933
106 381
105 143
56 267
72 489
93 907
5 924
20 816
28 187
28 719
77 257
127 132
63 145
84 117
26 100
32 13
103 495
54 91
54 874
61 728
121 962
68 453
70 23
9 66
8 799
125 480
23 673
45 41
25 835
102 50
103 229
119 528
126 492
3 592
11 944
100 253
60 166
82 589
70 702
1 845
53 62
84 57
9 805
21 132
26 809
110 150
38 370
62 689
7 628
115 828
63 417
93 216
83 469
114 317
127 920
59 518
10 63
100 96
109 92
123 752
91 857
54 626
22 265
61 586
88 552
88 415
73 597
60 211
51 743
103 629
74 165
53 678
28 45
25 351
41 958
34 2
46 973
100 93
4 460
94 179
117 694
17 986
22 397
117 285
21 445
30 635
80 166
113 46
65 717
69 86
125 579
23 444
58 149
92 703
46 202
17 658
106 201
18 716
116 448
87 214
121 46
89 449
38 522
60 685
19 209
61 83
39 76
77 549
60 295
35 592
26 12
117 705
83 102
83 405
31 958
93 527
124 434
15 654
48 657
45 908
111 832
67 344
87 440
55 429
25 149
47 665
96 592
121 239
127 766
27 365
112 256
115 391
67 561
94 122
66 619
22 337
74 962
81 740
25 391
55 420
1 678
103 409
116 240
17 492
119 194
43 45
126 685
57 182
75 892
6 389
14 272
90 934
118 791
8 335
108 153
11 371
101 10
3 888
32 683
56 512
113 249
126 180
52 740
88 564
38 850
11 472
54 425
22 34
78 928
72 810
94 959
91 33
47 290
82 926
112 466
18 708
51 196
31 74
31 56
107 154
108 315
91 386
87 805
59 622
19 892
79 140
25 472
92 678
53 580
16 580
84 436
85 279
30 761
50 367
94 30
71 350
64 679
49 451
68 141
9 928
109 579
85 61
27 12
38 34
6 955
7 433
94 464
69 593
21 666
110 492
65 952
116 730
91 871
86 444
54 831
35 594
39 606
36 469
42 83
13 70
81 468
121 525
79 289
96 819
54 414
78 472
116 973
5 278
74 442
52 731
17 437
47 19
117 635
27 516
112 430
112 265
6 352
113 312
13 884
36 348
57 13
75 539
7 901
108 472
28 832
105 114
87 382
110 988
37 244
120 51
19 3
95 179
42 680
47 19
21 659
97 500
88 232
74 445
62 289
63 442
42 337
90 289
95 186
29 995
61 32
119 353
119 949
60 709
13 811
43 196
112 989
52 875
30 518
48 183
85 607
15 587
65 126
107 710
27 418
80 578
40 504
34 694
106 369
85 45
90 849
100 885
92 114
61 201
9 423
85 856
8 481
95 451
49 38
35 371
123 597
127 880
30 339
19 899
80 144
122 493
64 35
57 406
13 682
124 495
8 507
80 888
59 398
33 979
43 841
51 263
68 283
120 398
32 457
126 583
48 403
54 868
61 480
122 125
