4773 174
81 388
128 355
21 407
153 799
91 338
32 695
1 906
85 284
50 442
46 498
35 666
11 385
55 643
2 184
152 564
1 877
147 248
119 654
102 694
18 155
96 240
48 185
56 300
46 768
137 966
20 158
82 956
26 955
173 617
150 339
42 938
66 967
92 716
18 20
9 132
141 362
19 781
71 902
61 478
29 320
51 353
82 886
120 902
74 663
58 621
38 377
113 760
123 468
25 327
16 517
126 49
14 324
107 570
171 110
99 983
100 835
154 188
105 705
118 414
54 175
65 210
125 755
16 84
102 757
103 57
38 690
96 245
22 177
58 293
133 9
59 399
163 369
127 613
13 71
18 206
36 954
171 437
23 200
70 64
169 137
24 786
50 897
120 705
83 986
23 241
168 552
57 911
70 179
80 70
164 512
6 54
78 817
22 584
5 696
126 387
156 968
8 578
126 420
146 636
146 782
99 411
76 66
143 613
135 536
2 670
36 437
51 76
47 394
114 914
164 604
102 845
163 634
72 290
23 123
74 822
153 973
26 532
30 551
160 667
121 696
74 390
132 645
32 434
90 447
46 707
162 755
48 87
160 928
115 313
54 284
23 488
158 816
78 901
160 39
83 273
17 963
51 404
81 680
118 751
87 559
65 91
91 685
133 648
128 817
41 847
7 465
69 528
163 101
45 805
66 715
110 197
35 610
54 810
121 55
161 851
18 875
107 939
26 738
89 760
119 13
153 669
16 537
147 224
56 790
48 5
157 194
13 697
121 419
134 359
135 504
107 727
90 401
38 906
43 546
51 199
39 21
17 241
26 476
40 295
1 211
148 251
70 212
139 660
110 120
20 804
140 269
128 634
128 971
63 112
63 414
117 478
13 567
163 477
17 395
74 174
27 970
75 753
34 361
81 422
81 569
80 327
98 638
21 788
25 256
103 645
63 621
27 44
96 757
164 377
66 605
163 659
146 797
98 790
54 242
117 127
18 196
18 522
65 201
71 845
112 952
114 946
32 767
109 1
4 926
63 819
44 146
172 456
25 491
17 450
149 126
55 8
113 483
51 940
103 200
54 661
112 596
52 278
79 717
21 573
128 475
148 581
89 186
88 492
47 836
90 126
20 453
40 904
83 669
101 982
129 938
162 525
174 771
16 201
47 806
117 769
53 786
81 870
93 614
133 824
140 897
109 617
153 735
71 367
78 186
129 78
4 47
146 748
128 53
95 220
3 34
64 300
43 157
73 686
67 381
53 954
4 952
66 283
29 981
122 550
33 915
118 862
114 551
59 906
53 242
145 973
93 521
34 582
104 307
67 910
126 735
135 836
67 371
155 348
148 846
47 267
97 383
78 605
40 347
113 336
23 579
20 710
49 323
100 319
170 797
128 420
60 524
129 133
32 505
59 732
136 170
151 8
58 38
77 363
71 10
49 189
22 39
117 486
142 897
64 760
160 778
47 314
31 469
107 174
100 475
170 140
82 649
75 749
140 504
129 569
93 460
159 761
85 534
157 382
52 2
14 719
137 217
97 888
78 944
119 53
170 848
67 651
129 948
51 872
46 638
143 518
106 338
169 852
99 544
86 869
132 654
54 278
57 685
37 196
20 159
55 28
2 776
104 362
1 810
133 875
173 710
76 266
10 618
125 622
144 870
138 195
55 886
156 965
37 387
145 224
15 818
19 58
40 491
101 183
87 299
88 893
63 226
9 941
134 174
141 456
86 967
74 32
129 297
20 10
81 53
142 451
121 143
14 304
115 97
127 508
75 991
73 590
58 194
136 264
73 325
29 729
2 723
57 476
150 631
27 167
139 290
52 549
37 376
89 925
143 75
55 888
33 55
44 830
73 76
133 170
45 120
156 850
17 706
131 272
95 24
153 723
114 578
7 279
20 876
118 8
157 640
124 731
116 706
75 894
101 10
163 323
85 317
48 529
9 685
70 235
28 772
57 759
31 709
66 887
80 564
41 236
37 544
86 462
17 584
144 445
102 643
38 891
146 470
35 216
152 427
47 237
101 196
24 457
149 316
54 127
145 926
15 238
72 500
33 632
152 737
25 43
46 719
75 467
70 267
58 142
59 100
168 702
122 71
130 931
8 622
93 463
26 60
116 432
127 282
143 961
41 486
100 705
78 519
35 754
35 538
156 315
61 296
20 815
39 229
85 932
28 603
93 821
44 933
145 112
141 52
15 57
18 286
75 637
160 242
132 480
141 541
169 80
52 56
154 367
150 791
55 940
19 803
95 915
37 721
79 649
39 946
162 361
41 241
95 449
60 216
104 141
143 83
24 891
10 586
168 222
152 964
147 708
174 679
156 784
143 273
132 136
110 914
106 575
130 183
65 973
66 945
165 146
126 140
127 542
80 129
136 829
138 412
30 75
66 230
164 556
151 92
144 391
134 262
168 157
136 513
13 479
10 310
172 790
60 968
110 625
99 730
20 298
44 479
48 73
65 872
102 415
22 922
112 125
92 965
149 355
125 854
19 369
24 925
60 505
82 24
15 50
61 615
94 495
70 613
32 446
130 285
144 562
114 491
33 866
157 223
80 463
149 758
86 850
145 8
174 411
91 467
64 891
27 166
38 467
49 119
123 43
143 550
162 188
69 248
55 414
103 213
98 571
167 729
71 930
148 999
126 989
73 529
167 483
57 201
132 359
133 308
41 679
94 722
19 365
6 887
84 18
86 373
40 750
34 176
68 25
169 856
88 942
96 331
17 626
17 40
137 833
173 276
108 426
161 817
150 366
172 379
21 637
61 841
152 56
160 586
44 632
14 605
119 94
26 231
164 17
108 625
120 595
24 808
146 4
142 644
145 822
55 865
142 927
170 256
47 970
114 199
163 702
54 853
75 773
92 783
146 231
19 286
103 173
94 551
46 718
61 345
70 989
139 986
59 712
167 163
21 835
108 879
15 907
8 632
89 420
133 954
82 468
162 590
172 717
91 433
171 494
5 242
79 707
57 263
114 625
4 561
17 243
144 403
135 984
62 151
90 82
107 305
53 80
9 810
132 605
70 558
93 183
142 470
146 176
32 487
169 233
5 154
31 242
113 490
16 627
170 281
138 215
121 435
147 715
141 128
2 796
153 246
29 542
8 774
41 397
130 675
84 736
108 454
23 89
34 244
114 334
169 334
53 371
118 408
9 150
73 554
120 186
30 722
8 444
30 256
105 161
165 617
174 630
128 477
133 559
57 633
41 985
49 158
147 847
28 432
1 200
73 999
174 615
117 113
150 610
75 766
156 860
36 35
12 972
19 896
99 676
110 402
106 498
3 321
103 394
79 411
101 641
127 240
147 92
154 700
155 271
165 639
90 343
26 816
4 377
118 6
1 880
143 742
86 491
94 664
124 228
45 362
172 466
91 483
56 88
111 481
156 772
87 700
32 937
121 720
14 933
22 895
68 979
16 597
55 779
26 426
79 717
143 276
31 754
35 458
67 795
27 154
97 847
73 236
79 186
31 236
59 72
167 380
164 606
31 623
121 954
103 488
112 190
146 345
7 57
77 828
144 509
174 902
36 162
39 886
81 410
159 75
61 299
125 227
153 968
61 149
171 288
34 688
107 798
134 313
134 583
167 570
142 855
9 261
99 444
31 581
114 897
164 357
19 933
56 926
66 506
170 862
148 646
90 444
81 221
92 221
110 965
80 666
118 848
65 64
16 542
153 870
121 312
56 866
94 478
23 189
116 874
54 2
12 203
101 51
92 499
153 956
127 681
17 174
82 112
24 149
97 366
93 971
53 630
135 867
142 334
5 14
21 122
108 441
45 719
171 821
163 817
55 726
44 781
56 909
148 640
40 518
49 230
96 51
98 203
90 815
101 102
112 803
64 881
35 828
6 963
11 11
89 726
34 940
66 857
46 383
53 246
64 835
102 357
12 998
84 440
162 246
42 653
71 747
156 151
17 450
50 269
66 412
148 330
40 980
63 811
11 165
15 84
31 42
135 59
55 268
30 148
89 632
156 347
13 382
31 533
52 523
159 319
74 512
168 61
134 8
47 469
31 438
171 505
51 661
150 57
18 198
145 999
61 262
149 9
94 652
37 914
127 231
5 905
125 255
27 152
161 840
81 414
109 826
100 582
164 915
43 358
2 3
159 785
103 926
155 973
154 262
100 910
35 71
139 601
166 25
46 322
131 962
120 462
24 169
8 817
35 932
124 514
147 547
91 538
46 338
49 377
88 155
73 969
58 426
16 977
125 439
148 11
29 112
98 934
70 756
81 676
16 633
63 437
134 390
127 763
32 194
89 20
108 787
105 572
37 648
80 80
121 144
122 235
6 881
158 436
89 298
148 463
23 728
52 728
56 821
119 875
35 220
161 551
60 767
58 581
22 713
121 430
67 765
8 251
86 149
98 659
72 235
54 504
68 475
160 906
111 615
16 874
152 986
105 504
126 438
59 718
123 510
30 379
54 932
160 250
125 292
54 248
128 783
35 185
85 370
79 107
3 340
19 81
132 235
77 945
20 688
170 279
30 798
32 680
45 583
91 112
49 519
124 996
115 31
5 985
54 283
30 291
106 692
148 246
81 999
167 313
152 653
15 78
9 929
65 252
139 781
103 709
65 133
82 144
5 274
127 24
168 440
160 763
77 880
119 571
67 279
132 465
33 469
2 589
160 711
43 527
49 118
61 522
68 558
54 595
111 64
116 998
107 544
33 809
129 911
128 264
173 82
113 639
63 65
141 99
36 545
99 458
163 99
50 118
108 498
59 21
74 801
150 876
38 11
47 288
66 529
159 259
86 168
88 685
93 1000
124 384
97 998
148 123
63 794
30 969
38 26
21 79
18 598
77 9
118 306
94 845
37 391
110 494
120 57
161 930
172 770
82 53
157 6
102 956
134 894
47 939
118 325
62 720
167 158
156 269
155 467
39 529
52 895
40 584
37 702
147 959
174 88
63 481
77 73
141 540
73 884
120 909
78 203
161 696
48 665
112 480
165 392
41 437
135 915
161 737
160 702
38 706
69 384
118 532
38 872
34 180
44 645
57 709
46 989
109 823
116 711
9 883
139 297
124 1000
171 954
21 82
174 841
45 701
125 276
53 222
116 242
108 507
9 826
78 822
54 473
68 317
31 873
37 21
160 300
25 491
115 221
79 145
7 39
39 719
127 476
148 480
105 471
87 641
3 434
121 757
98 497
129 19
98 741
63 294
92 843
121 348
82 994
60 32
161 785
18 529
152 382
163 168
22 47
145 230
54 93
42 508
109 413
34 104
127 366
54 151
121 757
122 517
70 187
22 855
121 677
134 961
105 908
118 217
30 739
25 274
9 772
105 353
15 739
1 77
140 465
22 598
43 802
100 333
67 143
57 524
94 117
164 497
4 605
75 464
167 986
84 14
65 86
143 191
165 349
76 936
124 159
81 269
103 595
87 53
71 151
116 153
106 161
89 721
161 657
1 662
44 644
94 481
34 19
114 859
11 210
3 283
162 985
48 851
48 758
10 219
153 490
52 349
49 783
37 183
81 496
4 52
17 570
134 851
144 203
21 655
73 986
98 341
126 862
88 849
141 173
70 401
134 223
135 968
154 313
146 781
58 563
80 401
60 418
158 253
166 735
125 809
53 653
106 550
78 831
173 197
164 640
145 774
130 945
72 539
52 374
15 497
23 305
134 710
42 934
136 277
85 829
64 595
103 140
139 223
31 410
21 633
155 757
116 906
154 149
83 332
33 23
54 406
112 850
143 289
74 77
135 5
91 527
74 509
119 398
63 366
16 953
13 733
43 278
86 230
100 149
42 541
157 754
69 169
117 943
43 388
135 96
72 180
32 725
116 733
170 987
87 805
133 899
119 911
26 474
61 825
168 432
118 597
85 441
132 52
150 63
159 14
61 709
91 523
83 253
40 733
140 692
154 756
158 17
62 473
19 417
103 163
98 510
32 5
158 283
41 766
161 898
34 463
34 158
22 281
149 521
150 652
4 975
44 977
119 833
89 994
173 404
125 884
164 167
86 908
50 72
170 359
116 120
54 264
168 642
2 662
116 480
156 51
92 118
42 638
54 477
78 962
108 649
55 813
58 452
36 962
79 633
126 295
150 425
113 728
150 586
36 698
48 978
102 464
18 768
132 482
101 764
93 1
66 290
79 421
117 756
47 967
146 317
68 375
3 318
29 687
97 628
26 541
102 8
118 397
10 462
56 157
36 55
127 552
12 471
11 332
81 871
18 283
16 572
116 286
44 478
81 669
71 386
36 176
164 705
111 385
46 287
97 320
136 892
115 350
154 302
155 858
14 109
64 839
159 118
62 900
94 497
20 386
96 251
15 530
51 109
27 381
62 826
130 42
164 765
138 979
171 265
163 488
117 791
128 930
129 556
57 697
33 760
22 591
35 496
82 203
108 980
3 223
29 442
22 27
22 33
33 175
110 423
18 124
85 572
93 844
63 892
165 374
35 241
92 651
11 167
35 100
157 855
128 217
33 36
67 483
45 24
89 979
108 328
38 657
120 676
110 974
146 481
83 738
109 270
78 711
14 90
170 971
122 28
140 282
133 546
95 330
117 731
33 214
6 733
110 132
41 79
105 311
16 232
122 701
59 247
68 649
89 136
162 842
121 757
99 379
125 347
90 49
162 729
107 616
161 100
94 566
162 54
157 519
125 506
86 343
79 514
12 59
54 506
144 88
64 210
158 914
155 791
83 367
169 818
25 514
80 599
100 984
137 376
58 606
60 416
97 89
111 33
78 164
171 278
28 334
35 105
67 9
149 606
173 820
117 534
56 202
137 278
90 513
156 93
48 452
78 609
136 882
135 427
144 276
87 406
114 243
36 796
160 335
5 953
16 273
118 614
43 922
56 951
96 802
123 646
96 962
73 54
98 138
147 688
147 644
107 873
21 543
144 482
59 285
45 839
18 821
118 537
80 89
92 884
120 977
114 313
159 263
79 605
47 865
140 848
81 315
172 480
52 978
12 355
154 297
118 504
144 32
80 287
35 24
27 796
77 192
14 80
127 907
13 880
55 960
130 884
95 329
105 721
161 92
66 32
151 509
168 37
73 386
137 400
137 326
22 583
11 430
75 658
32 111
94 382
169 62
164 27
1 774
71 614
48 606
126 48
43 856
124 308
171 84
31 493
21 490
114 334
81 748
161 656
95 442
56 567
119 219
121 365
81 467
3 862
78 135
27 467
34 915
70 839
87 532
34 373
77 671
119 624
45 976
113 968
153 532
31 20
39 119
101 659
111 598
125 394
148 487
32 297
43 972
160 805
129 116
105 192
155 394
147 333
77 12
44 836
88 189
172 572
67 659
158 4
41 1
60 720
110 79
131 194
111 589
138 135
41 372
97 422
118 157
55 365
79 23
106 819
153 661
148 367
93 526
82 936
9 452
4 866
148 165
142 975
120 13
28 860
105 898
116 864
11 583
47 520
171 265
80 238
4 133
49 445
11 648
106 799
132 525
59 823
137 435
30 183
14 341
12 300
59 256
86 677
34 784
58 799
55 267
149 716
133 284
139 327
108 706
127 561
2 30
126 536
132 240
163 795
104 795
85 911
173 765
68 205
69 456
77 65
60 924
23 28
89 554
89 196
115 866
79 871
141 502
132 163
36 117
38 177
84 17
169 541
76 505
93 480
139 200
135 622
164 764
172 545
111 304
116 52
14 498
89 496
170 789
89 850
86 257
74 483
16 998
171 367
114 293
19 207
99 655
29 455
68 923
124 896
129 556
88 495
57 249
110 924
50 116
52 716
41 116
27 344
34 619
67 844
121 367
45 992
107 181
102 539
73 234
160 147
157 904
91 782
167 176
84 988
141 402
17 690
44 278
147 296
140 942
173 604
94 58
55 94
173 338
87 298
157 984
57 753
173 908
20 951
66 693
155 166
18 583
18 362
1 591
157 572
122 881
95 175
162 195
113 430
74 823
72 596
144 829
75 90
163 150
16 380
81 322
20 108
72 371
16 230
84 896
170 243
153 883
61 126
39 171
32 802
174 987
163 281
4 617
85 806
25 664
105 109
155 678
151 950
27 327
90 133
42 552
60 365
85 669
107 432
50 147
67 520
22 534
155 754
22 421
89 742
38 865
159 632
90 394
58 290
133 482
164 360
168 663
143 154
97 557
72 853
51 98
128 362
125 377
36 774
71 191
95 49
56 329
97 367
120 644
57 186
32 660
6 269
154 766
58 106
142 221
26 678
124 872
89 320
139 698
167 149
37 802
76 703
141 41
6 921
40 710
100 149
1 21
44 902
110 539
146 558
152 124
30 329
121 150
37 64
28 555
131 928
49 923
77 624
42 935
80 702
31 95
71 307
61 373
142 794
145 888
157 973
159 378
8 72
114 587
9 868
171 83
50 414
142 451
151 125
120 653
49 975
139 896
131 436
14 429
168 114
174 748
23 480
136 808
68 379
157 111
71 475
41 947
52 303
94 563
2 365
31 171
144 683
168 159
16 385
113 396
35 724
73 912
35 85
21 749
16 40
93 946
127 278
2 890
94 955
47 522
46 856
147 359
152 698
137 454
73 465
66 995
125 746
83 331
1 150
140 993
4 321
30 796
139 587
140 487
80 210
133 105
47 486
173 387
51 92
114 564
131 788
15 832
114 443
164 989
59 706
41 100
174 837
136 358
55 212
38 85
12 573
169 22
130 776
158 678
141 762
79 146
136 339
100 349
133 96
140 702
3 113
50 311
21 908
148 79
47 360
119 401
22 779
154 211
150 989
116 680
93 331
42 670
174 557
11 593
159 359
70 462
1 460
157 529
89 526
77 552
140 120
173 741
126 76
140 519
135 605
7 498
158 927
151 770
97 578
116 644
100 954
61 550
107 810
163 338
143 956
129 495
48 402
64 776
136 449
42 43
122 905
28 770
40 646
34 406
64 26
74 119
59 352
15 645
34 643
56 866
167 637
65 470
103 328
105 450
171 633
131 405
87 999
16 914
129 465
86 152
72 189
47 641
66 170
32 3
89 455
157 650
45 9
127 652
108 97
131 723
106 700
85 439
18 817
31 778
124 270
24 754
4 60
142 522
15 678
155 665
174 574
145 841
27 25
33 713
116 630
14 180
121 834
68 576
13 214
130 248
72 911
132 338
86 574
157 274
93 22
137 245
79 545
42 15
31 923
124 366
13 229
128 556
144 939
9 304
96 455
89 550
25 276
40 83
12 91
138 626
119 137
58 993
75 439
106 972
147 905
55 297
123 664
122 307
156 760
78 536
37 386
88 275
169 795
5 258
165 652
79 672
39 288
20 940
109 208
118 921
6 138
173 980
35 222
137 321
109 576
35 959
23 913
110 567
115 78
113 89
125 159
152 494
153 777
170 815
119 605
62 269
88 783
34 271
148 103
51 335
154 859
44 973
104 251
44 482
152 860
31 231
151 214
121 708
35 62
129 617
119 117
146 776
102 614
148 48
94 196
160 348
164 98
89 754
98 105
22 237
86 774
86 268
17 817
3 256
19 838
19 698
164 888
58 178
162 985
71 745
89 844
141 936
53 12
124 631
118 778
36 79
115 602
108 856
161 158
26 908
19 634
150 818
92 62
4 180
148 832
108 889
142 943
41 388
47 169
32 163
145 621
88 840
98 218
115 860
117 711
36 167
38 904
5 113
130 928
32 821
164 505
98 952
94 669
114 102
133 81
161 518
159 389
150 145
100 725
12 935
9 531
96 297
74 266
31 240
103 716
165 445
150 662
169 919
113 47
16 536
55 100
106 352
125 607
58 169
101 683
88 665
65 266
85 811
127 111
28 574
71 492
147 516
54 702
31 725
105 780
64 953
51 907
9 674
125 637
55 344
79 461
9 58
60 700
77 548
136 648
142 939
158 584
11 427
73 585
115 682
37 820
80 962
91 973
18 154
117 646
55 758
149 986
55 587
174 266
5 556
96 11
60 752
89 158
138 329
83 719
170 406
138 215
93 690
155 858
73 51
39 90
14 211
48 586
63 699
150 307
58 699
25 362
85 323
101 992
166 566
27 529
166 473
86 38
20 953
21 139
36 970
137 265
35 624
158 29
71 154
157 551
16 282
153 572
9 446
34 677
101 394
169 294
150 924
30 584
35 911
134 103
47 416
159 908
51 4
151 500
167 952
67 975
19 295
65 666
26 928
172 349
48 598
47 990
150 814
110 157
52 164
30 526
5 846
168 690
78 983
132 581
131 486
42 690
153 429
112 938
117 690
162 985
7 449
93 626
126 767
128 821
145 73
122 768
148 219
160 835
124 922
124 499
111 787
134 231
125 225
16 950
63 867
167 104
65 651
7 784
54 640
107 305
94 213
31 597
165 56
81 71
132 700
47 747
123 495
142 745
108 580
88 237
60 891
57 762
61 380
155 82
124 64
84 424
143 496
135 662
55 595
78 767
17 477
109 70
158 346
49 293
24 39
12 400
134 402
54 215
172 685
150 375
164 655
145 42
136 346
116 18
160 302
138 314
61 637
7 429
59 413
30 413
118 489
116 869
78 472
75 248
77 845
116 560
37 493
84 543
80 132
77 314
164 208
133 584
17 972
98 783
38 39
83 536
104 795
16 78
45 422
172 859
1 620
122 620
135 979
64 232
106 965
45 228
41 474
74 905
125 931
8 493
45 88
138 646
94 3
134 762
49 819
124 586
120 618
146 395
8 751
154 467
22 341
138 186
144 202
50 862
41 801
13 269
65 184
20 304
20 907
44 402
66 511
166 29
119 16
82 77
43 243
80 891
52 773
104 595
98 738
29 182
62 822
28 929
16 720
139 284
64 402
43 900
93 955
57 666
155 805
159 114
29 423
72 333
37 219
50 783
21 521
97 817
109 923
54 880
107 279
92 748
82 248
147 146
113 277
88 739
66 505
48 867
58 865
5 490
64 353
48 399
32 655
166 16
80 582
93 650
25 213
111 103
43 654
130 147
160 863
162 935
110 220
108 959
83 195
92 667
153 918
30 73
128 621
63 665
139 633
73 216
158 866
7 262
5 427
27 400
122 592
136 822
128 759
103 94
168 76
14 207
158 699
68 599
39 226
71 686
65 44
65 137
82 487
89 232
79 895
1 792
8 249
164 929
87 345
33 632
79 924
120 903
100 782
106 921
121 862
42 622
135 981
26 789
156 339
42 533
145 66
84 402
17 1
44 215
119 106
90 974
58 924
45 753
172 657
146 69
126 873
155 818
152 62
42 868
19 814
39 117
11 21
118 705
137 16
11 256
106 546
45 7
105 922
122 743
86 316
169 957
79 892
98 640
39 622
171 87
3 625
111 648
19 694
6 58
103 406
18 716
164 738
139 491
90 656
11 128
54 725
65 952
117 158
169 370
49 981
160 285
112 994
168 903
81 207
37 895
7 459
151 172
114 665
86 899
12 334
97 581
93 166
47 470
92 295
159 168
71 124
38 102
101 35
155 849
99 248
91 478
55 24
114 14
149 119
41 613
89 2
102 220
28 438
4 88
127 463
39 224
5 481
13 970
54 315
167 918
62 623
149 474
14 860
106 556
20 60
11 651
113 950
46 919
139 789
10 260
165 127
104 68
20 230
155 778
47 227
138 967
140 494
49 16
71 607
127 630
67 113
106 525
83 353
96 669
114 443
137 716
160 613
74 770
26 387
35 36
146 649
134 210
151 668
29 434
128 674
58 10
22 36
32 433
24 43
25 335
174 281
134 488
28 868
33 541
135 158
48 418
19 975
104 929
110 713
58 726
23 827
38 922
62 40
113 769
140 661
151 883
159 310
118 886
120 465
151 802
94 905
150 324
112 772
174 820
84 654
29 135
11 876
159 725
75 282
6 724
150 694
34 683
82 610
9 672
92 925
109 579
128 107
161 824
114 793
62 633
91 666
39 746
121 700
113 267
160 996
156 498
20 614
127 86
24 973
37 885
32 289
98 583
3 196
104 256
50 788
12 82
172 653
72 913
107 972
33 997
148 708
137 643
20 677
19 764
53 144
94 157
8 884
110 614
119 485
46 579
102 263
120 454
46 703
134 970
89 843
120 42
29 765
60 368
79 707
22 46
167 850
107 689
140 927
120 416
101 532
143 65
154 945
44 741
5 417
45 808
90 817
96 786
9 788
164 344
64 305
8 723
133 899
35 439
162 640
64 998
110 139
69 499
133 571
79 888
79 241
4 888
61 542
143 117
40 19
53 419
30 846
68 907
116 628
27 593
165 33
2 391
86 330
129 920
67 427
147 549
100 257
124 916
66 122
102 99
137 464
173 353
53 339
81 902
42 851
89 879
85 41
24 179
120 631
8 856
19 179
19 94
153 913
107 690
155 798
158 829
155 581
96 363
43 550
145 229
15 706
41 831
153 385
82 90
50 788
4 491
138 435
160 258
25 815
75 917
81 1
153 570
65 642
103 112
164 585
68 391
10 8
52 171
25 111
82 253
166 504
129 122
22 777
146 602
12 717
171 722
159 547
93 67
55 797
95 344
143 587
111 620
60 646
50 738
61 149
33 339
157 299
56 228
27 639
5 613
3 50
124 115
43 557
19 590
123 616
26 844
41 868
97 428
147 394
102 868
19 690
85 28
30 589
160 89
168 307
65 91
108 326
102 518
11 437
15 869
52 58
75 194
34 469
116 48
65 574
105 634
53 270
170 136
111 15
111 969
162 816
125 804
15 346
60 542
124 589
146 223
122 556
59 476
76 300
113 951
137 834
109 570
153 146
119 848
108 472
29 533
125 227
74 64
36 253
136 528
27 508
105 676
34 52
144 218
150 795
64 41
130 268
18 934
40 573
151 995
113 168
101 387
27 790
46 688
3 559
86 950
118 99
44 253
117 780
128 842
83 874
79 222
60 238
143 942
46 767
24 849
174 208
4 493
49 920
98 443
32 472
3 743
91 785
165 481
57 475
89 374
163 639
83 239
159 335
96 696
138 920
75 347
39 511
74 299
89 233
157 49
42 921
34 275
7 62
38 912
112 322
154 149
111 764
79 707
112 303
172 686
156 17
116 631
15 157
81 699
127 17
61 667
141 825
42 370
107 946
33 322
66 983
172 463
141 240
9 978
114 878
174 343
66 105
75 31
38 322
76 695
127 857
136 279
50 32
42 237
37 781
24 607
16 188
13 36
83 499
19 132
5 861
109 179
170 352
140 218
120 502
147 294
13 968
65 631
109 806
69 907
69 624
5 648
13 400
122 301
15 278
102 434
79 419
172 219
112 558
113 81
46 490
153 993
71 190
10 99
62 443
70 836
80 938
105 492
152 220
24 129
35 528
127 282
71 488
92 933
152 980
32 618
103 37
103 358
124 547
167 937
10 744
17 232
103 683
169 339
101 494
125 456
145 249
70 695
20 324
142 779
127 392
100 575
47 399
93 375
133 752
30 299
36 900
133 800
121 188
63 158
28 304
15 51
14 353
93 118
2 784
76 725
99 453
73 640
118 929
63 683
56 612
121 600
143 992
98 899
129 99
107 468
78 81
22 728
102 816
51 873
49 995
30 201
21 416
145 275
91 202
44 866
1 759
174 328
25 802
160 793
156 458
170 573
127 666
21 841
141 743
95 278
150 589
113 9
170 250
161 962
123 226
77 661
57 209
46 20
80 412
102 410
167 448
152 177
128 769
105 453
102 165
68 991
1 519
147 612
16 516
92 748
68 521
52 571
6 483
25 530
108 629
113 711
86 110
168 649
32 512
92 453
122 898
147 876
49 183
127 474
163 877
60 609
154 15
43 844
89 500
116 476
62 37
125 583
129 907
163 187
25 782
25 896
125 727
149 723
15 959
80 428
111 814
10 41
168 333
49 936
25 772
124 937
53 229
171 442
173 31
17 745
3 756
95 205
164 555
167 974
131 846
12 464
131 333
149 357
141 730
57 696
6 771
155 386
143 100
169 784
65 898
126 67
42 616
96 503
49 62
123 44
55 853
53 112
18 108
121 636
87 606
123 138
152 994
121 366
171 626
109 346
151 316
91 719
125 796
84 83
160 640
130 750
22 146
152 116
126 986
48 902
137 26
47 761
126 160
42 229
166 271
84 967
154 910
137 199
69 55
17 107
21 210
150 50
61 495
49 778
126 480
4 275
151 85
172 162
45 741
165 991
168 996
159 775
14 367
162 738
91 474
90 926
126 602
47 522
19 364
22 516
123 188
54 172
165 471
89 486
169 889
79 212
161 775
64 458
169 879
36 120
33 211
124 708
61 218
8 485
9 231
163 633
105 552
37 432
60 944
168 110
4 925
129 509
137 258
113 737
84 855
62 642
21 84
71 197
61 250
20 988
40 714
46 89
12 931
85 743
9 208
37 785
83 720
159 745
79 941
100 899
108 141
169 423
170 236
52 58
64 800
143 205
11 804
29 21
44 821
91 857
112 208
139 576
62 42
79 376
56 830
89 960
147 523
27 879
72 452
154 714
174 462
105 770
100 629
119 668
58 263
81 127
15 479
131 201
139 355
86 315
150 343
144 136
3 856
64 138
6 426
129 253
70 499
73 994
7 381
145 950
151 872
43 448
70 813
29 782
72 148
70 128
142 447
4 212
123 765
69 985
133 112
147 940
155 751
80 606
85 965
141 627
162 416
154 724
97 851
149 758
147 700
64 929
22 422
117 707
104 761
151 922
107 973
48 885
11 235
78 788
81 324
129 331
165 959
119 732
114 71
58 553
148 387
34 38
126 733
57 373
94 100
96 503
88 594
53 386
171 981
69 846
9 634
52 679
162 246
151 462
166 371
169 640
74 378
29 29
132 219
153 418
15 390
70 928
2 429
113 290
139 31
74 323
145 455
48 486
130 460
116 332
113 543
38 122
22 439
158 616
170 264
44 187
76 767
104 243
46 816
6 974
93 305
92 827
84 212
36 176
53 729
88 45
99 89
43 903
50 92
168 406
2 220
128 151
140 24
42 714
23 674
113 949
16 217
107 167
113 464
41 742
168 605
79 306
35 595
57 551
172 208
150 167
139 8
122 310
153 216
168 676
140 675
91 639
55 721
19 854
126 243
41 375
117 553
108 9
90 92
129 139
87 932
73 475
31 979
96 624
91 175
84 577
33 508
18 644
71 24
141 368
147 686
160 307
90 427
120 956
128 900
109 626
135 702
5 339
1 125
160 334
27 374
124 618
70 92
6 916
144 358
152 117
17 911
65 506
9 814
171 2
13 636
47 844
95 320
23 214
15 262
9 175
40 323
28 622
106 883
27 328
80 740
56 958
139 992
172 220
164 671
118 100
174 914
126 985
42 953
174 508
95 550
46 19
138 936
5 981
69 441
120 591
117 361
120 298
129 504
139 338
127 215
95 840
146 280
171 962
38 226
136 62
10 574
11 370
91 708
70 951
6 687
74 649
154 157
30 201
115 448
116 611
21 447
152 240
131 278
74 85
63 153
7 675
167 997
148 429
166 760
151 637
14 820
159 838
160 672
38 267
136 239
153 423
82 222
147 204
146 538
75 988
80 48
36 835
149 300
47 155
6 915
90 245
3 112
140 215
129 362
15 41
83 140
150 303
37 261
28 978
139 494
151 215
160 662
71 534
164 881
70 68
69 653
2 305
99 115
96 243
170 644
16 50
74 194
70 234
134 82
59 852
36 89
3 220
127 492
128 44
26 430
121 576
73 382
96 833
87 54
69 338
133 405
33 134
89 822
89 560
101 135
61 193
166 291
95 125
127 600
131 678
57 898
171 312
173 926
114 323
25 8
87 661
140 581
12 717
149 538
56 729
146 435
142 57
58 829
107 17
133 964
54 851
130 109
36 19
174 926
58 193
115 977
174 850
56 141
144 640
122 117
38 629
11 79
96 804
38 133
36 480
111 831
135 867
100 904
6 753
108 101
141 754
29 369
91 907
40 668
8 374
35 407
51 805
132 129
2 331
40 773
99 75
120 338
153 239
99 650
112 666
35 3
5 350
15 129
93 800
151 922
114 935
5 496
17 640
84 59
95 285
11 308
30 569
33 316
158 117
102 691
25 15
38 513
125 46
95 1000
164 847
156 791
36 27
68 953
21 742
43 52
127 274
60 363
89 610
39 44
137 655
96 595
19 375
110 333
14 33
68 782
55 466
34 780
107 379
110 169
26 616
82 20
67 202
144 977
66 862
93 29
113 101
93 715
48 298
93 353
92 39
34 163
149 976
144 87
132 709
80 496
144 133
58 548
125 902
154 102
137 478
42 284
104 597
91 713
165 472
157 4
19 472
48 776
100 737
144 210
120 860
143 862
55 597
69 435
161 77
119 498
14 849
71 539
96 761
32 799
55 826
47 175
66 36
25 236
74 213
163 21
130 501
117 20
96 408
19 585
13 375
6 381
127 127
124 353
3 1000
57 693
84 655
170 473
64 764
5 135
65 53
25 190
35 273
4 817
127 782
128 694
27 84
147 288
79 640
109 190
160 26
19 625
171 63
18 698
119 191
138 1
8 656
104 103
82 281
7 37
66 288
69 963
107 133
97 354
149 669
95 690
94 447
102 381
12 738
11 618
83 918
17 11
88 62
25 895
35 388
15 449
57 989
45 415
16 601
42 803
91 524
130 262
43 256
1 904
105 945
130 145
5 503
40 572
13 120
9 270
59 59
102 635
90 781
160 786
8 648
118 276
107 407
1 129
12 516
38 538
114 771
92 40
174 532
35 620
86 812
52 741
20 956
24 853
157 241
161 788
113 635
80 660
38 606
161 507
160 227
107 948
77 232
135 70
4 468
46 899
168 156
157 995
12 993
136 670
123 784
97 614
54 48
119 779
65 599
22 180
163 582
74 773
52 192
27 971
91 599
121 178
157 343
56 144
120 177
33 175
68 658
86 110
144 273
45 49
24 44
36 269
111 844
141 813
16 532
121 32
54 902
122 720
165 878
41 988
119 365
21 927
43 751
10 215
43 229
2 470
9 996
76 533
161 789
52 324
125 475
54 91
45 512
156 237
150 456
70 703
161 187
54 917
171 607
13 998
16 613
95 115
53 56
77 844
161 401
20 187
127 629
114 350
155 125
81 713
173 964
163 234
22 853
39 36
168 451
72 172
14 31
41 975
93 942
149 506
103 272
11 488
117 298
120 120
107 661
78 981
153 517
16 916
75 842
91 289
166 346
54 770
12 381
40 538
21 280
166 472
59 75
126 294
78 531
82 930
64 480
152 376
76 664
76 85
87 123
84 358
152 508
15 951
109 222
45 781
129 413
61 285
111 481
139 154
154 375
170 363
109 927
59 754
3 127
153 406
2 6
128 226
77 362
62 916
136 467
48 415
130 205
118 425
19 898
122 941
11 502
53 131
17 729
15 843
122 81
153 22
70 229
48 845
35 835
76 311
159 2
139 832
119 137
118 852
44 39
42 520
112 104
68 530
115 871
83 372
69 214
13 253
160 47
165 935
90 671
133 194
43 85
7 264
46 312
70 799
44 390
46 562
132 678
87 536
53 727
1 956
168 70
82 395
159 460
145 625
158 62
75 924
156 660
81 143
35 962
15 113
82 145
169 860
7 247
80 710
169 923
159 755
93 506
168 968
101 77
86 642
136 896
59 222
77 293
55 862
57 175
80 658
123 640
163 740
106 19
52 459
32 682
141 521
132 809
82 445
10 873
113 922
29 774
127 454
112 346
111 348
173 344
18 458
157 425
34 620
89 754
148 551
169 644
143 127
28 323
132 569
31 512
102 289
26 575
61 334
75 122
94 593
15 139
88 578
136 518
90 603
78 557
126 411
10 202
151 916
71 873
48 237
135 634
64 992
47 35
11 453
5 941
25 582
139 835
164 641
30 70
90 185
94 507
114 373
49 10
130 824
46 481
75 871
96 864
156 310
36 491
21 707
15 307
131 65
34 621
108 287
142 857
55 967
104 700
89 599
57 687
154 499
73 533
120 601
147 233
36 147
84 462
127 513
100 901
143 412
95 650
141 492
173 479
21 404
25 424
42 496
148 934
104 374
134 812
52 562
142 925
44 232
47 748
86 486
114 530
56 175
122 259
3 281
120 905
155 832
31 176
27 705
99 720
115 128
3 671
35 570
49 748
6 19
74 197
32 194
7 994
147 272
55 607
141 669
111 446
38 523
92 635
68 361
113 118
129 617
168 165
45 602
11 951
56 622
34 234
160 141
107 957
40 793
161 951
134 248
92 350
95 645
162 969
48 768
134 455
130 905
25 270
144 600
7 333
174 632
69 281
118 960
79 756
22 849
125 513
172 675
170 674
121 95
74 578
118 222
22 339
15 793
57 834
111 198
149 126
96 746
37 124
44 698
154 70
103 544
85 791
167 564
65 161
99 424
125 79
160 659
116 283
26 943
128 817
127 420
71 626
63 435
87 691
160 219
172 59
53 719
99 744
62 901
58 619
25 873
165 855
128 16
161 430
41 982
91 300
26 784
74 810
66 243
82 172
82 619
94 899
17 612
16 972
62 341
57 848
28 80
28 306
149 100
61 836
174 59
142 194
57 132
49 389
31 826
148 353
156 547
88 943
156 569
53 780
119 661
142 896
18 671
21 176
56 543
102 397
169 712
143 787
28 327
30 419
146 640
115 977
23 545
54 358
160 118
44 655
91 635
83 124
4 989
69 826
59 106
51 234
66 995
106 215
5 425
41 924
52 174
61 204
9 128
114 144
49 521
15 901
41 425
6 995
140 162
32 175
116 163
103 753
20 583
145 151
121 483
116 937
130 795
93 171
159 5
142 270
94 564
3 614
151 14
157 29
18 279
95 303
170 484
52 956
33 225
8 898
109 716
127 80
162 303
82 596
5 193
46 742
8 694
87 363
80 643
147 283
86 979
80 218
60 764
82 659
140 675
18 568
122 492
96 772
148 34
21 721
68 869
11 2
75 383
25 307
119 782
122 603
54 6
35 937
102 836
16 900
102 91
115 34
101 443
91 850
91 957
12 642
119 40
21 681
32 912
101 814
19 313
21 679
80 56
91 907
124 571
128 249
105 876
136 710
65 769
17 940
24 575
49 189
137 675
40 236
13 871
12 380
15 403
167 439
119 250
111 184
118 625
125 185
117 235
15 478
125 551
25 680
97 904
107 60
125 596
53 409
106 558
67 518
98 669
166 857
137 450
58 64
30 502
58 972
43 801
50 442
129 988
151 584
168 457
170 22
76 957
113 154
118 821
146 378
121 925
44 319
2 194
61 316
32 50
48 555
13 271
141 560
30 112
38 628
22 392
95 619
112 309
14 902
60 482
103 2
116 245
156 424
139 826
89 971
50 678
156 717
93 84
84 682
122 860
10 218
60 111
159 164
14 501
45 102
106 535
109 750
99 484
62 340
105 408
17 709
39 369
51 602
173 33
169 23
71 863
69 252
136 477
56 911
131 323
30 624
120 683
29 212
135 611
140 187
148 206
133 714
76 291
128 450
75 140
77 431
106 809
92 441
148 851
84 582
47 441
65 494
56 790
95 726
106 321
138 974
157 827
86 843
11 733
119 838
99 103
172 754
2 890
152 314
73 71
126 769
142 486
100 536
54 976
147 283
25 989
124 548
77 887
20 703
58 781
80 172
18 953
53 409
67 83
71 693
83 35
26 422
90 138
1 812
34 458
174 131
155 226
150 349
136 363
85 574
42 309
86 398
106 371
18 419
88 362
131 940
107 431
43 143
18 710
120 940
51 211
65 55
78 589
17 34
138 110
108 744
154 148
112 516
12 579
121 168
69 505
141 278
30 377
98 139
23 593
126 535
125 235
90 830
144 496
13 874
105 432
10 998
52 531
42 76
19 251
110 105
106 648
68 108
2 971
12 250
47 459
161 917
124 219
153 960
152 673
121 884
156 769
163 831
111 529
82 208
37 418
3 644
17 205
84 388
157 612
34 909
109 276
163 990
111 786
141 837
161 235
2 547
118 210
38 283
87 646
111 175
94 601
26 59
124 58
165 648
68 204
17 418
76 653
83 155
141 816
131 822
143 163
22 308
19 330
125 874
86 346
63 73
97 366
134 213
97 942
166 671
48 99
138 683
114 245
56 3
168 69
67 178
66 931
81 713
16 73
106 509
169 205
9 327
74 11
161 579
47 9
130 41
65 658
69 216
51 340
82 974
166 569
9 881
97 570
141 561
57 823
114 91
69 440
32 120
97 183
82 771
144 836
171 831
19 680
2 631
89 450
102 260
58 397
102 603
42 816
165 828
174 780
36 484
142 330
34 244
154 363
163 919
160 198
165 608
111 661
6 490
149 368
161 902
81 120
85 281
110 237
82 331
127 201
44 489
114 923
21 819
49 789
98 735
146 527
7 484
36 593
35 48
94 164
50 643
121 2
158 649
142 610
112 204
120 581
6 408
174 164
102 742
150 615
67 665
131 175
92 651
98 101
6 369
33 768
38 259
170 340
77 157
157 998
60 465
45 33
162 515
141 187
132 67
18 984
68 7
163 382
76 870
35 944
108 814
154 332
52 886
93 589
49 653
166 521
27 858
13 875
12 473
15 858
35 156
149 121
23 888
19 685
128 700
22 130
11 453
95 182
56 301
105 13
105 55
54 59
11 533
26 21
80 691
86 552
125 329
12 760
95 964
21 867
136 621
88 68
127 704
171 976
149 655
156 924
85 661
102 221
62 436
137 622
99 703
35 342
167 216
10 391
124 611
63 384
86 161
33 332
31 815
4 481
101 996
21 314
155 718
128 486
111 774
68 518
133 663
125 795
88 747
169 429
125 670
78 5
95 361
107 764
91 856
151 466
7 541
110 704
82 251
26 366
110 435
29 6
100 26
90 543
86 553
149 843
60 460
11 65
20 492
31 747
129 309
34 825
61 992
83 837
31 122
33 805
65 883
102 981
135 313
84 114
53 290
1 959
49 701
1 28
49 42
124 922
83 69
87 944
97 743
113 793
100 429
101 700
124 679
81 27
67 170
32 436
64 23
171 379
120 106
26 430
82 787
18 695
33 64
76 870
168 929
143 525
163 707
121 50
55 382
12 800
12 79
117 974
158 687
110 518
53 617
56 583
162 840
115 268
145 255
11 123
7 63
8 823
91 820
158 343
28 912
10 493
169 711
7 143
19 786
97 665
54 500
69 672
168 544
32 809
104 80
70 104
25 287
97 481
77 457
106 795
8 54
11 936
118 459
158 575
3 656
23 394
78 634
102 280
10 283
2 380
161 981
34 484
60 555
165 459
169 985
137 759
79 838
125 867
173 985
27 631
63 585
71 667
61 996
50 664
126 977
97 103
72 766
93 719
48 98
159 563
21 860
12 994
74 754
45 46
63 243
5 765
131 46
172 955
86 25
15 830
56 883
139 641
55 905
92 537
57 957
59 931
10 586
162 692
152 778
164 823
55 480
170 355
151 638
28 563
31 1000
62 236
154 992
109 42
83 984
95 387
130 234
8 226
81 100
93 597
79 60
44 16
7 745
38 48
151 378
14 241
78 812
91 57
58 312
107 362
172 362
90 444
14 251
18 752
144 848
103 558
145 578
24 664
71 284
32 789
55 416
25 647
15 570
2 877
26 947
62 258
29 471
49 252
143 656
165 566
111 481
59 326
84 403
149 327
