5981 667
511 489
374 50
411 532
574 204
180 369
436 162
18 337
472 184
325 667
75 431
265 466
542 580
157 733
640 71
129 30
433 725
29 788
177 607
610 208
611 537
322 907
413 755
626 15
602 396
616 218
37 738
81 950
172 338
529 636
105 415
577 636
610 995
234 542
198 999
407 684
451 553
617 261
473 673
1 236
31 659
173 56
343 624
590 690
305 284
209 657
272 785
21 1
609 99
326 967
106 955
298 327
651 684
116 743
127 505
562 473
330 157
154 117
134 233
349 548
502 281
604 430
312 423
476 861
234 775
530 208
418 634
448 537
629 467
24 575
485 260
14 773
115 978
184 49
187 133
189 302
26 530
290 762
199 480
139 329
164 782
343 808
617 292
645 634
202 973
34 119
659 947
603 720
579 163
408 117
136 765
575 367
523 949
505 230
46 653
21 883
148 961
293 159
144 953
483 171
622 362
109 606
302 269
638 939
603 327
114 255
450 984
367 143
352 748
509 736
398 709
85 190
25 30
257 214
354 345
214 939
172 11
528 756
389 11
432 420
330 718
70 73
634 94
561 671
354 734
489 274
302 888
87 279
559 991
405 259
403 397
367 50
239 270
525 946
44 571
333 821
645 145
311 627
377 127
312 517
513 211
456 115
59 734
5 919
157 811
84 704
98 604
58 248
255 213
61 231
492 359
493 805
218 799
444 163
232 932
370 859
470 492
437 284
644 951
168 7
474 163
659 924
513 262
194 510
136 415
179 339
218 350
581 253
308 320
538 451
489 788
215 617
649 920
16 683
45 732
314 414
431 853
456 936
551 60
127 627
464 901
430 886
72 569
81 763
363 164
588 306
2 983
240 941
593 111
534 154
172 132
315 949
508 227
531 827
430 53
378 751
460 382
405 496
265 686
628 529
119 155
84 137
69 429
139 153
566 473
183 224
205 399
466 514
163 996
478 117
133 801
111 402
547 210
376 490
296 951
275 535
446 990
532 718
634 583
342 436
308 335
128 430
639 598
220 143
492 249
471 878
281 520
531 325
579 49
163 19
137 131
490 259
47 892
35 395
225 412
66 342
62 80
655 322
114 815
223 395
331 256
390 254
123 363
579 759
484 739
542 35
593 795
86 279
78 213
412 31
148 140
261 735
562 884
548 518
413 556
530 142
218 931
566 774
10 872
187 112
457 313
610 979
500 5
331 786
105 962
77 122
144 824
287 264
610 315
167 753
76 213
158 337
602 945
134 797
359 505
405 368
550 954
447 338
78 379
151 844
25 874
503 525
272 254
618 120
404 502
44 132
599 80
477 11
607 163
537 547
396 238
285 800
433 494
630 176
50 580
595 53
90 661
485 887
478 448
267 863
162 219
492 469
269 311
37 508
299 55
98 161
5 973
219 727
356 365
571 493
104 848
371 198
367 419
552 672
306 845
311 590
419 492
96 414
310 545
337 380
291 823
549 709
367 272
499 989
10 760
272 474
30 352
465 182
92 596
641 712
132 910
636 532
168 793
426 959
602 430
466 892
150 522
360 657
233 94
125 234
90 6
431 261
204 91
449 269
418 873
617 864
288 401
514 25
387 840
417 694
564 943
338 90
199 361
599 716
497 207
457 455
29 447
325 224
358 337
487 155
17 681
575 663
137 120
375 309
400 851
471 973
119 474
197 96
55 298
619 727
517 468
412 947
64 956
406 867
527 322
664 161
393 740
111 981
33 130
297 984
613 57
154 90
187 41
169 198
227 559
293 897
226 292
582 846
460 587
40 884
172 855
362 622
663 299
72 730
482 320
189 795
187 330
616 664
371 371
296 898
364 591
388 698
525 143
220 680
125 742
96 597
383 895
448 418
29 269
62 935
220 537
94 573
230 327
514 684
500 809
289 934
307 491
89 714
310 805
439 762
357 677
605 325
505 986
651 974
60 346
646 19
108 788
9 958
347 983
640 984
336 138
13 9
578 81
468 409
288 599
43 219
53 742
114 340
61 736
205 200
637 58
114 326
112 252
429 159
281 610
352 187
633 158
651 347
285 883
626 64
290 811
491 931
289 51
221 251
629 922
496 410
154 925
378 120
432 102
300 903
108 616
78 221
291 493
241 669
33 464
138 22
616 739
323 954
39 939
185 912
61 103
658 803
11 212
539 578
629 252
594 110
605 594
194 774
260 767
55 390
562 921
559 635
212 687
340 721
254 310
495 958
448 967
47 148
659 406
232 98
318 533
127 116
112 647
598 495
365 165
329 294
515 388
182 768
272 677
252 807
655 116
604 834
612 362
540 612
360 659
352 722
213 481
617 417
291 543
166 127
312 102
475 517
296 539
338 707
417 55
613 988
397 950
407 645
45 105
612 194
120 276
320 394
601 448
46 438
431 898
291 102
54 202
363 308
377 469
570 710
191 492
119 384
182 659
139 888
609 499
487 297
354 224
218 16
481 355
310 466
517 505
612 820
609 890
107 969
168 107
116 448
239 516
531 492
643 675
312 58
97 208
321 230
80 727
657 374
452 457
661 741
289 786
239 578
418 796
570 910
573 779
379 234
513 472
216 71
593 103
508 435
583 184
112 99
294 785
626 779
80 778
49 216
667 455
183 623
97 522
233 131
185 991
641 275
430 487
545 769
12 893
367 340
534 156
480 591
641 62
376 968
1 342
501 714
359 496
514 803
226 732
190 542
497 790
226 603
494 425
516 34
153 767
105 988
206 650
106 106
663 983
303 35
197 14
489 387
347 235
72 782
350 792
56 649
357 441
268 162
566 542
295 787
201 164
161 147
423 37
562 468
183 347
583 894
66 905
571 363
185 154
549 449
430 648
662 99
605 302
427 912
116 623
498 491
434 885
667 681
133 618
523 950
50 538
594 536
348 695
180 362
506 308
6 187
320 747
287 404
103 407
135 278
196 922
316 90
103 617
272 774
339 619
400 87
432 509
446 577
159 152
297 481
466 354
443 700
621 497
130 693
185 419
523 379
403 961
595 880
89 335
100 83
270 614
512 79
537 851
167 802
379 765
525 935
113 138
168 676
60 99
258 397
71 379
621 159
270 292
528 838
441 530
586 519
6 693
139 854
238 828
181 626
255 21
456 220
312 598
368 324
656 863
373 636
326 797
443 403
259 337
435 571
304 791
440 867
453 328
418 141
604 376
227 969
509 704
421 441
115 381
55 915
214 983
298 618
5 827
124 589
452 986
267 199
332 800
254 797
362 453
325 315
255 911
53 727
342 607
664 716
248 127
414 257
473 634
31 760
573 772
471 231
431 158
614 338
315 828
27 663
434 822
598 480
54 346
305 661
429 184
424 767
343 469
351 566
220 265
229 149
272 817
628 552
294 893
231 237
401 19
340 656
75 66
626 973
151 384
646 898
388 405
539 330
31 718
590 155
413 363
337 41
288 248
134 913
128 592
643 734
464 693
341 624
447 810
612 824
402 673
312 342
379 573
549 451
510 706
71 695
10 904
388 652
230 355
561 817
104 462
364 904
466 307
466 272
100 36
100 691
556 454
90 329
222 625
7 740
499 393
50 458
597 416
426 262
575 817
472 216
443 479
325 984
214 916
192 702
620 802
667 637
316 942
618 20
610 895
468 140
316 740
216 941
209 355
512 24
5 27
7 382
305 59
5 312
37 136
599 108
663 171
562 807
93 249
540 598
305 761
235 355
376 274
44 782
167 170
269 305
308 639
439 187
179 306
330 806
286 624
97 50
310 768
453 56
90 407
625 487
412 670
488 290
363 435
391 807
389 644
30 322
471 135
194 576
62 181
351 629
27 762
66 622
346 751
162 375
290 233
187 703
632 199
227 783
560 799
332 287
120 89
99 609
248 738
159 884
230 691
122 906
492 48
35 290
363 154
524 807
39 21
8 759
85 491
73 940
29 182
236 447
338 458
142 600
416 817
294 863
233 301
637 239
530 473
425 613
86 808
660 781
149 837
643 829
344 945
143 97
261 577
585 789
610 109
190 142
385 146
565 2
647 681
345 762
621 566
207 399
234 377
583 763
225 985
570 11
237 548
373 900
243 167
588 635
310 516
200 555
345 679
393 387
420 689
198 574
487 702
373 673
269 366
226 96
84 23
136 641
301 889
553 335
622 473
51 488
68 23
344 240
184 543
28 268
613 700
305 32
216 497
147 314
433 462
664 676
279 689
172 229
620 498
53 337
546 773
286 957
31 484
71 340
361 667
413 28
430 802
269 546
269 375
146 386
289 849
247 111
535 774
500 169
212 326
357 282
336 725
418 344
259 781
165 143
364 906
666 372
226 780
251 370
399 920
595 769
116 23
239 786
592 326
249 884
178 605
148 659
522 624
313 819
59 713
349 721
544 851
298 883
553 505
253 258
604 869
371 783
500 97
191 556
177 290
186 767
155 751
606 282
173 886
114 861
130 48
225 355
32 801
251 897
590 305
366 834
25 717
474 165
203 390
343 85
590 440
328 552
372 109
556 217
511 928
601 591
536 274
414 595
497 689
157 46
303 644
70 184
149 392
297 906
667 678
583 341
404 450
175 233
565 478
291 263
37 941
656 767
463 104
164 731
629 453
343 138
337 730
622 30
321 78
408 222
268 129
622 621
145 552
332 273
219 906
179 741
280 701
24 431
635 81
514 523
143 163
276 918
269 252
108 867
293 856
644 162
119 736
402 308
627 304
140 472
479 393
189 474
208 968
180 486
644 325
117 369
611 670
155 369
41 233
532 808
14 69
397 437
210 90
333 994
653 28
644 535
284 844
106 470
612 999
597 317
589 469
393 167
230 787
397 459
377 298
354 475
15 805
534 943
472 783
309 128
70 579
342 989
609 138
623 553
536 953
361 962
279 776
303 180
337 180
665 13
586 925
577 358
189 849
252 776
113 247
431 292
476 341
577 578
352 19
112 931
328 574
313 695
159 758
273 944
282 183
583 821
57 612
500 1000
402 367
455 809
24 403
512 72
11 523
659 558
662 719
113 885
70 526
21 196
612 375
233 196
495 55
316 269
117 510
93 586
589 313
385 128
530 98
656 107
362 979
50 642
17 607
49 6
172 866
272 231
147 939
81 839
248 177
643 748
444 627
349 554
101 519
182 255
644 892
513 326
574 327
578 341
399 354
560 438
52 704
124 474
16 403
72 129
204 175
137 675
266 212
315 490
481 311
576 574
323 969
370 160
138 847
503 311
494 224
241 318
331 498
65 275
129 622
514 946
303 143
509 577
503 903
125 737
155 827
217 891
289 802
16 329
506 377
454 320
186 2
351 405
234 16
243 205
265 748
382 763
44 308
7 70
123 495
156 368
69 706
232 56
121 950
419 593
17 295
9 729
391 838
391 923
89 856
293 477
464 990
1 698
589 763
607 394
297 881
587 429
29 772
432 356
107 485
592 8
45 592
18 745
126 798
492 408
508 340
114 349
565 770
66 962
656 806
139 13
388 910
233 82
630 281
249 551
54 311
144 815
383 668
246 520
43 9
580 700
215 243
537 468
125 642
263 184
646 827
120 632
20 287
19 70
323 482
593 874
326 973
146 21
108 228
346 54
611 1000
6 768
24 558
327 466
369 462
162 389
62 885
636 946
551 435
386 34
409 694
166 3
75 917
295 402
212 830
298 588
27 329
325 827
334 715
115 439
636 332
499 458
262 273
339 75
411 698
396 244
238 901
229 452
288 794
502 366
510 636
171 600
542 886
440 213
280 36
215 244
190 174
492 382
385 313
476 980
117 5
597 94
131 816
100 365
483 737
148 18
235 606
99 764
439 742
328 463
74 32
439 8
271 563
303 962
519 955
195 795
536 651
299 263
418 629
637 460
112 843
14 261
362 898
39 440
15 138
168 144
656 727
35 931
310 459
329 180
426 586
171 514
57 428
188 136
289 646
139 195
585 897
605 375
605 914
466 122
418 17
608 248
107 442
625 341
488 294
583 446
369 35
539 184
588 200
156 871
137 594
543 529
167 642
134 105
342 749
518 780
654 330
431 815
147 160
239 559
212 901
426 103
579 320
254 238
492 640
324 238
49 442
538 246
533 431
332 625
22 83
660 141
555 16
533 157
273 289
652 1000
581 487
295 271
37 839
6 131
335 634
448 996
540 244
562 395
356 662
369 609
416 613
222 486
491 112
381 27
413 173
393 96
239 852
273 967
125 443
623 223
547 248
210 578
180 906
344 543
497 969
130 352
118 833
524 389
590 100
372 704
485 781
590 343
283 837
548 150
407 777
171 746
279 226
373 950
224 428
291 538
123 471
658 239
214 857
71 860
550 699
187 812
195 95
479 878
280 233
196 44
408 235
548 908
446 238
437 410
177 928
220 964
375 913
314 372
494 549
547 834
361 117
471 944
240 45
608 332
46 696
625 273
583 608
288 654
104 118
580 413
270 272
300 933
425 981
140 913
433 395
258 751
206 114
411 34
64 703
403 25
189 162
645 966
246 1000
520 959
103 321
295 648
165 915
272 350
135 661
498 654
528 661
52 612
184 539
75 228
65 875
129 869
45 231
495 241
245 635
246 79
273 351
631 41
634 761
647 526
142 120
302 889
379 442
167 800
82 559
402 630
464 339
298 913
68 248
25 980
66 42
629 207
298 873
66 442
232 778
215 662
31 943
621 388
451 562
70 691
463 326
534 398
185 670
574 804
285 428
88 823
228 380
488 765
355 414
109 290
16 647
39 268
199 248
193 62
407 350
266 141
450 504
398 830
259 381
266 766
433 379
447 176
630 753
110 659
357 350
640 89
409 743
267 458
235 517
400 287
40 732
130 199
618 318
621 365
592 542
385 647
315 270
20 761
442 657
279 392
248 497
617 264
474 210
223 215
46 541
657 999
193 222
147 184
532 247
143 739
291 603
273 704
237 323
53 49
296 109
569 949
41 872
98 582
3 257
270 619
532 800
84 887
321 92
247 456
376 523
521 209
277 67
647 1000
401 420
458 712
241 196
16 497
457 665
639 971
450 146
449 911
197 143
234 814
609 876
300 119
372 218
39 813
341 222
528 607
236 249
593 39
477 822
452 860
210 582
591 431
480 135
22 777
657 961
448 948
237 232
653 422
428 701
333 545
508 117
121 69
120 280
443 405
96 787
37 430
333 343
519 187
615 567
105 995
253 886
654 25
402 367
621 660
345 971
556 925
228 911
477 187
281 715
116 818
521 268
637 199
584 850
118 414
474 875
171 261
19 902
235 966
628 729
609 513
217 820
525 631
269 492
408 576
525 241
568 654
422 776
505 264
503 81
38 792
121 458
293 821
127 946
362 882
476 983
264 869
445 665
517 993
523 228
629 516
215 642
113 474
605 343
353 968
271 563
345 769
612 227
221 429
195 89
630 933
101 831
412 33
3 488
567 634
288 368
242 176
428 590
368 988
609 369
617 439
528 664
94 106
57 793
587 244
49 43
75 736
540 459
370 411
315 811
344 426
114 79
536 738
166 998
83 942
97 655
456 342
21 177
632 106
597 793
42 586
28 320
24 817
211 203
552 845
423 593
501 698
29 9
6 708
103 969
379 496
379 584
50 419
663 173
50 705
510 405
654 768
191 921
621 570
221 549
330 863
369 739
343 824
358 142
659 221
142 695
119 88
254 92
141 896
116 364
652 255
130 284
117 53
454 677
499 290
500 659
524 759
656 935
158 678
522 918
94 134
13 473
263 568
659 563
546 988
11 222
566 477
343 750
530 801
637 52
116 194
120 172
549 479
227 663
52 764
293 274
640 213
562 438
132 991
184 166
178 136
155 691
193 170
91 315
248 348
384 630
435 528
515 728
601 486
487 146
96 272
270 257
577 740
340 822
328 6
390 740
1 499
26 140
325 30
235 132
375 566
434 284
177 606
74 56
48 973
630 297
338 188
425 68
38 130
387 265
130 211
284 997
424 813
518 944
160 313
452 232
84 976
431 989
162 804
157 931
398 274
171 747
329 751
644 409
564 440
44 583
270 984
208 729
564 22
414 168
315 988
565 343
206 217
610 737
441 96
327 777
245 31
520 631
530 73
74 218
321 620
591 273
634 196
397 489
580 310
432 986
658 742
519 906
287 625
73 752
235 860
16 362
611 659
587 768
457 90
38 566
249 520
380 310
480 167
85 412
191 678
259 168
477 903
491 695
3 233
531 515
600 415
502 374
118 462
184 491
420 819
580 389
188 195
13 366
539 346
247 170
444 413
185 921
67 151
626 912
309 40
517 776
468 193
277 590
644 353
396 690
509 707
422 816
19 470
242 842
66 156
634 731
654 635
204 357
469 671
321 964
11 182
261 562
218 458
498 609
199 707
398 868
573 938
522 198
365 167
7 272
524 341
594 392
187 1
442 125
647 38
86 660
287 195
291 134
506 955
363 647
311 332
242 857
429 929
339 447
657 496
133 194
354 605
146 848
572 597
159 832
369 356
164 503
657 928
420 438
372 459
491 873
123 404
350 841
5 335
122 627
281 257
421 672
332 236
447 91
98 817
116 782
591 625
413 93
341 483
287 584
364 426
267 182
330 340
409 765
141 748
31 267
449 88
192 760
355 875
658 849
158 388
490 615
225 310
97 382
295 694
459 638
416 80
529 46
481 387
452 836
139 128
665 278
55 575
55 764
663 257
430 411
462 199
464 523
537 658
507 946
272 33
458 968
448 782
369 889
256 1
204 918
494 139
64 500
368 668
132 35
586 751
15 920
422 961
77 499
428 677
236 146
430 162
51 60
203 883
543 215
47 662
108 739
359 942
242 285
540 602
498 885
390 195
257 856
638 106
300 958
631 479
407 189
57 547
398 220
390 791
627 921
612 819
570 340
148 936
106 922
129 854
325 74
125 407
216 555
402 202
580 661
220 929
227 331
171 723
429 671
104 603
129 902
523 887
583 440
234 505
444 353
155 82
471 715
339 738
219 978
554 513
169 494
518 762
431 348
264 314
502 382
1 541
60 878
272 466
546 151
376 818
283 604
548 773
630 831
656 84
475 84
77 232
150 611
23 98
256 377
44 329
76 103
539 79
427 738
383 676
332 465
451 746
313 411
348 295
506 454
546 734
222 281
355 558
483 891
176 713
11 953
33 182
473 372
204 336
130 873
642 694
275 335
631 473
531 68
288 928
577 753
111 703
216 729
621 675
485 910
3 896
609 516
409 907
201 572
58 969
500 939
645 70
198 104
161 111
431 713
543 745
634 847
225 703
625 797
390 232
227 381
12 846
371 643
199 344
537 608
15 64
66 32
261 246
35 156
202 820
263 49
277 105
659 367
634 702
341 916
543 731
18 822
23 603
452 52
335 491
492 502
500 607
13 880
389 422
24 972
215 265
392 421
356 168
585 988
10 85
485 334
465 718
514 516
591 207
389 129
206 630
484 232
446 830
416 364
269 812
342 910
232 253
618 635
6 934
475 771
519 770
22 843
76 208
399 860
381 731
302 538
336 576
99 61
196 923
581 643
213 866
399 284
637 168
641 381
409 348
382 894
599 943
295 44
326 290
172 399
12 150
326 317
19 185
319 557
560 760
304 573
156 111
453 541
73 163
471 490
107 769
223 604
646 812
574 280
331 43
264 158
610 8
4 756
301 322
538 105
432 196
109 803
81 244
522 970
405 12
603 202
237 701
497 317
230 759
607 703
8 59
168 408
77 985
648 238
553 858
330 568
299 887
3 708
450 895
87 785
97 277
368 390
54 216
517 746
366 714
207 817
178 442
517 405
80 386
617 35
427 329
44 802
454 145
26 176
612 146
94 756
454 166
532 765
499 675
118 81
412 596
277 487
549 360
453 142
614 306
191 211
156 767
248 223
375 811
324 63
175 820
216 818
485 13
467 759
523 157
29 868
584 253
92 384
464 606
307 362
211 193
85 607
391 716
102 464
313 524
56 313
274 205
536 684
69 356
410 380
467 670
454 339
374 790
74 996
148 179
271 841
9 983
624 534
380 217
324 420
1 36
45 471
537 30
593 537
411 170
647 125
313 590
501 572
500 694
27 427
144 391
445 715
352 557
161 656
349 237
637 587
431 411
187 928
502 206
318 520
550 303
485 200
368 422
106 449
361 141
301 366
527 971
340 945
605 770
482 142
102 152
54 365
316 706
597 76
338 973
4 980
425 196
490 703
495 453
219 41
386 115
624 180
660 117
246 17
118 350
329 318
554 707
243 419
600 848
173 132
488 43
229 90
36 951
137 266
41 291
646 380
3 793
42 453
26 15
377 509
606 961
379 338
472 61
338 916
188 693
334 111
177 409
144 484
560 626
435 479
211 80
238 922
96 758
2 369
508 224
460 981
93 996
85 9
175 862
447 312
537 10
13 213
240 902
374 505
607 341
168 624
292 317
343 204
238 314
338 321
101 233
133 839
71 613
360 444
42 262
633 975
638 709
615 390
596 490
611 353
110 390
383 228
633 121
61 905
579 69
607 492
337 649
542 453
484 751
196 250
182 470
91 138
567 880
340 978
318 997
182 644
181 575
656 412
21 652
418 129
629 799
27 170
533 631
277 526
476 583
100 290
654 572
294 880
321 466
579 714
372 256
35 195
441 887
277 134
640 966
86 37
272 321
608 171
214 566
259 930
389 983
107 167
35 850
487 689
334 652
514 5
146 666
550 189
167 118
411 812
36 600
41 867
115 810
357 336
195 51
456 386
182 749
619 614
641 384
197 173
305 981
219 107
479 107
367 850
163 645
469 845
430 121
260 285
630 955
103 288
419 416
562 629
78 868
56 401
473 972
387 205
121 892
536 157
114 123
193 578
521 410
291 145
268 217
483 419
290 418
556 347
162 452
524 707
452 361
74 223
578 696
111 800
634 124
244 170
418 195
524 806
171 863
415 697
280 73
140 827
639 881
29 425
44 495
54 236
299 254
332 784
428 507
42 222
59 258
591 722
445 529
19 837
321 76
50 100
532 903
288 55
117 751
225 307
191 305
439 545
60 977
489 100
227 245
658 95
159 456
572 461
257 191
524 175
491 247
645 746
111 509
366 102
506 996
247 488
645 787
647 656
530 772
251 852
144 943
602 100
73 525
382 963
5 653
53 100
267 594
280 547
425 106
300 112
250 81
435 312
281 108
333 795
128 887
640 575
565 216
143 155
624 569
407 301
601 601
311 85
462 212
124 504
597 367
508 374
335 309
541 651
222 84
455 218
256 592
182 685
633 336
473 447
644 252
634 922
220 397
652 977
531 813
135 384
651 930
39 166
376 216
608 898
93 684
45 803
507 841
395 791
479 327
68 645
149 79
68 179
349 720
82 952
553 149
641 899
33 637
18 826
14 378
608 180
415 107
163 568
185 225
324 843
222 525
647 598
429 681
559 486
604 627
462 19
624 285
418 473
636 407
113 129
586 508
505 241
288 568
472 536
10 913
70 755
255 507
283 323
644 730
106 349
616 940
471 272
120 764
606 650
478 545
73 212
272 956
3 977
152 510
642 515
205 615
571 678
331 296
17 787
79 482
309 303
22 117
364 937
126 218
107 847
180 729
214 106
384 60
140 45
427 34
122 242
60 893
449 333
377 676
385 319
184 562
177 420
402 901
475 397
393 64
428 671
631 825
447 995
205 100
569 900
436 694
355 556
663 690
29 615
662 488
186 413
410 17
38 605
199 876
398 885
649 685
16 11
377 168
539 327
311 818
216 126
80 65
248 489
522 63
252 204
44 643
548 335
539 887
228 360
179 339
404 239
76 961
543 953
421 343
405 390
382 32
650 115
296 563
55 145
420 386
396 940
196 45
364 580
592 117
550 391
438 689
667 693
60 276
539 787
135 28
414 873
145 261
267 180
81 380
57 597
49 701
478 911
181 70
448 485
425 505
153 754
640 270
109 726
524 454
175 912
469 313
83 455
625 65
627 632
366 781
534 643
24 807
312 854
47 935
73 144
443 765
441 607
220 642
210 739
446 416
257 736
451 429
99 928
492 245
62 695
501 621
9 141
188 145
486 256
58 302
83 927
21 960
513 304
553 902
593 939
97 777
534 652
324 745
657 469
646 640
214 913
452 844
412 99
568 513
630 509
568 309
548 777
503 907
537 500
481 153
538 237
94 633
435 123
440 724
132 572
630 458
20 303
214 275
195 659
422 665
69 773
187 772
490 207
222 21
250 475
422 379
202 380
472 945
209 557
120 813
143 967
511 131
424 528
337 897
170 391
111 24
100 849
160 105
19 799
233 517
470 854
635 740
4 605
427 640
98 186
168 759
507 774
640 316
336 700
581 933
29 86
86 399
8 632
13 966
67 107
606 798
630 667
370 597
152 730
159 62
75 555
531 191
450 143
444 443
513 299
69 778
110 872
193 156
103 418
616 810
617 442
12 949
199 628
9 197
388 378
526 635
442 463
79 855
571 980
540 739
364 398
181 117
87 502
362 593
4 200
56 69
585 324
504 780
110 505
600 388
311 765
302 103
33 734
285 622
207 316
44 273
641 892
99 224
376 503
610 269
335 824
465 56
478 506
170 114
511 896
605 394
141 675
240 43
46 136
90 12
233 671
605 646
532 133
141 402
79 35
161 585
22 756
478 249
268 179
63 679
198 859
545 792
553 757
634 294
642 878
34 433
105 622
392 203
578 905
70 67
311 154
658 203
451 356
365 914
310 111
151 843
397 457
229 252
604 986
380 376
295 150
93 70
300 887
658 431
577 425
347 899
523 948
33 909
22 630
61 827
200 878
166 359
387 450
391 408
164 106
448 274
350 834
546 58
199 612
283 475
565 172
407 291
46 18
577 86
96 628
430 562
340 401
224 74
481 895
29 236
66 933
665 947
227 546
185 605
612 660
301 157
232 506
168 594
380 699
157 487
125 845
402 505
534 111
299 652
310 710
327 70
329 28
230 538
544 788
51 687
470 32
130 119
47 787
243 448
379 624
542 702
563 801
532 895
241 592
271 781
30 1
637 312
285 118
110 178
413 722
259 225
510 671
28 32
393 640
86 894
334 975
404 373
5 648
588 732
280 444
88 318
20 664
380 841
510 539
594 456
488 955
344 298
438 673
46 672
252 672
363 107
216 314
422 795
238 723
543 857
607 604
383 382
61 305
93 986
14 323
474 806
482 528
629 938
481 238
297 784
451 171
429 886
336 336
245 673
203 833
485 157
534 775
242 757
119 238
582 153
135 663
215 187
362 383
378 897
285 422
325 111
266 793
478 962
525 233
488 933
299 90
531 888
644 125
33 892
445 910
619 304
272 374
368 519
522 538
199 224
562 810
578 573
393 451
532 788
557 766
617 145
272 191
350 354
264 742
390 289
136 801
263 742
516 784
153 475
265 792
574 830
78 569
576 306
51 480
449 318
28 910
243 12
274 214
184 667
155 83
288 166
399 40
648 939
402 462
1 901
480 649
486 51
237 939
163 854
570 200
221 687
476 673
558 7
423 137
497 92
289 707
293 122
74 625
500 992
462 862
341 319
470 806
576 47
303 857
355 930
309 379
594 959
495 743
41 224
97 639
397 316
639 830
241 422
576 270
279 604
497 882
59 249
156 558
411 635
64 377
437 149
195 882
557 702
82 32
158 113
638 737
594 107
623 324
309 825
301 959
111 559
276 81
437 649
125 601
65 518
665 933
66 248
285 196
307 741
609 365
394 961
315 213
194 378
490 678
264 339
222 650
525 41
1 764
189 641
292 359
68 952
624 549
217 73
446 193
163 859
150 189
361 280
219 165
214 608
275 634
448 972
541 921
12 715
415 473
317 136
345 25
141 73
504 439
191 946
7 10
572 688
62 480
130 55
178 153
428 189
589 283
373 596
532 635
205 748
334 306
211 926
64 173
423 282
500 237
539 498
325 997
574 189
58 455
393 981
11 615
615 153
626 270
658 444
124 608
466 780
68 559
112 740
388 534
379 922
220 382
175 193
291 12
375 361
651 681
519 138
254 361
310 485
4 645
355 67
204 849
571 995
645 214
102 280
391 241
272 737
91 794
528 392
325 502
82 299
187 862
315 62
285 958
58 319
122 686
49 977
453 340
625 346
637 489
218 740
206 743
552 639
287 265
510 662
465 548
552 838
188 494
237 938
392 374
641 377
308 203
227 382
397 379
14 992
398 222
617 64
229 65
579 197
126 660
243 995
295 564
151 263
425 82
151 885
109 521
401 507
289 596
637 139
605 382
610 221
235 760
510 466
530 230
21 10
569 106
616 663
258 744
533 816
423 304
242 751
191 704
97 923
114 575
275 575
76 347
234 89
451 356
300 700
401 543
578 342
317 643
183 627
605 279
397 16
413 586
366 216
41 306
626 627
62 134
389 82
284 876
376 253
117 564
548 925
324 506
460 362
109 784
127 789
431 754
471 671
433 592
37 937
279 559
569 826
435 584
452 765
244 728
172 255
365 39
171 69
422 129
470 212
478 504
660 87
507 439
470 725
621 136
576 657
224 64
108 56
262 446
657 230
492 895
67 289
620 813
153 589
278 115
461 414
515 259
122 121
624 584
342 683
333 884
90 96
440 67
550 238
374 526
404 359
525 866
302 59
602 734
620 107
182 504
173 487
629 513
35 897
518 428
152 176
549 371
279 158
31 642
530 443
510 170
617 311
543 775
183 787
23 883
572 425
408 497
376 496
622 226
666 601
602 724
624 380
434 285
204 60
498 420
300 495
340 865
444 615
182 744
394 123
551 891
63 342
325 485
574 287
445 615
377 984
65 726
77 160
321 491
564 65
587 434
296 810
223 212
193 85
442 813
582 258
540 854
659 547
360 204
568 174
165 959
591 830
630 876
242 235
275 564
514 861
295 627
313 828
393 593
400 259
56 188
612 985
486 60
507 39
411 990
457 252
152 290
251 644
502 677
377 460
421 536
7 968
421 191
269 894
557 42
665 369
478 255
188 278
608 918
366 658
126 532
45 418
177 793
462 537
421 218
539 166
353 71
267 659
512 238
610 671
32 62
201 341
234 533
480 395
376 635
95 740
231 749
78 606
211 50
337 789
76 345
390 638
609 82
164 293
92 160
383 855
139 693
203 1
356 694
598 391
223 235
634 933
202 785
616 218
518 511
443 584
596 708
334 982
247 495
425 734
441 550
447 711
294 880
563 316
289 627
496 970
633 814
19 574
199 144
56 773
193 552
611 371
269 674
510 613
80 416
434 198
22 343
609 982
604 302
249 998
426 107
12 725
540 557
10 542
1 666
335 984
291 363
649 429
469 932
384 131
429 837
157 406
236 67
228 972
253 415
436 39
335 558
265 639
93 175
44 917
251 760
647 953
50 50
116 422
112 680
67 232
564 28
207 237
18 906
310 33
47 643
135 800
561 916
623 368
323 284
448 588
377 145
121 850
246 980
575 414
397 936
182 405
86 663
626 195
596 765
175 13
637 475
295 784
275 245
492 824
225 565
85 18
267 782
3 586
3 489
208 333
652 315
39 585
98 173
252 472
111 27
335 641
455 174
452 39
88 386
321 992
453 568
397 623
578 381
241 354
118 841
425 76
440 154
81 892
559 670
2 365
25 348
594 940
35 556
525 149
608 314
385 447
304 607
234 515
533 360
501 841
417 869
628 498
51 283
474 567
108 899
590 329
151 609
66 15
108 53
253 667
450 685
594 933
135 457
489 206
531 62
158 198
619 892
616 776
73 664
571 33
373 699
52 300
638 168
546 24
29 98
214 616
249 836
311 530
169 647
326 593
570 47
322 244
198 174
134 148
515 208
212 665
535 374
435 990
255 939
322 193
339 482
432 508
136 214
93 807
442 951
503 731
307 820
161 648
547 676
165 40
215 196
182 978
179 916
490 904
437 690
203 345
104 173
250 600
419 315
85 395
628 491
6 36
512 108
160 188
451 925
90 731
536 10
652 577
267 422
445 393
276 27
191 848
477 523
625 722
20 523
532 302
469 899
608 949
269 687
78 942
514 873
117 429
581 156
208 552
525 282
27 33
354 376
25 639
121 365
362 828
196 158
589 776
632 101
58 285
101 277
170 697
376 872
482 239
200 801
15 702
355 82
263 400
529 104
163 868
117 490
421 261
462 77
247 706
341 267
254 516
464 927
113 122
37 818
419 488
329 730
638 531
664 62
39 47
280 283
322 305
646 378
75 646
372 855
191 82
335 883
135 378
629 372
354 843
437 864
188 848
444 773
131 455
367 708
124 797
530 393
428 926
28 909
528 93
337 260
472 50
186 256
593 527
259 660
132 179
68 177
373 383
280 324
55 419
26 638
588 546
348 603
167 273
160 396
517 276
157 181
182 658
457 599
362 188
369 351
449 66
601 173
602 334
156 870
214 654
522 411
408 150
559 728
595 100
430 102
156 563
577 433
296 56
626 530
265 640
459 598
640 488
425 149
499 643
172 172
321 288
507 819
84 578
400 952
98 422
651 283
327 40
462 760
639 46
530 992
108 123
164 127
177 438
153 519
76 944
446 980
586 922
45 711
525 317
120 371
479 503
309 195
662 789
454 362
154 451
630 569
316 22
36 108
466 899
492 589
375 365
94 832
536 963
603 302
30 191
184 218
311 104
218 935
548 289
150 759
473 168
33 421
128 327
66 13
525 799
457 7
47 776
161 823
23 514
227 160
542 624
572 900
287 312
9 453
343 940
325 120
443 123
620 901
97 152
6 584
262 858
594 163
193 699
613 538
87 410
508 845
371 1
404 257
202 983
299 536
266 158
653 780
112 598
211 528
400 233
581 463
348 173
164 795
366 861
637 823
461 552
134 261
19 57
659 986
158 661
542 573
48 16
136 75
526 16
372 806
88 136
196 753
60 655
651 694
653 318
196 24
120 446
489 577
401 424
170 189
212 506
412 925
624 273
12 638
351 769
94 519
222 967
15 687
319 264
584 764
415 575
254 500
8 923
441 648
216 502
565 948
97 167
582 513
597 249
292 708
6 34
72 300
586 229
434 143
607 528
50 869
616 135
186 348
619 863
502 755
271 60
39 479
430 355
170 128
484 896
6 429
289 770
131 852
303 442
212 987
109 8
300 826
253 886
386 558
544 994
344 960
324 704
434 900
410 462
175 107
243 159
545 513
392 881
188 311
212 271
34 882
309 623
256 594
167 932
634 964
511 693
168 185
441 589
596 717
465 185
48 920
212 373
256 256
264 463
654 918
494 810
117 620
366 565
86 781
342 162
545 157
464 655
239 621
300 912
157 561
630 883
31 177
128 178
128 467
318 285
322 183
567 37
353 586
558 314
541 116
492 702
236 810
124 824
640 260
214 483
232 408
386 364
574 157
632 455
529 657
97 450
44 532
356 576
210 315
149 159
200 726
618 163
631 121
642 713
119 863
389 532
198 426
211 116
551 269
86 290
587 66
57 582
212 140
206 553
659 599
612 259
504 59
520 94
514 292
416 9
275 805
649 406
661 944
437 500
103 71
277 909
4 951
74 17
313 216
561 970
134 766
503 670
541 227
362 784
63 994
622 407
225 838
488 966
8 657
569 418
372 981
4 959
237 135
562 756
618 574
575 162
479 849
98 984
603 558
538 226
432 60
263 470
555 674
295 790
351 485
93 248
1 534
399 929
568 954
549 189
36 776
666 433
305 750
574 450
483 101
617 387
112 448
613 139
217 289
107 172
215 37
348 686
123 883
138 873
125 768
121 791
118 653
521 296
408 568
362 899
567 7
109 236
581 992
390 944
168 636
203 923
203 287
114 602
160 946
321 977
11 929
545 7
143 902
495 213
489 4
507 907
147 316
559 259
511 443
441 420
293 146
111 240
327 725
56 334
502 397
649 65
523 886
545 590
605 257
188 386
236 731
173 235
99 773
471 802
87 818
314 399
617 780
214 996
433 630
106 897
435 43
514 967
376 446
171 781
103 416
524 311
390 350
531 105
40 152
502 496
245 139
575 97
174 520
342 600
265 51
310 683
229 180
97 165
318 953
538 11
285 107
75 434
6 756
410 671
140 151
4 909
46 720
201 603
646 648
578 347
335 747
107 509
219 129
242 610
184 432
541 1
453 320
288 13
39 982
434 196
531 922
18 410
279 552
203 468
263 443
280 78
290 773
74 462
254 105
426 206
214 802
442 13
503 129
253 903
487 818
18 513
345 871
535 726
306 324
30 716
102 161
385 15
509 460
38 782
630 828
181 697
43 415
447 737
639 405
256 360
103 754
460 876
355 696
148 593
532 978
405 268
99 611
105 912
107 117
411 765
107 946
341 196
543 583
379 156
22 164
153 192
303 805
149 927
229 756
643 491
653 780
111 763
209 95
299 816
609 410
606 739
557 900
610 110
273 258
402 175
484 414
462 304
157 123
29 705
603 59
426 277
589 113
198 856
402 120
605 592
29 594
73 361
500 361
107 719
523 793
84 496
354 588
340 119
199 693
403 291
237 757
124 925
642 722
561 38
594 83
419 38
310 925
222 750
480 489
467 671
157 475
574 641
24 45
280 133
244 418
459 635
285 19
515 101
282 221
250 770
120 385
197 708
310 451
429 58
173 492
83 999
360 728
289 457
617 289
634 427
243 842
564 459
509 268
316 685
526 212
375 758
247 939
310 633
488 701
219 758
274 347
33 758
293 17
403 184
329 784
492 432
461 205
600 554
196 376
172 195
593 534
654 441
27 384
502 366
624 794
342 209
307 613
394 100
129 677
400 119
155 51
487 436
163 612
468 513
236 784
555 41
403 956
647 275
409 312
209 985
530 874
568 155
361 178
393 762
531 300
590 333
448 417
395 871
578 206
228 254
35 923
92 326
588 420
600 556
593 700
595 132
264 814
527 548
245 762
341 94
213 190
406 490
124 234
513 457
156 995
352 779
14 705
239 418
32 936
232 69
322 835
550 606
41 860
306 932
370 974
97 682
163 388
105 198
210 334
15 283
158 155
328 375
273 490
231 182
145 79
463 581
16 365
39 656
660 958
180 540
93 877
94 357
414 396
495 210
479 790
494 68
379 222
171 27
624 902
2 689
433 66
198 788
336 106
269 208
229 843
413 987
183 23
405 936
456 976
154 277
221 273
436 76
645 101
646 933
56 982
567 123
560 599
589 995
173 819
166 224
398 916
154 442
639 332
82 570
289 472
636 223
372 383
336 780
19 663
570 703
256 641
297 636
599 16
623 153
352 686
560 527
436 152
482 983
284 685
332 986
308 162
110 384
236 113
509 971
274 381
347 217
43 631
86 285
137 901
413 301
61 389
119 478
473 295
468 156
380 168
549 555
301 904
8 369
387 541
328 433
660 773
559 449
372 9
417 724
344 228
212 586
262 288
277 531
97 897
173 856
97 696
456 186
145 361
141 592
2 381
507 542
54 201
80 201
177 197
240 963
427 759
434 13
414 845
158 752
5 718
417 939
324 418
652 425
546 301
560 872
169 896
132 498
591 136
491 295
331 237
277 634
623 68
597 824
499 38
435 796
175 775
104 750
250 808
140 319
382 733
136 86
264 959
509 638
298 442
537 822
289 913
149 415
441 622
593 42
16 218
356 624
489 691
394 399
141 272
300 692
323 983
351 587
385 88
21 553
632 72
165 131
239 487
170 508
509 882
389 851
78 889
601 314
232 914
653 608
143 524
141 112
255 533
88 152
556 237
589 939
485 801
420 672
235 937
395 816
162 682
320 659
281 356
341 804
479 420
398 465
121 860
387 828
468 535
263 452
305 941
471 133
370 493
631 260
310 822
616 803
216 476
583 747
252 378
171 213
578 42
624 912
650 254
431 503
470 859
593 568
489 801
607 669
134 148
19 783
660 870
246 326
134 75
330 698
266 915
329 550
373 747
459 255
28 260
297 401
178 515
145 410
211 959
124 61
557 839
537 249
220 177
580 880
349 100
412 720
375 135
551 541
560 543
260 701
592 301
566 338
151 934
81 580
468 657
423 933
370 821
171 603
15 80
193 241
543 625
128 430
10 271
613 396
296 287
592 402
536 242
532 155
403 524
664 725
214 199
633 19
481 398
115 652
11 90
402 977
44 968
117 50
531 33
452 738
279 689
123 55
587 153
351 331
624 902
253 582
565 927
528 969
616 986
124 668
647 479
528 129
464 116
628 62
143 567
107 592
327 647
224 99
553 84
12 250
203 418
544 749
384 51
160 806
271 146
498 739
303 320
347 824
48 962
156 586
533 321
499 852
371 985
222 262
480 874
476 481
67 330
192 516
307 370
286 554
628 972
546 242
378 308
64 318
302 948
656 620
649 13
243 136
169 909
577 400
572 868
128 166
534 758
548 154
25 540
221 158
80 194
180 248
296 802
560 403
168 520
596 718
322 165
156 971
584 485
561 409
43 560
617 43
224 732
509 567
634 417
55 480
84 908
264 13
386 981
569 575
163 753
323 7
279 64
461 629
526 384
6 106
423 800
121 543
360 710
247 28
293 586
465 418
183 408
243 777
459 978
185 139
612 732
146 919
46 262
495 647
403 934
341 682
362 859
135 195
68 939
1 992
373 766
368 828
214 816
476 581
649 371
481 526
332 59
534 510
451 536
314 384
60 935
325 945
136 377
622 478
580 123
191 931
433 829
539 828
356 531
368 592
56 7
368 577
470 284
32 917
105 685
288 176
372 804
452 32
21 819
358 255
182 199
21 581
134 407
384 868
94 210
365 314
173 550
418 890
351 602
217 3
170 125
116 143
415 548
320 270
260 520
225 953
419 557
658 79
603 365
261 467
422 251
575 771
439 937
76 67
629 594
495 104
301 224
480 750
231 47
503 755
456 712
545 729
350 519
590 64
286 838
437 849
111 776
571 796
95 534
186 715
510 270
378 973
253 62
182 292
376 686
365 303
569 459
568 145
394 357
539 488
339 58
659 623
174 616
136 932
80 111
195 682
166 340
216 344
665 320
609 705
185 671
20 499
185 82
400 432
185 29
50 263
245 25
206 347
175 43
466 635
39 907
271 801
394 119
416 979
372 157
454 173
332 924
292 469
308 148
460 134
513 281
211 566
279 124
573 199
638 570
430 569
255 403
190 351
466 828
423 358
207 694
60 841
517 956
485 39
450 857
370 947
265 64
212 723
661 18
467 595
161 916
116 311
543 262
161 364
350 861
463 663
399 305
263 444
179 200
123 753
564 113
408 672
10 170
120 745
600 899
115 645
422 769
642 588
403 972
101 560
188 465
441 464
408 168
44 430
76 710
296 841
565 13
658 716
219 864
10 653
435 776
571 951
185 65
116 712
332 533
531 948
120 904
200 488
630 218
121 415
375 304
47 393
267 668
527 135
528 704
104 392
19 551
397 992
75 261
289 172
450 601
480 382
367 434
510 487
293 823
437 520
530 878
535 264
24 878
386 730
555 428
337 331
520 346
581 544
306 811
516 446
423 801
595 840
499 1000
238 101
485 8
650 40
330 270
407 254
343 787
378 363
265 324
279 965
555 344
505 295
394 174
143 616
379 372
506 874
469 433
378 203
439 436
531 95
530 882
12 868
559 700
659 908
162 534
227 183
418 146
308 142
301 443
95 937
386 322
383 362
551 765
141 816
18 259
353 837
430 473
393 144
375 464
452 92
184 388
202 143
104 310
300 196
10 283
556 706
568 772
185 842
84 796
287 700
508 981
255 267
417 683
196 653
38 215
96 972
167 293
148 79
289 214
254 737
4 639
598 553
648 712
284 33
357 919
162 120
561 90
211 912
398 152
210 736
553 353
143 202
510 689
663 38
417 153
551 382
10 118
80 808
479 304
532 183
337 829
580 362
597 891
461 260
388 369
327 274
473 391
137 352
17 353
4 93
541 880
491 314
372 337
578 766
14 444
427 677
574 838
434 4
16 431
626 695
7 205
116 708
380 80
503 29
592 483
466 770
299 769
186 805
199 222
515 148
179 802
561 298
27 530
290 438
439 703
511 794
392 636
147 101
521 468
312 570
253 889
87 119
328 126
290 287
240 103
202 472
366 228
341 798
162 850
141 910
312 161
453 988
42 943
303 133
587 19
58 894
356 339
57 363
291 343
228 752
274 171
461 892
474 769
494 113
120 645
613 78
277 847
661 853
360 180
552 341
64 414
447 993
520 47
554 118
623 506
252 609
576 442
273 431
12 993
546 532
53 211
117 885
82 128
316 285
531 485
241 804
482 363
596 267
382 775
191 17
155 505
334 209
649 309
184 314
561 261
148 670
195 316
663 139
264 916
214 629
14 169
125 882
442 485
364 52
663 482
612 355
253 315
301 616
599 883
658 587
386 491
198 415
304 497
507 768
401 44
97 724
546 881
29 79
492 529
189 285
345 88
651 276
473 976
103 183
128 484
426 956
440 237
314 999
372 81
381 357
3 414
365 522
179 140
646 803
644 440
617 213
143 898
29 188
662 48
574 677
315 144
450 524
307 42
577 454
293 484
582 577
360 749
94 599
539 714
329 823
642 635
232 692
396 63
540 860
107 996
649 786
75 88
465 764
84 363
107 869
454 794
262 348
547 254
431 884
608 971
359 250
106 281
662 946
291 183
573 899
310 835
207 518
149 19
243 90
430 743
206 523
382 940
528 671
594 978
136 512
367 663
396 21
511 67
499 648
123 554
132 313
29 149
319 161
650 489
567 176
114 926
112 569
34 129
438 864
147 202
377 779
10 95
652 414
454 487
111 349
98 816
196 22
623 274
227 828
571 370
399 206
486 568
155 981
239 297
531 785
618 293
85 981
503 450
295 271
213 599
468 897
39 274
321 91
555 803
224 134
111 158
543 402
370 45
187 73
606 260
219 738
513 915
414 879
531 632
359 223
176 234
207 605
583 247
452 958
38 775
71 751
39 822
475 974
543 918
339 756
388 243
336 673
228 333
191 536
639 641
553 310
363 329
579 399
654 71
129 650
386 254
551 976
481 721
513 360
440 146
661 334
77 93
551 944
583 610
320 456
561 230
202 845
280 762
223 929
382 203
545 44
600 272
360 960
382 712
402 403
539 217
396 752
308 314
406 390
580 898
71 751
280 886
282 162
171 335
38 354
638 130
430 141
6 238
228 374
67 361
422 956
290 548
630 753
245 34
76 755
297 421
115 926
218 801
183 719
262 175
623 459
83 692
146 62
214 959
626 69
403 726
446 461
502 33
488 33
89 446
177 111
503 660
442 404
419 392
398 892
359 667
345 802
129 497
52 78
411 283
495 410
242 286
482 165
38 58
653 880
431 197
42 659
67 301
633 473
586 41
524 15
419 689
25 921
229 209
126 86
564 963
37 263
419 833
479 412
467 279
28 199
527 327
272 686
323 298
473 501
119 694
625 210
593 115
639 336
591 181
645 636
134 645
650 595
5 952
154 410
181 54
635 20
326 348
88 280
257 531
638 529
242 95
580 36
324 680
591 301
420 228
387 98
629 619
321 822
181 194
330 496
540 9
282 961
403 485
650 226
318 958
507 276
150 754
412 117
482 136
403 58
275 718
293 719
503 28
505 89
138 879
457 253
113 623
600 766
532 537
572 562
482 669
561 142
633 657
422 262
642 804
545 462
265 436
527 260
98 561
401 98
149 239
536 273
232 792
573 753
386 360
225 698
540 239
197 87
384 347
566 838
272 299
72 577
215 101
545 167
358 832
587 827
414 931
170 84
439 133
273 396
25 330
55 722
5 652
313 768
367 216
47 725
104 813
74 899
611 561
213 986
649 419
487 204
414 970
10 335
191 276
323 790
166 248
404 520
516 405
570 383
146 824
153 355
350 66
257 477
506 896
130 204
647 681
207 91
250 604
54 281
433 47
277 319
433 657
201 862
454 857
494 567
265 316
211 952
200 931
380 854
43 730
92 765
394 75
235 394
35 417
565 834
105 725
581 656
234 477
422 699
65 304
328 917
653 627
583 61
520 815
590 430
239 496
618 86
643 871
105 696
252 554
597 730
56 823
328 768
37 916
627 463
301 434
619 51
641 141
496 425
285 366
613 61
35 905
515 710
304 167
523 829
232 341
89 442
118 444
152 807
243 223
359 890
460 336
186 207
345 938
472 556
297 296
485 452
429 669
208 805
597 763
622 770
638 108
643 793
636 916
519 637
488 349
25 725
385 440
616 932
537 795
389 87
556 526
302 162
370 277
496 635
72 257
465 197
348 207
316 167
256 7
500 243
339 558
540 791
55 564
68 415
483 911
122 105
416 295
344 903
557 128
384 225
587 59
313 32
281 388
283 68
572 637
537 375
88 442
68 608
465 548
195 642
84 814
109 674
52 499
569 780
392 534
53 86
15 872
366 675
604 981
137 593
42 223
320 780
179 474
653 113
554 558
505 339
141 577
28 90
425 682
420 567
87 39
569 778
125 248
565 4
269 849
411 221
34 276
119 335
186 477
655 272
555 428
156 949
351 590
217 986
195 341
434 218
623 803
25 269
261 75
534 5
583 705
509 128
561 908
35 649
559 731
171 111
312 725
74 125
387 151
301 96
351 131
664 340
96 955
126 8
244 170
457 165
658 147
83 738
158 240
338 67
300 252
6 878
525 529
504 740
230 452
136 62
447 132
342 686
650 750
127 889
412 380
238 92
505 281
467 396
157 806
326 892
431 553
536 675
325 737
482 395
510 787
32 12
322 744
510 94
527 764
320 355
246 41
613 659
299 794
52 805
600 864
248 437
128 49
538 192
50 68
490 305
91 822
39 392
388 232
187 798
290 758
312 579
43 841
273 712
252 62
364 629
197 638
637 212
89 20
106 724
594 594
587 175
157 244
561 180
564 314
183 702
182 691
576 994
609 613
166 541
354 782
316 316
322 302
156 451
374 106
60 607
650 723
205 899
294 637
441 71
483 65
569 212
261 411
115 433
383 980
380 337
603 545
98 171
393 810
636 297
124 260
613 705
122 800
172 287
122 433
513 209
658 930
298 890
264 94
128 551
619 62
40 333
217 343
556 345
424 977
623 694
52 521
523 411
43 271
462 970
427 425
60 507
563 486
304 855
567 484
254 669
112 259
315 376
560 120
195 182
429 675
569 667
213 513
487 844
585 994
559 189
521 444
299 667
96 614
49 427
61 726
415 337
655 868
626 18
622 869
200 923
100 512
667 807
233 644
416 620
263 849
101 310
482 554
175 971
217 609
279 598
425 323
435 589
489 464
39 523
395 196
290 446
472 729
40 802
183 723
362 652
366 450
246 879
523 868
165 539
235 392
269 497
153 619
222 304
493 303
321 699
211 336
87 649
658 373
383 420
465 733
45 362
609 863
131 135
332 72
91 521
579 761
158 11
18 815
475 227
156 202
548 371
134 854
349 923
38 908
146 461
469 106
70 208
561 663
85 519
69 32
282 519
486 174
484 44
510 294
14 564
285 127
501 442
444 143
26 341
532 191
183 190
423 842
337 670
145 922
316 397
15 939
378 772
34 270
62 804
340 208
270 269
381 968
499 56
530 348
647 965
515 37
514 238
296 406
656 426
6 137
305 243
296 258
276 1000
82 450
513 60
599 517
552 205
632 764
567 382
209 956
584 533
402 702
547 190
20 37
65 990
105 611
638 352
170 852
465 676
347 256
404 147
81 357
407 764
437 124
302 795
379 904
151 180
265 186
257 316
616 655
340 177
299 456
490 109
275 464
632 663
529 146
545 457
68 521
381 363
256 390
29 887
168 750
399 571
192 673
533 842
21 956
393 107
414 360
346 448
263 193
631 113
567 511
35 407
647 152
354 625
28 844
70 730
360 760
334 904
524 348
172 231
532 181
169 740
306 891
280 651
180 532
461 50
101 640
456 587
406 114
485 734
454 573
554 660
98 605
564 173
412 962
378 363
357 585
173 205
175 138
645 797
171 571
603 250
440 563
451 95
22 136
250 170
371 874
198 6
69 581
218 721
384 923
444 383
650 8
72 381
239 148
330 175
163 213
312 954
497 234
334 482
642 777
285 206
185 554
13 415
257 585
649 453
82 416
446 378
477 554
22 300
588 442
158 879
297 122
635 473
111 420
94 181
275 677
269 665
431 460
311 199
525 664
427 335
599 735
643 20
451 896
471 979
525 394
519 615
151 378
294 896
168 337
224 894
618 748
68 107
155 35
82 567
537 746
311 161
133 338
176 77
315 241
317 120
164 782
404 414
257 278
22 933
88 578
550 959
566 463
502 540
598 44
4 670
16 463
470 523
582 57
379 894
7 661
187 965
18 117
482 885
244 445
249 26
35 550
361 808
433 436
457 125
36 721
173 4
612 880
622 891
98 994
521 165
95 916
198 322
583 959
141 562
378 575
168 934
516 181
27 39
421 53
482 140
620 745
657 537
524 28
154 555
566 567
531 700
318 863
24 421
297 709
373 375
433 517
513 105
242 247
185 982
431 946
245 956
341 356
26 589
664 451
561 457
224 975
77 843
451 757
335 456
88 542
207 475
414 429
504 236
275 829
220 12
201 625
647 866
394 114
71 185
548 357
13 576
394 474
382 792
578 254
446 186
85 554
458 991
351 721
370 749
275 478
263 113
507 4
125 535
242 92
665 36
280 498
2 397
408 504
132 485
65 122
3 363
375 81
349 409
303 304
247 126
216 226
350 669
333 682
65 660
630 137
386 950
623 419
652 770
272 434
182 25
236 890
354 123
453 547
44 739
184 827
279 479
29 105
574 833
247 283
493 760
482 57
343 888
326 343
37 726
112 991
123 52
154 525
341 531
279 745
243 404
271 201
59 22
278 316
571 372
60 312
92 724
44 556
78 984
165 175
176 465
435 911
104 511
473 723
226 378
178 82
419 613
543 706
235 469
408 570
201 350
412 375
339 222
491 563
13 104
39 49
326 955
274 371
659 457
410 148
201 1000
638 566
358 876
339 398
61 307
149 627
595 119
659 610
617 368
559 181
407 464
531 327
5 317
494 690
450 602
115 761
246 918
51 182
141 115
55 125
169 208
566 887
3 8
492 945
71 881
9 458
514 54
507 688
185 534
351 692
113 946
533 297
127 186
459 169
207 161
119 416
454 165
408 879
418 944
53 714
482 306
390 810
168 340
155 748
483 558
518 649
636 994
435 964
507 286
525 527
471 422
576 150
204 945
134 890
4 799
300 191
589 737
423 542
461 401
646 372
664 869
