4154 521
478 809
468 994
332 658
198 280
258 563
325 543
426 956
61 832
278 502
411 143
266 752
56 981
114 773
242 39
23 836
71 317
291 983
88 940
309 860
95 869
189 447
245 699
92 6
387 985
422 787
270 834
34 230
189 167
35 161
51 85
134 706
428 820
422 500
131 169
319 246
451 4
63 474
212 707
193 783
124 134
34 264
411 321
161 595
397 93
138 955
73 806
65 151
151 510
251 272
314 193
155 583
473 927
424 588
426 430
282 736
270 374
420 268
483 978
473 504
272 741
364 133
342 27
284 795
519 28
322 300
24 956
197 439
290 142
95 702
258 308
437 72
513 745
476 280
115 807
90 68
439 953
146 351
388 67
396 887
97 764
374 159
142 763
235 542
395 911
125 359
291 558
434 551
98 759
157 3
284 760
123 623
19 416
477 527
438 38
81 586
292 920
20 378
254 317
320 509
68 108
100 759
163 810
10 902
104 753
125 164
146 179
73 65
367 195
195 951
253 516
180 836
313 168
369 995
390 154
138 195
492 524
174 734
133 690
170 716
483 437
146 926
248 434
145 827
292 976
200 406
388 38
519 629
284 250
495 516
277 922
475 872
453 199
3 693
415 214
81 17
415 125
293 110
193 388
269 700
428 329
472 956
181 218
323 742
223 592
127 892
92 758
468 53
402 902
344 259
209 276
55 269
217 769
6 902
320 361
305 124
338 13
144 322
289 146
150 14
357 793
382 3
274 837
20 304
141 176
189 544
409 222
448 385
397 767
260 925
251 362
194 795
231 685
348 390
404 710
44 157
319 837
164 602
416 127
315 875
342 309
233 140
51 707
382 51
187 673
323 747
315 405
93 778
440 936
130 42
137 748
146 395
109 12
46 96
485 700
520 286
232 365
321 368
64 171
289 829
174 598
280 856
69 396
131 871
497 597
99 334
40 742
359 801
381 367
282 397
442 29
286 599
81 753
65 795
492 374
408 343
33 111
128 797
151 583
515 493
161 703
172 80
308 187
211 790
452 5
45 305
8 817
217 536
14 727
142 549
506 741
256 343
78 634
207 473
480 316
369 753
313 403
453 162
95 892
167 714
172 686
437 429
74 304
136 512
468 745
79 78
274 119
262 711
69 969
394 380
119 517
323 196
459 355
99 843
399 943
295 789
4 131
447 431
489 10
302 823
234 743
407 287
383 748
313 38
195 627
418 126
70 393
518 79
467 438
285 91
361 254
238 968
226 507
271 689
377 656
165 37
176 279
143 319
515 29
441 220
455 537
162 808
71 16
186 929
336 884
494 586
143 624
2 722
122 814
255 859
348 865
419 651
25 227
509 78
256 400
309 578
509 241
376 633
298 699
267 107
448 477
375 393
478 309
343 299
287 516
127 323
422 429
420 16
241 434
311 964
206 287
388 774
242 293
80 281
514 760
25 907
431 330
289 871
297 934
248 404
244 325
351 931
484 957
178 236
69 44
113 890
369 97
167 330
99 444
253 97
403 801
460 659
291 594
7 844
89 18
344 563
378 474
133 610
499 911
449 608
348 258
223 815
249 639
133 470
280 607
219 535
332 230
130 834
451 13
121 289
461 105
182 626
86 410
457 744
205 477
226 482
147 587
397 947
345 544
31 456
143 436
140 861
449 133
61 25
200 619
224 645
319 587
435 544
199 501
125 814
435 166
327 652
466 599
217 718
344 67
101 826
428 893
483 562
66 704
325 286
270 493
39 136
515 697
191 814
28 684
52 443
423 67
177 790
147 854
112 633
83 859
254 291
47 257
439 599
115 846
293 179
68 194
463 970
354 385
334 226
512 917
313 903
373 322
327 566
20 305
136 171
423 981
257 563
233 728
55 963
312 335
137 863
177 2
453 587
279 166
231 574
68 802
224 178
9 173
383 206
267 534
248 340
285 243
283 547
480 427
186 293
219 372
99 978
39 93
426 492
104 909
400 169
157 107
52 157
507 619
250 613
424 767
138 892
450 100
94 634
243 609
256 864
177 963
30 101
115 44
145 484
138 495
406 412
113 78
34 14
109 957
474 955
165 132
212 412
245 120
510 376
130 706
323 145
188 726
199 767
14 30
293 331
386 445
396 717
402 45
493 256
345 417
94 616
443 723
262 611
403 159
86 477
232 846
400 666
364 549
243 360
489 475
459 330
64 430
458 350
395 831
285 96
129 849
73 861
9 278
11 953
491 810
103 857
86 894
91 826
240 222
86 120
284 156
395 264
421 403
470 350
191 4
61 671
442 196
29 921
426 364
279 630
201 760
328 93
203 41
194 569
17 627
392 480
56 623
238 77
403 682
423 830
301 412
413 454
52 259
205 12
310 965
293 83
430 953
17 112
244 199
217 879
182 787
200 487
244 102
4 881
290 461
464 500
266 408
234 444
54 700
499 671
259 970
265 463
351 854
436 162
81 512
326 509
42 14
288 413
309 392
80 748
215 307
23 338
23 639
267 658
348 49
55 144
322 322
42 978
114 957
172 124
124 141
508 202
312 509
177 314
33 438
28 807
47 180
76 623
82 73
500 430
287 65
152 337
489 253
126 940
498 176
145 597
28 901
188 798
50 70
456 431
170 134
432 241
502 217
105 556
252 311
349 642
308 909
217 50
127 899
85 758
502 302
213 909
234 800
194 50
227 683
393 66
381 546
424 842
461 153
199 472
161 928
350 453
341 659
226 625
487 380
48 279
206 960
34 436
492 942
302 44
87 900
170 814
452 169
85 411
432 492
90 394
355 604
222 455
265 373
85 520
137 737
488 591
438 829
339 123
243 568
7 462
17 135
235 312
214 548
485 298
403 410
205 397
44 59
74 753
11 506
52 646
432 1
147 798
171 501
70 40
399 765
251 95
185 118
124 833
272 514
120 673
475 484
502 510
86 325
416 266
503 859
485 659
315 885
134 261
293 992
31 573
135 645
458 920
68 744
249 474
67 730
89 632
481 609
119 719
257 731
374 258
281 350
515 847
155 235
199 731
280 350
77 850
447 664
513 703
224 269
33 2
397 447
203 229
80 473
366 663
6 708
22 913
504 469
218 195
295 725
365 760
396 1000
192 829
12 503
316 470
290 702
450 666
419 558
44 458
49 412
135 446
194 336
76 287
345 943
376 94
39 98
485 36
317 589
209 8
26 600
436 876
184 874
270 528
283 777
230 318
473 42
129 148
492 512
114 549
515 829
110 480
104 442
15 480
484 821
135 858
263 406
147 162
467 25
355 126
315 511
439 137
339 348
499 178
20 922
265 250
478 917
92 298
92 478
167 130
394 632
2 507
278 358
125 415
514 619
517 819
329 256
362 300
411 905
391 503
414 976
147 159
162 65
243 754
123 429
496 965
129 551
369 868
145 961
166 579
402 208
130 328
159 356
424 933
26 66
209 403
106 530
411 978
10 504
86 146
430 743
115 686
52 681
490 100
163 960
170 358
106 681
208 747
27 972
112 654
283 949
424 678
140 854
116 797
54 91
189 906
356 212
241 543
474 742
348 227
76 426
308 72
9 437
261 374
291 23
375 535
495 12
215 881
193 422
472 87
224 80
130 320
207 444
135 862
85 255
458 777
112 512
372 194
76 260
62 432
162 461
123 854
159 350
466 43
135 33
217 552
88 809
274 38
49 320
357 166
77 618
442 598
412 280
90 499
482 839
219 849
273 62
301 693
410 923
504 484
392 319
521 369
497 381
437 187
24 439
485 620
479 25
23 131
313 164
430 227
479 381
127 866
49 387
411 667
71 220
262 148
125 568
73 625
409 877
142 271
239 498
83 218
61 716
233 95
261 915
69 442
303 814
407 538
516 107
388 664
11 32
457 668
193 341
476 976
222 855
386 546
243 815
215 662
34 233
506 378
340 78
87 545
141 618
234 841
518 774
154 13
395 543
233 19
477 341
154 102
3 725
106 29
343 840
515 803
137 330
406 989
507 691
130 295
359 369
156 367
246 988
178 552
345 201
387 353
301 720
329 900
26 574
82 359
40 524
158 694
200 862
162 7
172 236
122 964
23 180
75 165
349 94
202 939
368 807
330 326
437 471
144 80
214 267
434 16
12 907
401 329
510 845
99 864
415 208
251 905
119 946
6 954
2 307
9 686
153 864
193 203
262 376
297 60
208 298
448 785
181 622
208 890
64 727
134 280
50 112
243 452
259 731
285 150
342 563
497 591
83 20
263 335
343 357
152 704
516 485
192 800
498 523
82 547
29 757
101 248
458 66
99 799
488 976
326 521
441 431
331 544
381 955
189 346
369 102
102 114
99 211
130 623
434 429
301 324
155 830
11 326
3 168
177 937
428 144
31 180
323 413
411 184
162 782
150 756
54 921
369 700
349 325
42 702
379 33
48 819
72 922
156 332
37 41
423 667
422 867
216 245
26 743
237 799
287 955
129 190
58 432
95 773
89 705
376 539
51 896
82 506
81 226
100 714
491 925
220 195
272 969
261 303
87 364
324 629
302 980
387 399
54 810
43 109
390 321
197 760
68 683
61 240
285 84
476 110
305 429
101 515
181 914
281 559
459 957
287 139
487 225
498 71
226 167
256 565
303 164
462 796
205 209
1 198
417 682
335 914
9 536
307 427
518 591
48 318
260 776
215 464
520 64
481 398
300 480
103 412
359 803
245 271
262 50
505 714
74 211
202 541
183 478
426 81
286 151
360 245
479 423
33 116
473 403
296 813
132 915
6 346
196 196
393 593
482 895
372 190
383 888
231 639
237 39
423 247
237 410
12 755
430 929
165 984
454 441
333 323
327 786
243 391
172 121
203 587
2 655
22 705
263 319
323 833
377 868
154 996
173 745
69 809
477 231
194 843
78 595
128 496
55 380
482 780
13 625
313 700
452 946
248 788
279 746
236 985
459 420
97 856
53 531
85 357
372 712
429 325
347 815
282 253
168 538
509 712
46 685
53 388
454 224
100 757
255 737
468 945
231 647
455 91
295 608
266 561
51 387
389 902
173 583
18 384
93 395
468 507
338 595
60 612
489 666
241 766
127 618
481 409
424 829
377 454
286 456
39 284
243 403
92 478
349 762
6 883
265 439
2 925
64 221
213 514
58 14
58 790
323 503
80 23
332 855
39 272
380 123
220 15
274 541
425 990
307 736
180 261
404 430
83 414
195 122
82 920
31 814
437 110
406 463
409 957
498 556
40 73
229 834
360 760
439 875
134 253
8 818
249 775
517 904
384 143
394 555
517 654
505 530
175 228
512 322
141 850
145 36
270 273
155 900
332 737
361 12
64 435
219 391
340 735
282 862
170 87
41 110
280 138
368 816
361 946
139 368
388 998
133 791
441 745
342 17
333 201
223 952
65 289
133 135
132 967
311 503
379 335
34 917
271 542
260 882
480 119
243 98
254 890
117 958
24 8
470 282
68 384
170 319
342 854
228 546
361 750
17 979
328 517
460 615
64 257
425 15
495 260
142 479
148 245
257 472
122 494
225 942
338 943
302 690
390 386
5 713
224 557
239 603
64 867
222 989
87 539
205 607
298 567
33 151
100 263
216 309
290 396
46 613
238 853
69 208
234 45
79 730
436 722
445 109
205 720
141 221
1 628
249 707
411 666
70 235
168 440
101 765
20 368
476 527
143 610
355 513
358 255
243 16
438 455
32 291
346 660
223 649
151 109
18 314
348 204
183 81
18 280
231 969
356 572
147 52
490 70
487 821
518 513
381 904
111 443
344 213
304 920
68 976
491 453
69 564
73 414
520 115
471 200
307 880
342 431
343 453
430 714
271 317
472 746
457 643
150 423
252 801
295 203
31 83
296 444
92 1
290 662
342 472
497 463
450 754
103 458
215 409
325 757
228 992
171 770
394 26
516 1
454 217
86 45
329 800
24 387
59 978
403 606
212 473
189 333
150 223
516 931
499 832
248 383
115 142
386 474
481 628
116 499
70 972
117 470
359 433
333 656
38 397
249 765
342 861
270 771
169 496
484 668
349 979
91 184
356 303
471 705
7 954
502 780
125 866
399 287
150 629
73 389
114 188
184 996
99 323
179 24
243 683
334 77
241 633
80 441
361 980
328 462
500 114
489 637
376 252
72 222
240 733
76 770
421 423
433 233
191 926
278 188
493 138
163 260
362 66
235 640
418 916
166 412
11 302
9 733
292 240
504 77
67 879
479 29
144 724
38 246
106 163
218 919
242 661
110 835
440 710
133 80
188 311
238 584
491 133
339 859
269 776
261 956
215 925
267 832
53 477
361 114
258 268
73 970
332 834
386 465
466 453
58 838
125 902
465 700
119 487
446 42
79 811
310 537
231 422
119 770
136 25
172 614
323 24
481 475
75 955
214 526
257 624
316 459
440 543
90 687
404 669
431 831
35 362
223 910
85 627
211 939
61 112
36 240
132 207
198 972
113 495
282 922
494 302
448 616
405 468
125 857
521 614
446 844
115 164
250 978
377 474
197 939
99 499
271 778
277 761
192 397
300 695
483 982
1 736
246 188
247 764
70 707
38 426
498 767
216 841
192 237
71 437
159 987
95 833
310 955
334 55
192 516
230 401
472 505
324 500
24 768
197 616
200 867
172 961
180 995
412 601
208 640
493 611
215 42
486 234
362 748
396 256
342 779
41 367
495 131
482 340
515 298
396 438
160 547
505 788
43 37
481 132
432 602
520 685
115 984
300 158
484 611
209 4
258 937
203 992
123 172
167 799
478 884
173 352
117 475
463 602
492 423
360 643
86 547
224 705
275 694
36 45
20 826
416 756
472 814
245 117
219 237
501 109
480 621
155 973
18 585
76 915
61 376
521 237
388 259
8 945
390 810
510 560
74 272
151 510
278 555
469 620
43 381
90 927
215 582
350 134
519 655
226 207
272 488
117 202
256 435
299 133
391 582
508 286
331 629
485 436
332 79
254 559
439 92
289 843
454 725
173 130
511 812
254 46
154 559
506 499
207 625
344 699
273 538
78 368
218 394
352 173
325 578
427 573
484 851
46 563
461 852
461 400
349 328
312 33
505 894
134 950
312 656
110 741
160 164
289 628
360 934
183 306
308 588
502 311
81 176
252 455
103 722
354 491
268 356
52 279
227 908
338 229
111 485
103 465
346 758
441 228
352 369
11 218
61 197
85 515
93 53
411 829
286 895
511 616
264 406
379 801
306 193
42 728
294 465
211 90
158 711
293 167
520 171
276 13
406 214
364 155
396 113
86 783
387 212
258 161
508 432
516 29
221 933
74 29
119 165
52 205
59 31
406 517
66 885
289 19
506 734
307 422
282 805
106 948
329 520
415 381
101 930
142 77
74 17
161 726
27 408
143 652
21 78
53 31
299 446
472 372
437 469
7 316
216 655
314 516
218 347
293 500
180 978
173 304
25 276
217 138
339 11
186 181
395 229
367 820
259 326
338 425
316 244
507 934
30 849
482 688
2 621
480 790
414 306
285 590
327 286
359 257
239 980
351 267
109 587
279 868
365 661
366 409
96 242
211 563
390 771
82 558
44 191
209 892
359 281
515 584
84 431
26 372
439 789
18 299
63 536
286 495
255 828
298 468
392 671
277 315
207 419
349 152
117 288
443 677
114 911
147 733
1 632
476 225
311 757
18 183
506 485
182 653
57 754
51 18
423 763
277 198
155 819
501 846
377 568
158 145
392 797
298 453
61 496
153 954
362 452
21 429
235 912
16 575
26 223
219 660
337 958
30 605
362 858
48 182
165 63
37 992
417 977
158 168
388 495
379 78
308 827
53 856
175 675
38 812
397 443
134 841
352 713
418 591
80 656
480 354
275 966
209 355
241 125
512 943
343 773
388 438
40 649
328 21
69 806
39 349
296 15
195 273
481 507
375 748
91 69
130 825
75 723
374 1
419 664
93 97
388 811
2 209
442 622
340 238
244 279
420 680
253 746
440 637
3 549
423 948
188 794
251 107
99 289
24 314
483 91
101 270
318 856
118 263
59 466
279 289
150 632
496 151
298 828
498 899
290 909
52 304
442 326
428 505
204 413
259 990
36 861
152 710
356 308
394 880
292 742
104 473
504 216
484 625
383 237
425 549
205 469
309 711
108 505
173 217
414 408
156 342
107 150
124 954
390 111
352 844
53 456
326 891
180 439
195 846
497 990
40 987
451 444
249 193
352 939
461 733
112 259
139 505
331 158
478 864
348 658
478 404
244 746
53 641
356 669
372 671
129 942
217 355
230 426
98 6
465 397
216 693
433 141
256 559
314 117
68 890
271 748
162 383
382 500
456 9
131 987
134 482
84 509
18 359
338 888
355 375
481 62
82 495
271 599
216 569
158 148
407 344
520 997
285 341
191 92
406 582
189 536
155 738
426 531
266 54
322 676
495 283
446 398
410 349
220 167
389 885
20 330
95 608
289 542
290 127
45 604
323 957
354 988
192 220
71 721
186 944
478 264
266 90
33 358
341 14
69 47
325 645
298 671
96 764
309 365
92 859
104 459
331 64
457 336
232 521
238 478
433 357
42 92
98 436
519 236
356 514
167 870
80 368
436 476
122 323
220 764
13 139
338 273
497 501
234 626
1 490
271 642
401 38
254 446
491 594
82 354
493 226
44 397
104 655
299 344
105 750
434 570
485 919
55 215
188 671
157 644
155 430
51 477
456 978
19 608
206 450
432 847
91 820
3 754
480 864
412 67
4 835
8 16
352 37
514 876
267 539
296 366
382 509
191 416
116 417
110 529
41 519
297 412
425 426
32 287
6 29
457 429
296 724
183 668
303 199
99 512
1 971
128 654
341 920
221 906
77 884
299 449
252 734
169 912
194 996
140 835
513 805
4 606
164 192
235 272
85 308
437 179
223 606
79 54
456 382
50 659
148 689
214 337
345 40
228 530
359 552
427 718
200 985
182 703
211 87
234 139
518 812
395 262
181 740
162 165
324 255
409 203
361 530
198 704
39 342
417 205
264 696
67 681
139 912
516 863
180 298
419 598
22 455
111 407
87 197
260 763
150 19
314 547
343 286
384 278
216 615
435 254
180 675
117 163
336 65
180 262
112 592
393 87
481 646
399 120
213 202
283 768
50 3
102 898
297 614
506 891
30 532
322 111
133 377
109 636
153 359
24 941
223 769
265 128
263 632
218 89
446 130
132 837
191 389
30 120
304 873
403 47
318 403
297 383
16 107
211 940
195 855
259 91
147 461
132 344
348 253
383 576
90 253
463 345
402 203
95 5
454 550
269 155
486 566
214 654
263 383
63 292
513 35
155 120
236 877
145 824
222 678
429 7
406 171
412 412
197 485
10 34
366 1000
5 814
7 292
110 332
183 935
497 155
6 810
451 268
272 223
492 494
119 354
226 45
59 285
455 623
150 873
121 334
394 284
129 944
289 390
326 378
194 411
466 681
234 292
488 943
71 550
292 284
454 241
267 355
361 850
261 728
407 665
146 873
409 388
37 202
462 874
291 999
219 137
148 470
294 641
6 714
166 343
354 817
230 323
76 911
433 866
434 281
445 76
207 851
387 255
425 123
137 114
224 923
193 59
274 43
35 762
343 740
418 723
444 646
376 16
9 395
358 421
205 426
223 290
151 717
219 669
102 547
258 509
472 190
40 768
521 622
265 150
91 229
212 571
203 338
463 313
145 486
53 420
343 337
493 196
108 134
149 470
256 706
389 916
496 993
385 688
6 513
431 493
224 950
364 694
364 804
78 413
223 280
438 678
372 696
245 633
336 950
124 355
428 33
482 749
288 187
283 756
85 884
334 87
301 821
326 469
487 743
178 364
416 722
327 91
304 6
218 281
127 957
406 147
147 782
55 474
144 276
154 266
375 221
507 485
505 956
184 710
15 864
117 327
123 827
251 99
287 819
266 628
220 508
101 774
406 243
109 386
249 613
186 740
305 758
57 670
474 819
496 531
330 121
480 660
59 419
43 583
43 615
48 323
250 442
100 805
187 296
149 621
206 900
477 402
232 678
121 634
385 240
172 347
260 8
380 629
87 986
145 286
339 507
154 724
491 679
477 510
162 827
516 148
64 539
177 202
177 574
464 529
489 773
78 326
236 680
471 146
58 144
247 368
467 670
183 249
95 643
520 363
169 214
380 694
491 817
49 534
89 524
517 356
499 881
407 429
99 38
160 761
117 150
201 381
313 264
17 578
453 719
492 683
133 952
328 99
392 967
407 813
301 522
490 218
226 692
10 871
308 428
352 892
391 451
213 446
183 450
329 629
213 481
125 279
442 217
191 795
102 924
295 63
178 63
450 419
494 655
113 52
30 825
38 898
125 224
370 10
173 954
55 828
251 892
220 406
327 290
219 887
399 511
89 277
376 315
45 672
43 464
324 988
6 549
433 595
105 339
182 761
387 874
132 830
365 69
76 600
21 498
453 22
395 187
457 438
343 199
114 279
319 361
390 832
490 536
194 95
22 990
81 123
13 298
258 811
375 758
520 949
308 297
454 784
68 365
236 626
403 602
388 234
267 666
457 295
486 587
399 231
420 648
298 41
472 920
26 100
88 237
320 805
277 15
222 13
222 383
519 681
382 964
238 520
263 489
503 33
287 973
47 154
33 353
358 522
301 614
172 584
210 5
469 937
492 44
246 798
492 712
79 291
448 397
388 90
455 560
377 446
394 942
278 872
154 338
89 350
453 155
365 167
186 283
328 280
156 721
132 378
354 352
508 433
438 270
483 678
259 22
232 294
348 798
455 130
38 50
188 5
71 287
295 81
181 953
62 162
447 301
39 121
75 407
431 826
12 134
25 310
231 459
317 418
148 830
67 159
516 217
152 1000
87 778
132 847
81 389
139 567
325 496
114 619
151 94
175 230
163 509
194 617
215 400
431 289
23 557
91 543
227 983
467 70
31 125
250 247
368 25
162 208
336 155
266 905
492 124
400 934
9 283
492 656
79 187
382 596
286 107
512 402
120 717
59 879
224 471
36 355
445 781
433 532
358 373
139 474
90 137
101 337
452 441
47 682
288 510
267 633
374 376
72 496
15 593
360 803
295 896
452 539
43 167
157 315
209 446
155 590
423 710
373 727
410 302
283 654
81 864
347 466
182 709
269 402
334 221
149 419
323 785
246 565
353 441
511 678
433 206
145 869
115 457
449 264
11 450
160 303
326 186
364 726
328 289
324 23
459 329
260 54
488 160
394 115
500 474
261 971
146 509
436 152
371 92
515 612
70 653
151 202
494 963
73 469
202 564
93 135
285 211
402 196
322 431
471 852
508 259
440 140
276 644
434 101
289 102
150 532
303 272
233 417
443 691
465 200
423 486
262 27
376 157
411 109
73 702
502 720
360 330
347 265
423 794
257 479
50 416
293 479
375 249
464 803
202 154
211 862
80 680
167 529
144 478
334 186
473 259
104 704
44 825
474 728
435 648
148 251
408 48
398 165
32 746
314 176
432 736
278 231
485 649
209 307
180 38
324 210
40 80
214 243
456 535
313 955
42 916
464 107
456 616
275 295
515 275
161 736
470 718
284 83
278 1
2 977
246 182
170 381
230 356
258 977
388 637
275 241
338 432
351 245
178 423
115 572
146 810
311 708
491 995
315 187
299 968
53 297
431 885
193 699
125 615
212 42
437 785
358 650
266 83
461 155
187 774
44 972
467 249
241 27
433 183
422 142
102 31
319 853
166 155
258 461
408 617
516 398
474 77
292 326
479 885
502 509
6 940
294 31
462 287
8 533
187 659
108 764
121 421
338 84
95 888
259 146
340 579
283 998
39 224
234 766
253 431
359 9
332 649
320 61
482 621
360 346
421 598
343 269
288 266
27 670
447 269
266 154
404 532
84 137
371 459
390 217
258 135
493 545
163 741
345 375
229 969
457 203
113 816
108 106
73 927
505 867
398 169
385 381
510 20
84 32
89 660
107 967
315 847
291 364
2 432
379 244
378 837
423 519
490 905
363 977
264 442
100 436
354 156
509 980
434 964
42 617
260 765
5 49
400 231
218 3
82 595
146 276
269 592
306 550
212 545
502 572
135 781
86 496
327 878
242 326
168 650
274 118
175 717
273 397
340 821
510 236
29 437
378 88
86 250
433 320
388 305
301 275
343 975
462 23
151 127
500 259
487 552
317 262
300 101
314 701
395 251
199 961
512 310
240 39
308 332
490 6
123 496
31 532
152 785
21 962
185 576
452 651
274 822
443 481
29 475
72 800
467 80
92 569
379 78
316 665
422 485
188 175
197 614
383 841
154 41
95 984
50 848
521 159
41 178
202 912
53 73
147 719
66 852
464 725
106 566
474 54
139 85
427 739
185 316
9 713
138 881
16 689
358 520
215 166
4 86
87 66
41 502
54 880
282 488
354 659
254 269
69 630
338 732
45 171
374 961
220 373
20 712
481 277
80 214
431 264
384 657
440 599
459 3
245 485
393 587
364 301
373 843
512 306
233 963
13 189
158 645
122 651
517 103
359 404
136 356
421 805
147 251
289 591
462 350
394 6
511 765
471 18
287 185
217 665
143 625
367 467
117 32
214 181
84 164
317 247
317 241
461 926
313 124
293 906
391 793
116 1
419 174
137 99
162 77
418 787
15 638
519 596
379 770
380 602
60 81
10 941
221 885
250 722
54 597
77 817
285 251
462 664
220 70
230 566
299 489
40 833
336 418
40 441
244 716
104 18
466 421
209 606
322 577
249 81
146 621
471 195
290 109
447 82
134 766
476 989
185 572
304 410
494 886
127 944
443 813
368 398
394 705
76 235
427 148
363 955
276 636
109 448
215 709
57 903
94 741
88 711
318 663
217 494
410 609
512 443
474 29
184 909
470 435
260 914
300 414
93 337
99 571
137 865
28 749
454 815
191 955
384 92
484 464
50 765
282 315
500 314
215 669
432 567
63 637
456 637
375 327
212 434
238 424
36 53
477 44
140 635
76 521
462 45
151 425
307 151
37 476
508 227
114 155
85 12
424 126
103 964
268 368
178 750
189 261
251 340
50 995
298 282
422 278
229 297
190 394
507 845
47 909
373 456
315 713
392 845
53 351
210 813
108 623
64 317
238 714
431 22
237 528
520 500
433 466
327 208
44 513
321 870
144 172
457 727
281 871
186 408
385 222
459 450
442 270
205 872
193 741
333 236
494 685
116 426
258 349
115 698
257 832
182 570
386 931
172 99
303 803
243 184
204 61
416 810
11 549
517 166
111 168
195 116
443 345
250 178
451 336
486 96
387 350
163 722
207 946
440 689
409 599
138 714
322 908
382 405
215 938
97 223
111 10
16 704
410 525
114 606
479 361
464 905
421 619
105 749
144 295
471 235
47 242
332 295
362 809
14 531
352 279
28 915
330 531
53 672
103 455
353 861
359 442
384 125
21 959
180 227
184 972
180 24
133 708
123 712
96 102
128 317
2 379
229 667
294 763
400 826
67 457
262 752
459 307
436 244
279 875
208 100
216 496
123 760
209 950
469 756
105 601
243 770
114 782
115 654
121 107
338 744
283 10
421 238
283 506
82 231
391 110
454 672
349 684
304 395
314 694
303 372
82 101
223 674
89 41
476 796
423 242
246 185
301 330
223 750
91 617
504 381
410 688
372 672
185 206
436 338
497 590
275 590
129 943
396 398
242 859
411 557
18 456
204 445
80 730
257 51
15 167
480 638
403 545
8 355
452 816
410 492
503 166
290 220
473 577
273 773
485 652
220 738
483 854
398 309
132 641
277 642
130 172
496 890
22 586
449 185
76 465
308 401
71 116
369 749
158 978
318 486
189 868
151 698
44 258
164 888
242 791
249 837
353 401
262 266
144 914
350 931
131 737
135 57
34 418
508 761
267 522
371 516
70 36
271 397
407 886
258 918
152 628
140 211
154 476
250 461
216 417
374 592
199 761
142 389
74 575
80 9
367 209
129 444
252 90
338 187
460 834
239 991
227 985
264 580
63 400
65 483
128 512
449 400
34 176
435 716
344 51
139 84
328 536
392 776
221 361
206 285
456 388
294 804
415 637
312 232
392 242
509 732
336 437
66 67
185 6
448 214
386 887
299 418
13 678
55 327
376 294
325 930
217 406
185 851
164 440
161 72
461 379
156 825
83 26
401 2
490 755
228 588
166 993
504 35
227 859
329 177
433 274
304 386
219 271
300 214
221 50
155 795
152 772
476 560
107 814
352 771
112 336
115 660
393 211
298 952
390 335
248 7
414 62
354 37
163 71
463 541
94 476
374 241
396 404
345 132
95 226
83 120
142 244
508 792
123 53
80 936
381 811
193 575
24 617
172 4
336 350
157 422
353 53
487 867
295 747
291 602
55 692
146 289
305 599
126 327
18 285
102 115
262 518
298 395
332 452
133 958
449 101
326 667
44 997
192 15
213 450
116 827
341 878
393 612
157 473
423 874
316 757
504 209
348 344
158 491
72 709
198 35
180 587
471 523
132 572
283 391
413 24
190 584
96 72
229 643
211 211
185 583
414 932
256 594
80 473
11 173
26 766
285 939
480 632
312 606
380 395
95 106
251 901
488 960
508 472
158 949
228 588
59 456
371 954
39 239
413 642
21 219
64 694
78 647
76 709
404 829
48 17
295 449
83 289
231 252
217 304
6 938
211 660
24 556
152 999
474 471
251 282
26 996
510 69
47 134
283 40
335 815
493 502
56 299
302 732
426 226
184 863
428 843
444 435
429 572
432 780
446 763
167 993
192 72
468 188
401 168
111 251
102 508
135 474
32 896
486 63
431 36
1 381
304 94
382 210
512 814
455 352
252 609
458 15
206 519
52 250
499 45
187 430
9 388
129 598
179 928
401 897
33 561
55 18
388 229
269 87
73 676
480 187
73 555
214 389
157 642
40 599
313 462
38 903
395 40
242 705
267 755
442 803
35 66
176 807
314 800
166 732
492 790
13 398
319 200
410 154
399 992
287 699
409 962
55 296
459 302
263 579
110 474
153 91
150 269
23 931
69 501
165 281
266 618
68 376
118 216
467 286
421 81
152 262
135 121
303 920
218 32
139 332
213 308
64 139
427 772
193 886
269 406
83 644
249 90
234 513
266 900
465 217
56 646
104 825
341 595
480 55
123 710
267 165
456 913
93 882
247 94
376 88
155 362
513 311
22 829
337 601
385 259
222 620
330 989
68 907
409 865
451 669
509 758
202 869
110 481
98 504
473 92
430 426
388 585
253 961
36 363
53 56
323 605
375 502
315 504
199 813
44 514
311 387
36 194
49 852
84 277
20 822
349 308
58 723
499 468
291 435
186 708
111 679
238 986
256 463
325 807
200 405
37 382
340 768
437 393
110 802
261 124
117 786
181 160
346 283
476 281
455 195
366 601
197 669
83 59
277 543
124 608
301 13
477 349
311 628
203 235
146 640
509 454
22 606
98 791
455 75
274 506
495 643
154 225
273 514
87 55
263 215
512 885
482 628
382 760
254 512
226 841
174 413
505 92
232 738
358 881
359 473
99 623
215 26
157 84
50 343
134 966
486 806
309 253
77 322
329 894
72 794
418 578
311 249
332 628
6 420
388 23
331 399
242 622
341 432
421 354
9 851
188 816
51 420
60 688
346 64
41 239
34 916
295 86
335 404
186 432
193 734
208 928
434 68
371 649
206 518
243 548
444 454
75 662
25 322
355 335
1 877
4 763
316 294
315 349
69 191
380 616
443 623
497 932
260 713
379 439
10 419
484 609
330 416
350 438
183 94
410 264
188 433
242 27
285 342
518 999
228 937
71 482
212 503
42 819
173 356
35 256
471 143
34 577
225 873
49 178
436 290
331 789
62 348
314 382
7 374
456 997
385 978
476 424
490 39
191 966
205 15
385 725
89 410
486 412
311 514
378 226
227 237
269 125
49 391
385 540
340 429
173 222
515 98
335 529
384 550
516 700
59 826
479 644
170 325
173 643
283 634
250 548
506 824
427 505
278 576
74 701
450 267
493 115
253 146
72 141
352 540
140 557
139 131
225 991
432 751
502 253
240 793
337 706
321 257
186 656
459 945
213 938
458 640
513 26
486 177
62 516
202 785
121 537
14 364
25 38
366 808
323 258
91 16
101 987
405 426
99 378
514 634
85 618
95 805
434 917
33 231
157 111
3 45
441 625
494 772
127 943
488 80
401 115
129 85
215 504
87 570
278 847
317 137
106 941
241 785
369 443
485 756
242 501
242 577
252 388
353 427
364 20
217 832
85 510
248 562
161 679
197 234
156 823
521 432
343 540
313 196
464 692
482 657
417 134
347 868
429 562
267 801
9 436
69 455
52 45
419 407
338 306
491 952
400 67
57 926
145 413
466 175
501 473
500 485
81 483
156 374
99 803
189 255
236 271
460 93
450 159
214 106
100 448
418 238
500 130
467 67
133 178
328 72
353 849
39 224
342 42
239 144
293 488
434 948
171 246
194 370
218 405
428 525
224 185
188 403
399 428
203 760
413 242
400 617
80 876
137 986
72 733
117 961
425 680
71 624
41 775
3 583
24 221
30 111
65 558
329 600
31 994
224 60
108 734
297 538
351 930
233 60
41 987
57 977
178 595
57 379
495 676
320 218
353 9
332 192
34 654
224 27
5 714
318 303
51 892
239 801
347 547
461 421
430 741
53 256
389 689
177 822
103 117
507 645
276 392
486 617
498 793
235 950
223 526
409 953
386 190
385 600
84 248
369 949
258 906
46 263
29 467
183 376
501 272
292 296
190 667
171 440
331 471
112 617
245 310
429 523
508 163
318 190
152 592
412 772
75 25
57 580
25 231
275 273
12 71
437 737
310 136
192 463
70 233
116 722
477 240
275 124
105 980
80 867
320 444
174 987
483 253
510 425
139 680
23 434
55 193
145 378
366 993
381 782
98 405
412 443
346 718
191 28
44 575
23 767
297 330
248 768
341 987
510 542
120 539
167 393
418 422
310 866
37 678
193 611
520 542
7 394
72 31
466 523
284 166
5 747
472 4
490 590
393 909
371 145
410 938
341 648
206 255
136 282
40 269
363 256
447 633
339 546
6 947
323 377
256 656
324 174
474 57
302 690
396 954
273 868
281 19
266 998
484 938
67 104
92 432
241 188
467 671
64 16
100 531
32 383
90 350
445 736
226 177
71 950
215 562
96 734
22 296
422 572
375 65
456 94
8 766
170 767
15 609
489 94
42 173
463 36
515 942
258 778
196 565
97 944
266 77
80 511
213 401
281 33
340 596
168 155
414 471
22 658
131 998
234 163
166 259
165 913
314 746
461 978
411 51
162 635
511 492
27 296
474 740
41 820
62 529
189 735
135 667
409 323
471 487
398 103
341 956
105 484
1 417
274 826
355 974
490 460
295 6
335 799
350 955
394 32
333 594
328 571
175 147
500 492
167 778
269 546
309 737
131 367
128 348
510 554
154 235
184 973
109 435
521 734
196 949
150 674
81 38
299 518
369 630
471 949
463 641
108 277
367 193
360 689
492 257
477 56
508 755
316 364
29 500
47 493
468 163
233 548
239 301
340 664
41 772
88 36
368 67
412 863
498 428
161 826
334 930
248 686
243 847
196 548
3 903
190 418
411 387
322 229
390 232
32 577
289 893
357 347
150 424
193 40
18 714
188 603
502 950
207 691
45 518
481 282
113 870
266 255
73 887
365 965
200 998
196 482
264 674
344 449
88 825
267 128
291 555
386 179
419 238
185 695
94 120
95 855
99 840
228 803
295 350
398 172
213 399
510 306
387 522
263 598
142 77
143 496
513 960
240 410
461 552
478 794
415 278
426 876
160 302
457 662
337 961
216 59
67 403
130 521
454 629
489 547
71 108
71 487
392 880
79 744
347 782
387 821
504 319
213 808
238 127
273 57
467 302
64 241
263 666
47 599
133 843
291 438
376 190
504 109
48 507
126 774
333 399
47 271
111 835
156 412
463 315
134 483
176 591
105 814
412 797
160 77
459 973
30 777
100 580
470 898
91 994
115 706
258 756
425 672
121 18
477 14
75 34
295 412
468 131
267 194
486 283
241 786
211 978
314 451
197 517
429 695
520 787
223 158
117 155
241 761
126 69
493 840
158 876
150 964
245 443
491 582
82 572
372 542
261 370
69 253
96 105
65 115
62 672
205 714
224 710
43 416
513 506
441 385
506 266
134 579
38 229
344 9
132 953
305 625
378 598
396 446
393 704
230 806
437 913
350 868
40 140
136 599
164 131
12 194
106 435
269 474
484 683
244 355
273 385
2 364
74 228
400 678
41 962
64 856
332 396
394 782
448 382
482 302
264 720
425 449
277 351
435 104
201 996
390 485
399 732
10 813
52 902
19 245
376 744
437 706
4 251
2 775
161 970
10 419
154 223
135 544
155 574
332 470
483 400
378 589
337 434
348 886
359 939
132 683
170 713
401 115
436 117
314 71
382 498
9 864
88 394
399 822
180 537
411 386
453 512
39 453
85 195
17 943
397 124
131 569
102 918
100 291
466 10
124 951
142 677
278 940
395 760
209 828
36 415
145 902
120 107
376 172
66 744
99 606
404 991
348 566
336 445
156 130
49 923
380 558
322 828
256 87
4 785
5 352
348 280
102 209
160 809
21 483
416 888
313 509
123 190
304 906
44 888
445 809
288 326
92 516
121 181
237 625
116 606
247 692
457 277
323 739
367 58
164 881
11 587
323 715
76 360
333 318
428 542
257 863
247 973
461 313
235 338
147 675
147 214
202 591
174 908
377 901
89 607
233 37
359 274
167 657
298 542
269 721
47 767
218 604
164 255
43 766
100 50
362 700
280 281
298 786
370 15
471 845
237 23
258 602
122 4
