7190 845
684 366
434 371
322 404
451 792
207 549
789 825
765 806
25 484
812 487
490 899
662 614
816 629
236 810
803 565
421 385
30 521
460 90
193 916
242 364
30 572
219 814
165 605
84 940
378 812
568 641
171 684
219 431
518 765
416 480
44 408
56 873
576 940
16 378
74 900
308 247
698 95
756 10
527 39
699 446
511 962
566 333
278 524
564 940
639 291
298 770
505 98
773 596
317 470
789 676
704 540
592 965
179 345
692 441
594 680
818 907
216 208
147 269
575 12
43 436
77 593
790 375
76 123
601 491
769 712
755 506
623 307
234 183
602 347
294 267
609 73
763 52
337 718
320 761
113 186
24 183
489 950
359 343
98 715
40 333
705 977
78 139
243 345
748 316
529 91
146 185
756 9
628 791
155 978
378 335
707 72
172 133
562 786
572 842
628 731
555 346
214 449
347 439
395 311
112 924
596 171
447 146
63 681
572 734
179 494
157 961
370 965
660 535
155 222
497 481
688 434
482 435
107 360
130 710
458 516
490 439
773 178
76 390
157 847
170 160
514 953
354 814
360 922
632 428
827 121
813 875
209 640
702 263
499 591
622 1
583 520
128 238
643 257
221 806
698 957
392 366
268 451
227 254
333 677
806 316
794 931
421 176
669 518
19 454
612 429
667 455
431 867
142 279
367 670
47 504
45 354
544 254
63 940
744 234
92 520
215 816
446 708
811 784
18 986
801 184
799 418
744 480
516 717
789 660
166 19
398 478
794 94
393 290
452 781
95 33
412 58
611 118
266 116
60 604
413 14
197 549
307 446
374 212
451 647
118 813
108 527
214 200
271 426
525 929
136 917
716 11
182 780
774 688
213 932
518 314
433 705
496 758
318 442
376 628
173 944
332 664
377 507
748 996
298 501
1 988
84 940
268 488
212 452
523 325
772 811
332 781
542 780
473 146
279 365
684 31
42 720
573 119
285 845
350 636
167 319
822 41
682 779
229 760
366 196
660 854
573 393
64 154
818 109
64 665
133 871
52 549
133 704
615 657
510 71
322 55
47 256
194 962
577 96
343 340
704 819
212 41
350 511
662 938
537 350
277 36
578 392
793 14
322 694
445 375
537 88
619 277
207 681
341 270
531 453
829 171
796 954
829 584
228 724
819 806
229 303
500 10
711 505
626 787
107 124
723 223
23 449
238 702
471 16
760 846
747 362
450 678
823 455
552 155
500 504
409 925
299 822
246 827
187 48
507 27
675 514
417 411
126 56
43 451
268 215
8 32
119 469
388 811
694 100
55 600
527 235
47 632
130 125
498 207
305 623
238 990
511 454
760 170
718 351
261 323
139 574
436 558
806 688
50 4
459 376
619 561
478 86
288 477
718 939
665 614
435 894
757 749
667 322
448 948
390 533
643 814
222 771
835 751
702 138
276 48
271 651
175 77
486 983
275 398
678 768
627 681
210 979
800 534
256 429
548 274
368 843
306 509
300 280
558 588
260 179
108 143
634 182
192 972
401 208
202 10
423 276
825 567
320 872
451 611
9 951
736 627
239 552
161 999
530 420
513 875
658 451
758 826
515 752
51 118
832 417
499 346
14 832
224 224
482 156
152 851
785 681
840 263
276 643
786 580
324 87
239 614
272 147
751 192
705 137
181 676
407 528
46 412
297 923
11 861
743 328
726 207
678 537
423 134
59 295
345 628
261 946
140 300
694 474
532 265
294 457
661 453
506 919
728 938
476 245
733 317
509 754
636 77
681 305
179 825
78 601
720 111
513 356
195 246
102 200
221 965
751 729
4 281
344 901
700 307
214 878
466 256
607 380
553 367
728 833
801 950
529 619
686 438
774 149
315 26
842 790
219 820
5 768
72 169
106 546
471 864
476 823
603 62
743 717
501 476
394 351
278 976
467 172
507 992
560 941
15 146
616 338
587 207
543 30
392 707
674 559
141 271
459 919
418 807
247 477
124 253
583 773
100 396
413 156
671 469
714 389
755 61
68 710
503 389
700 747
335 569
294 330
521 282
677 254
425 828
33 373
323 392
32 722
138 235
503 907
487 238
159 275
85 572
359 122
806 839
489 496
226 274
153 333
350 352
472 493
460 572
509 756
205 719
29 902
615 406
812 346
325 713
589 481
324 301
621 380
373 179
474 324
630 311
466 784
238 161
384 82
391 575
383 426
430 434
633 818
30 940
44 528
370 720
336 535
751 410
361 374
759 187
221 447
353 391
831 849
476 350
804 407
220 294
51 727
459 639
748 500
61 646
522 373
54 59
142 435
301 410
817 23
434 998
328 217
423 106
267 138
7 126
342 19
458 496
361 156
713 480
401 358
504 82
813 233
111 120
17 39
626 326
576 151
816 324
698 675
818 424
83 634
26 321
98 991
640 693
585 848
402 132
145 831
560 194
336 29
510 377
621 42
541 796
664 454
353 638
427 172
18 289
284 761
53 759
223 281
74 53
483 395
781 67
438 256
615 357
485 176
419 965
300 652
466 342
39 733
40 811
84 492
291 790
39 968
24 297
270 715
800 449
224 637
82 709
167 128
460 379
480 890
106 940
184 662
641 635
289 235
178 971
518 883
556 326
96 142
721 174
771 117
568 583
469 15
406 523
66 391
332 77
809 731
124 238
97 839
230 556
631 808
264 702
60 738
178 561
269 515
348 854
245 149
196 265
532 232
586 476
17 21
539 138
538 196
100 868
739 407
42 7
427 797
624 612
73 24
160 879
320 151
785 417
582 973
217 271
775 984
426 432
62 314
218 730
298 100
438 229
57 446
344 6
41 848
380 310
447 253
67 305
823 738
475 536
434 148
688 183
380 191
220 335
837 879
548 829
713 379
730 121
685 21
497 793
548 987
414 619
43 97
715 894
316 557
623 826
210 466
353 379
676 894
41 234
13 11
9 388
495 977
467 65
91 227
224 230
341 22
32 915
845 485
623 798
251 759
786 767
122 663
786 754
566 251
773 264
35 502
419 286
741 791
676 220
605 392
530 879
379 679
58 471
145 72
79 106
659 288
564 423
200 500
399 956
320 432
690 793
86 489
97 955
678 356
699 554
221 876
90 122
598 720
311 534
123 226
331 136
392 689
357 11
438 176
470 618
523 653
720 933
812 323
651 19
264 8
282 451
420 471
499 26
712 160
159 664
381 395
302 482
361 913
244 330
261 19
839 386
27 456
486 885
795 796
625 999
53 891
636 407
63 738
548 124
522 327
193 509
727 756
308 232
239 936
335 500
512 341
323 494
710 83
518 704
171 60
182 373
3 950
463 663
459 172
624 58
296 181
462 750
664 460
426 240
639 38
129 297
671 703
723 326
124 453
577 294
111 955
106 591
571 808
33 978
570 710
118 882
232 907
716 593
220 83
250 516
110 492
137 970
335 416
529 56
260 487
327 928
330 850
42 485
802 505
633 624
303 190
669 943
228 176
774 920
140 281
223 35
601 312
42 445
447 160
336 742
240 991
275 500
39 768
519 541
200 745
405 794
541 678
341 502
174 372
291 923
498 951
376 509
144 492
826 485
103 704
259 943
152 439
1 76
238 869
298 161
514 161
593 22
789 373
678 977
661 632
687 760
539 812
153 122
287 864
447 495
821 798
832 131
380 846
625 519
794 914
357 216
138 800
83 894
143 163
397 326
836 914
818 713
183 408
267 419
151 42
1 589
69 564
796 395
67 260
289 374
165 286
7 778
377 862
373 74
778 329
193 768
377 84
677 741
346 515
138 935
316 908
540 397
287 209
318 277
459 298
664 447
843 521
187 888
261 540
250 264
110 542
323 140
714 222
396 60
670 94
250 182
671 245
386 801
839 486
387 507
560 15
276 748
807 187
291 233
431 296
434 626
426 266
735 924
421 574
194 951
723 32
190 816
474 333
257 1
161 889
74 541
768 835
839 508
724 748
25 357
332 660
334 967
377 573
673 646
629 126
49 485
498 161
151 310
321 269
93 411
583 468
217 521
396 526
124 768
197 597
694 76
62 319
528 671
658 152
157 645
687 773
243 294
440 657
574 343
699 700
592 113
179 359
601 561
81 337
558 966
781 973
641 319
221 810
682 786
588 977
17 134
4 947
835 250
117 577
50 835
839 114
251 466
250 120
734 228
513 123
275 848
789 140
588 365
746 667
723 201
683 690
223 179
559 928
171 858
144 176
235 843
829 103
660 735
362 785
350 930
135 404
9 446
750 275
834 54
525 716
837 147
95 299
21 690
114 877
556 20
501 302
374 5
599 915
312 630
183 457
282 132
628 244
16 310
108 264
23 434
445 908
744 368
35 218
448 566
2 369
800 242
381 299
698 899
808 943
223 689
761 176
235 456
219 116
733 122
739 437
142 90
783 652
777 449
797 417
553 660
785 604
526 380
201 512
288 661
493 562
638 583
202 590
316 208
262 931
42 705
780 258
414 132
341 490
76 741
521 303
633 518
36 791
182 984
15 364
481 681
804 764
29 745
636 52
489 396
826 97
592 587
625 789
90 426
363 96
71 724
63 916
533 754
169 864
75 776
465 199
234 441
830 974
800 213
193 681
129 82
839 78
648 656
292 208
406 356
703 517
452 22
295 793
615 731
285 817
563 787
661 225
450 476
772 471
456 493
628 525
95 780
500 755
491 545
57 338
75 664
501 82
725 459
196 285
327 814
374 2
637 241
521 771
268 322
199 351
432 104
540 552
407 881
426 846
704 381
657 331
697 864
514 389
436 172
631 840
158 373
702 433
672 475
46 819
68 347
480 462
517 439
421 83
766 857
180 329
502 604
121 428
12 867
314 104
301 104
845 450
618 903
300 32
450 448
6 908
833 264
221 557
438 672
109 701
349 245
621 164
320 150
64 995
244 322
368 402
743 655
608 44
794 604
272 926
446 416
561 275
580 632
500 898
493 917
269 374
353 323
439 821
639 28
686 226
801 163
369 972
797 154
771 948
733 92
159 923
353 419
700 666
267 435
779 711
560 229
73 791
131 717
639 46
753 381
504 649
627 256
609 213
92 495
14 173
425 264
650 951
757 954
108 583
19 914
386 300
667 304
799 14
222 651
316 718
570 865
187 998
542 984
745 532
599 928
703 332
631 855
576 499
78 275
68 765
832 251
232 295
106 391
519 813
735 491
41 558
578 408
208 395
366 259
646 276
349 541
585 234
780 49
14 806
158 360
416 65
263 416
117 402
324 393
628 235
303 839
271 60
724 603
745 119
296 114
440 226
742 60
587 280
579 102
593 488
809 73
586 245
97 712
520 668
569 126
289 705
322 334
375 938
64 305
797 66
195 948
77 40
798 599
577 133
139 791
119 890
599 324
358 711
8 492
272 445
362 22
71 614
751 24
269 815
195 554
700 437
799 633
422 485
257 709
496 906
208 267
710 338
8 27
785 298
252 11
591 958
322 882
183 889
650 254
345 507
104 527
496 526
48 873
79 529
822 982
465 917
18 266
402 322
78 845
436 595
113 92
184 5
654 753
422 181
236 646
643 983
384 46
142 967
261 117
732 4
2 674
629 616
73 956
321 202
518 466
742 811
702 626
555 812
246 523
163 303
56 594
651 770
21 209
202 936
567 971
208 431
362 498
457 698
149 242
267 296
81 27
567 899
46 458
427 3
491 168
346 97
342 946
174 68
693 527
350 575
704 494
605 937
530 845
685 179
303 163
799 494
746 831
395 962
292 662
202 240
696 465
192 154
258 396
476 157
703 673
773 134
470 211
571 610
798 643
232 364
694 399
205 667
674 14
550 305
108 309
408 861
404 613
389 482
111 530
708 486
368 501
670 236
69 371
320 578
487 661
561 660
698 558
68 495
161 240
630 102
241 15
784 425
844 708
481 913
207 915
199 150
756 381
187 577
139 583
605 506
302 874
753 683
403 577
351 282
785 469
188 339
395 116
315 36
563 758
556 800
69 399
133 589
560 680
546 69
200 102
837 361
456 601
286 361
357 535
714 941
809 318
784 871
792 565
408 663
580 964
589 894
302 551
254 147
776 311
292 209
751 185
608 135
625 221
559 743
181 96
364 279
296 34
210 811
304 913
504 825
364 173
663 475
37 265
426 25
52 169
708 172
340 350
119 596
441 51
452 299
448 532
319 696
639 434
424 517
231 624
2 138
615 601
357 559
831 424
190 438
769 893
204 702
127 527
386 769
47 21
614 279
517 828
641 769
678 940
792 751
752 747
530 162
136 40
433 443
695 697
495 370
514 870
25 240
333 795
496 925
67 914
259 667
261 895
129 48
483 610
709 144
117 376
520 385
385 995
791 374
683 845
398 309
29 945
774 561
561 74
709 288
20 466
168 13
423 669
113 215
51 683
152 417
214 65
107 856
564 112
323 832
362 861
530 440
434 768
6 641
434 37
39 314
13 862
382 311
739 398
80 558
262 975
591 376
729 525
320 598
152 426
48 10
286 608
221 121
248 786
95 992
517 987
433 836
694 316
481 496
630 531
652 331
299 983
501 279
41 333
750 547
765 606
451 498
577 238
617 650
378 95
529 678
180 100
17 765
647 974
375 776
714 451
32 816
814 714
257 13
764 504
170 184
456 125
649 810
71 800
205 883
52 87
444 220
731 936
329 525
659 67
558 944
65 830
228 676
411 736
718 691
754 814
504 412
641 1000
49 249
798 909
173 826
8 611
344 721
219 848
345 860
536 260
604 607
97 588
503 935
264 881
196 359
360 615
390 695
219 926
73 408
506 717
123 649
34 410
238 517
414 451
137 571
440 144
177 429
417 566
639 881
9 813
60 779
537 867
258 217
367 472
587 70
627 96
168 279
485 620
244 425
222 329
277 953
466 871
837 386
506 843
791 515
188 13
483 374
526 267
491 267
186 180
82 74
765 630
57 93
63 121
204 268
173 146
386 446
757 465
553 495
606 531
229 588
594 512
253 849
306 894
90 259
521 772
798 279
725 280
760 481
233 146
515 382
574 63
487 274
607 798
523 922
379 326
498 188
39 238
678 778
392 228
351 435
62 407
469 130
161 205
432 709
88 550
294 239
606 694
835 22
406 271
126 302
415 941
460 548
778 992
114 123
98 445
662 955
66 902
829 725
345 997
532 40
635 453
716 967
360 465
735 409
643 443
443 384
326 551
615 890
398 21
118 931
60 610
433 281
779 127
584 719
459 745
60 482
69 895
241 903
219 992
131 243
412 458
336 441
65 268
792 40
661 613
300 91
81 762
174 855
320 572
566 992
762 600
155 532
246 149
686 718
688 265
784 157
397 589
538 322
647 356
136 86
329 968
803 601
202 773
99 964
845 572
52 168
361 202
484 757
247 606
706 988
557 942
653 365
180 578
729 186
585 1000
392 2
687 767
378 519
648 932
736 192
155 56
282 136
187 639
687 829
100 50
323 850
725 990
23 765
59 211
414 618
138 855
538 526
38 584
134 484
117 501
237 180
29 134
164 735
371 135
797 364
535 650
158 870
534 377
841 764
137 752
7 128
366 441
90 617
656 581
826 689
251 866
845 375
746 200
96 213
406 451
70 723
746 772
115 914
443 408
157 51
628 535
535 294
428 230
169 923
80 726
600 740
758 363
812 737
732 421
443 530
689 258
836 465
615 810
372 574
841 794
547 296
308 226
616 315
70 583
6 476
809 433
671 63
125 30
570 802
547 477
89 543
259 780
101 670
559 819
113 496
653 567
402 933
487 856
358 647
771 531
373 669
231 800
452 729
209 629
401 762
57 561
122 115
773 818
194 162
135 192
477 938
453 791
662 721
574 641
358 547
470 802
718 461
318 970
643 675
51 351
387 994
451 272
136 94
122 107
732 422
422 439
191 275
370 155
483 317
827 774
664 54
397 476
244 588
808 295
323 643
113 748
227 73
769 650
116 305
367 879
215 273
165 434
5 595
700 90
844 431
649 165
676 464
262 522
316 275
378 360
518 499
683 92
352 527
289 487
51 82
500 662
622 291
172 248
674 451
583 556
185 537
312 432
112 577
365 971
581 736
54 380
838 746
486 712
246 149
623 1000
718 163
489 152
434 412
351 402
219 593
808 689
629 994
749 838
391 49
646 727
741 453
368 931
377 864
70 959
153 386
285 348
378 131
158 798
423 21
284 391
5 495
424 2
736 675
365 264
655 25
465 366
483 690
67 837
60 510
324 769
680 662
373 331
285 939
135 303
109 964
407 758
594 429
795 269
547 74
30 477
63 872
5 505
5 605
148 475
724 491
59 639
657 761
551 101
496 986
290 291
400 683
467 322
90 345
131 492
776 561
288 781
356 7
462 287
609 800
109 707
492 711
676 191
283 99
624 435
611 992
251 523
300 114
776 240
568 181
692 959
827 119
619 224
810 500
131 312
692 290
282 343
313 426
94 331
355 829
797 292
60 661
647 214
437 39
741 914
508 896
597 612
578 501
146 62
322 601
275 644
45 219
579 807
560 69
168 946
556 990
805 832
772 665
260 428
233 860
159 591
642 146
662 973
804 786
662 296
735 405
602 732
44 363
244 985
835 599
101 5
158 247
672 615
166 253
286 21
782 200
817 735
772 260
625 201
28 301
118 581
77 768
311 39
316 75
764 191
155 16
385 722
564 78
287 362
170 856
434 97
708 788
589 866
429 564
622 689
182 409
203 389
692 683
829 885
40 714
705 184
220 608
613 603
745 509
781 368
265 938
506 321
839 6
151 89
257 788
495 51
540 867
13 793
538 637
450 390
384 424
163 548
563 104
435 64
294 411
69 345
815 627
591 164
285 944
162 891
376 972
232 961
433 13
78 767
765 702
517 843
699 6
341 428
22 807
186 503
241 776
792 77
487 604
531 506
798 985
399 480
479 818
543 482
423 141
753 913
709 646
485 363
331 866
332 871
364 709
487 98
651 13
232 293
641 564
215 652
527 145
280 688
19 728
415 102
413 646
631 519
542 950
84 630
110 502
634 477
706 18
619 416
23 920
290 583
82 483
169 857
485 897
133 316
308 93
146 846
214 325
514 55
779 676
595 452
602 522
91 78
333 951
597 777
560 563
285 182
132 498
279 697
729 136
186 107
842 441
546 721
323 428
844 547
103 938
484 486
117 596
178 51
325 547
730 773
241 718
606 191
746 919
629 620
563 654
68 957
798 316
10 159
345 554
307 322
811 616
156 243
720 622
137 330
416 958
532 421
845 223
420 236
747 916
45 634
113 395
579 186
80 599
281 576
300 367
841 892
525 772
257 619
35 271
640 333
263 744
759 720
469 840
796 267
58 736
333 820
632 264
437 347
630 153
281 845
637 267
728 586
374 232
655 910
491 567
769 420
401 274
242 230
811 864
271 310
426 940
224 433
442 916
481 247
724 546
805 20
441 623
435 170
301 539
509 685
548 886
473 229
271 131
288 536
125 455
2 445
524 574
555 777
174 655
365 566
465 803
656 792
332 106
203 310
572 485
760 711
666 45
543 818
218 827
671 636
301 678
396 206
726 840
528 173
391 145
186 753
705 347
782 886
325 988
175 981
528 511
837 484
547 259
489 282
275 330
377 140
64 876
201 507
760 682
761 476
414 131
424 510
19 2
700 335
422 397
427 952
812 96
46 548
298 192
271 581
191 697
382 23
2 993
134 891
348 450
614 934
302 379
48 527
100 584
654 964
109 982
336 70
689 496
485 448
212 381
524 412
144 711
672 734
245 661
629 415
263 418
789 779
841 972
665 195
234 781
50 452
296 46
706 55
356 815
437 471
448 704
210 270
583 852
812 496
118 80
5 445
133 345
408 27
105 803
485 611
559 946
797 232
699 269
624 155
758 550
693 785
556 651
666 67
373 304
809 613
807 315
362 583
230 943
457 551
221 609
538 453
756 574
630 350
804 691
344 722
35 36
366 342
30 982
472 763
301 276
756 653
379 325
725 4
13 436
126 190
60 311
540 699
429 313
555 656
838 961
187 173
77 537
424 543
226 615
784 630
177 255
94 752
808 846
461 973
238 633
637 745
255 612
608 164
610 596
431 613
587 422
212 915
49 53
134 851
366 832
465 605
612 81
91 583
394 639
639 288
611 117
639 230
718 665
618 713
726 30
666 781
453 866
777 380
445 744
586 706
836 64
74 759
185 946
654 873
493 255
808 455
761 472
243 767
311 564
508 9
831 727
667 641
507 941
322 713
550 179
477 884
750 79
804 949
829 107
264 158
573 206
167 9
322 810
195 347
221 711
109 27
669 391
61 912
477 64
57 912
37 245
682 234
128 957
354 645
469 651
511 942
690 60
574 727
414 36
306 442
243 673
212 474
2 982
436 698
590 266
810 203
644 399
692 283
607 419
601 777
187 66
407 298
463 714
794 967
772 581
821 997
419 931
780 347
527 845
415 79
136 875
236 722
800 671
837 743
104 744
296 432
833 424
296 753
731 110
336 763
519 973
359 266
565 131
182 320
339 19
411 512
245 595
531 219
142 55
425 870
381 892
667 226
623 446
823 579
826 474
489 218
268 693
544 683
41 747
456 32
711 144
314 260
571 755
128 504
666 334
485 969
805 496
391 328
427 995
564 505
148 334
324 36
373 867
431 32
547 18
441 115
832 205
142 347
764 714
214 824
267 964
513 903
202 202
35 249
226 815
531 481
37 384
243 50
612 337
256 751
65 992
609 785
331 665
12 517
445 368
728 427
103 898
585 952
86 580
610 69
407 458
591 189
123 682
213 35
803 966
204 314
439 246
369 331
729 108
673 795
300 646
651 297
170 559
394 84
351 390
173 140
815 981
460 709
324 819
214 103
739 227
27 840
326 915
19 232
298 278
202 147
605 594
805 475
462 715
709 460
785 406
550 366
410 935
299 287
561 843
45 766
16 430
369 585
347 903
685 208
470 887
34 871
248 174
592 536
722 894
552 927
341 302
325 260
284 80
193 365
8 739
561 601
751 329
38 998
136 346
299 891
723 328
171 567
692 89
256 376
418 89
6 109
236 581
45 989
564 56
276 614
367 689
804 999
776 236
194 597
487 285
656 698
596 976
553 465
708 812
657 812
372 234
357 542
394 883
660 962
354 952
812 434
524 936
420 584
106 973
209 960
747 479
187 684
257 903
109 311
285 77
214 731
527 699
651 515
189 832
729 137
428 87
220 169
136 5
174 652
202 38
480 823
122 408
439 961
288 630
497 264
269 566
456 573
766 44
740 723
327 573
304 756
535 757
399 652
223 729
502 372
636 598
664 640
328 672
704 793
193 555
646 324
527 142
611 274
784 915
203 414
669 417
723 994
369 474
616 50
246 141
532 431
20 485
844 493
774 400
136 45
377 280
418 820
718 862
63 730
656 946
37 348
821 476
236 635
434 31
309 411
837 80
630 661
333 787
751 381
170 726
747 572
716 677
513 727
518 500
145 78
184 176
281 206
516 199
86 488
193 931
652 199
33 802
559 430
204 177
843 40
842 453
173 486
239 864
793 221
802 386
751 533
811 621
273 427
17 448
323 759
539 878
278 23
700 724
631 59
206 510
38 871
61 666
167 596
300 947
483 998
504 583
669 111
356 50
125 91
552 561
689 227
514 752
183 722
337 245
806 715
234 362
491 232
448 638
473 756
821 517
221 811
54 996
32 165
389 798
4 622
671 89
385 81
194 154
502 744
681 997
567 766
566 757
245 933
705 522
719 608
572 158
73 867
626 559
359 133
186 569
775 5
784 33
434 426
426 546
639 562
537 756
59 388
423 328
734 590
336 869
688 999
564 87
498 214
650 418
273 401
694 835
425 895
497 16
569 991
257 243
743 910
366 906
273 142
192 434
84 881
291 712
139 106
9 694
124 908
246 868
376 985
234 165
150 20
107 342
27 927
477 986
81 470
474 336
285 202
644 755
697 840
514 201
294 55
271 381
552 406
215 486
275 731
655 989
357 956
770 755
5 130
16 273
783 50
351 901
548 507
672 564
17 426
791 546
726 216
223 300
678 106
189 14
711 481
165 70
145 344
251 543
57 601
24 526
228 200
785 474
655 534
556 355
677 927
397 506
619 108
203 361
92 906
770 454
45 314
34 21
83 279
149 323
601 851
53 260
87 658
162 93
608 716
642 266
265 752
459 282
303 956
32 350
721 366
819 982
150 766
212 27
141 385
55 222
685 168
215 648
104 311
232 536
518 950
838 392
190 475
4 368
446 7
32 554
376 932
521 900
553 77
844 81
512 7
767 8
691 800
13 716
109 95
789 90
338 443
386 222
423 194
80 942
618 580
707 701
379 846
43 594
149 16
8 22
511 647
512 98
120 860
751 294
497 306
338 475
446 724
713 706
464 709
100 43
673 134
649 288
219 435
292 262
510 798
324 963
2 547
481 962
609 642
372 816
576 41
290 940
215 383
434 878
828 146
311 63
326 602
459 593
418 28
44 707
150 47
525 502
543 618
725 82
373 220
345 594
527 171
294 371
822 670
222 218
653 387
811 675
273 562
781 842
563 527
712 374
804 764
587 321
501 277
698 193
341 194
458 618
380 120
644 546
768 696
227 236
517 319
570 206
433 381
221 378
364 502
135 769
549 252
297 683
190 818
445 880
700 186
797 802
813 809
288 857
523 222
649 350
494 526
278 872
191 491
365 554
34 840
669 603
438 127
125 836
234 763
419 614
318 334
463 113
146 948
527 622
281 46
513 415
459 241
98 233
26 956
451 617
88 133
382 60
126 797
740 677
829 855
467 363
447 277
120 24
13 267
291 475
54 186
835 143
360 782
621 362
672 297
584 263
508 598
643 684
652 86
689 925
845 911
390 167
543 887
735 805
610 349
259 119
314 241
313 550
725 119
309 874
500 529
280 908
160 682
704 620
613 555
173 612
252 433
700 154
436 357
839 882
737 795
428 866
374 348
325 381
554 604
773 913
784 508
112 72
526 329
120 643
16 171
774 978
376 511
654 997
343 118
450 526
369 604
486 949
506 537
252 675
23 179
486 743
289 618
820 348
619 59
774 649
115 398
678 103
727 88
384 23
288 538
482 10
578 127
383 79
451 482
816 704
237 134
245 13
836 636
731 727
337 953
222 438
650 741
744 84
749 245
762 312
402 577
166 700
624 575
295 240
241 110
155 404
226 364
585 721
598 873
713 153
132 217
732 523
562 806
256 72
13 452
563 353
804 876
289 726
581 793
561 704
266 661
614 336
410 437
37 518
405 201
423 419
557 622
481 215
505 851
37 716
742 943
778 104
349 737
582 431
599 151
706 55
665 672
490 115
454 618
275 993
839 556
796 876
521 549
546 242
716 212
730 870
831 941
257 47
265 530
434 624
234 376
327 518
45 630
95 165
818 793
268 683
145 875
841 356
513 655
258 92
712 855
585 576
182 719
673 493
148 23
618 303
647 772
830 420
327 7
157 143
824 68
19 485
528 285
711 971
430 757
191 318
280 790
662 409
671 923
454 707
667 46
843 438
258 91
595 425
729 227
822 223
299 579
128 638
707 402
701 849
579 494
43 159
627 368
459 729
76 875
608 160
666 761
477 612
89 654
601 894
230 299
22 551
337 796
37 127
800 3
429 191
582 531
390 463
306 605
578 537
664 742
480 588
14 679
214 962
467 524
517 746
792 998
708 54
428 769
399 430
11 446
260 84
296 402
226 942
140 373
345 40
638 181
741 199
169 992
111 238
439 165
573 349
362 276
842 445
263 265
107 733
32 365
36 176
575 341
638 197
455 177
216 110
99 958
611 121
94 21
733 618
769 626
321 727
368 661
255 123
829 196
442 163
365 31
325 340
794 835
547 507
420 392
41 99
644 371
552 387
631 117
242 141
700 305
119 561
456 450
247 391
465 651
462 617
335 501
66 423
8 652
788 816
535 714
440 280
824 75
133 988
64 840
80 720
644 988
11 297
781 826
594 204
780 445
149 149
508 845
695 241
758 337
78 324
457 664
38 83
412 983
190 316
276 326
406 793
291 474
561 1
72 421
403 583
88 362
271 313
407 433
808 578
317 545
356 336
587 849
639 606
739 365
30 396
5 415
614 802
100 964
376 473
186 219
445 34
91 250
594 604
612 816
523 850
244 604
28 371
702 853
206 657
361 335
305 138
355 44
101 554
296 513
48 79
69 69
183 164
344 13
396 422
578 547
599 130
389 450
475 357
779 236
430 682
117 332
704 264
517 68
658 50
690 689
172 229
298 730
674 117
137 564
314 432
273 705
669 969
21 108
68 407
260 910
750 523
472 485
117 773
579 464
373 472
114 596
472 10
106 322
646 357
439 998
281 673
539 857
287 975
316 641
390 279
102 652
735 875
344 320
345 706
822 310
245 350
721 834
275 678
233 661
615 309
323 435
145 601
494 590
111 885
199 145
161 967
687 773
668 546
374 343
490 950
466 56
443 523
438 916
766 498
695 228
615 100
114 492
615 296
231 301
382 209
445 532
602 222
33 777
445 497
384 457
837 137
373 853
450 592
531 49
412 476
138 629
550 106
209 736
84 927
442 232
604 413
103 531
316 317
629 833
713 311
287 359
534 259
41 541
207 147
471 889
177 711
496 395
52 567
729 639
369 541
718 86
133 729
530 4
687 802
725 259
762 164
308 487
263 228
424 353
218 230
669 836
499 800
171 515
673 4
732 873
679 586
792 975
516 19
9 697
782 983
25 25
581 32
816 339
651 397
18 176
440 896
323 83
780 288
587 791
218 960
202 302
587 102
754 347
765 93
829 746
385 307
356 515
222 612
433 906
529 493
617 666
305 314
781 165
431 912
370 205
722 835
103 351
746 170
470 963
389 838
344 549
612 407
181 743
616 199
298 749
368 420
128 959
569 226
307 682
59 903
264 319
386 454
451 907
660 284
89 742
409 910
703 836
221 785
135 319
102 257
202 802
774 499
567 855
226 426
552 467
323 477
192 821
116 783
295 690
346 759
461 428
288 862
529 686
258 123
690 170
535 114
561 387
322 16
451 587
364 801
58 190
725 163
288 437
611 496
91 557
207 896
106 485
577 332
547 987
199 356
713 360
747 698
334 175
672 629
266 434
295 503
48 269
666 792
334 841
586 16
43 451
805 640
560 394
436 106
56 444
643 477
403 609
194 210
237 839
382 881
755 637
420 165
795 192
490 868
86 152
660 720
778 468
622 616
501 154
640 536
250 256
88 252
475 678
412 881
457 889
300 565
143 794
89 962
120 517
341 359
616 355
328 759
111 16
379 687
202 365
816 900
731 911
48 67
207 430
429 800
583 727
380 616
841 795
843 94
295 254
261 441
621 240
184 292
528 335
512 118
579 643
772 808
704 465
623 809
299 985
318 221
676 384
133 778
736 855
293 481
78 850
269 475
271 489
615 778
162 58
709 627
682 173
345 867
33 911
760 271
527 688
74 634
25 413
620 395
378 966
216 652
100 1
629 868
22 189
664 326
284 832
408 296
268 690
702 933
655 776
108 411
92 802
603 438
711 748
116 739
522 601
639 766
211 707
459 189
697 133
149 162
393 121
109 916
838 618
333 447
539 476
441 887
383 287
456 457
733 663
779 555
513 143
195 807
268 905
370 396
179 391
842 733
558 550
601 920
131 6
122 255
243 91
75 467
187 695
148 964
481 493
390 26
690 488
716 943
741 850
671 435
207 781
113 799
505 54
631 66
111 612
26 215
683 318
190 157
275 674
42 646
314 951
642 912
532 732
709 943
383 358
700 441
293 478
271 328
273 41
746 636
719 726
661 991
632 723
207 999
677 121
350 847
733 659
413 918
128 795
578 270
553 110
515 534
773 291
664 993
285 807
353 381
725 251
806 517
594 52
681 743
690 715
543 743
624 835
706 362
537 150
629 548
751 184
302 323
457 106
512 521
330 560
351 45
308 716
516 707
441 681
677 672
569 336
775 903
76 982
482 478
50 60
472 73
381 542
688 518
618 165
765 200
629 493
790 869
297 143
423 632
216 248
447 679
284 177
419 981
50 341
370 289
635 805
727 102
419 295
635 193
758 739
497 998
175 285
656 84
760 566
5 500
277 539
179 686
479 868
234 707
626 286
761 604
190 226
303 162
73 148
443 244
419 220
564 52
82 536
787 338
660 184
185 255
714 113
745 892
357 739
90 657
763 843
238 414
617 218
457 845
134 91
627 725
19 873
241 865
267 55
764 927
689 942
602 962
807 483
397 257
647 118
801 805
169 963
418 271
838 549
420 599
244 70
179 222
461 521
430 725
302 689
399 636
758 999
613 588
831 15
359 277
560 235
262 481
606 471
1 799
498 155
244 769
200 429
730 238
321 956
28 113
312 598
359 448
710 266
180 413
617 295
284 729
289 492
238 556
370 757
4 750
78 941
557 10
813 582
740 293
389 18
269 523
284 742
363 875
804 370
92 542
788 10
380 676
312 872
436 222
836 247
588 549
251 641
665 914
215 331
339 652
674 524
56 717
257 497
473 21
69 380
5 430
499 224
703 918
490 471
557 248
134 380
827 83
29 425
601 433
630 307
615 906
391 761
250 862
130 432
801 7
598 506
594 693
774 586
69 167
250 1
580 633
71 333
452 544
710 29
330 616
821 630
46 439
479 353
45 871
706 762
464 775
308 395
284 75
746 335
112 616
137 311
447 769
830 416
119 237
158 331
404 38
476 140
97 723
285 436
133 471
460 967
156 808
5 951
510 864
735 383
4 40
710 80
167 280
166 855
350 272
113 813
179 251
717 14
132 390
634 475
268 278
464 536
13 743
417 518
298 357
352 890
646 95
238 988
43 511
138 305
42 731
743 778
271 167
651 379
218 361
174 741
198 244
339 68
793 37
543 601
627 841
655 57
412 397
276 28
220 404
15 239
559 797
813 170
298 763
105 747
833 843
142 18
763 489
119 883
181 971
774 623
794 220
145 234
383 851
118 55
126 98
28 839
715 295
110 158
30 958
95 479
492 228
36 50
284 462
686 245
119 552
808 72
809 823
366 552
347 408
350 820
279 806
637 739
464 144
261 789
825 568
725 405
561 629
682 854
168 834
121 242
280 341
252 332
474 217
541 416
525 220
171 518
602 153
226 938
668 464
659 815
364 17
49 679
95 765
568 221
486 37
630 739
702 608
90 316
178 938
840 43
563 639
733 138
361 244
753 397
64 375
780 716
777 162
330 508
322 188
53 7
242 479
269 431
336 363
256 695
836 938
501 298
139 746
656 442
121 22
224 818
346 53
825 445
32 914
560 525
39 858
560 676
169 937
772 959
188 77
345 981
835 201
209 644
644 796
245 901
111 200
50 323
255 83
640 760
819 457
807 169
609 320
791 909
383 834
620 937
140 431
567 870
745 232
448 314
755 573
187 427
64 672
238 711
422 960
408 663
38 519
465 824
248 604
551 544
95 946
708 119
389 503
578 187
769 302
529 530
107 429
605 725
146 384
530 815
403 780
214 570
779 517
522 410
828 184
375 16
551 986
425 304
758 647
357 643
226 427
472 302
289 837
180 289
559 791
533 417
719 120
338 391
380 666
712 239
44 308
819 442
519 240
667 172
144 254
171 934
492 920
298 437
375 812
390 313
384 85
277 191
813 370
769 944
755 806
593 704
53 702
604 79
707 662
388 980
632 756
439 557
824 19
392 447
462 322
592 844
543 739
252 696
505 828
241 948
615 457
417 292
479 464
517 832
835 899
393 62
12 186
267 270
244 750
132 109
798 231
780 931
419 912
250 5
444 741
50 267
337 580
668 523
746 17
46 524
620 344
502 548
664 375
66 147
200 353
142 78
461 676
627 5
726 676
288 573
824 998
31 246
177 502
285 933
372 833
240 324
29 483
844 110
324 267
346 483
89 266
23 34
273 568
447 810
335 311
19 551
195 542
645 828
572 599
801 347
733 281
767 334
215 102
465 482
285 534
643 287
170 275
593 945
366 187
52 146
813 322
479 878
732 237
12 125
212 183
744 204
669 47
580 892
484 897
506 698
433 657
741 781
381 819
575 36
220 358
73 309
167 803
439 695
19 483
516 81
435 151
404 8
743 949
285 549
628 330
353 557
305 11
120 207
122 362
246 634
657 327
395 604
843 524
485 100
156 960
333 817
143 422
195 872
516 651
434 754
614 883
256 979
280 444
644 373
259 889
693 787
531 232
41 926
416 541
502 523
364 301
690 99
545 908
191 834
650 959
476 625
256 171
772 477
525 580
329 237
641 886
161 703
440 832
591 851
97 796
278 95
177 361
684 257
54 313
137 448
738 235
216 900
253 426
291 321
277 812
172 777
491 531
801 175
180 56
814 548
716 707
368 525
293 556
465 35
204 966
10 770
582 126
438 666
187 696
272 849
280 602
466 543
314 496
159 409
234 78
697 183
240 633
735 207
10 887
679 599
698 441
212 862
62 904
517 260
97 30
246 925
713 529
651 66
343 283
832 463
302 812
659 758
366 478
509 715
559 704
560 519
219 509
689 934
208 202
383 232
407 67
282 475
232 518
52 559
662 398
634 353
85 33
692 113
472 155
285 76
273 321
372 818
211 343
295 737
107 947
619 944
513 975
113 285
807 618
480 992
457 528
82 429
516 814
469 30
709 55
703 607
553 201
752 368
239 489
792 511
489 171
708 915
767 938
1 898
166 326
79 820
747 465
739 533
409 809
24 47
360 834
348 70
260 209
749 842
140 705
93 64
827 322
223 409
602 325
671 994
94 385
721 723
76 906
404 800
42 564
396 875
603 460
412 55
573 72
587 151
662 274
240 941
414 864
630 339
560 847
467 174
41 260
99 389
673 81
514 726
65 894
841 754
296 350
801 317
616 374
378 95
418 537
346 541
753 870
684 368
673 704
574 716
691 125
506 891
390 64
448 472
517 960
808 365
624 534
459 685
426 587
534 74
676 856
589 200
62 187
588 1000
456 161
546 638
189 998
377 12
390 55
209 165
606 56
787 82
567 422
477 753
647 871
747 456
782 173
569 782
133 160
108 923
648 416
526 468
769 190
285 1000
831 268
110 541
461 760
125 419
324 422
278 367
575 75
422 746
133 858
226 968
687 459
785 330
214 319
821 580
339 222
709 735
672 521
666 576
355 8
515 423
509 84
506 530
642 214
94 911
228 815
78 477
488 14
788 612
374 669
677 304
833 220
270 586
374 77
821 263
130 974
615 311
371 26
479 807
201 480
21 600
156 538
277 861
623 952
746 377
45 67
328 207
528 314
769 232
198 56
50 281
414 732
699 90
201 23
830 88
157 90
606 811
306 205
652 289
692 953
835 137
284 695
530 833
252 751
609 161
192 338
287 982
105 552
460 392
627 339
834 387
780 258
448 850
94 607
835 471
832 610
216 493
392 571
694 895
721 19
73 965
459 348
345 854
391 701
655 121
622 423
794 59
712 858
202 572
237 889
653 633
499 705
298 892
302 727
570 527
574 87
188 381
194 549
131 42
324 464
159 525
781 82
521 909
557 657
85 97
632 849
210 543
419 16
567 854
201 881
65 211
227 778
460 504
500 21
806 352
349 979
572 645
483 748
425 11
507 976
690 554
508 713
186 975
159 767
660 123
143 195
189 299
529 316
646 462
324 653
742 738
275 981
475 584
649 221
327 852
4 422
687 182
836 872
671 795
465 484
524 548
646 540
283 181
213 845
806 560
368 636
503 544
308 222
524 590
384 854
46 272
276 459
496 829
536 919
277 290
142 225
182 928
14 580
762 699
439 494
254 580
678 218
659 256
733 478
417 968
519 918
573 359
515 415
37 199
840 844
54 500
821 133
810 399
715 43
704 292
238 558
602 708
593 383
844 860
123 62
409 836
95 925
456 906
124 418
160 788
748 913
432 993
249 520
51 601
304 842
678 184
396 909
457 983
458 467
35 187
228 293
562 644
606 275
713 200
517 805
721 261
650 197
430 146
822 75
323 103
89 344
821 736
759 219
576 742
646 271
108 614
92 739
159 928
250 40
477 177
619 631
402 17
810 745
78 54
598 821
164 991
368 277
102 818
312 161
581 463
175 490
741 691
477 432
825 958
718 237
775 901
668 552
70 728
141 315
13 317
724 902
415 748
823 9
279 936
686 269
54 20
410 172
307 612
321 669
721 632
295 49
726 861
110 481
265 475
187 429
225 656
482 110
729 707
528 581
413 434
485 122
176 277
357 854
160 512
805 721
772 501
53 69
678 592
712 544
179 689
595 814
837 621
746 677
769 382
64 336
103 710
289 525
174 440
414 575
142 759
726 892
784 261
7 263
811 502
783 991
483 498
650 567
832 910
309 796
182 563
565 890
65 254
640 183
203 367
642 23
310 298
296 630
25 809
792 225
288 303
37 781
127 990
514 326
814 26
776 818
664 484
717 932
658 369
347 985
469 361
365 694
785 720
836 184
483 119
447 562
233 940
744 731
813 558
475 509
605 714
519 263
318 409
294 420
810 319
444 354
45 14
747 84
229 65
78 961
818 737
711 74
693 252
653 112
244 88
421 363
777 365
338 964
820 496
695 460
525 881
467 779
274 838
528 202
261 477
178 201
445 590
756 106
1 319
834 508
717 366
702 273
123 450
126 80
824 683
806 851
549 333
803 434
719 378
686 599
610 925
292 376
603 655
569 633
154 525
417 407
69 312
627 845
427 636
313 163
21 561
654 578
347 661
660 113
122 761
538 27
367 199
418 111
752 747
760 751
446 567
343 913
497 628
639 145
779 464
55 669
296 923
2 847
430 305
826 711
419 675
831 127
373 294
49 237
556 18
196 92
187 964
667 851
16 516
486 252
102 440
717 679
161 615
334 300
287 287
276 973
563 608
622 858
839 207
581 634
183 116
631 665
39 908
157 260
166 295
68 687
261 51
633 999
358 399
837 9
159 161
413 849
284 513
642 20
257 683
78 774
366 961
726 276
575 551
414 268
135 77
533 416
790 529
691 775
619 274
118 52
437 30
246 597
439 805
561 533
486 283
267 82
774 186
632 463
68 86
770 540
131 159
389 809
750 554
684 863
718 281
5 463
564 390
713 344
515 932
557 165
257 550
685 349
500 86
739 938
588 672
365 34
474 564
406 513
805 823
94 749
555 754
116 321
738 98
706 290
745 278
461 45
258 245
571 455
93 549
234 691
727 405
166 408
300 708
649 433
620 711
256 883
424 623
647 362
369 97
574 644
356 76
132 92
653 798
138 880
234 728
90 956
715 845
799 197
272 855
59 15
24 354
79 488
85 191
290 754
833 131
28 757
470 677
663 266
33 619
759 337
757 805
562 884
422 881
383 442
623 70
254 821
170 289
798 252
604 355
735 42
532 584
487 109
719 241
237 992
714 619
653 185
727 142
71 779
17 264
496 430
620 775
215 842
175 114
744 392
793 481
822 737
97 424
310 140
467 697
72 612
417 854
568 656
556 179
692 882
533 50
381 497
284 716
302 407
360 615
488 66
277 763
800 135
439 972
482 611
241 195
837 408
515 765
470 903
440 530
693 56
585 903
535 155
21 237
434 666
762 263
87 100
528 632
699 996
317 763
545 433
580 113
350 252
227 759
328 220
70 245
407 461
664 32
279 108
505 248
748 109
832 299
569 678
612 664
527 537
354 325
229 502
103 706
828 710
515 732
33 241
652 259
571 585
371 684
587 157
338 943
339 663
543 66
683 470
388 564
72 733
746 211
803 586
78 839
727 552
638 348
629 29
219 980
299 205
230 931
812 37
150 465
346 432
775 28
414 790
102 403
626 512
721 692
289 998
486 774
240 681
680 880
7 777
468 504
89 624
635 405
214 780
291 462
140 737
102 345
100 213
97 69
429 891
412 848
92 136
584 249
121 201
712 575
132 219
552 368
374 594
45 907
735 827
787 55
460 617
262 105
651 739
569 634
572 724
641 463
481 707
413 679
476 1
801 273
560 565
368 683
233 163
100 844
748 88
805 259
434 360
523 917
299 857
306 259
117 853
42 881
841 124
577 1
338 671
6 838
1 110
637 361
675 555
315 864
241 869
671 394
409 350
646 756
463 390
142 615
663 885
358 527
43 452
379 829
643 141
238 295
424 783
266 595
754 195
689 439
188 449
102 308
740 532
405 86
232 74
334 246
422 701
484 984
17 996
384 469
542 411
194 738
186 918
726 608
666 10
262 842
599 445
41 306
411 921
247 323
665 597
158 648
203 908
236 548
371 75
245 457
224 607
50 17
489 341
692 544
436 529
640 984
327 656
783 514
452 541
305 444
208 783
188 246
376 809
51 852
144 442
100 415
27 427
550 244
679 507
396 787
753 798
204 193
53 58
170 974
85 40
745 664
357 113
328 335
328 511
546 415
53 759
50 377
754 94
62 689
494 345
53 265
89 363
370 5
175 547
724 94
146 195
431 543
788 834
117 555
773 851
760 405
505 316
753 678
813 656
179 842
778 421
769 923
315 119
448 53
613 635
253 288
51 701
404 970
574 658
465 514
791 47
744 462
598 56
559 118
182 10
20 22
765 617
825 600
107 346
242 736
644 851
418 974
408 574
795 255
179 890
555 917
336 162
225 626
447 108
772 425
717 178
597 285
673 900
451 848
293 637
250 478
433 714
703 583
167 558
75 840
160 801
716 723
160 564
303 58
560 702
17 760
229 90
761 584
613 431
249 596
354 111
335 103
620 744
785 859
629 534
795 229
291 511
307 348
55 429
149 53
276 232
160 298
15 785
699 598
19 641
138 138
295 456
255 452
764 518
762 851
760 861
666 580
54 276
291 56
346 142
798 323
719 113
318 47
747 360
192 551
655 433
333 244
347 592
153 452
352 130
638 102
721 563
258 71
512 449
753 368
766 358
169 717
280 305
663 31
35 446
113 523
236 626
289 402
170 432
603 831
123 870
660 108
509 944
333 557
399 916
300 178
646 77
698 722
821 625
270 563
510 859
445 339
115 25
486 98
213 390
713 653
546 545
370 213
193 189
830 646
601 407
118 329
491 107
128 554
138 32
240 394
341 231
445 398
801 624
523 878
704 516
388 703
146 732
156 705
683 17
644 642
811 778
76 954
484 289
129 341
538 846
8 428
296 970
792 332
400 742
606 77
77 274
70 356
742 414
231 49
566 676
754 354
589 59
107 790
417 590
277 315
339 203
530 513
533 669
349 797
67 83
832 639
640 270
439 84
175 407
510 868
752 990
723 101
685 4
329 110
421 394
145 149
780 360
337 946
478 839
31 642
504 799
499 204
80 426
369 143
426 959
365 763
663 848
156 387
645 604
415 89
828 966
696 762
312 156
448 342
51 224
647 73
63 811
806 293
413 541
326 182
450 54
347 324
550 241
99 189
232 131
11 224
362 896
617 538
736 71
9 245
712 577
435 92
767 558
134 817
241 199
592 928
101 69
571 441
92 769
841 657
363 250
681 9
287 914
569 390
300 673
751 752
250 409
635 787
34 448
216 488
652 33
154 501
462 435
436 577
440 248
85 241
131 232
634 6
603 731
650 949
134 875
171 709
110 704
773 220
473 825
602 347
59 330
604 613
465 992
247 220
232 143
191 972
118 741
576 326
347 716
664 567
399 771
779 870
40 558
420 57
36 978
620 697
796 826
506 617
727 509
570 155
734 965
290 923
405 641
432 986
58 620
761 684
551 732
809 690
392 435
565 49
22 202
687 218
302 449
409 904
179 520
591 445
387 426
711 197
318 772
116 424
740 858
89 740
494 483
327 258
357 384
645 53
202 177
84 446
144 512
626 274
116 403
794 570
319 166
59 649
841 847
286 522
767 105
173 896
129 561
672 796
477 988
309 339
575 127
786 709
774 469
450 71
592 677
569 562
611 338
462 642
801 265
235 135
740 574
316 807
396 919
404 890
258 311
563 493
713 413
29 208
432 227
202 240
90 143
60 709
810 477
635 861
349 706
490 232
34 947
756 241
642 396
287 363
387 978
593 66
490 978
651 838
21 895
410 972
802 472
581 436
65 703
527 780
414 27
670 683
11 599
256 327
675 793
72 848
222 916
455 418
592 350
683 343
427 290
774 923
657 784
358 398
528 240
136 206
384 715
704 314
135 194
443 16
46 924
227 223
87 69
510 102
159 177
354 372
482 917
775 957
587 39
80 876
270 353
554 283
614 778
99 476
702 460
587 364
713 775
483 490
329 149
636 45
739 900
567 931
496 719
765 539
683 229
119 444
237 993
145 307
4 440
673 545
463 614
720 395
347 737
478 241
400 564
309 463
490 606
329 870
30 129
65 956
39 179
615 752
582 336
331 655
394 317
562 106
787 783
641 213
566 779
394 426
705 683
277 436
831 943
97 941
303 225
298 704
601 592
771 431
601 750
670 374
656 922
443 718
733 111
741 835
837 3
725 135
753 9
411 45
367 879
607 438
527 289
424 87
265 140
230 705
349 956
298 664
117 278
539 29
400 926
531 68
194 451
688 551
595 422
164 272
347 271
695 99
391 64
500 2
215 1000
414 799
359 825
215 582
705 242
817 767
204 973
332 656
727 266
803 930
442 563
70 80
404 566
654 507
629 798
646 376
222 338
704 967
832 885
616 190
409 388
760 541
624 27
413 664
455 880
799 552
450 70
574 754
663 604
287 374
762 228
126 793
64 468
816 644
486 440
778 338
7 822
614 750
180 808
175 419
222 350
838 762
244 185
107 735
811 785
293 636
96 993
584 605
610 813
522 723
415 347
329 137
351 135
127 66
639 629
651 465
509 827
600 391
228 948
419 664
727 454
743 806
609 853
319 885
64 494
20 181
662 197
358 76
43 527
435 185
153 456
101 946
429 215
487 327
173 629
669 884
559 930
260 699
275 944
9 264
350 134
73 307
464 886
644 778
671 311
155 436
498 803
308 119
361 266
837 178
77 918
585 260
691 21
700 115
370 970
742 406
684 613
811 28
369 302
687 59
57 797
119 506
681 261
651 22
764 837
736 433
593 494
546 590
575 296
392 631
829 604
31 151
75 35
770 64
138 774
244 407
287 899
808 299
419 431
559 673
588 919
781 547
232 733
655 500
155 585
736 950
258 829
585 716
122 920
162 640
394 284
838 718
735 793
228 487
570 472
761 296
345 632
197 16
9 860
179 205
666 282
545 672
501 150
446 844
285 685
662 595
673 771
551 33
588 677
265 151
824 552
585 425
263 888
578 904
68 81
380 425
720 770
280 453
616 341
151 591
608 833
37 1
733 640
638 807
508 929
211 274
110 799
33 950
734 984
418 388
310 918
685 753
460 122
273 285
217 692
92 789
411 180
21 562
383 341
678 464
375 92
587 904
709 301
310 934
639 590
620 411
378 379
598 284
726 840
433 633
26 594
788 943
615 775
526 615
424 960
667 796
96 486
639 121
240 827
76 873
245 781
222 725
833 110
705 282
469 190
819 912
509 527
103 764
780 88
574 150
572 580
530 500
439 224
439 958
246 264
309 16
22 898
345 747
771 953
845 667
482 675
764 866
315 420
653 12
728 881
154 81
399 286
816 143
324 193
545 917
702 884
346 177
224 182
790 875
624 955
606 104
328 448
328 80
138 680
323 839
34 825
203 152
828 576
205 877
107 225
786 713
205 351
435 758
16 458
341 567
768 340
397 224
181 387
344 848
354 187
66 246
295 649
656 489
19 512
676 23
297 296
248 543
503 218
347 551
548 181
228 430
624 693
807 115
325 206
205 884
318 901
25 248
730 504
175 470
394 225
539 435
405 502
330 425
340 804
447 810
97 536
647 785
223 556
447 257
124 752
194 252
722 695
141 373
116 646
574 798
717 64
668 539
170 780
618 781
810 917
326 553
83 401
189 110
725 411
456 859
818 290
212 950
706 567
286 277
451 763
623 529
811 358
62 191
586 369
718 13
70 374
342 459
578 970
464 47
146 682
588 159
412 330
105 788
341 615
691 409
585 399
490 416
186 164
615 485
160 285
157 369
183 29
444 608
129 18
391 451
584 975
363 919
550 762
654 429
547 743
826 968
315 635
165 58
257 217
48 927
350 609
296 839
66 92
705 225
155 658
559 51
610 748
524 947
11 649
331 753
819 741
253 210
793 358
731 415
649 854
150 260
633 372
162 409
201 522
549 692
110 888
819 773
228 488
682 577
121 184
26 512
18 443
792 63
480 304
641 303
642 721
456 700
498 590
41 270
11 984
697 835
456 534
234 899
632 435
168 211
393 678
770 835
354 416
717 600
314 586
823 539
523 148
757 815
103 847
203 727
414 516
258 78
344 859
354 189
394 989
362 264
523 314
726 145
65 412
309 356
119 42
812 809
309 478
677 78
408 248
506 394
629 728
827 579
712 895
368 889
484 423
524 944
600 815
787 170
358 456
578 83
427 50
414 979
566 920
751 272
148 559
83 105
8 292
83 668
520 155
214 273
205 712
236 644
677 58
258 407
448 971
162 69
624 649
75 969
61 336
427 893
170 430
225 979
699 734
375 784
34 710
556 500
271 808
182 635
453 461
102 767
493 493
521 139
825 528
822 209
216 608
330 382
147 125
663 793
78 848
496 167
684 856
134 250
819 208
661 13
360 182
276 513
716 326
317 276
445 558
274 661
250 807
300 241
184 258
299 985
706 649
598 386
282 89
311 795
158 783
153 690
505 632
494 440
320 119
682 288
218 939
456 84
756 982
451 824
141 47
170 573
544 225
496 943
736 986
756 184
45 197
239 691
91 816
514 841
328 175
495 759
460 127
298 598
715 11
146 538
691 107
303 308
288 336
839 392
543 594
388 264
795 706
372 487
272 616
603 462
712 790
818 170
305 170
688 804
569 624
524 904
79 54
72 70
705 759
325 325
493 689
595 547
564 678
717 654
462 983
175 382
704 716
91 480
278 181
627 421
417 900
115 464
35 217
65 116
343 573
74 716
304 983
337 753
408 394
636 536
701 669
685 561
623 9
664 641
138 343
381 329
557 240
59 100
95 731
175 93
437 882
518 23
499 133
498 619
682 389
130 782
342 842
475 776
309 958
129 414
40 672
589 464
319 410
709 68
613 524
333 385
647 678
374 333
60 137
501 720
127 695
452 222
688 607
456 897
518 514
573 373
317 105
78 27
733 196
281 462
701 372
509 984
634 986
392 830
744 365
191 88
670 497
545 698
632 531
835 254
603 342
769 152
615 360
146 992
124 757
804 524
421 307
538 219
766 69
73 771
710 1
668 931
316 522
11 50
624 766
594 951
842 520
159 102
649 215
825 209
58 46
771 37
326 714
330 433
245 639
211 890
112 427
106 882
73 202
623 204
319 272
730 746
257 610
581 200
86 13
805 630
780 429
813 273
641 640
772 586
547 913
757 85
662 333
604 436
418 361
7 42
605 706
86 25
418 995
749 236
8 523
291 157
378 812
391 776
70 117
594 614
43 345
123 140
671 614
228 793
371 407
820 395
23 227
785 35
148 891
77 852
593 896
244 664
200 362
579 331
594 978
152 198
226 489
548 45
670 487
275 50
598 989
735 192
350 395
371 992
628 643
755 247
169 156
119 254
496 144
311 97
818 494
377 529
287 840
533 506
741 374
348 365
158 402
76 607
180 538
192 384
301 282
571 30
593 215
462 231
297 420
372 250
165 25
416 63
89 727
227 122
325 717
815 84
227 14
191 426
835 897
755 124
293 952
435 119
740 201
185 340
146 424
384 615
685 755
765 656
295 756
743 357
355 195
503 374
332 34
90 256
755 959
634 571
302 765
467 764
184 355
272 524
141 891
151 918
732 564
764 797
817 625
161 892
520 656
6 244
814 548
718 673
11 732
667 5
833 746
157 292
291 492
54 207
289 934
97 945
437 789
418 125
615 830
250 269
770 557
242 68
324 622
600 958
107 552
251 843
395 613
66 376
499 532
587 429
385 463
777 135
714 597
8 504
95 609
363 274
574 585
381 984
99 192
647 774
165 996
706 835
357 424
748 166
199 100
8 270
66 656
248 89
23 197
779 38
416 796
531 11
295 268
93 239
372 824
549 577
241 607
588 903
701 395
201 952
308 74
792 131
781 16
211 222
152 259
457 752
749 846
351 878
522 542
172 82
774 64
785 855
260 705
636 663
759 36
800 773
113 96
810 603
361 272
37 29
226 417
375 237
554 223
317 389
254 104
433 119
635 223
475 257
180 66
285 705
454 909
256 846
680 125
813 119
226 6
346 969
778 774
305 269
652 471
439 23
588 473
497 176
766 101
617 901
105 723
29 127
80 5
182 993
183 266
353 133
198 996
287 583
693 930
586 648
52 351
315 20
14 729
147 429
841 315
143 254
656 51
545 720
255 36
397 736
270 934
372 263
213 521
24 241
582 974
247 311
771 766
305 269
309 456
44 340
759 943
314 377
658 906
352 180
271 995
36 970
734 865
29 420
485 509
491 918
161 672
40 544
665 548
153 209
814 47
242 903
752 971
130 663
270 145
219 956
608 665
582 832
403 291
838 644
580 113
312 150
697 50
429 174
479 545
422 80
617 861
454 933
545 423
75 737
804 414
560 30
770 462
825 192
204 124
813 160
316 124
748 601
56 676
273 70
773 398
181 330
562 698
720 350
273 569
387 262
762 755
452 996
613 386
385 964
267 285
386 943
178 150
253 360
178 756
307 633
648 194
242 23
99 430
706 850
794 435
790 423
661 487
88 813
313 598
456 883
55 517
736 737
759 959
21 250
71 396
257 848
761 797
117 944
14 570
234 242
816 28
237 746
567 211
743 18
613 120
804 150
787 212
741 702
424 520
720 951
780 787
513 90
345 240
686 916
378 676
142 749
761 132
734 921
461 229
153 418
38 179
271 955
721 883
666 742
686 240
231 320
238 137
531 248
442 905
259 915
502 718
457 19
721 36
474 547
576 759
708 973
593 444
643 868
692 832
813 130
790 783
70 819
647 663
393 480
64 866
780 70
98 872
844 44
584 306
804 56
471 584
131 363
91 844
597 536
737 949
223 241
71 781
326 874
775 396
180 396
25 578
228 780
681 728
30 937
173 584
538 417
210 937
441 332
200 924
446 704
75 577
279 475
798 787
362 524
203 24
109 443
445 226
89 621
17 504
198 641
215 974
770 693
552 432
71 9
411 307
734 234
508 453
573 961
831 72
659 434
670 931
679 934
389 904
699 561
204 343
44 468
729 802
472 84
303 735
612 857
452 250
14 832
145 32
244 26
125 748
683 243
521 997
748 723
583 902
760 848
1 798
416 122
209 950
681 790
589 573
781 684
203 223
155 105
845 938
530 158
322 135
657 55
237 911
401 140
713 828
269 987
117 75
47 812
450 905
632 948
44 715
138 371
452 180
828 910
833 315
674 573
168 722
608 382
799 696
444 928
748 848
380 841
185 472
378 849
116 467
29 517
670 615
642 340
711 152
265 365
95 811
724 832
378 364
103 24
760 752
49 944
477 332
454 570
586 972
345 929
136 308
528 281
670 499
120 537
746 67
168 872
709 331
709 189
293 397
578 726
797 888
740 250
121 183
480 791
823 319
807 453
39 221
37 496
299 430
334 778
677 414
748 270
31 434
104 590
693 637
193 135
229 567
188 408
675 665
827 783
411 610
821 475
505 989
118 907
698 705
788 389
765 976
469 792
822 24
382 147
372 581
43 531
787 197
560 697
583 682
156 866
89 132
522 461
617 444
511 456
576 970
230 756
402 169
58 284
175 518
680 450
105 468
809 386
247 58
278 413
73 3
148 56
34 885
835 922
429 771
596 569
755 283
842 662
590 873
480 692
260 602
644 973
95 770
625 941
14 783
195 637
717 51
547 113
411 445
159 579
515 361
336 918
799 60
447 979
8 209
573 863
128 110
580 987
240 959
247 659
523 386
131 720
65 994
715 958
196 805
534 542
796 718
21 829
415 579
569 804
762 271
404 982
495 49
403 68
392 260
460 940
111 413
430 142
93 512
517 422
458 532
558 973
603 786
666 400
624 234
673 271
276 749
673 71
211 844
397 377
84 584
110 89
100 224
446 599
582 142
600 457
82 938
747 279
491 141
286 958
371 919
456 350
469 675
713 820
637 694
777 929
296 403
431 624
569 65
514 892
152 107
671 936
712 887
413 341
437 880
830 63
346 253
169 80
16 991
466 36
830 575
378 404
395 669
565 675
176 722
477 468
236 799
76 58
28 220
298 134
699 810
191 580
450 273
760 30
198 507
503 208
93 119
156 890
381 111
144 146
531 802
727 943
134 35
193 591
792 16
314 921
253 875
562 532
335 517
546 919
231 350
838 318
122 814
712 932
661 96
327 443
684 809
248 205
678 245
686 31
635 651
536 145
432 332
498 631
606 800
285 307
516 416
262 360
382 709
630 192
604 728
778 520
83 848
54 823
695 215
532 58
314 637
606 835
246 108
47 973
450 74
131 210
472 266
261 557
31 955
426 704
752 383
785 144
99 109
692 828
405 768
519 33
245 375
353 81
184 875
665 351
540 755
547 700
448 979
432 798
490 976
43 756
54 214
588 571
830 595
406 300
836 369
82 67
553 807
611 250
386 761
840 156
638 84
543 314
134 667
359 385
839 845
483 202
27 44
137 697
704 135
417 871
321 377
263 56
724 119
759 838
273 342
793 868
360 132
674 379
130 154
447 352
131 920
589 772
705 945
279 475
447 66
731 926
295 503
393 273
343 391
799 949
6 803
426 287
580 243
685 151
190 505
711 554
819 347
423 257
442 485
546 176
706 981
843 656
452 558
106 357
256 261
488 272
59 303
521 782
454 521
524 199
48 982
266 912
659 789
709 393
624 793
443 400
699 415
606 717
751 523
172 332
286 963
88 838
698 994
509 903
645 695
683 265
193 267
24 608
483 655
463 325
484 836
215 572
648 328
462 341
636 936
220 606
207 232
305 287
707 973
173 236
643 612
492 919
282 680
654 412
416 40
234 204
315 94
834 194
50 497
333 833
420 172
376 987
260 853
769 35
156 551
289 973
438 432
556 825
817 611
500 563
415 752
425 278
672 751
81 652
465 793
201 511
440 527
622 796
227 856
38 587
756 152
226 128
38 635
775 885
819 886
382 278
779 23
194 731
64 536
414 801
134 456
493 10
626 545
826 768
741 795
729 806
252 880
82 983
106 838
241 293
706 232
100 899
730 725
334 236
514 952
106 706
570 630
354 631
524 667
349 199
83 901
374 652
134 431
628 577
288 312
641 424
218 97
716 708
61 355
642 271
543 575
61 302
42 435
489 80
824 868
91 770
38 318
56 429
645 174
98 583
3 9
815 702
70 962
123 752
231 216
61 550
453 701
734 588
263 1000
214 11
222 116
156 576
728 95
396 594
175 620
133 215
225 185
817 984
60 522
544 56
761 244
745 657
406 555
514 519
229 196
582 490
117 371
81 225
202 47
653 586
617 625
251 531
218 305
568 188
21 729
469 570
374 240
774 806
839 472
593 12
168 384
739 677
689 730
33 757
761 870
606 53
508 158
538 842
687 224
451 972
506 951
281 640
658 514
149 479
26 476
283 117
121 594
169 490
156 704
65 396
483 580
447 340
425 41
468 124
652 870
526 607
174 357
531 233
245 924
600 331
288 927
275 929
75 444
839 371
407 869
827 503
239 186
420 661
684 356
359 674
792 195
389 206
188 298
4 102
154 853
791 898
53 10
396 448
479 677
441 903
267 874
519 885
668 39
442 746
309 319
320 203
256 512
813 264
622 654
352 301
201 350
658 981
28 363
655 842
739 717
371 135
192 157
119 214
805 291
185 354
541 848
718 951
270 188
783 709
30 601
169 696
307 718
408 395
332 317
114 800
148 933
162 617
412 872
798 851
480 118
529 766
617 233
737 758
734 231
458 189
724 579
531 726
142 989
685 732
500 917
436 929
729 387
737 783
126 282
569 531
128 417
448 492
81 497
298 689
128 346
684 96
308 901
234 576
343 835
488 720
262 509
252 893
420 441
411 664
833 324
160 270
662 307
290 662
52 912
430 63
395 883
789 511
592 958
300 236
660 704
795 159
61 275
525 301
736 895
675 909
67 269
767 748
509 660
29 571
330 559
72 904
511 380
772 249
376 935
347 788
600 733
379 810
103 474
252 751
226 547
833 812
171 308
109 478
255 324
208 172
782 964
124 612
2 420
666 958
460 926
26 703
515 161
542 808
111 591
777 709
19 391
467 623
684 84
474 690
806 156
698 352
362 89
167 667
290 548
606 823
417 901
417 38
548 92
646 818
734 716
524 606
226 874
273 349
431 306
514 362
371 858
98 366
837 966
723 478
338 474
130 234
708 355
563 327
554 647
40 214
275 423
350 723
392 748
547 526
193 480
231 310
227 72
339 569
290 705
239 412
6 232
719 89
150 360
327 804
182 776
595 262
730 43
100 763
172 118
600 139
730 221
443 332
367 678
211 86
413 780
81 782
762 853
381 572
582 989
514 548
98 121
606 345
609 253
510 614
221 623
670 763
462 737
823 478
333 306
64 135
23 294
129 770
227 146
161 873
434 321
146 472
256 953
486 559
349 903
15 724
682 583
317 70
290 428
242 963
114 918
255 91
156 999
95 26
836 133
338 194
692 484
