1882 999
822 969
481 897
662 159
865 413
77 54
727 252
653 287
289 323
216 457
156 882
38 960
983 941
68 288
450 382
884 430
679 384
446 336
122 30
606 903
299 986
672 508
672 262
99 281
886 871
96 756
69 748
63 663
509 619
193 218
641 125
217 960
719 94
191 790
133 606
352 687
997 770
265 42
685 435
701 354
814 461
863 989
500 298
312 262
830 381
390 556
216 151
827 392
514 550
619 827
200 881
722 317
945 941
154 823
125 227
544 994
986 23
634 94
52 403
284 124
283 706
45 548
539 405
876 968
983 434
162 583
255 391
445 859
875 627
399 539
638 478
79 786
701 981
545 62
197 71
434 842
883 762
481 76
801 358
338 384
811 712
116 51
591 17
327 712
471 157
989 575
335 69
170 113
812 421
40 149
821 134
447 135
375 725
222 363
464 258
321 414
772 187
995 822
660 86
18 437
123 122
532 626
562 863
670 175
920 177
769 372
158 977
279 363
610 116
559 386
869 682
627 596
345 656
614 864
13 551
637 352
885 650
725 252
749 956
227 429
301 40
468 618
980 623
440 30
210 214
89 807
721 21
584 137
407 225
780 466
628 674
726 611
56 758
348 293
541 644
129 337
124 714
505 567
171 976
45 344
258 43
769 220
979 115
658 29
381 340
323 130
164 177
109 357
198 68
910 414
887 336
113 621
528 808
952 307
476 228
341 834
77 579
14 497
860 268
549 169
229 596
317 410
330 107
734 103
706 798
303 445
301 871
695 392
494 520
52 199
318 716
622 875
452 551
389 132
411 416
453 996
501 462
290 105
614 688
490 727
16 196
483 868
560 673
818 371
981 572
696 786
824 447
486 995
93 181
232 823
137 232
40 918
315 28
231 592
550 73
608 727
790 852
738 51
121 518
261 29
186 964
933 356
686 653
14 899
667 407
587 216
50 523
509 575
528 860
170 118
472 4
978 678
690 128
299 648
330 559
86 654
669 966
476 325
419 79
70 730
809 709
646 802
864 673
969 400
355 153
438 779
55 988
109 285
984 927
407 69
139 43
80 110
804 164
411 390
469 731
349 976
968 677
511 522
644 923
502 431
672 376
224 487
204 30
382 210
409 425
816 985
662 18
417 581
124 973
207 110
512 835
703 669
683 617
545 610
661 199
328 959
937 283
54 618
550 275
535 143
182 990
752 308
880 388
490 684
405 217
229 349
828 958
423 705
999 400
964 377
592 927
235 765
14 736
612 453
222 548
724 651
450 847
751 631
183 850
340 234
996 9
614 763
343 517
94 245
255 523
760 223
972 675
234 602
1 794
782 71
169 568
604 719
592 851
678 1000
411 50
121 703
279 139
778 137
349 598
304 560
991 912
14 588
746 177
452 911
545 982
581 792
19 687
576 417
116 18
568 289
17 623
123 307
760 193
768 277
903 571
632 282
531 473
248 625
789 995
278 955
822 198
670 465
383 346
804 691
17 629
703 10
93 190
459 655
396 27
778 489
717 251
407 116
84 413
708 85
948 840
265 255
859 688
470 1000
807 552
907 428
572 898
711 537
259 712
699 738
169 647
602 485
102 39
499 901
368 564
468 80
377 96
604 873
114 879
128 895
945 697
953 733
935 379
167 104
442 158
30 548
486 855
287 391
523 942
75 309
45 335
805 434
331 419
655 347
504 392
212 485
111 157
735 212
932 663
113 326
386 271
700 838
287 474
585 425
316 255
984 356
415 493
489 916
871 978
20 180
643 493
483 875
269 501
597 51
380 447
391 355
725 780
750 870
253 720
448 234
60 693
282 834
361 358
284 133
222 636
57 244
911 564
427 216
980 247
526 929
380 33
403 192
254 755
753 118
774 874
145 355
50 421
293 376
295 562
447 733
768 993
969 796
388 624
169 476
524 541
708 119
25 759
884 180
155 310
993 989
682 78
800 394
702 713
330 333
950 458
205 324
163 546
466 275
990 102
409 151
282 135
663 395
446 705
459 231
587 484
69 556
168 246
610 713
799 320
215 289
234 940
489 355
640 206
179 521
551 736
792 745
205 643
70 903
389 397
539 481
414 454
192 145
454 586
682 959
324 426
685 341
893 626
856 385
584 669
206 134
989 997
708 699
587 771
232 610
460 861
311 922
961 10
582 190
210 984
578 628
636 31
784 463
348 388
559 430
981 95
759 579
814 557
937 964
513 390
53 725
436 208
766 11
284 834
881 699
735 842
319 953
963 56
543 225
466 312
444 322
774 124
323 142
312 224
598 588
301 812
78 814
230 662
284 19
364 557
489 174
89 351
940 773
458 420
908 963
641 384
743 134
685 837
81 641
259 879
602 468
978 406
963 959
94 759
284 19
277 156
631 673
1 575
57 280
292 123
372 635
114 171
445 409
941 169
247 172
302 153
46 690
988 115
789 103
467 316
801 81
424 221
315 411
40 563
843 370
153 309
616 819
103 378
720 395
24 760
261 5
849 638
695 368
55 427
949 686
912 252
208 295
168 730
271 180
209 753
374 148
577 331
320 906
807 579
153 852
488 123
738 582
75 790
426 485
714 750
174 661
514 143
125 292
744 450
262 196
102 187
1 965
964 844
263 840
126 512
312 749
739 104
598 558
636 874
904 722
46 813
369 27
157 766
527 208
2 133
634 452
151 545
403 213
211 448
686 918
879 368
649 165
104 625
534 229
41 177
784 830
790 518
498 216
684 623
299 380
121 324
57 523
174 593
335 924
239 239
128 386
381 451
908 884
204 6
144 172
204 59
433 713
124 75
511 292
923 412
320 726
4 494
171 481
430 389
674 323
236 82
805 6
285 874
195 978
195 541
389 274
905 800
489 67
212 812
450 72
364 908
595 408
578 859
904 854
281 380
123 905
815 1000
653 354
583 116
48 528
868 768
696 807
769 737
742 860
747 639
199 171
396 512
416 170
79 683
64 355
250 542
194 806
570 369
91 212
97 257
203 493
932 214
88 795
928 45
339 181
572 934
785 293
133 767
773 538
30 975
755 615
996 836
452 658
986 838
828 862
883 849
431 449
608 983
12 271
980 540
139 469
277 152
392 518
784 712
506 410
746 102
771 186
746 796
933 94
596 973
484 527
740 941
959 597
135 483
150 169
738 990
277 844
184 853
399 223
911 206
890 825
393 664
509 885
538 224
627 64
828 832
634 239
92 196
401 519
200 259
602 11
649 164
157 939
231 238
389 639
956 238
153 63
980 741
188 942
857 984
693 850
534 38
724 519
971 358
980 529
477 750
456 189
758 5
228 704
504 386
190 830
70 530
666 797
540 326
415 255
958 458
389 604
490 352
131 589
736 99
428 794
68 76
737 901
92 41
852 333
447 905
233 676
777 377
59 954
457 306
739 719
624 768
605 876
268 636
519 827
128 771
344 867
676 382
581 237
238 296
71 753
617 699
678 834
472 355
838 558
8 681
803 343
928 929
467 940
970 204
173 801
92 183
501 546
957 115
964 620
516 235
195 493
251 312
269 711
202 912
535 113
99 867
777 85
101 437
602 419
573 751
194 973
848 294
75 105
954 755
23 835
303 545
548 880
562 905
509 539
570 537
449 347
82 937
400 755
108 125
243 714
309 30
975 921
150 697
394 287
705 558
47 848
281 730
289 650
7 477
419 502
191 821
556 765
980 762
495 633
753 384
710 615
211 760
558 628
120 782
935 173
338 692
311 581
423 942
167 35
20 93
436 881
190 140
12 638
243 102
860 701
422 766
716 308
327 804
324 30
136 687
797 497
71 966
136 945
607 6
267 915
198 935
258 603
10 567
179 590
116 149
71 209
318 759
239 224
515 557
115 295
719 587
913 949
850 395
137 724
951 721
661 363
855 589
739 332
463 436
18 198
934 1000
863 620
917 675
669 531
293 296
881 736
687 586
350 872
305 195
87 223
786 31
242 874
132 750
765 548
281 869
22 645
912 677
442 134
712 387
759 70
939 975
104 392
813 941
497 827
405 679
621 889
760 80
849 344
471 450
974 964
511 441
127 723
266 959
272 623
782 438
831 352
849 961
288 183
147 67
331 148
798 37
678 842
768 429
816 422
873 650
14 715
663 393
102 120
520 531
817 152
109 868
177 521
907 534
639 342
242 300
541 853
502 623
857 834
801 637
632 890
489 653
837 593
440 380
56 773
636 699
69 168
933 38
313 401
224 734
345 172
988 176
264 958
791 37
428 9
551 584
323 622
839 283
463 854
624 642
527 424
400 157
98 343
884 995
528 233
845 274
635 49
962 832
863 717
991 957
503 336
551 654
705 633
963 380
816 451
475 387
693 187
680 459
927 917
83 99
587 832
736 9
355 21
222 163
149 612
306 945
862 622
1 904
223 996
878 944
657 903
666 719
935 382
57 557
326 419
593 222
318 766
239 867
929 320
649 409
663 729
316 256
459 476
730 861
782 518
656 272
420 322
99 959
476 847
562 1
737 832
420 164
503 747
777 624
629 379
297 826
468 111
224 858
179 192
979 557
285 623
641 291
173 732
974 842
361 120
224 409
488 652
952 382
835 704
945 481
257 277
655 495
30 43
624 927
557 852
987 112
781 175
107 370
402 142
974 584
448 472
134 460
202 176
504 739
712 340
162 429
789 774
713 734
602 695
532 920
658 535
866 551
657 206
463 803
250 815
472 617
905 215
470 427
4 122
266 899
543 735
283 316
783 911
582 385
82 666
823 188
322 313
348 497
867 101
587 440
856 487
265 486
375 510
703 724
362 484
783 279
897 617
925 6
383 943
439 768
610 156
523 395
427 699
138 54
227 555
637 584
867 678
482 294
246 835
459 889
429 365
722 590
29 627
306 204
181 534
316 489
980 845
894 830
93 676
286 806
105 448
546 915
808 477
585 233
112 400
978 577
366 222
348 480
839 27
712 621
677 156
603 758
497 926
319 164
895 996
533 234
661 997
309 746
598 827
227 912
384 189
727 173
12 757
708 693
17 123
328 769
977 353
230 582
690 750
866 556
955 603
777 129
97 224
443 707
637 680
590 401
439 680
14 587
126 844
988 189
891 43
533 113
345 374
248 2
540 909
910 713
400 498
461 499
269 139
268 681
94 708
26 414
355 915
142 173
133 931
381 225
799 929
372 467
513 986
426 920
989 131
802 328
555 79
450 504
450 445
967 881
930 136
379 687
438 461
681 682
328 88
299 520
883 495
145 705
107 61
146 714
299 953
244 299
738 772
766 417
455 527
840 260
420 227
769 82
58 662
740 946
264 301
47 818
766 76
246 714
464 232
786 119
612 358
975 825
60 433
118 973
222 744
546 59
912 869
187 961
746 407
108 78
902 225
422 704
102 33
720 55
585 937
667 471
456 442
143 930
229 4
153 956
309 200
200 21
385 670
773 11
482 79
372 477
28 220
358 385
561 420
186 686
94 730
963 931
755 821
741 983
13 543
736 870
295 559
671 346
386 847
815 880
122 134
325 703
61 14
154 749
747 263
485 337
155 667
680 410
485 552
828 510
138 753
933 836
621 5
545 627
613 751
576 256
22 308
938 652
499 816
804 284
541 337
427 911
773 186
709 540
658 738
952 561
989 122
372 909
418 491
382 207
630 718
840 844
958 977
313 933
728 785
554 238
856 242
379 593
993 289
682 297
601 475
520 424
263 595
47 425
758 920
724 270
587 340
899 795
851 862
882 241
546 185
782 708
188 971
350 590
893 927
286 706
468 187
629 113
146 515
589 272
614 4
433 664
669 706
21 421
488 82
795 344
104 48
702 461
849 43
755 5
108 332
533 845
369 379
843 110
623 322
405 315
428 632
216 46
581 415
531 811
304 397
99 314
174 871
165 641
149 866
460 473
161 913
756 316
541 554
766 854
843 624
517 281
967 826
801 534
975 595
325 267
400 96
216 792
815 853
639 81
634 368
52 695
393 756
434 847
333 320
352 489
907 286
629 730
955 524
671 282
245 270
537 967
60 306
512 769
864 674
381 404
400 118
657 169
674 591
77 828
461 549
893 111
949 603
627 398
371 493
833 770
450 721
473 182
934 635
118 37
998 575
809 434
873 147
801 6
947 706
990 333
808 354
327 993
462 375
952 358
60 22
824 428
191 874
808 753
175 611
783 484
407 498
513 251
129 967
603 558
437 283
11 265
829 158
493 638
55 810
918 73
730 582
776 18
514 148
712 751
232 987
51 791
474 709
361 911
157 754
983 489
346 188
452 665
449 737
220 294
232 268
373 999
441 644
22 947
809 588
798 463
360 537
366 837
430 879
949 63
816 677
87 496
625 196
7 483
797 763
769 242
780 510
337 608
223 259
820 903
995 556
183 44
678 799
596 398
701 161
606 34
706 463
720 786
907 99
701 105
118 677
692 56
307 463
505 829
431 432
374 607
579 906
987 763
795 5
979 658
750 130
379 904
76 648
112 671
482 498
658 474
629 982
537 34
164 464
283 245
313 69
170 506
765 729
990 958
201 529
260 370
608 609
719 26
329 504
824 791
747 247
512 742
744 558
113 232
887 327
928 40
235 769
538 456
80 390
192 460
444 413
460 637
77 945
284 31
902 448
705 547
579 372
438 926
89 118
213 248
514 302
227 406
21 540
861 81
343 523
602 301
289 864
586 499
545 911
133 239
143 822
221 898
882 305
59 617
831 380
454 772
20 812
520 1000
133 830
847 310
185 598
610 65
572 898
712 172
945 93
492 82
72 452
984 292
331 236
301 575
705 458
501 115
443 209
695 869
900 432
561 981
100 873
161 969
232 500
533 793
383 466
981 480
10 34
162 993
983 847
216 344
5 679
725 453
783 486
612 253
284 209
517 832
473 828
232 684
528 61
282 304
552 950
354 226
344 182
46 498
85 217
872 397
157 548
724 419
950 322
339 168
390 73
353 319
374 269
563 690
685 109
532 140
822 921
188 871
403 802
747 430
180 426
943 197
658 703
625 427
696 981
565 199
47 665
249 320
788 646
114 724
324 436
790 66
247 276
242 904
375 629
426 29
305 426
955 848
1 98
17 831
71 87
463 329
585 688
888 565
366 622
462 280
571 522
765 715
369 950
296 155
857 944
44 248
458 522
696 886
106 564
688 254
645 25
635 382
335 325
775 989
3 246
490 728
530 744
667 184
955 7
779 538
226 713
954 437
40 49
985 639
797 838
737 657
560 593
981 910
864 627
686 816
131 484
759 363
124 165
413 624
962 623
120 924
670 426
39 598
238 127
706 20
88 198
31 807
324 465
467 850
45 71
770 871
47 410
967 546
153 633
852 148
696 495
702 497
98 74
557 50
65 37
55 324
592 422
812 120
763 577
34 825
235 715
431 913
305 407
797 316
645 357
912 626
470 398
864 498
467 569
637 98
550 138
627 536
867 357
891 564
505 943
123 595
981 102
863 470
337 444
214 809
2 120
674 508
737 660
832 213
264 56
548 140
180 694
65 758
235 404
638 171
509 405
169 712
992 256
992 966
987 823
42 785
463 978
207 585
521 234
61 804
918 558
732 938
232 953
772 456
459 561
128 774
28 554
432 961
575 553
347 586
546 18
459 308
326 371
90 946
286 118
2 719
315 483
278 371
76 827
491 717
538 318
875 956
580 574
204 125
267 738
816 816
820 348
210 331
467 180
11 389
718 218
858 60
528 95
816 960
256 101
89 261
640 938
764 573
693 42
922 100
332 658
119 434
689 278
617 309
226 619
759 172
369 909
40 581
691 875
229 288
877 982
224 65
23 302
812 514
940 37
685 798
36 953
468 448
396 558
880 266
456 834
783 910
748 608
382 873
987 422
986 34
158 926
894 392
263 57
419 17
365 431
365 996
754 224
656 520
352 430
201 706
763 553
513 4
394 930
398 728
491 480
453 585
439 86
171 850
836 898
287 524
833 96
256 445
517 550
522 820
340 269
701 86
158 982
701 604
639 970
751 787
344 137
501 738
946 853
32 247
279 268
154 707
675 433
923 217
866 746
817 547
587 204
288 349
417 931
560 664
680 779
16 216
600 322
582 63
854 51
224 152
493 124
207 452
545 736
551 952
28 391
524 133
101 121
725 415
131 23
789 359
99 210
526 121
914 370
665 463
825 168
525 132
390 804
473 577
975 176
326 819
597 962
2 331
270 150
248 933
473 58
928 721
922 169
5 814
169 921
819 282
682 164
335 915
776 419
437 849
543 782
347 769
86 413
672 108
575 978
806 205
470 605
600 551
396 295
522 309
742 991
227 488
361 944
608 477
167 577
728 444
826 595
936 218
100 759
789 192
974 22
173 721
357 206
310 744
410 324
24 984
337 917
394 770
876 243
527 899
199 430
323 59
392 512
991 422
993 168
654 567
46 88
708 897
866 599
192 356
844 96
762 310
216 425
82 63
572 869
132 875
493 331
437 724
699 292
294 974
349 536
348 321
643 274
178 179
385 120
212 619
425 100
664 975
709 861
143 871
738 367
765 791
987 279
841 649
304 208
50 17
776 944
264 471
526 883
893 73
982 103
176 358
503 655
794 260
575 449
72 74
