6813 472
134 655
256 266
389 409
410 242
104 591
234 711
39 264
377 212
253 418
428 110
154 580
373 945
65 91
10 563
66 977
253 711
417 545
218 780
197 237
20 684
130 712
288 85
256 317
407 875
265 158
393 212
471 53
197 858
43 414
26 245
343 571
274 191
470 647
297 574
406 20
306 949
405 581
234 107
1 844
19 418
383 317
51 9
413 961
58 443
279 29
88 14
230 752
172 365
196 544
230 327
33 582
230 85
313 381
426 400
180 87
356 992
269 464
346 894
164 225
189 323
372 254
74 415
429 808
348 971
467 677
39 983
277 451
159 69
87 56
151 379
160 877
139 718
37 942
206 610
212 612
332 98
194 651
378 726
238 92
73 912
467 484
319 918
330 315
213 300
29 46
10 167
430 110
126 330
414 623
368 773
462 298
297 201
377 563
343 429
448 163
315 4
373 871
35 589
240 207
272 954
69 824
313 1
68 939
103 542
32 444
47 671
9 635
411 926
362 110
1 971
131 525
226 192
200 445
164 923
232 110
73 815
287 805
446 715
396 147
141 593
204 731
107 864
77 672
187 907
172 709
17 768
223 499
103 490
84 990
203 264
176 496
239 179
305 565
328 948
141 262
256 156
96 294
341 281
66 48
111 751
135 710
317 933
29 691
353 308
297 307
87 396
354 446
346 215
29 656
8 140
295 972
465 365
142 684
187 585
201 563
209 811
91 731
399 241
140 559
168 446
160 987
393 744
230 238
147 370
10 799
340 251
451 605
167 102
398 326
391 784
385 369
304 966
153 380
175 92
244 702
20 510
328 622
167 315
122 242
169 757
392 777
118 698
96 474
402 662
422 74
113 879
90 27
76 288
231 335
35 718
230 521
326 326
113 716
211 93
64 810
100 566
423 502
197 144
438 354
162 5
256 658
455 605
276 895
6 521
191 790
61 904
64 886
77 973
355 574
92 622
231 988
276 255
240 87
362 917
309 221
207 836
27 94
187 610
264 312
429 225
377 736
412 73
436 63
305 619
471 466
410 215
247 354
49 119
146 458
35 866
430 196
98 466
223 468
116 694
413 211
153 937
179 901
120 313
322 100
419 969
292 403
78 239
153 963
388 678
413 753
450 678
152 358
98 199
44 406
370 314
107 642
138 512
335 406
122 128
224 835
449 701
106 214
15 422
412 175
452 445
201 371
38 40
67 715
8 427
411 43
333 460
226 339
9 454
132 777
56 519
104 550
213 881
393 956
301 228
384 926
201 123
359 265
8 563
223 659
146 31
131 203
374 510
283 624
373 483
442 216
92 277
337 139
62 45
154 846
448 722
397 793
396 352
46 345
94 844
29 535
282 250
68 518
204 296
373 465
254 40
354 659
94 834
443 909
461 655
268 395
409 119
43 647
155 980
454 837
58 181
140 189
351 84
455 61
311 968
8 940
412 372
379 536
36 190
326 369
184 465
47 212
167 91
403 160
200 600
160 724
467 317
252 399
313 741
155 527
40 320
61 451
200 351
197 553
320 122
3 417
273 906
59 383
194 831
156 373
99 74
314 951
42 732
165 597
377 574
24 28
349 415
106 685
161 514
224 789
9 636
361 188
184 482
209 718
90 73
207 293
266 692
198 660
21 450
232 325
230 174
262 93
112 229
121 131
399 451
165 276
191 742
168 458
459 810
32 16
328 283
210 416
431 990
3 781
54 176
11 849
56 581
197 400
64 587
409 891
290 628
267 399
155 992
281 531
156 704
272 813
298 68
223 838
89 542
130 25
205 429
352 600
431 27
78 807
334 688
187 583
379 148
74 924
436 360
195 256
274 158
49 702
67 725
397 343
360 478
82 881
392 569
415 594
195 761
152 753
345 932
149 302
241 396
2 893
282 808
429 904
277 811
236 170
272 508
372 76
5 701
99 419
393 253
446 1000
469 158
51 735
361 607
449 89
292 322
315 962
381 479
202 243
37 952
312 649
250 35
253 268
406 747
381 225
46 992
335 97
316 850
152 832
254 9
414 454
420 536
446 569
133 710
167 217
323 844
109 971
18 121
110 567
349 473
216 970
154 921
89 813
33 661
326 972
312 843
261 567
34 190
330 396
107 611
302 291
246 15
51 409
167 687
385 702
258 446
221 727
306 363
181 740
98 912
45 35
184 548
52 947
293 202
320 306
446 968
78 328
398 369
75 890
242 867
150 79
147 986
219 102
80 299
89 895
193 82
53 45
405 772
293 314
13 398
182 963
462 484
319 1000
427 738
36 150
185 183
27 780
306 37
370 513
170 315
279 188
269 251
230 739
359 748
56 989
258 761
62 712
324 519
194 171
166 419
174 293
54 378
450 621
246 992
202 7
227 306
462 261
54 371
273 12
262 379
219 835
245 195
79 432
63 866
5 802
214 987
401 231
272 245
346 512
367 282
468 633
224 592
391 690
189 987
109 512
299 641
24 172
445 108
81 155
135 860
202 924
419 690
118 197
39 830
331 407
21 923
103 61
339 621
312 281
33 706
138 87
277 542
453 448
106 333
317 441
92 325
56 433
334 689
420 198
356 111
14 785
409 347
75 389
131 194
43 580
50 640
265 170
228 706
149 688
436 381
82 586
334 477
368 658
333 615
99 667
118 295
170 838
458 106
161 384
272 534
127 562
304 45
353 704
201 598
261 371
324 308
248 239
174 549
17 213
202 284
363 538
437 927
431 54
112 57
247 271
426 841
364 507
372 914
234 697
346 633
431 769
376 306
447 503
203 772
195 76
124 768
461 413
65 478
357 194
92 223
239 840
306 836
427 512
300 830
84 742
401 68
418 122
443 224
40 162
109 898
270 862
116 971
464 515
227 99
413 105
141 501
424 117
119 654
251 880
98 873
191 885
46 333
430 23
90 485
265 953
421 471
466 676
144 646
396 924
122 465
277 195
251 313
379 693
385 454
20 651
438 259
28 648
391 598
395 663
207 601
301 555
394 196
320 828
250 520
385 225
326 525
343 545
286 325
15 313
456 823
102 225
262 837
354 663
454 774
346 282
344 733
57 576
180 416
47 208
137 9
456 953
391 889
235 234
142 248
131 47
213 654
442 83
324 374
25 368
266 973
82 632
424 103
262 632
403 715
279 824
294 826
56 756
374 35
247 518
116 466
386 353
383 949
223 647
447 470
162 357
331 708
155 898
468 481
325 851
56 261
433 426
424 146
465 866
353 974
333 413
263 116
457 462
286 283
453 991
407 653
388 621
401 689
317 183
29 298
45 810
241 871
387 960
6 521
179 732
355 287
164 719
87 405
386 943
74 344
428 467
45 364
327 176
445 342
401 223
100 491
127 916
472 295
119 472
67 279
447 969
97 304
460 245
141 117
292 290
340 836
469 889
56 466
403 966
246 627
350 802
296 362
145 145
133 311
261 13
332 36
107 825
100 176
78 870
375 900
159 465
171 504
295 963
64 791
80 392
68 534
316 505
194 897
101 818
470 103
51 572
339 497
138 956
325 119
81 754
95 827
251 835
359 355
346 552
405 611
159 309
440 265
91 187
48 552
314 958
341 453
403 407
415 213
249 123
3 269
365 826
437 896
97 217
376 517
102 176
168 31
447 61
304 435
436 968
388 421
312 821
401 811
308 533
280 216
114 420
343 835
322 324
255 597
216 345
239 279
420 660
423 162
8 472
382 844
174 96
253 298
72 751
242 336
158 278
342 347
123 625
279 264
248 98
231 2
320 517
219 720
274 363
196 44
139 535
66 37
337 668
116 542
393 676
81 173
113 362
18 796
79 818
445 260
216 436
396 437
282 492
60 847
411 21
135 837
63 985
74 853
390 498
207 961
371 381
404 768
62 106
171 429
451 813
104 199
81 32
270 88
44 551
226 87
444 538
318 334
20 518
56 508
339 341
184 979
118 329
357 347
4 877
145 470
113 260
304 330
371 880
454 202
456 76
54 13
270 106
75 622
26 487
99 506
50 98
326 469
459 472
4 997
315 443
236 61
87 254
182 972
359 699
18 819
413 493
383 547
146 598
229 61
89 722
11 479
58 698
442 382
192 163
31 814
412 932
261 492
8 828
369 493
108 921
300 860
372 553
133 280
263 189
396 659
74 745
464 356
340 542
170 646
368 961
200 119
173 937
243 218
401 348
465 525
194 338
276 620
196 809
192 396
318 664
361 305
300 436
323 888
230 117
256 621
304 226
166 223
72 641
318 255
340 384
302 357
81 207
368 99
12 515
121 703
205 181
83 61
359 145
275 643
426 120
99 244
129 94
105 366
453 924
135 636
111 583
33 420
98 719
138 881
311 73
15 978
310 790
442 66
52 530
384 958
231 117
204 962
452 685
106 188
346 267
76 847
349 937
81 18
123 410
337 903
130 650
298 988
32 970
470 781
82 358
195 192
222 14
145 991
440 320
176 786
297 460
319 322
419 119
318 31
110 745
437 315
175 303
266 181
196 537
336 24
57 453
434 393
349 850
92 436
462 534
459 999
281 681
415 365
387 568
64 292
163 787
366 616
325 374
344 462
88 740
166 857
441 239
391 217
358 426
436 183
396 991
51 491
202 257
437 694
211 468
312 736
456 104
165 675
268 537
339 390
286 770
18 155
274 765
137 585
448 772
66 754
268 348
400 158
44 957
7 159
166 947
300 963
247 56
145 749
348 463
147 852
157 3
404 907
173 606
465 887
124 98
116 788
125 180
195 505
424 451
15 391
185 22
319 77
207 203
298 479
238 321
72 11
461 639
442 3
417 498
326 229
112 731
172 886
471 111
139 194
93 261
388 78
422 99
102 327
280 602
145 688
9 965
363 792
399 854
86 769
438 618
336 691
342 496
249 814
411 549
104 108
427 74
383 589
19 565
290 56
99 68
269 393
357 77
379 805
162 545
127 48
317 756
63 207
238 87
123 934
248 550
219 652
395 251
263 970
259 721
212 160
95 857
206 624
155 688
184 785
150 311
109 965
69 666
275 459
350 770
195 990
414 683
363 115
268 470
340 311
123 936
67 24
340 442
20 199
273 87
98 348
267 633
185 513
174 171
37 358
424 32
448 396
93 971
232 458
229 709
94 356
397 499
144 870
306 141
415 269
25 64
434 998
386 605
234 229
352 160
84 832
387 457
210 562
406 694
18 784
465 424
349 359
199 617
305 364
321 580
192 770
114 101
463 216
18 213
312 936
307 744
304 786
471 230
217 415
31 389
449 630
53 181
242 426
372 91
136 385
290 439
46 631
293 149
281 41
275 64
203 387
472 706
329 643
28 270
134 275
298 287
350 298
107 702
44 324
465 327
20 990
268 164
273 715
264 593
17 777
21 478
148 60
366 649
152 331
67 265
64 278
303 876
448 318
42 34
259 133
280 95
381 937
32 885
330 510
389 319
437 49
433 312
9 997
53 802
460 298
83 855
55 545
356 268
183 217
466 617
79 493
375 826
364 980
276 585
279 464
412 777
15 72
14 452
188 909
278 399
389 640
452 353
467 979
403 951
380 236
356 851
409 149
241 152
304 886
90 912
154 970
451 926
270 101
380 725
285 669
320 615
116 670
46 230
413 164
107 190
358 917
326 409
152 508
259 938
153 544
233 746
11 346
380 959
355 587
459 424
226 995
195 466
407 579
282 102
12 52
453 296
437 6
258 906
20 546
279 311
183 392
465 800
168 234
182 82
452 327
92 854
365 881
271 48
472 775
23 585
320 668
463 901
17 918
15 110
429 24
339 615
235 504
211 809
43 234
41 345
19 571
341 272
221 166
364 522
191 795
397 120
321 875
211 406
338 501
398 957
404 541
362 242
204 663
237 893
19 344
389 291
295 174
177 85
154 355
11 55
330 470
36 570
96 817
144 962
201 212
22 888
360 361
257 529
386 470
409 621
56 518
331 513
417 672
157 997
373 118
187 359
307 312
469 775
4 151
254 681
261 650
223 806
321 292
226 195
285 75
111 456
427 795
346 65
199 49
43 905
413 865
60 715
417 617
199 567
29 811
62 875
127 719
369 135
224 246
307 968
318 88
109 942
10 999
98 101
435 282
281 592
338 979
439 425
404 609
346 915
467 199
263 921
13 579
20 51
459 264
279 984
211 700
181 671
47 67
227 68
4 418
209 330
460 373
35 107
428 593
406 682
463 834
145 641
297 695
193 675
332 657
27 603
15 520
438 3
130 590
30 271
235 745
427 527
340 773
400 696
266 112
284 892
152 237
140 901
386 274
175 662
162 457
129 802
223 370
152 315
409 928
442 68
22 176
197 168
288 781
334 689
277 327
315 841
110 767
137 877
80 988
350 636
326 617
23 164
204 428
116 830
302 881
71 261
287 230
129 419
458 236
117 661
253 668
275 410
465 639
70 79
180 693
271 470
30 720
360 154
335 246
353 356
216 338
278 722
301 634
86 986
250 131
150 228
139 353
317 549
458 48
365 45
164 246
176 202
220 494
401 82
231 982
415 862
191 521
397 369
145 423
413 933
110 648
392 70
397 149
455 677
184 671
374 694
378 693
355 2
224 315
131 198
333 254
158 234
75 696
14 164
345 514
188 138
192 373
363 707
357 360
443 111
331 278
415 706
238 797
80 957
72 559
311 277
151 396
103 314
293 231
353 633
47 301
165 555
391 89
224 292
195 691
40 997
75 28
50 306
374 179
461 44
78 419
404 471
127 307
312 734
404 468
116 115
178 719
231 783
283 885
30 992
365 324
255 349
225 817
414 540
300 216
276 413
193 574
83 149
284 768
427 980
208 449
225 839
219 136
91 406
237 767
133 7
13 749
334 649
363 837
75 210
191 237
12 986
233 208
74 454
262 933
24 878
74 525
39 319
464 352
175 145
404 97
213 857
98 710
247 481
68 321
378 188
239 945
461 642
342 610
11 154
110 529
237 595
289 728
238 369
315 832
341 975
456 714
270 999
108 517
409 387
353 452
338 560
405 965
151 558
305 418
157 649
179 452
228 307
61 963
134 968
355 47
60 752
169 859
1 480
299 652
397 321
460 566
339 272
431 431
427 12
401 802
425 100
229 942
420 646
334 965
128 825
361 813
108 244
104 890
133 524
376 954
425 82
19 615
181 155
207 305
328 910
166 170
405 162
428 736
29 277
428 70
83 566
99 499
110 420
291 937
354 748
306 967
375 15
352 424
81 153
109 258
366 244
448 424
451 139
217 281
280 839
288 686
351 381
171 647
137 262
365 759
97 214
153 532
38 278
211 968
102 795
223 179
118 676
456 702
194 423
195 529
236 548
449 326
356 529
104 211
405 652
395 381
24 548
406 864
215 801
154 239
164 343
311 394
254 272
77 699
219 391
130 512
401 485
255 341
99 79
211 7
66 334
134 953
265 222
55 859
377 399
407 214
363 887
332 633
56 519
447 311
316 425
110 199
183 401
243 867
163 129
226 113
81 226
215 701
84 882
374 525
27 601
345 315
299 355
214 95
460 97
414 163
175 943
264 989
206 591
347 528
196 205
191 395
17 770
285 688
95 50
2 230
416 389
313 808
429 417
454 548
288 550
51 493
51 137
334 346
159 650
465 172
207 750
410 132
466 253
208 602
140 557
372 47
461 389
349 212
328 35
259 977
398 703
397 367
337 101
419 726
265 943
325 856
74 529
209 564
228 939
97 508
2 739
91 231
4 464
7 848
229 184
461 901
349 827
452 833
55 453
324 666
340 184
453 467
279 504
390 955
320 613
231 301
1 764
191 62
316 38
30 715
58 184
252 8
269 762
449 65
455 584
314 781
249 564
171 294
133 881
15 698
445 474
322 837
34 89
88 829
53 736
123 556
169 372
64 586
22 396
66 217
160 351
398 575
319 371
406 503
197 647
351 464
451 458
234 964
379 473
86 539
199 997
372 318
225 290
234 12
185 858
81 160
107 248
39 968
366 262
398 128
230 951
59 477
298 325
376 75
174 228
202 336
203 941
115 654
98 580
345 453
373 731
325 502
30 173
38 217
326 155
156 712
32 363
453 666
307 683
378 569
67 795
91 804
48 792
279 318
445 810
285 109
258 191
127 124
395 373
465 89
304 236
78 695
443 969
275 949
108 589
75 446
296 220
217 400
182 871
353 261
113 570
79 324
249 30
222 72
361 912
258 952
234 208
126 230
191 148
296 808
415 642
360 690
87 665
172 402
117 305
111 307
158 830
198 123
449 57
321 988
105 871
264 662
102 840
107 52
309 593
217 691
140 339
122 278
135 297
261 4
134 214
291 968
148 357
290 760
345 15
179 776
401 401
275 628
124 451
190 457
364 970
272 660
185 102
322 681
184 381
419 318
344 446
436 29
412 655
187 382
148 240
161 898
419 782
164 201
26 273
382 405
356 694
188 93
120 277
39 563
83 731
150 734
99 202
99 929
165 221
393 562
167 413
389 364
382 718
242 285
402 610
291 657
325 205
21 597
352 127
305 956
446 597
87 214
303 265
190 684
423 925
317 485
260 476
382 309
107 978
405 481
155 670
445 819
264 927
459 4
10 324
129 133
235 123
156 653
445 435
439 239
322 529
6 640
394 919
452 205
424 512
149 611
85 902
156 29
380 973
375 666
124 301
270 997
10 795
47 51
60 312
277 624
454 241
132 986
65 869
175 588
119 963
355 29
161 585
113 671
273 342
424 320
144 617
176 796
217 471
464 929
316 601
144 537
252 219
456 716
234 807
16 435
439 736
326 534
390 55
267 295
400 26
206 493
261 344
215 802
442 318
5 525
109 341
345 793
211 513
257 964
219 331
462 457
257 472
134 631
300 369
274 679
63 121
289 17
412 210
316 64
220 872
472 474
32 140
191 841
4 962
183 892
126 187
17 990
43 36
371 166
443 37
295 102
120 764
458 157
179 975
454 717
455 877
232 461
388 358
370 63
309 510
154 363
10 22
449 243
23 499
326 173
275 373
385 348
138 138
200 991
420 168
429 777
284 286
61 943
409 628
130 509
416 62
99 914
192 437
223 455
52 390
29 651
429 385
208 858
46 219
467 985
406 540
361 52
65 298
231 937
56 757
32 490
172 32
256 999
55 686
338 290
443 939
75 665
208 191
332 271
347 455
19 419
185 196
458 455
376 961
439 338
391 577
67 655
217 654
35 508
191 507
42 148
274 340
29 37
244 569
237 387
64 375
441 827
454 702
289 545
25 780
356 506
96 248
403 11
400 120
172 504
344 868
40 101
227 920
404 809
98 6
372 110
232 178
300 747
260 892
125 722
146 265
254 642
266 123
448 966
232 44
217 835
426 311
178 134
157 855
313 244
265 982
344 649
96 32
332 226
155 565
7 498
389 994
6 193
30 720
291 200
353 940
260 782
118 174
234 574
393 762
291 271
81 106
137 395
418 97
217 448
435 17
453 338
433 406
346 687
178 794
195 865
419 655
116 80
179 504
207 261
429 824
75 960
338 224
184 964
261 558
324 237
229 1
177 41
310 430
212 268
8 310
304 98
359 557
401 9
289 573
242 428
395 753
263 209
69 714
395 876
185 406
460 458
472 619
82 143
261 9
228 136
119 581
322 154
339 543
460 505
113 125
313 2
202 997
401 361
240 863
380 83
150 57
137 574
164 594
152 76
108 351
96 996
128 216
426 769
338 812
195 393
345 369
414 967
27 365
232 889
421 672
139 530
165 47
235 609
129 459
348 681
85 88
122 751
201 270
215 791
385 852
48 904
163 880
456 987
316 256
141 607
428 700
142 64
293 281
187 932
16 159
125 533
448 196
185 890
412 592
465 69
25 807
411 894
382 498
152 54
239 822
118 437
275 811
351 558
14 622
72 965
416 983
43 136
371 732
77 739
168 76
248 698
419 29
242 611
115 527
149 441
395 7
389 643
252 613
461 66
89 94
186 638
33 2
166 426
24 47
222 524
238 156
357 678
30 431
71 72
345 496
214 43
113 643
369 383
382 818
72 142
124 281
217 247
363 504
422 692
470 445
269 132
357 855
359 138
139 676
361 859
264 220
278 988
95 747
282 67
65 603
305 745
177 680
390 846
407 434
164 93
285 694
9 563
172 774
214 740
280 988
128 511
88 211
122 581
351 310
401 749
94 463
246 931
135 986
312 773
99 783
167 13
30 915
162 410
470 991
450 390
319 64
157 865
97 61
228 429
40 173
69 1000
324 230
217 909
7 391
199 947
354 103
208 44
471 707
217 647
472 372
188 663
311 407
39 250
252 435
315 179
147 486
46 969
395 57
105 854
416 399
43 592
281 226
205 731
274 806
20 524
220 348
363 648
40 393
102 139
8 108
319 770
358 619
308 722
51 342
119 30
457 571
357 900
289 745
456 833
63 301
461 753
97 272
311 615
355 30
202 627
165 568
272 839
75 419
256 202
92 935
162 869
333 802
180 232
347 450
160 150
308 502
267 740
63 718
104 382
311 894
19 555
380 936
431 820
121 206
153 193
71 100
298 716
217 620
216 275
86 7
253 274
43 803
223 375
310 832
111 477
108 90
274 513
355 714
107 168
457 437
447 703
467 531
159 969
327 313
385 509
147 304
328 398
123 988
96 681
63 725
10 58
274 617
214 415
460 256
292 59
89 575
306 589
105 214
273 998
222 858
232 199
152 675
248 641
372 911
438 546
73 845
372 479
162 187
263 132
319 249
370 342
67 924
26 26
471 124
353 875
270 934
420 79
319 570
77 931
215 318
65 843
148 81
466 883
314 497
278 273
146 550
142 863
206 900
472 950
119 309
310 606
359 373
245 639
127 940
103 372
178 480
25 91
408 944
110 526
92 290
146 532
71 829
303 1000
195 784
395 977
16 122
80 993
282 511
243 567
41 969
198 341
31 741
391 146
190 906
94 424
312 622
131 975
165 912
253 337
200 263
244 700
202 505
192 67
422 421
223 725
131 482
275 548
174 309
178 216
413 71
5 426
220 805
201 145
36 622
169 136
223 569
105 46
270 236
149 996
427 414
64 683
87 838
429 260
301 761
74 53
85 176
248 971
314 87
228 506
220 72
337 559
207 222
4 471
162 418
295 389
322 682
222 272
276 45
437 626
102 192
279 98
238 540
224 147
81 597
53 27
398 92
279 373
161 727
4 135
329 196
78 861
321 609
282 220
402 87
369 744
88 530
10 142
129 459
6 522
42 94
227 91
129 236
106 882
451 618
362 487
232 817
418 20
194 908
242 743
74 61
411 412
211 287
442 761
117 861
121 321
275 490
278 490
165 960
459 943
319 913
236 190
64 817
396 482
268 994
432 490
171 213
274 993
456 296
175 60
458 331
386 575
302 10
271 552
115 942
280 218
444 764
124 28
122 532
315 576
176 115
371 252
309 681
174 700
77 892
306 86
432 92
255 812
138 69
373 718
457 904
307 93
27 633
305 345
325 386
175 508
84 223
36 653
416 777
136 455
284 659
17 855
16 328
106 633
471 83
432 843
321 133
116 48
178 10
163 614
337 724
409 273
26 71
401 22
29 803
119 296
117 318
54 847
25 63
170 420
270 940
72 935
3 149
361 337
251 678
243 554
223 121
199 212
58 130
52 293
307 385
19 106
286 283
177 943
299 170
160 215
382 792
94 482
197 584
220 226
197 126
352 45
310 785
427 166
314 368
436 300
362 522
132 242
409 620
184 757
79 200
90 337
359 224
240 989
465 111
244 770
241 80
314 431
262 301
237 56
348 673
226 979
154 462
450 641
157 537
149 571
115 9
346 651
161 971
8 382
334 833
33 769
341 598
9 161
79 811
187 809
471 214
324 696
148 942
326 784
370 712
207 193
113 565
447 771
333 361
470 144
108 846
339 744
403 495
182 858
370 21
119 594
427 686
292 757
199 473
447 254
17 923
142 837
80 237
10 43
217 555
40 88
28 598
163 741
34 323
224 210
261 483
152 593
320 641
17 745
83 47
318 156
176 121
274 233
345 711
281 891
351 552
304 479
316 978
416 930
99 491
7 857
322 195
470 176
55 191
460 772
328 264
465 120
161 626
340 948
354 550
278 681
255 96
221 310
78 673
370 654
124 366
51 528
209 151
98 830
183 241
411 398
327 693
186 84
260 518
275 974
269 87
208 415
271 891
287 732
425 43
17 546
207 956
236 86
232 502
394 275
8 518
280 600
118 268
40 399
135 830
119 1000
17 571
256 788
33 409
175 850
310 960
102 509
3 77
435 299
41 344
384 456
66 294
34 681
376 663
251 26
300 945
129 704
327 179
140 832
68 603
299 526
412 577
208 991
9 930
199 408
259 733
75 228
182 689
90 465
138 974
76 371
146 863
63 904
349 278
350 739
376 608
373 546
459 733
151 320
343 105
209 403
390 614
132 543
75 928
174 729
78 911
282 212
441 753
411 808
29 661
45 454
102 984
133 125
323 212
267 480
103 453
319 118
291 810
410 409
89 810
456 903
394 452
445 484
418 741
405 118
375 630
81 40
109 548
273 528
148 527
317 472
112 115
99 32
249 169
213 274
177 719
423 117
272 884
125 284
459 933
83 396
241 619
51 409
333 811
91 617
295 580
436 687
323 92
244 538
224 916
405 659
433 719
164 763
360 687
275 490
134 976
415 761
261 43
178 73
398 837
178 698
91 221
152 429
422 921
307 322
192 874
114 851
283 43
213 487
120 742
357 16
459 367
424 77
289 87
70 217
1 314
342 450
456 945
314 251
147 569
6 330
265 147
101 563
15 418
404 195
362 192
413 965
312 321
310 401
240 477
311 752
277 586
416 305
255 425
128 208
153 581
447 897
92 367
21 353
19 908
24 702
117 237
19 58
415 637
145 932
183 455
70 974
90 870
22 32
206 243
444 460
105 307
293 432
224 142
290 471
121 409
50 1000
338 77
365 541
423 630
194 806
8 788
298 820
8 629
250 286
231 457
189 455
97 517
376 221
357 193
21 732
312 514
368 353
335 888
181 256
136 169
88 111
146 461
219 80
328 263
284 395
377 626
92 513
283 762
41 682
28 511
413 872
424 438
212 978
430 863
162 370
27 968
387 479
101 72
185 236
8 301
250 463
133 959
32 739
6 946
271 270
404 320
217 596
217 621
405 730
142 569
292 524
30 882
196 511
441 871
453 855
82 926
126 611
378 655
184 444
187 950
58 402
381 549
372 239
124 415
412 329
456 423
284 124
347 919
161 206
7 593
406 50
198 90
239 694
424 313
295 740
40 29
362 860
87 828
51 817
280 453
104 296
282 103
129 420
162 303
68 781
54 46
372 747
202 345
37 32
455 720
218 876
159 583
336 942
139 239
48 58
413 942
424 413
118 795
211 339
321 379
156 138
326 7
143 268
184 572
233 257
31 113
139 811
247 260
411 968
79 550
242 43
123 506
271 610
123 930
170 634
146 122
210 679
151 51
152 461
79 913
10 954
249 286
417 209
273 517
131 520
205 391
201 730
11 777
218 183
73 668
167 775
284 964
301 507
426 906
198 124
319 858
288 961
68 366
460 198
267 881
344 888
333 428
182 273
204 972
459 858
193 418
128 596
71 586
117 454
54 212
369 779
361 679
467 689
16 345
252 698
295 672
82 550
405 468
247 280
398 538
232 317
338 355
199 704
411 506
394 369
203 754
457 705
404 78
3 543
342 447
178 302
4 818
274 77
23 615
462 493
346 387
60 599
100 903
188 916
361 886
28 250
137 347
175 790
192 329
313 460
300 113
181 289
195 455
23 986
138 541
83 490
430 751
108 240
247 678
389 78
424 69
244 835
89 615
394 722
5 711
388 449
444 126
149 555
330 120
354 527
414 239
100 742
172 143
282 176
460 24
188 712
248 656
465 796
178 478
426 934
236 296
4 893
110 582
330 525
371 540
17 651
388 884
355 625
139 994
237 760
234 758
104 769
146 606
331 107
380 409
239 633
268 989
386 201
336 801
85 117
261 900
342 662
307 220
223 156
348 168
157 183
225 167
185 554
237 719
178 258
15 303
306 547
21 228
349 83
124 400
261 765
217 942
152 344
99 384
208 222
206 609
66 149
353 475
448 265
121 131
151 96
332 104
218 948
127 279
93 293
81 938
58 277
69 612
240 946
444 815
198 887
225 422
405 475
187 779
348 904
446 122
377 957
50 188
183 173
26 366
186 894
255 503
461 115
43 901
132 859
214 665
370 919
293 238
125 687
342 726
301 654
468 549
104 90
425 780
241 221
447 759
444 671
422 287
316 905
402 409
78 843
50 742
347 943
146 33
354 291
386 428
355 819
68 155
397 734
154 951
465 996
173 52
412 350
439 747
153 406
331 993
421 890
439 38
201 110
225 799
332 199
167 597
151 16
21 396
382 761
307 173
30 219
69 220
393 757
225 658
323 450
308 228
25 889
446 298
125 940
417 857
420 49
94 610
287 532
207 624
29 843
190 430
160 312
421 655
428 483
292 28
339 206
439 858
99 399
349 833
246 377
2 958
113 995
341 761
333 975
267 256
106 20
274 179
207 509
175 142
27 328
313 898
87 336
307 859
42 908
398 651
212 85
188 566
395 580
62 396
161 841
72 531
299 517
248 187
204 921
58 375
24 965
190 122
217 690
257 248
230 744
24 937
423 609
48 505
466 476
105 651
353 739
310 209
378 13
174 6
149 949
318 260
218 849
301 78
40 620
191 848
143 580
187 17
239 676
349 752
31 779
100 788
215 660
13 355
126 900
222 908
317 496
92 669
145 660
446 637
21 404
335 675
254 687
344 805
221 271
67 674
385 530
425 65
434 28
445 55
143 595
255 214
9 977
243 584
14 510
327 304
119 12
136 81
378 713
205 13
16 888
67 487
288 440
471 601
450 595
191 279
61 753
202 618
219 155
171 479
119 808
234 821
437 603
131 803
203 778
100 335
208 273
339 983
284 181
463 548
224 210
226 763
169 958
261 338
441 483
300 641
14 545
126 526
90 217
374 463
305 667
309 805
126 529
69 307
62 154
343 763
403 808
30 873
346 34
314 470
117 211
135 606
371 433
275 330
187 255
27 719
140 19
102 462
464 488
336 882
261 509
385 325
443 13
268 99
368 558
145 916
351 594
3 615
188 984
178 834
386 771
9 387
301 578
273 226
96 159
189 36
97 400
20 298
320 73
443 424
228 88
208 14
461 880
312 186
355 519
137 421
198 423
217 473
59 296
381 905
150 597
435 337
290 723
361 874
107 925
331 848
452 338
113 59
377 61
230 361
79 156
10 946
255 467
361 867
39 622
226 996
136 466
137 506
9 620
70 166
282 360
428 971
426 700
42 292
258 386
461 404
120 466
220 108
341 661
203 64
423 699
73 338
448 534
42 526
413 821
5 932
79 426
142 362
438 692
30 327
281 958
342 665
399 478
208 232
409 679
6 353
469 799
57 107
197 330
139 101
150 821
213 430
274 603
402 508
54 452
234 230
36 473
312 810
466 817
69 920
458 864
155 724
416 354
162 360
199 284
254 735
372 612
166 228
449 332
279 705
44 643
304 616
413 147
92 366
291 836
251 603
256 48
120 683
169 717
244 600
263 326
130 101
56 130
169 756
190 468
181 90
47 409
63 198
59 373
240 893
170 310
42 969
267 487
263 29
54 799
48 163
107 744
143 102
249 480
69 728
56 643
213 557
207 63
415 974
103 566
326 64
341 952
66 786
428 430
455 602
249 920
52 657
13 704
317 98
263 205
202 375
95 185
270 260
36 411
432 714
71 790
389 605
198 392
324 975
250 412
328 643
329 137
434 890
189 888
333 874
186 481
40 761
68 535
112 670
327 335
187 25
69 614
229 814
436 288
175 591
165 441
331 631
310 272
18 559
329 975
142 140
443 997
352 791
174 380
51 212
351 435
55 820
48 476
127 251
167 167
395 426
22 654
63 142
17 183
378 127
419 101
144 578
65 399
41 584
445 152
351 597
452 29
236 25
353 650
458 106
360 38
33 64
219 474
348 48
433 861
316 594
234 395
388 163
140 977
43 132
305 3
333 704
383 319
386 786
78 415
230 893
390 11
335 530
430 397
442 62
222 187
431 849
326 744
368 240
76 971
6 555
323 670
356 240
366 784
106 566
361 556
291 347
329 176
39 751
390 519
458 54
432 487
435 58
343 148
182 631
210 43
355 366
313 568
180 890
83 696
187 645
305 744
114 748
137 444
304 671
316 936
427 723
128 347
289 583
198 471
325 450
141 627
313 635
381 209
158 648
341 424
301 224
47 226
385 729
398 679
275 618
294 345
381 522
445 606
152 96
90 930
270 864
349 698
120 876
423 793
457 273
149 831
344 550
49 773
467 200
129 906
79 329
62 329
16 556
55 673
152 891
163 67
184 642
234 520
256 265
365 809
77 685
298 5
117 735
425 262
261 27
105 788
124 227
300 904
453 202
270 386
321 322
2 333
378 878
389 261
170 256
273 120
74 412
324 458
219 283
302 831
368 786
350 669
170 712
278 175
363 659
274 715
91 364
102 77
367 790
389 770
412 235
362 206
400 967
435 838
274 451
192 759
277 403
353 813
57 193
190 69
178 864
260 811
191 785
207 20
468 105
386 678
337 49
184 67
144 285
15 2
282 198
200 502
123 584
329 885
106 404
107 18
194 423
131 107
84 497
53 251
155 776
140 889
6 706
468 200
217 662
417 917
452 428
389 356
387 56
462 284
172 907
125 238
36 922
328 825
266 461
288 145
275 353
284 124
380 999
229 948
91 211
288 839
295 573
415 570
235 579
24 210
143 469
164 137
263 536
105 751
330 172
65 663
364 518
257 709
356 871
403 279
207 258
108 281
275 666
358 679
333 434
119 263
444 83
129 436
363 25
384 388
275 334
239 83
22 110
163 454
445 74
134 313
436 165
398 298
57 810
27 211
216 979
180 636
241 515
35 510
104 294
180 545
213 268
234 951
418 170
459 47
16 40
183 395
258 979
116 602
23 397
365 55
284 784
86 743
408 695
442 503
455 606
38 565
224 477
371 562
471 808
279 6
355 193
20 380
377 469
152 633
239 299
428 585
226 753
93 435
401 30
70 792
127 641
372 495
221 785
32 580
197 898
105 685
280 502
359 300
289 42
81 384
232 469
280 83
409 396
394 77
298 777
40 935
384 567
344 514
394 32
307 838
445 743
416 891
182 590
136 779
43 154
160 605
123 42
450 132
193 387
444 998
237 599
343 334
458 57
465 275
401 610
308 119
117 312
245 256
6 666
189 10
134 853
348 538
158 634
145 805
322 213
59 911
121 311
315 101
350 414
23 980
386 352
217 735
95 99
414 652
78 600
448 464
458 539
44 263
227 573
85 300
45 978
399 439
326 132
268 34
451 406
115 564
291 233
108 22
226 170
389 568
232 482
176 813
72 661
51 730
65 428
462 419
384 883
113 871
60 723
323 935
177 673
324 747
462 861
452 388
231 204
377 91
163 655
421 89
143 58
126 773
369 925
325 521
397 887
391 493
132 526
103 643
464 719
58 641
138 573
233 650
52 834
235 13
399 799
384 309
183 730
311 951
97 595
417 751
244 574
395 595
397 628
64 486
265 345
197 567
415 287
396 319
131 530
401 199
141 451
56 367
264 77
93 224
83 43
426 204
115 104
141 664
287 181
359 425
347 686
390 284
158 637
467 708
132 110
149 535
460 442
85 466
266 492
16 593
455 166
296 816
172 941
331 573
11 265
210 258
446 215
4 304
110 815
320 671
461 589
150 591
452 348
71 707
190 294
56 985
403 797
28 499
166 918
455 32
367 521
299 771
434 634
79 627
135 427
323 458
192 672
469 711
61 537
383 196
323 555
238 472
105 591
29 461
58 642
272 203
61 532
401 716
40 9
423 438
249 771
354 756
172 405
72 61
416 537
211 867
409 252
433 446
63 269
99 991
14 513
286 637
453 978
205 667
351 611
124 672
156 382
423 581
417 678
305 475
228 541
382 179
321 119
281 27
168 485
382 760
260 748
410 702
165 619
397 954
471 408
111 49
433 36
441 302
55 378
167 584
41 948
365 825
66 590
391 624
121 49
39 400
179 74
122 375
223 168
467 784
56 81
415 945
247 333
184 886
79 842
339 860
463 767
441 815
340 465
1 604
52 600
245 903
83 131
32 743
226 240
103 813
147 13
253 505
87 90
156 429
336 900
443 655
431 20
99 83
79 918
225 727
16 979
448 246
53 23
204 438
350 555
367 42
119 388
279 320
407 314
398 787
130 842
401 282
216 565
282 8
355 455
143 962
157 384
184 796
216 454
404 380
276 473
309 717
356 742
407 742
201 821
301 985
149 219
356 556
306 873
54 451
345 667
337 260
35 481
94 425
212 849
394 58
410 995
152 40
258 676
68 251
148 316
353 277
442 384
365 461
69 472
112 358
128 322
41 317
467 765
472 278
49 911
197 927
58 280
56 499
194 789
87 528
16 509
147 369
240 167
186 54
322 811
351 631
88 412
86 805
212 901
401 617
160 944
117 243
363 736
245 84
275 529
54 20
182 170
298 741
31 266
461 373
335 752
411 352
218 346
184 685
390 407
302 20
215 197
51 518
318 788
464 253
77 664
307 791
220 811
446 743
112 656
5 564
87 922
60 585
181 939
271 787
137 653
169 878
344 357
61 401
370 986
416 109
304 787
373 953
68 670
183 665
73 818
443 643
471 614
59 56
377 15
12 377
134 958
208 184
387 792
230 938
223 740
237 156
445 176
76 963
454 621
325 354
372 150
85 448
440 317
150 951
230 23
110 591
20 826
238 576
6 910
451 780
285 233
447 962
467 217
329 660
432 39
297 42
297 958
141 741
443 776
392 365
444 153
397 707
235 978
320 912
363 327
293 348
420 210
71 1000
82 670
211 372
340 588
338 610
158 401
275 73
103 734
262 995
292 23
442 799
51 341
223 528
201 532
237 579
77 269
284 477
178 109
106 187
145 173
408 729
413 24
269 252
173 255
137 199
341 472
83 730
333 139
268 238
376 204
418 306
351 196
462 161
420 728
238 266
199 184
68 903
429 65
77 974
323 356
322 907
63 965
418 924
280 564
174 444
465 391
124 56
194 62
310 341
7 822
232 312
399 87
44 828
46 366
449 144
443 652
304 726
379 156
118 62
340 529
30 705
3 766
308 958
175 364
362 448
219 224
55 437
104 97
434 889
144 38
284 113
84 959
284 905
40 127
256 566
186 569
58 757
214 136
337 266
92 941
380 10
152 252
443 946
434 959
46 829
76 626
187 113
391 837
460 394
286 398
151 566
64 12
244 160
130 757
147 390
115 976
387 67
183 892
396 349
261 272
310 824
425 704
264 289
194 479
234 779
85 831
139 118
384 946
251 259
72 837
330 849
75 368
56 195
31 207
395 344
377 948
356 386
183 610
97 887
343 323
77 659
77 380
76 620
361 524
464 701
391 640
30 164
109 242
337 315
184 269
334 90
455 291
199 611
214 471
465 421
85 435
85 723
295 876
330 114
260 257
1 814
351 215
296 773
216 40
264 810
354 999
119 628
86 829
71 308
207 584
421 91
260 287
323 425
378 383
158 303
423 49
144 502
80 977
271 726
36 633
100 120
470 748
166 292
55 243
333 724
449 755
375 119
365 533
294 775
38 29
319 235
212 52
92 38
51 158
83 134
313 61
470 886
379 420
321 316
64 532
151 284
68 754
142 451
151 199
158 564
140 151
309 479
274 203
46 853
446 175
29 269
231 724
53 619
169 687
186 403
163 800
55 682
281 412
322 982
114 764
443 921
154 476
105 314
250 813
140 971
35 587
124 708
263 647
456 167
112 846
152 626
47 888
189 296
150 866
459 240
94 36
181 588
242 284
177 604
194 50
80 505
378 634
456 570
288 237
10 530
217 975
404 239
316 50
127 709
149 370
386 177
428 384
53 999
76 840
135 989
212 498
129 581
257 860
241 903
58 774
304 436
347 397
108 68
195 424
455 257
357 534
278 346
443 87
434 329
134 630
314 557
47 534
352 985
106 761
71 883
142 58
196 350
206 733
218 824
314 506
340 133
23 637
47 210
147 417
61 747
202 240
235 189
340 133
139 132
28 522
355 647
154 210
173 775
74 328
29 820
236 646
102 776
370 920
85 633
36 6
172 251
63 237
393 604
298 719
108 943
191 646
44 42
392 989
459 607
456 71
421 622
110 446
341 690
94 189
281 144
119 127
89 603
197 486
99 634
264 108
154 680
380 453
59 180
392 43
406 199
319 545
11 344
257 753
370 835
203 926
242 469
307 282
283 658
149 594
396 312
377 797
373 577
370 320
246 301
240 468
87 294
271 519
118 953
230 999
460 476
329 434
336 954
72 705
210 401
117 576
105 37
114 280
422 50
129 870
239 334
434 425
421 563
152 223
198 482
124 873
227 307
449 34
251 367
54 684
239 294
343 843
188 457
221 583
396 289
265 471
157 85
445 217
240 521
459 243
203 82
307 389
408 562
314 924
308 818
238 41
9 35
203 336
332 612
305 282
471 816
187 91
32 709
265 204
40 413
127 970
470 760
12 365
90 393
12 50
250 677
455 778
472 135
175 545
241 919
14 71
407 894
358 234
265 323
222 267
230 201
228 612
126 975
318 656
321 446
351 619
309 311
121 838
236 571
253 989
355 856
252 912
61 699
42 845
86 288
349 340
369 524
90 850
83 972
105 215
397 243
92 464
277 312
380 765
381 285
252 284
395 345
220 636
168 247
295 619
465 525
37 889
329 446
138 195
69 297
149 321
6 159
42 575
275 768
393 960
84 79
220 726
360 874
325 12
368 851
157 933
66 569
414 577
15 640
211 983
221 244
275 422
429 618
105 714
14 480
110 134
208 616
270 332
386 281
23 134
397 726
141 681
71 933
321 133
257 136
389 950
57 624
465 870
177 45
18 544
454 287
13 543
210 889
24 189
354 272
306 452
232 920
358 329
162 191
116 739
129 496
328 137
403 642
433 473
338 503
115 898
267 285
150 651
376 496
284 425
126 574
103 445
176 113
321 532
130 913
169 77
326 320
453 471
179 156
163 376
9 952
222 830
206 827
367 874
84 319
346 305
320 59
301 842
333 946
436 850
335 418
40 506
105 542
467 640
15 621
301 306
380 440
178 758
326 335
466 933
173 885
264 483
296 344
300 193
255 266
1 164
338 323
239 827
352 700
386 924
265 693
233 999
373 312
440 90
139 747
390 683
43 386
384 881
308 196
116 44
319 953
255 464
417 618
120 591
317 489
194 683
416 436
454 448
84 166
439 128
37 287
148 685
239 655
417 874
70 495
334 218
180 904
78 496
182 353
330 285
72 973
180 702
5 155
244 387
23 989
54 522
253 945
26 873
400 779
403 95
213 441
217 548
430 933
399 844
425 407
69 528
247 193
455 908
358 161
300 146
392 186
360 374
466 75
410 601
462 622
247 495
241 266
285 752
37 130
121 322
432 692
225 173
420 611
339 102
165 870
221 933
174 142
98 159
132 484
363 596
369 352
451 674
458 251
170 576
346 718
148 76
29 593
351 590
110 261
192 202
329 586
383 266
441 418
238 226
219 444
54 642
81 554
201 952
425 859
65 915
436 458
216 241
167 381
94 58
253 215
183 746
234 110
138 587
346 853
107 313
192 931
409 468
431 395
89 473
133 354
89 33
139 156
142 425
278 32
414 793
129 439
143 949
33 785
334 223
143 728
105 426
290 986
246 817
202 659
425 854
334 249
202 515
143 926
388 453
467 818
392 595
459 535
240 891
221 595
124 422
362 97
88 504
177 520
364 473
275 634
427 870
61 359
357 936
89 832
53 43
429 228
427 769
138 734
202 749
222 140
387 889
283 890
169 704
197 285
251 668
232 393
46 17
232 172
464 384
424 104
142 941
76 109
431 666
110 236
382 146
52 149
283 406
96 874
451 612
7 898
372 754
283 903
434 743
89 592
413 947
276 424
368 819
48 469
364 222
255 106
43 890
288 765
173 335
315 673
182 610
158 125
438 780
355 580
376 185
215 707
187 10
285 119
196 587
225 988
90 181
150 166
57 285
425 460
216 235
155 264
379 285
290 496
289 601
168 248
102 574
323 942
299 604
340 589
345 815
16 195
106 368
90 362
328 820
79 274
156 171
120 214
80 954
155 251
45 506
307 444
326 518
420 352
83 905
40 402
72 502
420 568
307 382
115 205
105 390
162 32
153 766
66 531
239 507
250 436
307 93
419 287
400 482
170 786
261 953
121 47
471 576
341 390
381 567
345 648
251 243
243 69
176 708
306 919
399 198
374 989
394 532
408 9
298 456
213 802
296 773
407 435
424 374
196 370
241 395
213 938
6 915
448 129
279 621
319 587
121 702
39 733
34 870
194 906
294 370
445 738
269 420
219 982
346 110
432 949
181 523
94 115
442 527
363 428
256 721
369 565
404 976
46 292
459 483
1 323
19 888
219 761
298 510
99 928
85 890
137 856
259 430
164 867
56 653
348 815
347 873
241 71
79 494
217 914
286 612
78 635
177 888
374 639
209 971
322 914
122 866
95 194
42 988
352 594
407 839
153 873
38 956
38 33
309 718
370 648
178 663
256 394
129 316
110 101
393 324
357 755
232 772
130 556
187 182
120 89
375 685
364 546
307 546
8 777
219 891
248 549
223 511
312 56
73 987
300 465
19 224
350 979
367 418
163 812
117 642
374 119
304 557
36 987
249 636
399 537
275 290
52 761
373 913
260 566
371 621
286 869
430 623
203 467
71 603
73 204
152 962
105 172
283 337
82 378
8 656
387 576
44 317
292 685
117 790
438 963
351 626
238 601
353 433
54 817
113 671
444 899
60 509
98 801
127 656
356 737
81 376
469 470
334 330
82 431
277 399
253 583
459 267
59 419
351 511
151 527
115 399
453 506
409 260
383 421
276 643
380 815
299 652
396 356
337 308
229 105
176 747
417 738
401 287
374 373
333 639
180 356
95 289
139 479
440 997
98 176
322 400
281 845
134 850
376 153
374 896
214 139
387 202
235 773
336 982
110 294
229 300
295 97
189 87
126 308
448 442
27 122
426 249
147 721
370 820
18 677
244 512
27 811
215 877
330 383
360 609
290 646
214 507
271 109
387 873
94 56
145 106
56 819
67 981
51 501
327 905
336 32
387 371
446 19
341 707
238 984
242 430
461 94
408 709
149 879
251 389
332 203
204 318
211 148
309 836
272 696
302 81
188 251
428 345
198 698
396 124
119 648
76 303
92 805
427 59
215 650
172 349
430 422
319 597
443 836
312 687
458 275
374 724
262 540
77 18
284 88
445 352
278 896
112 515
113 955
208 44
39 131
423 824
86 896
140 358
80 323
317 613
81 164
208 763
260 861
304 999
110 597
262 704
145 55
22 291
67 464
462 409
444 764
186 510
364 225
331 700
410 330
443 86
438 293
106 789
344 630
156 623
406 970
25 482
386 245
44 446
354 988
101 144
15 868
327 352
94 209
42 340
378 320
322 442
288 629
6 866
433 989
146 626
155 166
5 512
393 258
228 795
462 784
309 979
166 307
213 676
206 177
83 792
175 789
218 802
215 157
395 707
415 396
328 184
334 209
291 146
388 607
37 237
456 147
383 57
411 601
132 932
219 544
69 55
129 841
404 740
315 611
17 695
139 962
304 482
373 172
1 726
253 547
343 993
47 837
250 75
429 215
389 8
93 6
472 73
296 476
7 315
13 457
273 102
387 624
218 119
50 173
17 174
459 574
147 185
395 775
438 15
157 252
183 710
341 683
76 270
349 327
275 412
355 702
153 264
345 396
412 287
204 374
306 281
62 800
319 188
341 880
67 463
385 744
210 32
185 752
50 319
455 529
400 944
151 435
91 725
76 696
240 130
156 999
468 959
343 930
301 250
371 32
146 970
187 827
334 989
267 875
161 467
86 258
279 272
89 735
87 998
213 979
421 625
384 726
416 809
245 531
421 259
255 943
186 969
442 702
28 517
315 982
393 554
467 779
39 211
359 513
67 730
379 173
51 67
258 605
13 454
96 475
173 136
233 510
331 890
295 16
114 761
327 705
315 540
244 466
352 746
339 92
33 81
430 383
418 912
129 731
267 14
184 698
231 56
287 627
237 663
424 689
202 143
177 434
189 538
107 329
466 659
332 797
248 172
302 480
19 768
366 160
330 465
70 249
162 507
211 968
313 359
423 754
100 17
472 75
257 875
119 1000
294 776
347 878
160 673
467 936
213 300
247 636
171 56
184 823
14 394
172 485
414 706
219 441
302 7
452 315
183 15
1 877
307 608
358 669
322 586
342 479
48 803
182 280
357 665
328 268
300 11
290 912
76 753
36 832
26 599
102 419
437 350
239 706
249 307
247 621
69 775
262 181
93 125
266 163
176 222
222 512
58 608
93 587
20 115
467 526
23 803
101 281
213 865
219 414
320 234
221 443
169 86
51 371
34 362
292 413
436 495
136 364
226 544
14 477
412 496
455 948
101 50
25 751
294 983
316 97
305 204
464 913
190 905
462 520
281 939
266 879
58 434
176 254
236 652
300 230
182 728
312 433
293 68
306 236
288 616
139 700
187 801
25 518
125 207
46 261
345 935
342 495
393 953
229 641
70 347
415 679
273 996
78 420
382 810
328 184
387 285
199 997
78 49
127 578
260 624
435 624
75 446
280 839
225 419
423 986
386 517
320 111
438 323
394 168
64 659
444 524
272 572
159 774
122 285
210 949
93 932
469 363
213 744
158 287
314 520
415 755
223 578
261 262
155 485
11 666
371 695
469 983
94 439
206 951
432 332
42 752
88 972
84 973
313 350
378 805
85 785
28 242
149 42
104 804
138 498
249 692
464 910
467 145
53 805
449 14
471 6
464 554
251 255
137 870
135 31
370 787
72 717
286 794
117 110
392 505
74 723
92 485
254 584
431 858
302 695
98 669
279 147
43 339
136 693
411 927
277 859
281 576
54 636
389 144
13 77
246 166
260 207
277 757
61 542
336 139
208 595
112 35
248 371
131 211
198 775
330 831
229 258
324 204
148 750
410 910
247 695
265 394
350 590
323 812
373 295
470 771
19 483
107 352
451 743
464 83
405 68
367 390
350 237
197 751
395 508
459 674
99 716
113 781
26 24
454 979
295 347
409 322
191 854
275 253
207 598
131 370
150 972
16 68
312 595
386 466
204 308
402 510
367 85
270 728
319 54
406 169
233 195
121 592
84 725
121 248
268 249
146 624
352 55
247 10
3 756
278 4
222 720
23 570
205 393
440 210
54 847
212 902
269 750
407 534
3 103
364 595
10 278
287 365
123 413
76 222
280 568
462 133
426 224
320 780
364 464
304 667
462 747
375 971
275 428
42 395
331 907
308 469
282 335
34 642
239 439
117 290
94 584
436 718
366 674
455 614
228 859
221 595
30 450
303 390
177 621
370 791
244 828
201 591
179 251
17 742
60 292
172 62
325 195
31 285
388 288
35 895
46 576
39 218
457 493
292 81
433 993
152 738
327 279
428 912
349 290
102 33
163 652
376 112
37 273
111 916
243 929
452 416
448 425
151 209
60 298
135 123
394 329
435 333
114 110
228 904
384 725
352 491
451 360
1 362
183 122
148 219
44 733
83 359
156 998
339 791
89 132
447 149
68 716
211 750
383 320
401 647
453 411
264 445
372 582
384 475
66 839
95 744
421 613
359 270
138 37
445 317
431 232
4 269
288 978
8 303
133 381
100 773
443 724
340 422
295 288
163 475
342 567
415 381
104 192
360 692
392 824
428 265
214 664
134 509
181 348
114 32
453 245
451 163
226 320
190 134
315 950
252 155
164 162
52 305
20 742
374 794
272 174
449 941
358 26
54 188
451 825
290 55
246 713
408 680
186 688
453 525
320 166
258 442
10 800
30 20
73 399
274 182
161 15
459 896
16 888
35 475
74 729
455 806
32 664
442 708
252 499
465 284
422 242
438 384
426 450
110 190
360 915
234 362
163 139
257 778
51 890
221 473
139 316
210 316
139 394
466 512
447 553
43 586
62 841
191 149
459 471
323 728
464 571
272 293
78 75
222 788
159 414
188 398
149 410
289 722
87 191
270 539
51 802
274 535
206 195
349 858
254 919
317 121
345 958
60 416
227 118
47 972
348 150
145 186
104 532
350 286
213 840
296 773
464 751
174 324
168 976
456 438
234 858
156 225
427 493
228 225
369 700
326 868
67 617
66 677
388 385
216 658
4 508
320 894
471 214
383 103
420 985
208 697
359 17
185 553
471 246
186 722
48 414
90 884
123 48
82 24
177 913
303 421
404 331
284 846
303 977
190 650
16 373
470 563
213 259
411 863
116 123
437 754
345 610
419 730
364 681
94 938
272 813
156 847
470 861
6 902
272 712
154 132
286 948
81 356
44 360
18 437
34 963
197 314
115 346
25 888
110 702
288 179
192 196
205 297
352 563
109 117
154 961
19 494
445 279
457 597
229 680
334 203
409 910
443 528
270 605
317 797
330 990
62 107
82 126
404 258
52 436
313 171
254 318
377 702
173 77
463 365
399 452
248 167
290 421
318 606
362 652
390 361
399 586
59 851
228 179
433 930
450 264
130 97
19 6
61 190
263 982
418 205
394 907
455 299
188 879
30 131
255 349
36 869
261 304
124 2
424 907
434 49
264 272
385 46
377 914
277 693
138 122
266 771
422 533
107 678
215 892
307 640
158 346
64 768
436 162
42 736
205 375
409 512
152 522
189 874
320 592
323 884
150 377
63 849
244 826
116 872
3 220
118 243
246 859
256 634
437 199
78 526
283 838
405 198
417 80
150 925
225 250
263 489
315 156
137 878
267 123
259 401
41 431
389 502
39 406
94 115
287 504
111 570
211 832
78 163
139 257
324 31
155 631
103 510
25 442
49 618
323 167
271 498
464 726
186 488
18 893
274 915
114 163
406 630
156 318
5 159
246 614
392 513
238 847
117 130
313 579
334 734
165 22
456 290
8 160
229 986
294 783
170 91
127 730
33 569
14 631
184 547
251 813
345 594
410 235
56 470
66 576
264 785
335 808
358 913
449 965
116 482
291 460
264 506
236 148
170 412
137 171
25 542
441 72
319 914
280 866
137 760
285 983
384 555
3 94
322 376
84 134
249 394
321 852
131 384
107 937
40 77
310 530
8 992
128 7
90 970
407 964
438 338
120 298
396 932
56 335
43 69
207 170
363 65
64 720
347 494
139 706
404 198
396 364
11 209
1 864
131 48
23 961
209 435
85 929
142 669
127 939
401 50
436 729
106 512
41 639
152 443
437 862
132 247
347 666
300 770
338 373
425 358
184 850
393 500
59 122
102 684
95 290
188 647
451 3
95 405
227 481
435 519
199 645
34 942
27 403
26 761
261 196
308 884
411 565
318 275
386 183
106 99
272 493
317 490
434 345
201 498
334 551
435 178
171 759
109 453
292 935
325 872
66 680
253 696
399 973
409 482
227 471
180 738
82 867
163 309
243 473
192 102
139 695
304 981
424 21
318 971
375 551
246 927
263 174
210 452
428 631
177 169
172 930
443 999
37 716
110 791
461 853
396 458
1 603
427 718
111 606
371 448
59 394
172 228
286 680
261 815
66 12
134 622
391 392
303 396
274 80
14 408
401 869
270 220
440 482
146 975
358 802
278 716
169 256
215 905
150 957
389 545
298 405
24 363
308 610
408 264
232 448
132 160
365 735
228 454
56 981
447 256
359 777
14 672
231 121
79 725
367 141
11 147
403 201
16 750
161 527
159 723
271 971
447 56
443 117
48 231
105 403
17 255
2 580
132 363
215 589
340 33
65 568
61 955
85 937
149 146
416 175
131 662
311 529
111 47
458 910
442 527
316 539
289 222
101 306
422 13
192 117
183 251
445 783
213 963
320 331
399 260
320 747
108 240
241 970
404 917
27 690
176 55
232 176
222 444
58 147
150 246
74 592
271 365
218 673
323 899
269 905
230 14
465 386
179 121
436 751
391 467
292 562
340 398
221 871
88 705
79 311
259 103
318 182
76 54
352 694
237 425
83 410
379 423
444 139
271 713
368 911
327 895
271 53
309 84
84 290
263 38
159 783
181 351
147 680
439 454
160 238
37 695
338 654
332 63
328 609
424 385
198 770
436 115
243 387
355 497
284 928
203 633
95 858
181 294
441 909
447 430
457 82
98 788
98 974
275 654
85 697
438 815
412 664
463 423
288 780
447 318
389 65
245 845
89 704
386 165
40 613
372 965
251 489
180 336
340 465
240 693
163 53
465 822
124 570
326 265
247 425
176 314
31 629
204 415
220 737
380 778
417 440
438 403
198 507
171 164
174 135
393 899
314 716
2 763
37 599
147 411
135 32
406 685
410 989
200 776
216 526
3 87
18 311
157 216
90 385
280 478
147 408
16 768
347 422
112 591
120 975
29 612
440 91
57 423
319 848
314 865
45 373
128 123
374 296
122 437
416 113
314 560
168 821
260 4
229 764
219 219
52 674
301 572
74 450
82 529
213 118
256 25
28 745
290 103
226 981
188 593
359 109
433 618
151 701
158 208
17 340
108 446
336 377
369 611
438 803
327 186
428 288
244 288
244 567
329 657
175 22
195 348
415 668
197 490
38 592
124 235
205 976
410 449
183 915
299 498
123 592
83 954
189 564
317 559
341 312
5 675
126 561
72 126
457 455
87 610
264 694
448 885
147 952
396 506
238 1000
42 104
313 40
267 793
351 468
164 821
223 21
423 421
406 688
322 992
155 980
246 801
178 391
273 238
378 402
141 771
287 920
423 37
384 683
24 464
418 783
128 378
467 565
230 605
152 778
313 777
255 917
10 95
430 940
375 975
418 48
162 43
281 404
40 354
369 442
67 942
294 126
112 590
24 729
386 957
306 575
133 265
348 857
44 756
434 84
227 415
212 65
277 866
244 195
255 461
219 860
27 499
179 24
39 177
70 863
315 468
422 312
79 400
363 481
226 641
433 856
60 190
335 373
29 369
80 133
275 784
358 969
112 95
26 853
418 308
117 185
458 378
51 955
437 127
451 331
254 605
8 758
242 236
179 364
266 719
30 210
141 675
242 169
75 547
186 677
131 390
350 774
470 743
33 738
313 284
4 169
39 888
257 544
157 218
224 103
317 908
101 163
3 100
112 237
179 78
283 968
161 144
32 87
327 692
321 365
427 569
350 979
86 683
290 205
166 791
254 829
332 152
461 407
47 621
126 131
464 416
326 879
36 352
347 490
429 224
410 338
305 262
433 575
249 957
206 293
268 635
214 822
185 507
255 502
256 61
71 29
10 193
386 89
68 240
55 201
241 115
116 539
365 113
398 567
258 582
394 113
431 998
31 147
60 158
257 672
7 92
272 179
226 138
215 286
314 919
53 307
82 93
439 639
182 948
292 810
232 814
184 856
447 681
41 914
163 480
333 358
146 58
330 51
78 962
437 910
293 237
268 145
288 455
324 286
124 686
451 8
140 53
6 226
453 499
333 573
80 938
426 311
67 784
430 951
57 321
420 674
453 667
28 553
123 120
193 489
136 912
148 217
269 172
119 391
47 244
82 564
18 42
281 243
9 205
371 870
176 599
325 329
235 823
38 597
436 584
424 22
64 416
85 446
130 458
264 880
127 196
448 229
225 762
160 930
245 753
34 72
156 949
159 979
325 899
152 252
386 936
369 607
454 440
192 838
110 759
459 332
141 236
223 906
325 249
209 53
461 421
97 222
166 866
114 377
413 287
228 742
333 342
178 636
50 783
157 41
118 492
382 419
407 987
248 282
399 727
204 275
363 799
442 775
317 790
351 265
331 505
281 460
357 116
317 11
26 749
122 695
132 928
108 373
439 89
353 229
206 813
327 148
366 713
116 675
130 697
109 349
373 995
352 93
395 393
265 518
120 547
169 969
295 547
386 147
380 919
332 772
426 586
396 424
55 67
248 714
211 836
100 405
317 748
383 865
406 478
463 492
83 960
361 558
39 5
114 755
327 155
129 853
340 166
370 928
140 459
420 44
26 654
68 151
346 76
352 40
22 425
413 829
299 116
242 870
260 294
58 647
470 583
382 202
43 897
97 467
31 299
354 122
334 319
333 245
468 876
274 163
43 236
45 362
233 983
276 17
143 199
421 447
83 138
45 562
359 244
393 521
159 914
41 931
271 143
200 814
227 155
110 681
142 455
254 729
164 18
472 192
191 487
304 713
397 605
77 502
208 949
403 890
253 544
113 728
438 391
124 458
208 569
210 170
261 928
264 708
444 692
349 426
300 94
141 415
12 430
294 677
350 102
422 791
376 749
163 279
178 950
265 257
458 550
240 342
155 473
252 403
9 693
451 999
46 213
370 512
249 207
441 647
138 295
386 679
87 658
30 626
59 388
232 332
113 34
40 246
205 265
49 188
267 421
243 624
374 898
378 45
83 391
229 884
115 966
168 602
53 382
338 56
305 473
192 594
174 942
176 737
341 848
79 689
451 693
35 627
211 711
362 612
202 631
2 92
281 165
214 577
471 225
415 57
140 950
305 539
399 521
90 31
417 614
118 393
440 36
205 706
117 268
348 999
310 85
200 376
253 427
46 986
215 20
174 150
325 74
203 776
182 91
420 680
147 428
127 916
418 138
321 812
229 239
406 877
56 667
335 911
61 560
239 783
171 405
262 590
363 973
150 455
338 757
449 141
323 537
192 699
234 151
437 698
25 362
123 710
199 424
32 945
3 21
98 863
102 694
111 249
223 775
195 442
364 182
142 333
287 285
283 260
367 724
291 634
347 468
128 539
179 117
354 135
415 513
373 723
181 615
465 615
223 409
169 1000
51 566
165 792
97 888
184 953
