4273 351
37 982
211 341
50 939
311 632
105 919
275 420
155 785
307 798
351 40
24 354
274 426
206 541
274 526
202 643
200 938
152 186
340 117
192 942
219 718
19 771
320 955
66 582
323 675
97 245
92 125
215 642
251 575
140 236
349 128
14 869
154 333
20 669
70 320
65 165
126 508
315 398
293 155
114 24
199 288
202 3
262 661
241 217
318 934
331 305
31 716
37 622
283 380
159 214
297 325
178 900
150 94
63 911
139 325
172 329
318 793
94 448
346 313
137 288
33 986
239 326
104 125
109 287
272 998
194 751
324 390
303 131
216 26
59 112
140 803
139 129
91 788
201 412
114 215
30 573
213 400
140 299
182 776
274 438
157 755
260 303
301 27
126 536
275 659
239 15
281 612
135 48
188 35
41 40
143 209
271 467
40 778
206 910
332 903
149 933
88 292
245 367
5 42
278 805
193 270
259 215
87 448
347 910
114 629
274 475
188 230
303 535
45 511
130 649
297 296
134 715
257 479
11 861
245 165
169 977
236 132
313 341
205 608
27 668
149 947
321 101
208 142
127 763
18 95
279 811
239 685
30 489
54 710
44 683
283 179
180 492
165 214
128 491
304 706
227 345
284 139
12 447
181 474
136 93
24 498
78 724
4 966
255 822
91 81
317 480
316 108
288 295
299 459
98 264
281 488
86 598
166 887
345 391
86 944
77 984
269 577
279 741
45 433
124 265
222 902
194 532
10 472
111 816
164 100
35 564
83 217
86 329
163 526
89 103
301 523
29 921
306 51
24 148
292 808
56 309
185 415
97 216
310 672
158 953
194 743
17 327
2 918
337 908
234 321
316 119
295 200
155 450
7 512
131 515
237 778
342 855
99 315
273 947
256 19
233 898
294 550
323 842
124 814
148 614
24 374
349 93
338 920
340 121
17 905
40 298
1 456
121 913
14 930
334 509
351 505
207 345
244 392
90 708
86 745
347 583
131 807
158 91
5 980
275 465
114 388
275 311
155 32
30 354
72 245
189 758
87 418
302 464
329 869
52 573
92 703
330 88
269 987
21 144
273 411
143 359
84 915
299 852
310 44
350 250
128 947
32 23
73 911
327 6
311 350
256 653
60 144
292 936
180 227
114 460
225 765
271 220
332 501
259 896
75 363
147 785
240 764
39 487
315 711
208 691
127 170
81 853
52 493
342 735
109 213
103 719
75 691
119 481
264 443
205 595
347 654
351 392
128 648
8 646
236 810
254 872
71 921
234 708
72 933
186 685
259 731
202 458
324 796
108 837
148 580
311 350
80 99
263 774
7 119
218 20
267 72
106 339
303 291
351 362
322 96
323 27
63 716
176 452
4 192
42 985
345 352
148 208
77 772
332 43
324 482
78 482
92 402
32 302
111 17
94 855
78 63
200 415
318 401
245 517
199 799
97 755
21 471
127 897
103 864
39 695
281 352
48 599
148 999
33 600
96 346
222 732
121 216
303 739
39 848
351 774
275 394
166 709
56 873
292 121
98 792
239 843
108 601
127 731
51 119
132 218
163 182
288 832
248 669
334 7
330 147
269 109
54 7
255 662
65 823
160 680
160 634
298 326
148 814
171 998
47 283
39 91
346 253
339 11
42 214
139 89
316 465
256 940
263 664
72 407
87 424
149 447
151 760
346 16
211 998
210 473
254 617
263 227
91 135
201 85
131 585
57 875
245 147
71 275
80 549
275 22
58 44
276 845
147 257
324 786
91 433
233 722
134 915
43 330
266 957
233 495
123 928
118 540
272 63
278 896
13 404
287 61
6 923
157 235
46 821
129 722
82 759
23 235
194 456
295 880
231 798
100 112
249 530
231 276
5 591
189 85
150 199
201 659
274 222
189 199
34 269
177 706
238 312
110 676
254 185
55 54
23 99
45 760
252 831
183 796
103 322
68 57
319 357
349 9
134 172
314 347
19 248
57 753
344 653
215 835
23 292
132 83
97 530
311 847
51 864
345 403
64 929
306 28
136 566
314 309
182 85
132 734
143 182
276 784
147 693
79 458
294 267
11 663
249 997
132 982
229 915
44 577
212 818
267 206
198 155
163 105
54 250
80 360
346 463
320 102
174 304
11 264
245 29
333 227
212 779
251 484
345 778
60 150
240 975
200 400
239 547
337 460
265 705
330 498
134 540
314 474
280 375
131 934
209 475
97 238
88 332
244 609
112 76
263 587
121 183
177 665
43 398
297 127
134 964
22 50
69 868
27 559
111 545
120 690
15 283
275 248
3 785
26 309
308 322
289 190
45 51
319 481
100 796
259 656
209 459
287 546
183 735
89 842
43 750
54 934
244 863
243 185
101 57
49 345
189 819
254 634
223 833
168 105
38 574
186 41
343 372
10 666
344 29
35 5
222 478
20 937
211 759
107 153
180 636
247 596
243 127
220 108
10 939
338 135
203 714
229 377
21 529
278 600
12 967
46 615
34 569
303 227
170 353
92 953
228 226
49 238
318 214
296 989
27 992
25 893
263 730
73 89
177 657
128 614
51 28
244 576
59 272
6 37
133 327
260 448
281 396
29 728
82 952
345 806
150 697
306 459
199 158
57 743
263 372
264 747
93 956
307 808
247 194
24 518
222 528
291 630
347 849
253 56
176 886
235 478
337 236
328 903
94 204
301 381
345 466
233 767
110 87
118 64
319 175
45 486
330 252
211 540
151 241
344 752
216 191
167 558
327 803
15 619
22 974
290 42
207 244
216 675
14 910
333 23
239 248
203 229
145 675
222 865
116 804
223 983
53 635
67 844
224 325
295 686
195 627
127 183
300 281
347 206
92 128
347 701
226 772
36 340
95 606
259 869
183 3
239 750
303 443
131 458
27 875
214 384
344 59
165 490
107 329
312 360
78 285
329 251
326 419
288 266
199 332
240 240
112 196
179 299
272 61
89 687
7 131
233 257
146 95
326 573
150 629
228 753
264 349
294 407
182 69
46 487
329 733
241 2
235 273
211 760
342 323
144 123
89 119
109 650
196 646
127 543
9 259
67 513
157 17
311 635
248 450
348 619
62 489
149 756
88 362
236 764
325 725
301 983
319 678
195 906
100 64
154 657
298 797
71 193
78 543
58 942
227 475
303 839
28 49
300 637
306 885
94 544
45 217
142 762
88 577
160 993
129 197
176 673
187 802
157 1000
101 266
60 249
102 199
130 442
243 268
340 325
67 332
257 282
211 905
223 220
113 878
260 232
210 125
46 49
77 635
132 934
133 831
66 234
160 406
310 116
117 114
262 141
220 894
265 940
220 468
65 965
82 15
303 981
203 689
169 912
259 118
150 220
21 343
169 339
269 137
322 349
40 507
51 947
203 748
312 333
341 154
231 742
224 371
329 986
250 624
96 335
220 869
320 649
269 827
218 684
90 759
10 942
287 536
46 769
66 956
50 614
242 995
128 701
237 619
317 239
168 675
171 900
147 240
58 269
38 138
237 811
339 424
293 277
279 48
169 375
250 800
84 413
344 640
77 868
298 541
143 778
289 672
47 881
295 885
330 320
77 813
229 138
7 84
148 292
191 723
193 275
295 631
162 980
281 840
300 267
9 363
144 429
215 801
308 325
112 526
68 547
283 66
182 808
42 19
123 787
13 522
70 175
20 969
62 138
143 699
250 144
39 876
175 767
182 21
279 16
162 826
31 428
5 923
42 5
62 174
246 616
300 411
27 602
9 463
168 416
119 842
117 125
46 313
305 464
35 564
310 531
7 857
233 229
228 391
321 921
104 836
93 429
227 416
128 388
292 960
271 421
164 300
209 873
226 264
311 832
244 759
155 581
237 243
182 438
171 775
152 901
84 789
93 329
93 688
119 702
284 940
306 744
16 193
37 340
163 291
135 56
107 21
158 182
18 177
195 61
284 865
30 856
311 938
244 573
276 308
248 334
335 811
285 980
194 745
180 343
62 369
236 439
171 574
338 358
273 218
78 836
271 167
150 562
30 850
25 47
118 450
210 174
267 894
207 238
47 340
120 273
109 771
241 637
152 746
191 758
17 46
287 826
329 256
80 603
88 125
192 729
35 764
119 510
91 171
207 176
48 315
209 842
169 751
177 787
171 473
72 141
108 14
11 975
228 253
168 388
224 635
257 194
33 321
264 276
322 613
271 937
100 309
172 906
150 775
336 503
54 140
307 459
264 360
138 564
25 116
292 364
347 404
249 778
173 410
22 34
151 401
141 529
55 218
347 554
103 978
173 115
108 522
222 992
114 790
176 327
235 463
215 3
54 73
135 226
135 293
221 415
15 168
258 8
64 667
207 448
143 625
124 831
225 180
318 141
146 71
140 98
178 149
224 602
97 105
155 545
19 268
276 283
124 515
269 519
303 614
259 718
328 106
91 657
350 960
41 481
122 60
260 781
348 614
191 567
230 764
324 759
170 559
96 311
182 465
118 301
179 477
303 124
277 263
161 859
66 256
128 948
218 180
235 390
76 707
163 804
231 523
49 460
88 948
2 17
124 539
41 218
126 24
20 528
275 751
168 860
205 491
175 22
67 591
87 991
161 203
171 976
321 685
148 281
143 637
47 83
147 855
23 222
213 669
252 644
78 499
233 452
239 905
156 568
283 989
196 55
52 414
12 740
305 458
61 477
112 657
193 324
304 287
291 442
296 806
208 7
310 897
65 427
264 451
134 865
35 182
275 942
303 460
264 166
104 330
195 320
216 328
341 957
144 690
327 509
230 914
183 681
317 243
115 882
231 832
293 721
311 291
258 789
179 766
284 280
255 710
181 250
224 746
18 61
236 176
316 159
80 569
92 699
311 968
285 648
25 672
190 512
275 659
234 523
162 459
193 402
137 316
268 956
120 824
13 532
179 338
216 968
207 659
60 308
213 233
269 965
299 771
295 663
15 494
230 464
226 483
64 98
225 982
183 901
14 193
89 946
2 279
89 841
121 809
193 956
45 596
325 962
64 121
61 53
120 228
89 724
20 406
101 426
212 292
175 389
263 957
88 655
234 751
181 897
163 66
241 891
131 971
16 381
14 171
103 642
12 246
111 455
312 981
153 65
29 548
147 908
334 748
40 460
233 426
246 600
229 846
333 802
316 38
208 216
135 832
68 798
236 331
301 714
110 599
60 279
186 360
271 19
58 743
322 520
184 745
239 710
111 110
313 568
230 155
254 187
127 592
260 2
255 579
235 100
37 332
228 724
266 439
105 912
340 741
102 627
350 803
117 124
178 857
61 749
294 324
235 412
70 324
268 437
59 815
350 421
215 732
5 65
105 745
130 717
288 782
149 662
177 712
189 505
47 671
139 569
337 231
311 325
11 299
275 279
183 29
298 406
328 176
214 597
35 39
53 74
49 634
201 672
287 88
168 197
120 80
142 764
302 895
231 421
188 365
126 200
348 247
84 46
339 159
119 248
223 479
236 757
5 442
244 721
176 956
2 848
300 700
113 343
285 617
95 532
249 402
290 825
120 205
124 301
49 289
24 522
239 827
281 576
335 525
142 937
206 690
332 27
253 20
205 153
56 911
246 418
19 971
43 409
224 389
242 299
203 118
39 596
163 683
176 866
81 339
247 736
297 628
297 469
189 223
84 587
326 511
125 936
214 198
194 376
240 369
53 977
255 679
5 589
313 645
44 284
156 421
205 455
268 586
313 126
110 421
274 235
36 908
175 645
313 373
11 782
11 256
39 525
242 762
167 741
136 387
16 284
195 817
264 205
196 770
297 726
96 527
334 211
183 563
85 129
125 96
81 476
119 10
341 785
170 450
43 877
237 84
64 780
22 961
189 122
124 862
232 990
27 923
12 58
214 542
234 5
297 829
47 393
334 247
292 869
47 196
261 707
347 40
229 611
277 460
138 935
134 21
344 501
87 907
19 424
96 195
197 719
124 70
241 789
268 184
281 439
122 714
95 281
87 744
301 881
6 827
247 419
162 631
16 371
232 887
13 742
90 885
122 825
321 578
255 400
97 388
235 545
308 218
307 294
243 570
134 343
283 428
217 862
250 13
251 801
8 813
186 435
293 641
29 203
153 777
151 779
217 507
278 658
68 670
327 787
214 776
222 84
337 17
325 320
7 870
44 573
35 159
265 319
155 793
265 579
53 252
116 445
336 445
41 882
160 542
248 990
327 738
63 976
35 385
90 641
4 522
173 321
54 556
128 594
214 67
141 723
330 786
328 166
70 235
333 794
223 136
175 121
68 214
78 707
254 237
117 82
271 577
176 252
100 852
114 133
90 938
298 322
56 523
260 454
43 180
261 121
328 422
4 628
201 414
343 70
310 355
37 162
173 276
161 815
347 487
210 342
61 115
273 296
59 527
176 174
102 472
188 591
4 647
216 589
168 153
72 280
168 773
134 841
26 778
84 864
91 422
19 719
228 128
68 725
70 831
95 213
312 176
309 964
123 532
209 806
294 551
19 673
56 51
9 32
316 427
159 721
182 888
64 728
250 743
267 354
312 625
351 651
315 402
70 176
194 595
329 902
149 289
331 73
34 115
183 925
308 959
114 569
294 997
163 831
54 747
90 430
57 239
31 40
119 472
300 748
310 246
213 821
13 925
54 473
20 279
194 226
181 375
260 313
328 830
226 246
108 953
189 657
87 425
275 173
235 58
23 439
87 652
98 403
91 61
347 120
77 758
110 863
141 641
346 135
140 994
296 36
204 587
3 532
25 245
277 81
69 390
98 801
3 414
244 721
86 49
186 878
27 304
116 682
347 447
131 901
126 1
52 89
192 519
131 877
134 725
149 364
29 598
278 531
3 946
90 358
312 943
100 35
94 589
77 237
106 169
341 378
302 683
187 94
300 488
149 782
83 8
260 606
280 785
190 444
222 154
221 994
97 905
234 120
93 790
158 527
101 37
82 607
224 816
96 938
47 419
154 759
275 430
227 416
77 703
348 428
340 613
210 93
297 718
349 83
51 690
143 80
209 757
59 698
19 873
102 253
72 570
158 646
88 16
176 664
208 672
59 291
195 732
121 768
84 310
318 438
129 697
292 705
321 944
316 445
93 621
203 759
241 204
160 333
49 957
255 329
268 349
33 850
188 149
262 826
288 298
308 593
138 387
165 744
182 135
252 919
137 604
297 241
202 777
88 643
278 197
332 72
20 157
190 623
99 866
37 899
337 512
127 554
186 945
67 287
207 464
154 25
108 159
137 673
208 585
53 672
101 1000
349 575
343 808
26 284
151 314
234 4
26 178
182 507
240 162
305 430
246 189
168 394
51 628
328 226
146 989
66 828
271 159
170 652
109 279
320 41
86 989
23 211
271 152
121 563
333 54
185 563
340 85
136 529
222 405
278 641
199 196
203 1000
13 528
110 978
49 208
65 348
236 988
4 762
179 912
310 491
127 893
294 16
271 376
254 281
339 698
79 615
331 174
63 707
296 709
17 638
9 621
37 191
348 230
106 928
330 180
116 609
17 456
153 324
163 463
282 967
120 865
12 677
85 331
50 165
88 766
307 490
310 149
202 897
179 995
11 118
2 27
57 687
150 638
176 567
166 761
62 845
74 244
347 650
99 308
153 807
219 225
316 500
125 89
116 354
317 299
110 435
184 901
57 676
208 631
221 906
6 526
154 706
217 730
210 887
148 944
147 935
126 688
152 215
286 456
206 763
205 943
292 918
147 891
203 840
229 988
256 731
5 862
214 222
26 155
341 458
338 847
133 919
87 738
322 544
62 313
60 186
261 430
304 506
237 403
177 876
279 675
4 148
344 610
79 137
32 583
36 77
107 433
61 647
264 175
281 544
311 983
76 417
232 352
163 12
199 903
217 855
219 758
265 197
263 472
167 516
304 487
257 383
343 695
200 85
10 136
311 376
152 967
263 136
188 357
279 782
171 103
146 313
103 388
2 508
311 107
130 454
331 570
128 144
35 848
112 139
172 532
350 55
343 283
26 869
285 702
281 407
112 953
248 266
319 310
226 819
208 120
240 375
223 96
94 713
107 116
308 352
226 115
264 542
27 650
225 130
183 778
239 695
283 151
305 299
338 634
136 897
186 280
17 823
139 786
263 953
330 195
105 604
344 941
287 35
119 820
273 822
7 457
219 86
257 680
23 675
85 970
148 134
310 460
100 575
11 519
65 424
126 382
116 175
127 290
253 824
54 777
155 521
299 123
247 333
158 116
26 330
268 565
280 914
38 139
241 710
4 766
206 806
242 140
234 282
12 491
129 604
25 722
267 764
12 169
331 75
227 540
287 776
64 588
234 726
63 646
28 428
139 122
214 220
113 709
106 708
315 575
235 816
239 958
59 934
86 434
134 216
72 862
222 542
79 582
197 889
144 619
222 609
148 848
193 760
190 289
192 949
52 583
129 242
169 173
66 7
302 102
75 756
232 285
102 387
277 146
200 851
197 652
142 414
158 306
130 124
226 681
128 62
341 345
228 772
2 680
2 199
151 541
105 976
42 118
251 927
286 627
169 621
147 248
10 402
284 319
261 80
136 348
93 589
2 223
67 53
157 525
268 478
303 352
163 475
94 122
108 90
85 814
342 550
189 903
310 533
120 231
79 10
319 690
94 716
253 160
194 438
121 774
301 845
231 557
99 189
192 114
104 301
34 341
219 390
304 874
164 263
271 291
139 340
260 635
152 211
90 596
124 53
314 218
69 691
92 871
331 631
41 685
129 854
196 487
148 717
259 96
225 233
20 721
323 293
345 888
64 400
43 412
291 412
268 954
328 312
278 763
49 895
3 603
49 95
15 308
90 595
159 417
150 778
64 307
4 909
114 432
249 565
181 839
244 986
142 45
117 69
190 58
90 983
209 613
108 712
250 676
49 497
2 485
65 522
144 608
188 117
313 379
128 865
323 549
240 544
173 219
245 201
24 581
91 406
42 594
297 647
286 80
155 822
14 965
217 745
303 329
237 708
294 521
311 508
230 766
55 140
144 92
350 52
198 107
267 357
212 882
322 110
328 711
120 370
334 248
242 752
56 101
341 178
328 787
51 454
59 586
172 480
182 528
32 166
77 581
277 731
87 693
136 276
159 289
10 38
104 30
61 446
219 596
16 743
81 808
136 232
186 386
316 499
161 808
17 904
351 321
71 951
58 11
345 746
110 822
160 625
221 975
35 91
102 662
4 900
205 184
79 49
316 797
223 430
336 315
70 824
10 241
107 692
71 629
348 646
339 615
316 443
251 708
257 703
65 915
71 543
90 459
264 577
299 475
345 479
163 609
105 960
170 388
282 87
60 618
231 810
207 787
345 540
113 971
112 403
179 196
99 675
284 330
319 769
285 205
8 440
51 602
193 8
324 227
171 346
114 106
101 509
97 602
259 524
284 366
201 718
84 480
224 677
95 948
147 111
188 562
316 864
89 295
329 110
40 564
330 812
172 582
129 303
233 284
326 500
342 517
106 184
256 543
1 990
79 977
75 21
125 322
283 680
247 383
172 372
102 433
34 781
326 325
19 825
105 18
60 131
333 598
270 114
34 618
82 223
316 465
279 387
312 989
156 926
85 170
224 337
282 57
202 885
261 399
106 482
237 187
205 545
302 659
129 746
282 455
77 151
207 853
125 63
126 188
101 252
7 705
226 253
264 365
12 181
338 700
203 986
95 935
123 471
85 675
350 410
50 472
154 631
297 76
9 163
177 669
332 953
318 82
189 633
290 323
99 444
266 308
316 281
218 863
207 451
1 198
236 425
327 373
145 429
276 142
17 662
3 914
242 134
58 239
233 372
60 141
43 898
348 144
93 272
250 921
224 327
284 445
28 464
253 324
332 259
279 347
311 880
54 683
241 337
97 448
40 414
240 730
311 111
275 847
315 174
192 135
12 859
210 895
112 941
59 23
145 96
41 268
102 433
313 310
123 404
284 211
75 39
107 778
146 348
109 545
261 179
61 536
210 69
19 588
162 698
117 429
80 428
319 984
255 922
42 93
69 942
256 618
271 127
50 62
299 376
296 447
242 879
309 253
66 111
67 692
320 902
31 798
137 256
82 191
325 378
107 7
150 304
33 612
287 991
326 645
237 539
176 736
12 459
119 492
206 824
162 72
140 314
237 147
185 395
308 249
87 425
135 172
197 64
300 377
143 286
100 71
61 566
196 836
85 206
19 151
87 264
96 679
275 780
22 826
122 773
322 975
239 984
275 205
151 720
40 657
105 108
87 996
346 471
181 315
82 328
46 173
89 968
144 145
216 174
194 381
185 246
138 704
203 661
104 129
28 879
65 605
333 794
1 125
116 928
210 373
271 89
125 23
307 254
232 206
16 375
8 307
294 814
335 380
339 314
234 720
267 269
337 412
351 671
244 905
323 600
66 195
171 930
337 564
159 188
114 287
342 464
225 5
271 598
51 275
97 303
169 722
3 763
148 974
74 123
76 704
215 240
244 492
298 737
329 899
149 810
51 634
334 855
86 610
335 781
85 350
146 994
110 488
228 208
289 124
160 894
327 378
164 743
268 216
17 360
178 207
148 38
173 49
61 814
284 618
276 68
300 836
151 637
299 24
171 820
109 836
94 272
84 776
160 965
18 336
249 415
201 189
287 298
20 940
282 452
245 149
113 745
225 389
289 559
279 628
91 679
41 960
335 266
281 833
225 762
269 299
217 500
338 311
71 317
186 697
3 442
155 59
278 438
248 569
295 408
131 940
156 50
195 327
256 83
314 701
200 950
46 385
275 353
213 780
206 231
347 178
227 79
38 93
271 282
184 753
324 712
126 534
188 228
50 642
88 244
296 404
29 458
37 466
342 349
313 708
193 49
309 422
89 178
233 434
272 789
247 708
128 544
291 156
275 125
83 279
284 507
129 487
185 413
99 270
131 425
112 87
189 969
189 518
125 38
88 906
282 992
185 626
115 231
107 269
271 261
70 176
132 346
25 581
195 999
328 878
291 147
95 70
178 289
14 464
50 912
269 278
266 354
340 67
191 933
9 841
215 589
83 701
279 592
43 6
205 320
11 89
336 725
267 400
84 449
210 654
49 778
239 692
142 371
241 112
194 203
292 865
137 548
87 84
330 917
253 922
126 185
247 391
102 654
188 549
213 303
126 519
56 530
131 574
196 779
232 752
178 463
62 356
146 730
100 775
80 74
273 442
118 577
347 329
277 526
132 693
202 837
12 155
137 963
141 116
77 603
98 323
208 75
273 546
260 991
254 669
123 653
164 36
89 264
136 750
242 950
5 617
268 826
249 979
33 714
43 956
4 753
138 17
252 575
44 355
188 284
313 222
179 64
268 915
247 95
193 974
291 237
196 304
230 350
277 902
143 217
126 240
336 807
159 851
67 985
303 184
100 48
25 890
128 139
107 580
2 492
77 665
105 19
295 98
101 969
37 236
95 615
290 527
7 181
38 104
226 299
312 375
81 771
263 314
223 604
21 225
324 913
57 823
209 1000
216 391
21 900
218 605
210 652
346 665
224 9
105 56
120 292
186 738
288 437
192 653
250 765
268 688
287 309
41 793
201 909
44 592
49 414
125 266
209 176
273 607
318 549
323 163
128 460
140 441
138 759
344 715
302 989
241 179
30 121
72 822
32 841
312 764
69 127
73 81
283 844
127 543
248 96
162 962
314 75
45 154
336 624
223 917
131 396
119 858
105 427
167 942
216 444
90 531
236 264
134 317
169 663
211 603
99 106
325 684
237 850
81 319
17 680
216 401
49 219
216 635
3 333
12 786
55 318
218 518
229 304
115 115
1 993
142 562
263 948
213 121
121 168
316 655
175 223
343 233
90 657
323 720
161 359
209 833
330 48
286 987
183 767
217 692
267 706
216 845
97 277
40 457
29 813
189 210
93 334
318 548
98 126
334 224
93 863
157 859
187 32
281 668
46 429
226 265
203 547
99 123
20 293
343 613
203 882
203 601
13 620
123 99
288 618
201 596
329 343
211 712
242 593
24 624
308 162
338 713
155 619
7 44
97 340
37 268
320 845
5 435
95 281
164 781
350 597
144 882
153 518
178 432
47 768
97 504
233 703
181 157
311 634
202 896
299 283
158 246
165 800
136 416
348 837
341 442
233 184
144 60
328 132
234 588
285 630
70 226
200 307
168 555
144 544
277 855
207 297
182 259
162 75
73 720
87 329
101 186
140 922
86 601
225 97
291 771
305 644
65 352
174 214
186 333
279 214
11 962
252 206
86 180
309 380
5 627
326 260
10 701
313 291
331 442
43 38
337 582
319 433
80 441
281 409
251 354
90 691
40 80
43 146
23 560
314 509
70 586
27 998
92 4
77 228
212 861
344 930
16 59
14 22
41 134
347 603
308 482
233 687
187 961
309 941
287 383
68 453
56 268
230 151
263 958
128 940
27 364
178 149
211 644
128 409
153 222
54 964
172 486
63 570
112 582
237 216
279 625
330 188
195 842
192 24
155 859
305 499
92 454
216 623
269 264
319 964
34 560
215 684
135 477
54 957
316 677
204 282
23 679
150 354
139 578
267 808
282 451
121 49
116 588
147 353
320 879
264 270
188 495
345 491
290 63
168 895
251 704
216 188
203 952
163 392
277 206
106 639
65 839
97 743
81 412
254 370
120 386
62 352
30 96
261 210
309 708
49 936
242 535
286 580
24 132
187 357
33 453
262 597
239 118
263 587
183 744
172 994
271 239
245 504
9 189
150 664
278 869
99 696
189 936
39 420
31 235
285 801
175 111
111 835
142 880
96 367
133 767
203 826
236 288
292 728
133 269
115 157
150 105
286 400
304 773
125 243
142 446
2 941
274 573
218 456
295 214
244 291
20 961
204 976
213 453
107 103
23 528
174 258
69 632
14 343
255 501
304 537
254 876
218 711
24 958
152 108
170 14
90 397
29 159
305 398
312 484
271 29
343 542
133 6
154 602
243 725
275 320
6 535
14 405
259 673
172 234
197 879
316 906
296 727
298 704
245 563
106 879
92 611
111 144
3 745
82 8
89 987
301 934
254 284
231 953
123 579
153 289
149 650
229 618
276 800
301 484
280 624
199 669
296 824
249 989
5 219
53 528
265 983
190 928
126 736
13 153
333 795
289 603
194 500
327 620
209 168
134 307
235 907
330 238
268 92
307 349
330 4
86 260
94 811
130 893
122 35
47 20
166 363
80 225
342 309
309 834
74 360
27 22
21 62
322 251
75 823
241 392
242 965
129 92
182 62
15 869
50 846
155 754
100 98
258 306
13 661
155 643
217 822
58 228
110 305
57 242
217 474
46 631
299 61
216 150
246 937
173 601
71 751
24 355
263 912
323 583
142 357
25 815
336 973
163 197
33 58
28 621
314 460
1 145
112 244
45 772
29 282
320 424
232 864
320 392
89 221
271 718
183 948
34 918
75 778
46 33
172 19
57 628
126 581
63 622
263 299
296 613
305 395
237 786
254 801
193 216
82 170
45 745
232 346
342 161
27 950
158 873
61 259
120 853
22 293
178 678
152 816
88 577
9 739
295 279
323 664
270 755
332 358
308 247
114 695
342 823
173 482
50 196
225 810
226 290
347 349
332 834
329 653
200 473
133 203
281 711
261 327
19 537
107 969
192 632
151 620
348 520
36 789
252 898
35 56
51 850
32 531
112 401
61 970
135 476
259 153
32 59
91 789
340 307
10 660
302 821
263 744
278 148
14 167
92 651
252 582
73 909
241 274
56 51
93 861
333 962
243 463
65 578
32 826
26 880
210 557
253 404
19 595
249 668
81 17
242 552
164 243
20 76
36 103
11 257
247 8
219 219
152 892
298 300
68 631
227 216
144 910
157 976
346 181
156 159
250 194
314 336
321 95
288 117
334 835
208 617
230 186
329 896
299 649
88 418
295 619
337 371
81 46
153 838
94 39
182 917
192 194
267 771
198 82
285 74
118 551
335 229
272 939
320 192
211 796
268 714
33 222
350 954
37 470
207 903
20 647
244 951
222 353
302 521
273 845
261 99
241 154
14 116
255 260
13 459
76 887
132 494
275 872
258 948
237 69
325 212
260 744
233 451
3 119
34 411
308 135
2 158
236 605
327 199
241 435
16 729
167 729
286 310
104 602
193 369
252 459
241 804
277 399
68 347
78 853
169 207
130 128
202 525
4 406
109 468
275 714
72 675
290 515
49 336
18 74
66 657
34 656
43 399
72 54
55 479
197 458
261 120
324 401
281 775
49 487
16 653
256 457
8 471
290 211
215 558
163 723
277 29
346 148
134 694
60 123
19 853
287 887
312 131
139 456
302 916
36 167
268 409
273 230
124 927
264 619
126 71
269 82
63 836
107 632
137 128
79 481
69 447
66 738
147 329
314 119
218 573
70 367
129 241
340 307
340 387
96 139
106 451
309 112
180 894
313 843
306 77
142 405
288 588
144 557
159 811
82 301
249 448
202 229
238 956
4 631
219 297
249 961
71 882
61 558
21 692
292 813
151 901
25 145
255 668
286 79
24 768
300 483
309 655
303 667
332 513
214 114
173 691
199 223
289 349
127 987
64 932
75 655
88 817
184 987
205 719
327 792
109 393
84 527
292 610
139 160
325 331
296 557
77 992
346 211
282 499
347 992
319 800
262 535
125 47
205 349
345 182
284 521
76 788
48 651
247 871
147 532
98 311
146 966
62 625
183 744
307 4
204 811
61 791
308 415
222 241
101 103
292 880
239 600
328 259
256 151
118 16
170 712
112 79
239 279
99 484
35 595
149 593
332 966
116 786
7 318
294 727
73 359
96 885
208 391
269 13
100 737
262 572
234 147
128 66
113 511
238 35
283 166
33 481
96 584
329 951
243 437
263 135
136 135
113 550
68 430
56 579
10 699
232 251
116 501
104 456
149 375
125 461
64 296
48 940
188 465
324 168
215 107
190 795
40 350
235 937
281 803
173 363
32 740
255 174
100 462
289 81
212 6
297 250
172 169
14 98
81 538
212 972
295 288
23 970
144 389
283 728
72 808
130 439
71 852
17 707
169 863
71 598
341 484
252 315
42 249
215 427
299 402
212 532
61 228
278 28
18 58
297 634
74 20
330 102
334 139
339 28
348 535
346 302
260 577
71 895
276 1
106 184
257 417
237 126
16 719
73 74
47 599
95 912
30 311
297 873
59 762
274 409
95 686
146 97
284 405
199 526
329 312
147 720
165 191
266 412
328 946
221 555
7 715
187 313
13 170
87 150
237 256
160 424
126 692
114 927
160 425
193 328
95 182
326 403
73 748
192 309
86 900
349 135
184 711
100 116
227 180
334 607
193 605
61 67
237 242
267 521
9 604
151 182
138 331
135 858
236 641
104 754
187 573
319 478
45 569
97 388
193 285
107 251
116 537
29 465
8 494
158 846
247 566
227 174
266 992
184 435
12 149
136 1
245 230
22 345
75 547
330 6
81 525
320 586
304 109
60 186
130 27
195 646
1 376
125 171
144 572
28 640
172 705
157 940
12 13
253 334
162 916
201 908
341 636
195 661
107 648
144 943
220 270
114 393
34 769
220 570
208 31
217 225
313 291
61 186
188 420
139 631
255 101
245 149
5 827
131 419
128 74
55 622
118 96
231 800
5 353
87 900
64 961
149 500
245 213
86 660
111 106
116 412
173 948
31 377
306 273
122 524
96 540
46 753
321 538
332 242
289 792
39 82
261 923
118 987
291 990
346 888
128 168
206 403
125 531
241 1000
177 198
248 584
9 932
41 1000
206 683
29 991
163 326
330 955
185 796
63 85
34 734
267 568
273 741
4 886
24 985
255 179
241 939
194 792
5 292
183 241
257 436
206 96
264 612
351 464
24 516
220 842
320 198
333 619
332 49
102 876
311 543
219 217
330 679
31 403
167 539
197 462
55 339
10 355
221 521
74 271
3 3
83 466
247 341
98 178
188 604
40 661
296 403
9 226
184 138
345 753
153 202
288 534
327 306
158 674
348 765
97 162
115 402
89 286
164 195
196 995
18 614
36 994
157 551
21 207
302 508
75 554
232 680
27 985
77 888
335 164
88 217
281 344
78 72
233 797
275 944
51 600
333 296
167 802
130 978
296 990
32 734
67 967
139 868
249 248
239 438
342 946
126 372
82 57
179 5
100 159
112 829
28 160
46 33
189 885
182 805
12 113
223 334
237 191
226 233
238 938
19 154
210 58
145 134
42 78
11 785
311 805
11 224
204 540
86 617
276 67
102 382
75 31
345 230
224 218
232 780
343 167
220 702
226 726
88 71
318 638
193 549
304 670
229 275
284 378
86 233
160 588
161 919
48 457
6 686
236 104
252 327
348 391
195 153
323 733
69 463
177 353
132 712
297 786
279 350
251 356
174 15
111 913
194 615
273 822
39 732
194 914
168 697
246 946
269 99
289 112
220 367
168 663
109 34
302 337
148 735
290 489
298 741
35 1
326 415
37 430
46 634
185 967
266 402
190 569
284 293
5 814
171 302
150 281
150 436
265 67
333 832
269 778
147 426
55 517
33 701
329 137
304 863
324 63
100 834
255 763
190 78
311 222
302 364
12 366
7 684
23 489
143 88
301 709
277 399
164 963
70 259
332 471
114 419
47 10
73 314
104 176
279 158
314 523
98 162
310 726
6 684
305 34
304 255
336 164
189 3
29 997
112 136
189 97
17 447
144 265
77 65
139 233
292 565
351 250
279 478
31 641
325 619
49 350
27 150
87 710
74 102
187 658
198 869
33 662
209 97
323 722
244 359
103 549
148 692
111 901
222 346
320 752
66 762
39 750
144 812
22 20
199 736
269 922
77 576
213 390
102 348
271 288
71 556
259 780
351 914
87 435
81 894
249 9
16 663
26 168
66 257
69 812
132 433
106 926
179 315
299 1
28 757
54 40
178 457
168 238
197 359
306 532
222 848
58 958
214 972
216 110
147 805
53 536
324 18
15 445
253 269
116 448
78 525
233 764
3 421
195 403
307 859
34 680
136 298
64 23
116 224
116 176
118 737
288 759
109 538
193 447
74 47
78 594
141 861
22 18
51 432
26 724
65 447
297 624
120 803
219 314
46 884
271 756
261 268
196 914
197 649
129 684
105 495
256 799
227 452
348 652
129 835
39 1000
261 569
315 123
344 995
308 737
72 158
302 940
44 726
347 807
86 176
146 964
46 447
301 136
209 378
147 626
348 596
177 671
224 572
117 177
280 915
320 259
333 944
342 631
195 287
69 520
81 773
287 416
227 22
137 323
98 456
186 658
217 981
150 538
114 109
128 914
66 857
209 800
310 985
188 989
15 135
160 908
99 738
164 239
177 580
317 818
236 557
259 102
15 413
110 832
333 141
297 567
177 903
47 513
163 490
247 990
49 615
315 308
109 158
22 978
36 194
311 453
228 441
248 69
321 277
154 81
90 429
61 415
48 677
45 725
181 441
159 835
37 822
181 494
327 618
126 535
181 559
129 738
136 956
18 704
207 628
52 5
237 596
212 762
249 217
311 12
316 248
166 587
44 981
34 548
94 157
194 504
287 115
206 27
216 638
256 501
325 121
153 892
248 835
52 744
73 133
127 718
113 502
189 30
105 986
62 453
194 615
112 428
209 78
315 911
106 912
211 214
243 7
42 455
97 704
142 466
234 96
32 636
206 292
171 325
278 215
267 554
8 792
239 275
109 937
196 6
246 41
346 418
255 811
300 389
40 917
240 623
287 826
332 789
134 816
271 775
66 387
276 441
288 472
118 550
271 843
279 304
142 874
64 282
103 447
124 278
319 25
79 111
184 164
22 369
53 436
155 460
124 702
211 260
69 192
112 132
262 844
67 750
250 817
301 276
329 474
131 643
274 469
250 515
37 212
320 896
189 136
23 588
137 665
41 330
56 23
261 725
211 316
188 463
200 176
287 466
138 956
208 659
12 663
96 769
163 124
233 115
235 242
138 607
26 403
269 12
46 285
335 729
308 236
192 691
210 478
5 531
173 549
60 550
308 129
94 619
342 916
7 608
166 988
323 774
45 948
85 704
252 707
56 584
274 323
337 875
42 883
2 272
316 238
153 28
290 554
34 120
126 826
86 209
341 148
79 184
113 908
2 512
187 887
117 59
73 617
192 229
130 152
72 535
295 750
289 933
254 26
208 569
178 712
287 502
212 437
299 565
294 796
51 787
83 331
76 641
106 38
238 955
68 299
18 866
23 365
265 970
196 914
41 820
219 245
125 405
310 636
29 38
81 122
227 842
236 374
164 290
210 659
197 412
119 30
42 600
74 155
328 730
140 689
172 387
316 9
20 320
317 699
308 441
232 72
285 531
339 793
81 983
181 351
133 249
161 505
120 121
270 873
307 349
222 143
334 21
299 12
331 166
48 225
14 968
131 358
253 648
185 483
299 703
288 314
54 320
186 650
88 878
331 214
61 140
284 12
195 19
329 207
347 280
106 94
44 267
234 834
152 912
141 780
67 330
150 852
22 283
124 819
341 478
1 154
150 678
173 113
329 900
204 625
197 212
147 314
50 1000
110 262
106 508
37 596
8 208
124 6
221 554
61 563
308 577
88 886
67 547
225 77
219 647
257 130
233 444
19 174
25 505
186 457
146 826
336 563
106 954
278 271
164 875
295 890
94 719
262 208
205 619
113 648
265 423
151 707
44 959
63 465
321 189
162 275
246 524
296 914
300 702
280 951
183 1000
309 409
191 489
61 82
40 182
85 658
120 257
290 779
101 13
322 667
222 492
270 541
335 529
68 608
230 934
106 454
186 608
301 991
284 774
129 979
81 941
156 292
229 943
108 834
265 359
276 156
151 342
349 86
108 298
326 829
207 706
217 125
22 955
239 956
238 662
297 12
75 831
100 116
282 448
329 208
293 516
307 597
303 644
100 974
114 989
306 874
143 176
222 771
164 641
96 264
85 785
21 596
29 452
46 437
68 852
298 549
294 708
206 189
335 901
58 253
8 612
177 437
255 450
88 984
306 875
180 899
156 480
139 163
267 893
178 564
120 355
87 746
230 679
154 908
214 809
210 948
103 486
351 896
155 831
209 396
60 128
209 758
284 202
89 161
186 801
180 370
121 22
320 742
21 422
177 778
36 417
4 41
236 868
240 122
343 487
160 1000
215 864
247 304
212 519
84 910
312 888
89 872
287 132
291 137
118 199
49 520
21 84
140 23
305 796
328 724
63 83
97 355
337 388
118 889
55 271
345 59
26 362
27 837
257 21
9 732
31 21
343 101
135 625
85 51
86 872
90 605
204 362
45 205
131 370
316 394
133 27
53 391
96 311
7 538
237 345
219 766
86 981
349 489
61 539
122 118
316 759
330 477
126 900
219 782
214 612
313 394
6 994
109 26
127 744
51 109
173 673
