9767 535
486 904
517 844
138 263
412 761
172 314
75 860
442 473
10 279
474 569
104 721
519 684
507 380
88 652
130 872
311 916
153 103
268 751
157 759
2 999
511 483
311 495
76 914
11 258
437 839
5 114
443 583
242 257
492 430
525 108
415 866
137 466
40 998
443 969
237 409
376 338
341 245
380 480
153 600
147 501
331 470
457 334
247 901
321 474
106 287
253 254
98 996
128 555
357 917
399 599
127 682
212 232
176 5
232 452
118 813
66 124
30 628
175 453
58 953
422 765
78 351
126 436
291 668
406 992
217 507
33 647
237 850
229 802
410 333
262 316
144 745
13 255
130 34
279 639
529 93
391 637
33 535
528 205
51 380
433 616
226 656
201 635
479 602
389 494
381 60
117 822
91 237
360 188
511 463
54 852
414 633
27 671
461 109
493 145
192 771
50 795
531 245
456 434
485 273
114 926
480 530
263 604
61 295
485 877
117 851
141 237
458 939
75 340
453 739
79 625
84 817
79 490
534 920
489 380
3 623
23 281
259 352
154 413
529 881
282 825
496 766
439 801
154 197
413 917
499 272
397 915
401 71
183 811
404 843
73 834
226 148
495 928
220 733
266 770
331 346
318 16
132 393
471 32
468 686
475 497
27 293
11 657
479 508
446 176
190 854
277 843
263 297
176 650
478 225
142 2
93 867
414 499
492 779
137 98
487 150
377 57
442 200
24 51
519 128
12 456
418 959
415 479
15 269
172 911
159 620
313 148
508 675
430 433
499 108
14 976
28 798
121 451
93 371
44 231
236 19
167 308
387 920
38 126
147 400
324 439
321 607
9 595
219 922
45 618
107 348
18 249
445 204
230 17
230 814
517 175
195 206
114 722
211 856
255 681
105 915
463 378
289 520
493 276
413 88
317 534
362 820
45 957
137 642
274 786
141 295
240 482
443 416
421 180
301 311
156 775
429 956
1 449
249 281
463 729
407 357
319 878
190 51
311 381
295 536
175 399
121 688
361 504
144 129
90 258
467 30
420 40
110 389
380 587
488 682
481 768
293 538
344 640
434 193
260 879
395 556
131 238
517 208
166 474
424 897
279 474
363 99
432 892
382 77
144 104
189 433
215 612
83 782
284 254
139 366
50 61
482 632
275 633
475 695
169 574
70 953
9 262
524 48
54 428
119 869
62 401
435 800
182 626
377 985
527 176
158 723
18 231
299 371
67 455
73 877
87 166
48 815
213 828
107 37
235 222
11 859
184 764
441 390
251 972
232 644
491 980
99 398
475 283
470 117
520 817
31 139
31 242
66 886
426 351
147 544
71 756
252 169
93 251
381 275
324 496
80 109
444 28
150 746
434 83
89 543
531 757
303 696
470 640
36 531
483 516
170 155
487 726
341 478
411 910
451 176
13 481
242 62
317 71
140 980
263 326
431 664
328 717
504 724
523 58
79 143
519 637
441 133
165 778
419 91
30 155
83 180
341 140
274 262
104 285
171 774
263 300
112 576
72 208
78 311
3 983
26 451
502 537
18 30
477 330
488 174
24 588
31 287
150 787
495 662
10 535
398 926
57 45
322 479
248 654
329 618
181 487
453 150
503 160
119 239
302 45
496 953
469 416
454 897
450 580
29 181
318 956
97 815
96 362
231 197
485 376
494 876
468 203
362 329
381 530
114 950
7 491
481 699
439 239
418 395
388 666
154 203
160 452
525 22
20 202
350 979
82 597
251 381
294 233
161 90
330 688
38 933
345 133
97 277
149 458
428 539
116 122
453 760
107 815
448 453
9 517
23 432
6 525
75 78
306 507
351 235
65 681
112 852
325 794
457 869
426 567
529 619
414 14
121 516
25 37
163 754
348 955
230 765
353 8
440 581
513 881
246 467
299 413
79 793
52 410
54 405
201 432
527 179
349 268
433 120
360 919
423 223
61 205
493 704
503 935
262 340
175 545
26 171
39 604
285 246
21 437
439 493
122 524
162 225
199 143
253 347
501 60
336 212
475 354
481 955
111 585
400 466
60 53
81 81
185 415
229 778
509 172
467 467
120 500
176 719
271 292
194 909
20 189
487 15
372 506
227 197
282 838
149 840
169 772
223 807
376 333
77 861
240 286
233 873
6 383
41 404
369 773
78 703
341 120
504 746
282 638
401 686
303 686
466 356
289 294
381 20
92 646
487 647
341 331
331 125
96 53
211 976
402 936
419 711
88 167
153 108
241 836
316 759
394 26
62 736
424 540
465 232
316 498
192 49
373 83
288 794
242 942
473 740
47 248
530 719
340 105
438 414
310 62
127 974
274 281
329 620
362 260
415 772
4 762
33 402
364 887
496 165
373 226
190 751
364 170
366 678
426 30
445 542
228 836
147 597
269 531
168 414
146 856
130 175
40 813
528 570
350 349
415 400
485 986
206 913
303 840
156 389
386 807
484 270
29 476
373 468
128 840
210 72
466 608
45 233
76 315
425 306
500 895
15 154
458 357
414 50
222 129
172 555
304 571
37 197
138 984
369 417
65 921
95 689
484 426
308 210
221 45
292 697
204 997
154 283
409 11
129 83
180 613
161 40
146 794
219 868
246 695
396 438
255 653
378 425
163 160
377 987
94 537
345 455
200 605
420 483
245 285
278 331
117 796
167 732
290 860
70 873
119 97
162 850
490 948
285 208
442 473
287 67
370 345
218 916
315 729
353 875
362 937
338 354
516 911
98 263
281 81
279 614
484 694
354 725
395 454
92 335
35 517
149 210
376 740
454 232
369 72
104 594
190 257
317 712
354 517
70 858
202 450
234 402
33 215
58 720
72 100
383 589
219 869
301 584
59 755
195 148
246 707
305 120
353 797
46 501
144 430
494 372
45 750
301 86
374 107
283 322
155 660
150 898
497 719
484 222
51 588
153 663
57 704
280 101
52 163
340 538
447 282
520 237
516 61
506 80
147 410
47 643
118 905
71 342
255 485
92 90
77 393
383 793
362 417
254 762
274 93
117 6
505 930
25 550
317 384
478 98
66 381
281 915
425 544
276 346
40 255
237 911
416 386
271 843
327 797
351 750
24 458
343 578
318 965
352 941
479 566
188 523
399 218
358 570
92 571
133 157
193 211
88 418
147 629
325 124
487 604
312 929
365 610
101 668
60 499
322 28
373 7
123 60
250 675
148 329
21 568
210 999
507 891
189 260
286 532
213 404
158 79
475 131
309 750
219 414
433 76
379 578
381 931
6 179
119 95
268 935
535 945
9 561
516 998
411 70
39 254
51 475
428 597
297 925
86 892
191 871
57 529
288 400
108 227
148 530
188 255
283 948
67 854
100 897
474 140
533 895
376 571
468 385
453 110
125 126
95 30
376 511
16 977
48 133
235 101
227 672
476 106
203 289
249 437
352 121
375 598
530 200
242 819
66 135
416 346
141 694
195 11
431 815
168 348
217 649
255 627
347 734
143 855
364 53
178 696
89 928
13 866
508 847
529 807
149 828
1 666
213 813
23 748
90 398
105 818
432 756
442 957
117 42
480 625
357 184
207 310
37 511
124 162
185 894
446 542
195 216
194 956
535 940
321 176
262 628
459 844
55 118
362 481
14 574
389 93
339 690
320 472
275 756
486 926
420 284
19 352
180 212
208 627
164 882
435 807
30 177
450 201
403 552
81 705
368 361
435 13
397 908
337 804
239 233
85 628
444 82
455 477
80 751
171 340
347 671
532 705
261 302
492 569
244 305
345 780
509 924
84 520
201 708
413 748
347 702
126 118
490 382
525 446
339 305
371 856
312 355
111 614
364 881
301 60
468 361
390 186
504 373
13 574
481 116
320 79
214 649
151 243
271 98
385 514
455 266
375 16
329 111
5 391
315 284
428 547
365 513
502 676
24 990
221 319
113 540
322 918
151 796
35 795
182 765
114 785
95 290
319 171
485 322
141 699
401 975
72 845
320 63
347 249
381 54
114 292
44 322
216 791
351 534
37 655
390 455
426 419
100 866
274 274
357 276
78 130
265 896
107 434
67 797
170 33
65 518
171 20
328 400
486 724
164 895
465 102
301 681
458 593
370 609
198 555
507 589
243 885
25 537
528 746
133 834
295 804
182 220
432 167
241 829
471 972
255 959
58 992
98 554
29 18
167 839
420 584
25 454
382 770
72 801
349 414
87 671
483 827
252 362
140 910
464 985
294 128
233 159
353 725
138 698
259 606
415 869
104 920
60 94
203 83
463 640
63 597
427 315
97 844
333 567
282 231
300 37
446 446
464 518
320 781
64 561
114 846
391 809
79 675
275 205
75 1000
94 535
413 87
20 878
226 697
502 972
154 916
502 319
418 792
427 924
10 921
120 280
463 656
176 613
277 506
388 876
26 663
433 933
444 236
450 760
179 234
366 895
421 300
368 897
62 85
7 337
463 72
196 398
456 462
338 945
82 412
443 113
347 642
225 618
22 821
504 969
283 789
451 690
283 80
198 739
289 493
342 94
304 930
535 819
203 975
205 635
181 465
430 654
375 728
532 126
508 857
464 778
491 548
490 564
262 231
190 475
453 281
184 42
394 912
406 183
441 228
422 733
496 553
248 906
517 441
181 394
58 480
360 514
432 478
269 125
241 457
132 683
15 928
47 717
323 41
122 635
64 427
290 518
431 509
261 230
93 621
468 981
518 194
329 1
272 523
167 710
458 374
300 402
108 290
1 272
325 13
135 189
478 574
415 966
496 212
473 816
338 437
524 783
119 584
127 560
37 404
107 510
332 806
244 592
353 519
434 905
532 116
57 224
489 444
478 46
90 766
8 362
340 824
409 104
189 209
126 605
118 760
251 317
215 226
16 998
457 152
332 322
191 742
1 673
300 918
289 28
315 747
120 83
433 534
439 712
226 309
256 922
525 999
462 659
359 825
358 323
59 68
120 578
163 20
470 529
140 594
516 706
412 788
531 628
323 296
298 696
302 892
405 182
102 489
518 177
190 339
429 663
78 979
152 74
444 845
289 561
316 802
287 576
504 647
9 635
67 661
15 119
381 927
433 682
25 855
292 662
254 208
254 962
186 557
377 537
504 937
513 416
74 366
93 620
187 678
173 546
376 893
400 878
306 93
447 13
188 399
314 906
368 361
359 412
96 19
4 142
468 65
43 479
169 244
101 120
87 1
393 544
79 928
387 347
404 974
405 151
512 595
12 733
376 661
133 750
171 244
317 708
441 652
57 60
469 438
400 779
299 878
385 750
386 518
137 336
21 890
287 464
365 259
60 216
22 804
392 503
121 632
116 888
392 194
436 81
128 435
361 917
457 191
44 650
221 344
114 108
408 138
330 464
63 701
314 490
452 55
426 231
458 999
488 676
213 347
409 221
219 699
355 111
387 139
63 742
152 773
211 567
176 93
46 472
518 51
498 291
376 324
72 119
201 26
521 55
24 471
412 369
394 6
226 847
263 386
534 721
340 285
119 162
307 235
246 471
394 140
188 595
422 21
390 182
534 664
48 673
519 639
371 867
293 181
523 647
465 493
111 540
303 657
182 876
476 676
103 909
213 728
447 899
352 90
78 524
343 681
63 338
425 82
496 661
506 663
94 318
510 907
94 350
435 687
25 445
489 801
156 715
304 376
530 786
382 849
218 441
117 45
470 907
383 624
485 494
276 604
120 437
521 572
89 670
15 9
290 541
93 433
121 295
364 923
391 624
138 308
210 270
342 157
56 67
510 530
396 982
81 492
87 803
473 344
110 735
73 239
489 509
413 364
398 611
360 577
533 437
126 658
22 641
410 807
534 778
474 911
426 374
457 296
191 424
99 352
18 670
210 383
162 539
162 722
433 478
359 394
117 938
289 963
161 484
409 398
498 984
476 615
491 453
216 623
532 692
450 795
352 653
458 515
76 321
239 268
57 537
313 62
378 350
277 175
23 375
457 255
440 814
37 154
521 595
444 537
352 95
378 697
38 547
21 306
222 567
75 41
160 587
94 950
261 665
289 535
264 136
493 891
184 747
322 16
389 776
491 950
153 610
13 194
216 160
255 948
523 251
334 185
460 820
465 1
462 339
382 634
303 73
503 67
247 647
424 90
17 77
177 503
356 428
501 439
465 564
496 97
93 319
37 324
134 556
167 232
375 693
158 680
373 649
83 334
71 83
192 799
224 585
525 371
171 533
23 142
33 784
36 714
315 242
7 571
531 907
493 913
20 702
433 34
350 288
117 589
326 461
519 655
162 916
136 170
353 414
427 401
221 267
353 342
350 460
70 845
149 594
364 150
524 550
129 566
129 343
451 294
291 927
489 979
32 486
451 525
239 798
318 776
117 357
283 629
49 934
238 714
285 368
519 414
107 637
317 278
168 309
11 499
191 448
389 546
319 240
223 570
293 677
411 449
438 590
372 136
314 807
365 866
459 949
134 921
487 868
65 953
433 946
75 691
77 529
419 708
319 600
443 107
466 627
109 862
43 383
143 502
418 487
94 230
134 882
530 632
140 978
343 392
249 78
325 479
207 913
5 441
522 593
338 551
532 368
450 670
170 527
64 551
277 630
487 365
46 13
130 634
278 919
364 162
458 393
241 77
178 207
329 689
98 168
130 231
129 157
535 338
380 638
362 939
501 917
84 623
65 696
512 519
531 139
221 958
65 268
228 47
269 502
326 933
286 998
387 945
535 321
451 312
304 540
521 330
49 642
253 52
14 330
430 327
350 23
398 679
179 574
91 940
168 995
378 172
243 804
134 631
460 212
432 874
265 506
44 749
444 760
55 933
93 516
328 26
402 234
243 66
53 79
208 373
338 592
511 470
236 937
488 960
511 735
102 175
419 511
240 43
86 748
79 441
1 621
74 177
193 708
51 225
382 64
1 240
326 948
423 676
181 646
51 45
173 89
263 567
156 675
290 484
509 263
380 824
76 733
154 435
488 317
349 627
168 704
322 631
360 247
355 677
490 881
314 188
220 890
59 107
139 262
262 241
7 266
392 74
257 124
422 393
240 38
484 232
88 447
500 169
229 201
299 233
489 148
446 783
62 642
511 106
259 41
270 64
334 148
232 760
440 754
207 217
361 438
483 608
253 509
227 230
505 827
524 600
529 814
181 358
346 1
245 284
127 395
105 731
347 398
253 129
501 744
110 885
25 245
384 972
65 946
120 87
265 676
306 986
228 368
487 535
284 40
497 201
113 108
292 122
228 630
199 629
381 397
425 12
263 35
153 907
452 447
283 259
40 972
9 840
285 840
301 444
395 230
512 458
166 36
183 259
25 982
55 356
204 849
431 358
483 57
166 757
443 507
150 186
149 643
450 193
512 544
352 428
456 323
348 405
288 572
490 328
72 765
61 863
320 397
464 532
409 902
279 539
527 919
285 580
483 250
271 605
29 415
406 23
446 832
527 317
248 955
189 544
224 763
460 461
196 471
323 204
115 946
457 35
241 153
150 930
289 768
260 349
472 165
238 149
465 91
409 63
359 449
29 443
141 273
284 94
354 81
248 209
495 5
172 463
111 363
66 931
254 901
123 200
337 363
112 495
169 190
417 796
14 182
413 185
246 470
105 498
443 946
153 456
312 352
393 670
318 308
293 15
172 778
370 382
71 8
90 668
356 761
503 933
206 291
464 219
411 386
188 682
358 955
248 130
11 322
150 601
409 932
533 870
265 165
108 591
281 740
205 220
381 354
172 721
299 327
11 416
276 581
106 893
212 939
261 424
532 531
347 503
432 324
276 713
123 168
427 404
1 767
52 695
119 627
48 713
386 290
11 888
158 751
249 323
116 666
256 481
516 291
436 544
223 986
384 311
343 994
188 155
493 858
292 62
451 339
263 619
350 77
352 444
421 785
359 412
136 824
360 813
27 459
138 268
39 256
261 840
246 924
36 990
188 164
375 816
359 42
466 937
258 238
149 923
527 826
45 329
96 821
463 861
374 841
220 3
304 294
504 372
431 149
481 69
44 517
43 125
208 929
307 898
308 471
397 757
234 427
273 289
51 658
169 472
59 208
9 950
363 146
109 956
163 909
22 734
105 397
41 389
329 998
95 806
283 263
163 738
521 322
455 220
178 238
225 422
323 381
371 684
376 878
347 359
528 148
367 595
307 925
440 649
82 35
365 542
293 823
516 986
309 649
502 226
264 257
466 527
470 746
5 805
9 81
40 813
333 658
494 843
92 523
358 128
386 624
395 801
304 349
108 702
531 951
217 796
455 460
312 916
392 5
243 817
450 131
73 694
112 392
99 574
328 282
412 514
301 91
438 759
92 627
283 421
153 756
259 593
375 501
486 11
58 281
364 89
443 621
463 3
92 349
185 773
132 895
280 488
152 462
163 808
175 776
63 439
222 849
158 737
98 326
273 326
479 75
320 924
209 390
326 922
19 809
100 286
26 43
14 792
477 248
262 221
215 461
175 269
321 885
491 876
383 590
289 205
525 309
482 922
467 342
84 862
450 124
348 99
344 991
27 764
239 657
252 621
75 864
137 621
136 896
425 67
211 942
201 670
112 285
266 532
124 325
407 92
357 959
13 756
461 114
499 755
366 538
436 592
342 931
428 361
181 386
233 989
527 381
248 451
525 246
71 568
217 371
208 910
501 321
367 719
94 469
168 950
434 625
106 494
40 813
225 473
194 188
377 954
166 83
264 803
393 373
57 104
141 889
436 322
440 434
36 326
96 158
50 675
323 464
432 848
17 983
430 891
401 756
328 874
109 104
338 614
337 123
292 436
373 102
71 618
491 611
369 384
378 599
272 836
51 471
244 988
66 279
462 465
312 428
45 686
98 788
396 757
41 777
254 306
464 874
520 830
506 410
104 77
112 919
257 440
254 908
352 956
165 591
156 378
113 948
498 741
51 400
328 319
58 94
21 948
256 62
532 924
504 929
39 654
125 351
302 184
352 721
460 880
298 902
47 142
348 498
61 671
149 11
173 76
266 835
374 273
484 433
220 574
386 151
108 129
188 269
359 650
207 565
254 262
236 317
121 549
150 128
259 580
79 669
175 356
509 590
172 625
471 99
132 139
57 621
33 632
381 915
530 360
263 168
287 416
30 659
185 576
225 965
283 789
340 343
60 368
80 481
7 228
422 684
240 836
84 681
80 923
478 288
223 258
203 794
203 229
16 119
76 846
376 305
255 137
169 87
109 526
438 315
235 11
151 277
94 823
241 845
352 672
81 156
444 518
448 908
176 733
90 356
201 935
473 541
458 32
454 751
175 592
348 301
288 869
230 196
238 654
399 897
522 929
321 688
525 494
266 437
63 713
367 735
375 980
345 736
195 314
396 366
367 790
59 141
530 866
58 947
159 504
154 947
362 349
275 979
47 705
116 141
33 920
334 810
83 916
63 378
172 896
243 213
294 766
204 933
407 171
73 74
495 142
397 5
391 596
345 773
411 263
445 765
253 50
63 139
371 326
245 27
115 929
327 555
376 978
110 780
342 558
81 335
114 878
229 782
522 63
423 294
122 320
17 268
288 407
522 437
121 765
465 68
532 197
373 968
469 401
498 459
5 709
393 532
530 338
63 70
243 68
246 351
55 477
454 394
292 16
140 245
437 326
64 684
106 436
392 196
253 459
175 272
332 975
204 640
231 929
494 317
113 669
311 175
364 741
9 559
126 836
321 357
350 331
82 707
126 503
244 495
160 969
212 573
55 821
215 323
380 331
405 116
467 18
350 14
132 664
526 331
173 651
263 812
50 331
467 129
515 45
321 754
2 338
171 769
426 37
487 782
339 73
184 834
269 273
205 772
265 854
392 743
16 389
494 602
189 782
420 62
288 374
64 444
59 878
485 485
44 345
338 944
369 986
9 383
82 724
228 818
110 680
191 122
335 899
377 407
70 957
346 755
83 691
334 765
180 717
448 719
125 161
522 945
418 238
427 667
516 178
127 502
57 173
341 684
427 211
480 820
286 766
73 103
155 386
181 966
415 168
315 873
45 819
62 977
96 5
289 391
215 931
351 122
79 245
513 166
304 247
470 160
329 171
309 635
234 941
160 333
76 613
333 250
145 897
82 896
443 696
298 746
484 384
148 302
365 744
455 183
391 959
525 147
124 204
528 261
267 979
219 228
209 806
75 715
7 922
326 671
174 734
488 212
448 55
273 264
423 455
440 255
100 641
155 901
346 663
454 695
142 141
482 602
190 291
421 754
135 422
167 325
221 287
412 526
292 490
344 546
110 753
314 342
108 895
323 567
87 566
65 104
43 489
252 192
268 218
349 217
141 773
326 826
415 619
270 854
31 81
388 875
312 782
239 92
47 752
101 328
386 280
105 408
516 137
61 253
328 437
453 983
215 816
502 671
70 755
347 30
374 346
441 300
529 407
163 274
197 21
73 640
190 277
459 832
517 68
357 993
130 171
54 645
107 846
347 627
485 22
12 453
120 895
477 595
2 210
142 879
18 756
427 767
455 157
117 159
357 147
214 308
16 420
499 297
497 391
304 990
84 276
173 164
234 767
342 122
142 721
311 259
369 759
301 550
406 65
4 373
458 460
344 726
284 241
7 101
484 524
300 216
39 645
508 961
485 42
161 112
434 875
267 295
59 941
150 396
370 720
115 34
287 25
77 968
393 1
494 112
331 803
396 641
465 530
99 366
514 401
278 549
496 321
413 241
496 958
476 817
380 202
67 247
6 41
226 33
70 300
505 75
225 70
24 586
451 834
280 643
113 538
116 34
329 297
350 651
389 579
127 77
261 472
447 242
500 69
277 937
124 802
17 924
506 308
403 658
501 589
347 846
238 127
245 990
9 189
190 325
209 683
61 553
3 104
192 149
418 795
280 705
481 211
295 461
439 766
200 138
457 3
472 713
39 104
491 273
114 516
265 813
47 406
220 12
292 980
433 128
48 213
360 479
466 608
142 109
92 483
85 568
178 469
349 299
166 507
391 771
492 863
346 733
18 36
477 686
434 620
476 953
1 314
473 701
456 104
473 533
497 818
233 30
406 562
12 460
514 738
59 917
66 828
96 380
338 214
89 55
48 646
270 322
183 187
179 26
152 348
104 131
360 878
70 315
218 362
496 156
90 404
92 566
256 957
469 522
61 746
502 776
427 412
155 186
345 14
523 231
297 882
518 921
53 236
372 551
290 117
437 636
435 281
331 630
222 202
14 248
305 107
535 432
442 637
374 505
341 109
133 147
251 36
321 302
3 310
464 27
358 476
279 819
519 682
80 949
353 177
308 332
1 246
1 207
72 225
90 616
292 727
233 566
276 441
379 626
396 627
424 845
139 189
62 921
154 422
509 36
12 348
445 608
387 756
464 446
371 577
461 670
386 469
7 136
98 641
136 278
105 763
81 719
228 571
291 990
347 813
267 298
213 178
421 204
382 654
298 435
482 3
271 627
232 677
529 737
324 157
401 361
48 534
413 769
370 371
216 299
397 191
511 679
535 923
494 446
6 291
62 304
395 633
183 639
105 241
417 394
476 76
495 635
23 557
162 545
276 182
497 103
186 852
421 275
413 167
343 152
488 60
66 12
381 946
477 307
40 256
287 34
104 958
27 260
48 207
436 345
319 661
334 978
139 989
18 551
43 567
137 193
197 471
320 56
173 431
104 117
186 307
427 521
40 563
245 61
86 828
493 216
50 71
270 757
477 873
313 505
369 98
533 521
489 718
219 554
394 807
52 736
522 432
250 792
11 819
518 653
301 885
40 734
424 381
291 230
512 176
350 731
60 776
235 529
354 896
455 844
338 386
123 905
266 609
336 605
494 663
64 36
474 24
24 660
22 637
253 263
286 643
167 357
93 745
364 735
268 613
535 13
326 760
424 881
408 613
100 650
449 326
408 74
72 103
332 417
518 425
253 511
466 913
204 309
510 166
508 565
300 350
75 214
133 137
506 169
82 373
450 566
254 688
505 824
209 81
277 525
67 72
77 575
418 258
370 533
298 942
384 403
55 762
124 381
277 230
150 144
298 31
253 370
427 894
497 197
98 303
266 456
396 379
184 45
262 990
373 828
132 161
374 351
116 537
20 372
11 886
202 119
65 61
421 813
421 175
150 233
367 432
373 154
496 984
130 3
311 461
331 563
232 463
170 763
477 883
315 962
19 409
69 204
284 238
358 591
471 827
276 84
152 332
10 460
331 697
364 65
475 408
48 8
37 425
404 94
316 921
13 408
168 24
384 617
242 75
389 56
233 378
155 447
41 539
532 949
255 637
489 677
181 398
354 981
346 214
411 848
144 114
27 868
535 993
402 125
156 74
242 336
116 493
185 105
470 805
94 221
138 149
432 249
345 415
1 817
21 382
482 33
344 342
275 616
26 982
41 16
354 917
478 624
59 730
440 546
401 739
73 909
259 775
388 172
41 916
290 996
206 82
177 650
445 637
253 203
186 247
338 731
242 291
235 175
427 659
415 90
243 308
286 572
31 477
145 886
263 276
284 439
444 240
198 546
133 152
424 846
438 746
389 205
522 405
105 773
294 376
276 258
442 664
96 466
411 78
122 223
218 543
468 993
447 674
314 145
1 125
438 807
208 497
120 502
145 169
35 27
447 895
161 937
363 87
64 127
183 2
101 152
190 557
507 786
206 743
47 72
240 582
208 64
357 107
46 550
400 129
514 903
219 490
507 791
346 794
297 876
75 682
90 184
484 894
154 226
184 32
438 230
226 483
8 121
301 696
481 734
212 276
238 43
329 432
58 652
394 976
56 879
353 357
104 391
138 491
233 50
493 115
50 883
9 738
126 808
175 385
450 988
428 155
168 630
71 921
151 145
32 985
308 826
477 291
407 157
432 707
191 369
138 994
266 463
407 53
271 991
364 548
85 258
93 980
320 977
154 14
202 517
432 878
305 61
166 468
260 931
334 14
234 335
217 148
131 282
407 547
123 204
136 363
405 16
106 209
287 171
471 838
244 280
83 605
431 894
254 961
235 312
42 189
19 444
64 306
11 677
302 780
273 794
271 525
373 972
140 609
261 876
242 889
23 82
194 544
308 79
470 105
386 820
217 479
265 785
65 811
311 383
360 209
182 182
465 131
9 368
532 741
529 828
492 943
113 108
116 951
477 663
182 300
164 760
320 436
122 253
127 278
452 40
222 753
340 818
85 340
285 411
183 963
378 883
506 857
279 237
228 960
490 646
463 722
293 850
166 220
151 688
380 406
329 81
430 316
99 653
457 808
333 317
255 429
104 706
362 821
63 901
393 285
108 365
40 108
140 308
263 183
506 122
89 888
14 993
478 282
501 639
522 639
293 719
141 154
529 496
197 845
517 700
311 637
172 186
520 289
467 645
112 142
440 908
195 262
510 136
112 860
509 704
207 401
100 128
234 979
282 909
400 353
44 915
430 624
250 392
452 809
357 310
454 816
526 428
447 55
513 926
54 817
209 113
418 863
481 136
167 654
420 66
4 991
483 193
352 174
29 556
526 484
271 590
45 613
297 196
320 723
342 491
150 721
433 449
472 496
296 591
132 725
116 837
131 601
176 950
330 480
85 191
100 907
67 580
299 342
97 732
23 34
142 312
316 788
302 552
20 484
297 822
157 7
17 160
153 782
434 658
121 381
432 842
401 925
292 379
226 146
169 922
190 429
147 524
73 275
431 782
320 28
347 443
261 69
94 882
365 70
15 870
57 781
491 308
168 378
188 912
123 481
53 432
46 683
464 631
374 820
191 524
38 318
248 776
107 573
150 684
260 522
426 1
423 801
502 125
116 890
84 85
113 67
413 533
470 212
448 842
36 513
524 777
44 716
75 405
81 177
276 181
460 705
224 435
177 55
498 518
41 750
445 577
148 440
283 50
229 176
19 204
391 938
299 901
171 870
54 560
55 968
520 45
195 355
15 596
461 473
263 230
187 540
276 100
172 833
251 357
108 752
428 653
232 205
391 208
247 986
16 627
421 443
310 908
111 472
383 437
401 174
375 573
509 807
417 70
114 405
264 144
275 355
110 645
326 180
76 307
317 874
173 485
439 408
219 522
319 161
126 77
514 959
189 835
360 12
138 968
146 668
113 482
39 185
149 476
355 126
400 293
344 773
400 534
271 617
245 376
178 564
240 324
78 195
10 16
199 541
227 337
13 423
196 43
148 426
285 867
525 60
234 214
203 531
117 487
100 797
349 469
54 251
317 618
375 449
403 309
434 848
139 273
211 605
464 932
473 87
512 417
31 748
514 678
131 333
504 415
17 517
3 25
243 62
502 992
498 300
187 841
525 375
357 712
77 214
231 292
185 663
501 950
353 400
453 830
332 225
20 510
323 335
509 517
379 451
189 93
210 633
383 933
174 154
319 679
397 810
13 259
124 354
529 931
346 255
140 141
474 601
274 996
522 37
531 167
373 996
175 9
150 618
411 495
89 495
293 157
398 865
92 881
121 873
529 830
93 745
246 483
185 772
333 778
174 566
245 305
286 864
472 500
504 14
77 289
464 624
130 842
7 124
17 119
218 778
351 25
403 903
428 488
92 475
192 975
339 147
353 498
364 695
467 471
303 557
198 338
123 908
29 383
381 250
124 868
57 463
432 796
530 912
193 381
477 549
480 923
484 106
325 411
74 306
138 408
305 551
51 114
351 68
1 906
173 11
229 696
424 439
279 653
396 708
302 777
255 826
197 126
209 885
59 611
476 320
225 450
320 149
331 370
3 30
436 685
395 288
416 27
122 971
441 158
502 123
57 356
298 122
205 800
20 883
53 122
81 17
501 674
214 790
110 208
370 436
330 71
159 936
228 6
402 297
417 94
129 926
406 767
399 245
296 386
463 45
351 304
456 357
217 666
138 194
374 958
322 189
410 121
494 723
42 376
372 907
345 229
227 836
272 464
420 100
112 243
249 961
168 117
530 516
344 512
26 594
297 12
141 10
348 874
390 297
469 457
241 664
55 204
9 565
406 401
119 246
350 204
420 857
163 554
273 999
128 815
207 156
18 896
365 681
76 249
31 731
409 33
77 369
403 633
436 97
56 473
202 659
363 707
495 484
393 254
66 437
502 668
459 482
49 500
82 844
228 369
68 655
416 497
461 877
262 454
380 520
231 633
241 860
315 266
499 67
415 825
37 583
200 905
420 547
406 607
307 274
306 679
210 71
116 303
169 891
343 267
468 635
104 511
38 663
88 360
223 12
167 948
271 731
390 716
396 872
291 537
299 91
450 445
162 731
348 21
229 134
177 966
380 497
280 757
46 318
93 389
530 209
35 693
300 667
407 472
234 728
11 171
303 280
144 218
526 25
139 267
439 587
224 89
408 731
125 514
372 113
126 874
289 233
202 166
138 454
66 754
418 411
249 604
9 280
37 782
293 235
371 215
219 300
328 627
331 999
31 399
465 294
167 846
468 245
65 734
107 916
255 948
39 641
43 820
86 755
93 649
139 496
144 459
312 40
419 716
186 255
263 650
28 287
308 97
61 948
175 190
309 758
195 556
259 978
265 43
11 465
353 716
82 280
203 486
471 479
310 877
63 666
448 61
229 771
157 11
33 765
118 589
2 843
46 68
457 567
143 897
317 467
408 38
262 892
144 777
291 913
398 580
534 48
63 431
61 866
491 757
28 35
446 147
292 339
225 276
424 279
342 759
340 368
251 383
303 426
75 522
428 311
419 59
339 226
500 529
121 132
8 709
391 243
198 752
55 502
73 322
409 642
234 564
534 104
4 519
311 724
517 419
226 696
7 57
258 559
439 921
58 546
36 237
94 751
379 620
20 172
440 560
187 920
14 528
503 595
138 439
61 122
220 83
239 724
202 639
93 119
212 593
82 323
434 709
474 77
74 656
489 342
179 349
283 602
328 28
36 610
432 30
5 946
281 914
223 315
326 596
101 450
346 664
162 719
506 243
20 112
459 115
224 259
483 370
258 495
227 327
63 196
206 388
476 134
236 177
481 686
32 976
411 513
459 351
444 271
451 513
299 709
353 869
97 644
67 965
373 599
418 929
148 721
243 170
237 813
180 383
357 20
534 659
175 339
270 508
399 482
185 206
104 174
95 191
86 919
416 512
416 979
491 458
243 585
221 358
98 71
3 956
266 797
69 909
393 72
406 561
495 536
59 146
67 777
359 367
144 270
57 74
247 585
447 923
292 549
26 146
105 581
289 32
392 41
316 151
428 568
227 598
373 553
316 174
125 921
161 847
482 184
211 708
295 475
364 330
398 660
392 165
123 541
488 988
49 265
146 440
456 972
334 305
355 429
334 801
259 523
105 310
515 669
140 396
49 865
260 33
225 614
33 40
416 585
157 423
224 124
391 760
123 578
232 700
53 549
157 491
370 649
222 149
532 398
352 484
218 761
67 144
131 75
371 818
301 953
463 873
299 210
164 712
343 444
19 53
505 864
405 796
502 737
509 963
178 521
349 459
91 701
367 389
508 972
45 227
84 715
530 874
120 236
341 95
1 226
169 767
201 70
174 333
396 350
167 648
528 337
187 746
94 820
295 346
269 232
470 707
395 481
461 363
237 40
128 693
448 290
527 191
201 256
148 492
455 221
117 620
207 67
222 559
440 422
57 838
451 791
207 834
211 794
315 235
523 424
176 2
218 86
370 583
15 492
315 604
415 392
270 919
506 376
204 476
312 955
337 57
21 33
423 553
398 990
151 626
454 115
311 702
275 149
292 46
320 212
394 802
131 781
380 42
323 577
17 448
370 756
149 44
21 743
291 559
516 518
162 688
84 274
149 818
145 176
111 20
164 328
474 487
471 215
514 436
183 909
340 620
140 736
101 717
8 143
332 732
253 168
36 454
270 659
259 413
230 877
266 33
101 14
481 876
430 899
272 221
38 132
384 534
335 559
387 510
333 660
336 600
221 846
27 386
66 80
377 687
287 478
232 478
330 648
368 336
160 899
355 430
350 287
278 936
182 450
240 807
520 75
473 964
470 448
471 222
406 432
477 217
114 754
234 890
182 581
471 276
20 205
479 157
47 493
73 649
244 871
29 646
175 453
89 807
341 388
333 906
125 452
172 26
5 657
232 29
348 229
291 102
280 60
423 188
279 142
534 626
450 24
152 301
250 651
17 337
305 380
253 508
420 115
21 762
397 364
372 607
135 480
265 704
126 517
446 658
137 834
187 361
69 420
237 75
422 868
285 699
272 183
175 470
196 572
243 609
299 66
376 313
529 455
319 929
325 538
155 560
73 338
205 488
427 836
235 480
104 937
454 251
151 709
450 503
228 794
24 743
431 555
25 970
64 113
91 297
154 153
401 221
278 460
526 910
59 494
525 77
501 392
228 595
250 887
146 872
189 914
67 61
198 767
479 738
177 222
38 945
274 469
218 97
95 578
401 116
30 388
308 673
329 259
152 298
24 363
460 919
475 846
490 706
97 247
354 137
301 975
486 720
447 363
440 100
501 252
44 24
498 830
398 740
29 329
109 273
388 179
121 534
380 405
256 342
451 889
128 440
157 851
394 646
311 165
481 190
299 184
464 884
80 410
424 990
206 779
16 718
26 159
295 228
430 535
14 722
320 7
104 406
107 154
130 555
20 218
53 208
111 896
451 15
371 802
438 159
203 71
407 195
54 301
304 721
393 700
520 116
257 457
502 275
173 980
32 784
180 242
324 9
290 67
253 930
340 733
100 688
401 775
211 192
86 631
293 86
381 661
186 750
198 725
323 879
397 513
473 251
334 525
268 209
341 233
118 635
305 195
328 104
308 602
522 315
238 972
469 578
356 505
216 248
319 101
297 123
190 554
353 726
512 828
381 905
532 451
440 228
334 660
507 632
334 17
98 734
120 100
206 773
207 992
178 344
396 736
152 550
86 582
337 865
412 542
247 967
47 768
14 780
366 89
392 622
323 786
20 456
22 472
178 783
265 514
467 984
168 135
226 432
158 365
178 578
463 515
79 93
61 592
277 875
445 857
508 420
439 975
494 577
293 462
284 537
426 504
53 751
529 560
469 729
68 40
55 579
5 203
321 258
366 427
155 674
502 572
484 721
247 23
484 217
490 728
503 954
53 41
266 653
479 357
174 338
482 197
441 547
327 319
36 943
406 130
15 600
272 571
289 325
159 82
448 465
447 566
42 842
66 709
505 171
128 5
327 434
332 582
383 466
40 230
366 379
478 179
466 317
111 988
61 145
243 369
194 792
37 462
306 289
296 548
334 807
242 792
531 945
506 251
373 513
42 960
458 654
85 224
284 713
386 57
313 931
246 731
530 86
515 610
332 232
125 679
51 123
456 847
283 15
191 730
62 671
36 61
393 352
532 273
23 29
268 121
124 445
312 280
21 75
316 553
169 734
277 197
464 975
122 825
192 981
267 589
38 948
167 854
386 345
394 364
369 520
84 421
296 175
152 944
345 352
421 699
258 755
514 118
435 497
353 414
58 482
230 187
428 920
414 466
350 690
478 83
180 706
112 524
494 711
173 436
153 580
179 217
531 63
247 867
110 763
46 558
124 334
158 572
258 356
219 777
169 626
412 69
162 883
246 533
444 319
421 691
352 887
514 281
69 643
188 242
299 964
217 402
25 34
264 360
184 366
155 43
79 865
487 594
155 276
262 355
38 702
52 893
12 994
360 501
293 165
134 589
172 516
212 193
62 572
66 752
351 200
134 889
320 816
405 803
94 836
118 411
134 900
56 418
178 459
160 165
298 559
265 467
317 212
49 579
285 206
371 307
176 818
397 738
434 229
208 543
55 539
346 671
2 362
5 619
421 36
328 975
165 529
38 197
188 354
432 328
20 479
13 889
345 866
523 382
211 802
533 446
22 409
354 782
67 759
439 991
351 860
92 157
74 945
78 601
74 384
241 672
138 888
216 651
46 82
386 517
435 814
364 512
194 503
506 664
345 795
296 886
278 124
354 686
375 929
111 449
350 166
429 244
343 527
337 696
226 345
406 488
411 290
321 5
2 188
232 997
303 214
67 232
215 194
259 330
440 32
381 100
293 322
156 987
449 294
299 928
218 784
75 934
306 877
397 694
88 304
388 742
98 744
397 662
44 80
362 562
242 711
212 563
279 310
4 462
45 932
469 739
251 821
498 39
250 575
170 874
58 755
198 202
98 210
300 943
224 342
71 5
362 980
201 605
36 97
198 579
495 946
395 617
318 618
392 723
13 312
394 218
6 62
400 617
33 891
7 611
223 290
148 723
202 169
535 457
461 371
155 980
190 294
125 427
374 462
30 979
387 40
377 524
497 672
127 196
191 451
380 154
527 486
366 204
236 653
362 458
532 612
27 504
430 658
60 792
519 561
158 774
76 848
269 682
64 73
49 729
209 835
366 725
293 945
276 608
413 128
141 757
376 597
265 295
62 413
439 672
482 84
223 36
273 95
48 499
447 473
419 482
187 690
256 442
493 115
474 24
120 867
273 364
510 509
264 354
80 416
319 924
369 230
354 261
160 285
497 15
14 921
281 54
114 664
474 980
152 252
249 395
238 549
382 894
532 892
409 328
34 425
460 538
294 975
161 490
200 739
193 487
294 968
298 654
218 725
176 592
1 925
247 401
307 30
386 299
68 323
230 617
297 274
25 532
97 503
504 250
284 743
104 930
401 326
164 681
177 962
376 952
163 181
439 19
510 86
502 555
174 409
122 989
193 83
85 18
80 630
232 381
114 243
460 384
341 883
66 711
47 773
200 674
233 892
452 400
246 94
535 47
259 374
365 653
345 330
96 722
485 373
481 755
246 462
512 881
38 928
428 992
437 152
489 64
197 978
512 248
258 797
195 990
131 346
434 600
522 513
233 430
454 779
243 93
510 849
332 645
372 188
326 484
102 275
21 266
421 416
289 539
451 19
100 64
443 445
221 270
247 422
96 29
400 425
154 82
440 411
263 765
37 415
318 356
452 740
216 118
76 757
519 201
511 704
473 901
153 784
107 903
323 804
327 823
163 437
84 530
73 740
446 896
393 561
235 983
258 749
227 510
55 705
411 899
311 909
36 662
99 98
262 788
22 376
457 324
330 545
37 637
84 404
44 87
61 955
18 917
59 261
186 713
78 349
440 32
460 393
171 794
211 339
414 931
331 628
114 509
389 604
281 980
377 419
26 64
341 580
391 934
87 820
237 776
466 31
384 880
330 756
332 401
527 924
425 678
460 159
4 961
209 822
19 670
407 362
71 669
76 508
501 147
424 163
163 497
335 921
38 68
491 190
426 419
297 676
449 333
38 681
502 488
67 864
84 155
365 120
200 517
475 571
136 691
346 328
286 998
191 50
10 139
404 152
163 385
403 835
256 302
309 394
383 419
205 761
465 123
142 453
42 896
267 10
64 190
95 797
55 206
454 555
113 661
9 152
532 778
69 169
523 291
497 587
439 137
60 537
532 903
517 274
306 823
492 168
167 117
213 714
239 906
139 346
359 498
99 832
423 782
65 470
308 899
211 563
345 49
296 48
501 350
411 381
67 256
429 949
199 870
34 909
48 768
88 297
104 906
280 456
74 502
102 179
505 63
19 290
499 966
179 887
78 368
412 480
20 462
334 833
406 427
315 904
7 354
281 952
495 598
40 414
222 712
404 143
25 973
26 520
292 853
51 476
142 965
397 778
366 958
474 61
69 348
336 922
60 87
136 197
47 981
156 52
516 438
91 890
8 615
271 414
136 816
337 905
492 694
141 28
179 17
263 448
359 159
254 571
192 287
69 602
269 447
202 841
507 239
98 53
16 716
471 59
16 894
392 870
155 242
234 589
212 488
300 194
399 254
230 12
377 523
232 142
212 93
467 694
158 332
72 422
51 892
102 879
72 151
458 873
375 393
241 933
401 922
301 35
195 672
13 380
260 514
94 65
33 734
471 585
391 731
14 959
219 720
135 482
113 676
297 940
105 699
275 548
172 15
511 420
285 501
1 3
453 276
437 995
21 90
443 492
209 718
363 968
518 783
408 253
404 323
511 990
466 465
161 674
59 576
407 204
182 581
182 169
517 897
348 661
468 57
506 118
406 52
463 79
324 129
116 999
160 990
248 183
209 490
493 976
364 764
278 379
523 249
85 622
123 466
42 502
336 515
420 119
100 966
254 862
46 934
49 456
46 685
410 208
64 6
463 141
200 43
452 345
181 512
172 363
443 158
268 390
24 777
117 8
459 651
321 244
373 79
8 624
499 158
132 64
371 269
53 249
56 93
365 935
49 122
396 959
222 421
253 981
388 226
351 48
390 154
304 241
91 490
411 840
435 635
413 935
467 600
40 909
476 987
532 36
52 224
402 426
219 431
361 436
313 430
436 95
302 958
312 326
165 625
374 119
388 667
527 101
407 302
234 895
278 11
150 56
143 248
208 29
532 197
239 178
83 646
428 613
379 844
457 873
17 524
389 93
424 150
531 51
6 407
491 569
238 967
348 395
91 540
198 759
164 774
296 679
263 905
477 899
20 942
62 868
213 561
448 826
163 292
264 848
281 523
527 578
379 823
90 990
287 779
521 96
135 266
5 596
345 71
429 720
353 843
292 407
322 906
241 863
207 214
310 28
321 595
213 483
368 321
225 679
261 182
109 8
234 25
527 447
498 816
260 52
72 731
176 432
341 966
266 731
489 347
341 871
188 654
393 763
280 623
317 625
476 252
406 536
532 124
284 530
182 836
124 591
361 254
162 681
105 574
323 126
323 171
219 977
528 116
153 457
495 656
15 81
161 228
324 494
243 530
217 588
384 188
56 138
372 941
383 113
175 568
301 832
76 895
296 859
527 733
278 824
46 492
346 745
280 801
446 404
122 883
339 398
231 935
273 476
173 687
221 280
223 150
180 602
418 429
299 196
489 90
464 853
185 396
74 279
95 704
328 50
418 759
363 815
204 461
63 61
424 132
484 279
24 119
124 139
72 407
95 373
90 658
408 834
531 791
49 430
342 299
157 470
69 191
47 886
321 351
518 725
480 596
477 532
80 563
470 67
57 133
251 260
364 989
355 158
64 461
234 67
295 665
165 474
250 866
123 838
23 148
184 117
4 16
161 545
284 371
119 491
463 197
280 147
325 531
3 721
37 622
184 464
525 290
400 845
2 712
249 156
224 684
301 3
337 423
199 518
53 22
101 57
238 945
114 521
245 725
165 667
278 723
423 595
457 382
333 239
446 217
453 618
380 135
303 753
14 825
6 425
408 12
371 271
419 128
388 982
361 490
63 757
190 394
349 78
197 430
169 521
35 518
18 127
382 125
449 415
511 422
240 116
106 525
248 500
34 450
285 371
162 210
202 270
75 589
414 201
406 329
56 330
533 413
32 483
504 271
148 339
284 103
4 958
527 562
312 641
356 664
386 327
410 613
52 470
35 276
30 778
459 919
140 370
52 441
347 854
508 236
428 63
68 619
122 399
383 274
22 348
81 920
431 442
473 508
75 230
461 837
12 123
105 769
126 97
146 239
4 953
273 629
513 58
294 474
121 359
250 861
150 199
497 916
32 732
300 878
319 109
310 210
143 283
317 629
195 167
358 832
432 811
304 816
218 149
68 389
278 743
179 955
130 945
35 899
87 990
397 211
335 498
301 938
81 275
159 205
293 885
309 293
507 492
85 519
30 334
98 170
95 238
404 572
124 315
272 654
408 494
196 227
80 528
444 245
356 865
463 840
400 898
260 45
230 380
306 633
253 55
508 859
326 260
272 321
297 211
375 500
471 558
265 735
159 364
316 876
311 759
188 439
280 822
172 1
522 172
527 758
455 631
200 151
495 450
474 905
337 227
374 77
58 70
505 422
427 952
456 86
207 764
380 393
227 34
112 599
233 147
460 247
469 310
333 199
466 951
443 797
124 826
412 481
515 788
263 424
27 931
432 107
269 681
460 566
477 853
42 985
33 721
25 26
451 77
377 553
510 595
430 75
112 809
518 584
491 714
6 261
219 405
300 691
177 636
496 694
281 231
360 926
458 47
382 761
214 611
179 863
182 422
297 925
31 694
194 339
111 191
61 582
240 142
356 815
114 327
321 545
154 656
314 295
199 43
357 628
308 240
345 24
245 800
382 426
296 315
212 777
91 155
441 850
60 775
100 773
468 505
436 448
124 881
201 770
149 607
54 745
311 780
124 37
394 410
289 578
253 591
384 570
293 935
172 329
385 143
49 351
161 755
14 402
361 80
335 585
477 306
332 82
475 720
402 845
316 923
106 774
429 659
223 159
119 850
444 795
288 574
318 269
241 547
314 351
178 143
263 651
350 677
210 166
247 35
348 71
258 387
176 245
1 774
504 286
307 124
219 201
188 261
336 101
399 267
344 71
411 294
364 145
94 911
76 189
310 397
44 366
487 99
211 311
499 431
388 665
506 589
4 570
247 363
512 409
8 802
107 851
177 75
56 1
432 543
489 224
61 630
361 591
209 554
61 284
106 593
418 664
297 702
343 526
128 679
484 96
446 209
133 266
269 688
136 253
13 72
437 149
186 183
416 172
421 448
322 501
158 641
252 121
115 205
444 309
413 292
137 322
423 910
304 908
113 692
161 964
109 999
263 806
248 967
176 356
27 541
186 249
353 809
106 270
446 813
141 232
275 463
195 448
17 347
483 770
367 271
48 134
214 814
95 707
63 134
266 455
409 849
37 240
193 936
275 46
26 603
77 822
307 834
383 329
505 839
41 762
299 146
429 268
111 948
295 594
158 740
294 989
156 197
73 842
211 734
41 105
37 472
467 367
531 796
411 109
494 739
6 558
386 331
249 525
200 441
459 61
367 474
330 15
108 864
309 344
23 467
13 16
453 181
526 99
502 429
198 988
204 61
455 606
266 524
204 745
479 957
79 915
492 990
226 820
331 450
59 320
165 24
251 737
153 321
28 275
267 101
479 742
255 735
382 400
330 117
19 856
128 257
141 548
239 74
464 156
105 164
226 756
11 84
501 894
237 925
465 606
473 77
464 916
72 608
195 582
338 524
383 555
517 380
151 65
202 86
465 871
350 621
38 356
444 575
254 102
168 823
106 708
15 588
12 557
236 681
324 31
295 643
500 833
48 598
188 16
218 456
358 726
240 428
24 510
278 97
510 546
383 553
237 365
36 554
479 586
432 896
393 563
289 441
242 842
314 911
515 251
64 138
321 968
107 364
477 956
234 811
446 409
303 602
45 138
231 1000
249 25
168 447
45 522
473 966
102 846
185 64
16 10
76 699
136 453
180 570
482 917
111 500
182 179
262 42
230 994
75 253
436 932
18 981
167 925
30 763
373 646
458 976
128 723
305 940
105 821
237 24
224 90
132 348
62 792
483 418
419 941
524 8
427 226
149 667
343 275
274 767
194 801
431 151
227 472
5 355
241 593
138 253
406 545
461 435
226 992
217 577
297 595
4 772
129 427
242 847
187 668
211 538
348 559
264 734
250 320
534 786
34 272
283 321
464 452
423 810
449 612
293 639
104 293
50 678
241 392
149 491
245 905
99 532
103 864
120 219
356 699
490 304
115 730
53 661
314 538
150 136
225 99
111 844
232 602
105 48
447 808
513 318
11 40
313 269
194 37
280 32
67 466
498 149
521 736
298 47
70 971
246 773
484 557
187 240
379 202
78 105
89 819
504 177
431 539
2 446
409 5
339 468
492 955
219 810
484 456
254 889
106 744
173 505
306 275
535 452
434 501
189 473
253 209
22 706
18 593
112 494
340 952
185 208
222 456
24 374
528 500
190 531
45 936
67 765
458 483
451 271
402 84
231 128
306 26
114 99
102 387
154 381
428 614
32 115
299 353
298 481
285 755
453 395
260 51
86 904
148 671
273 354
281 694
57 343
185 383
521 803
42 703
344 364
223 632
497 485
10 52
3 107
124 46
101 547
410 985
212 690
238 335
18 659
200 243
144 293
482 351
485 578
123 615
42 546
106 340
4 534
32 195
396 389
493 203
256 666
13 219
509 987
326 345
189 484
281 292
444 674
145 938
525 385
307 787
495 743
256 557
91 830
446 557
211 566
154 164
484 680
492 143
231 244
94 423
462 284
109 447
180 647
225 649
201 335
184 745
402 123
312 320
535 326
396 506
526 382
282 233
211 486
204 544
87 700
375 744
374 219
8 206
110 763
391 187
242 268
503 83
204 695
374 543
30 965
424 987
22 157
32 592
382 226
357 963
181 43
363 300
270 258
341 752
388 509
229 456
18 504
143 560
13 705
197 552
272 555
481 726
476 548
348 299
31 446
393 337
282 121
470 363
153 560
435 894
164 1000
127 880
315 644
228 248
490 27
491 45
398 912
183 957
232 594
435 992
327 450
120 795
148 511
103 846
292 517
447 110
46 289
285 76
10 271
476 123
188 325
70 662
314 805
526 240
212 543
374 322
501 700
252 720
102 156
259 548
509 217
204 610
211 690
421 818
315 585
17 402
149 237
268 993
319 41
226 213
27 755
415 382
447 6
360 225
427 536
9 373
493 709
276 841
25 426
307 180
478 434
518 340
39 901
268 896
250 132
319 902
123 631
264 630
85 583
5 300
86 356
224 202
535 223
270 516
11 753
399 818
484 403
494 977
204 444
208 650
126 479
465 26
410 913
357 433
369 399
164 339
175 166
108 570
146 969
145 753
57 711
533 762
268 803
147 786
92 722
96 632
55 1000
188 313
213 267
168 535
380 159
332 341
302 48
230 309
50 51
425 442
474 869
79 798
166 794
246 117
215 408
447 704
521 761
5 684
410 869
212 112
329 157
472 538
282 121
84 635
324 595
451 158
232 354
156 173
328 848
366 428
313 277
469 796
457 41
448 121
153 29
276 637
133 43
271 211
350 90
316 772
48 275
521 294
385 494
374 495
331 326
130 430
328 481
430 763
354 65
260 274
100 661
357 877
425 352
261 559
228 425
336 801
434 362
423 848
242 154
103 837
57 443
180 564
429 884
149 646
307 47
260 439
349 740
271 136
53 45
373 278
110 464
73 881
463 232
98 790
432 917
378 206
515 135
293 557
76 438
438 323
115 429
75 462
461 243
491 22
216 561
171 424
155 326
121 884
136 86
517 879
127 318
28 514
123 786
180 985
118 304
466 156
123 147
376 745
185 120
307 344
251 604
223 262
403 660
220 195
394 347
206 140
490 160
123 969
431 301
404 848
350 809
6 448
416 7
323 279
417 485
469 141
475 742
72 303
417 704
449 428
174 695
159 459
495 32
295 492
187 823
432 242
357 441
7 991
215 875
40 536
203 889
428 133
33 399
177 179
354 284
68 617
329 410
427 614
499 384
382 617
399 336
354 336
500 193
470 890
58 902
199 285
109 124
40 256
49 952
186 586
174 671
104 298
2 853
173 820
410 423
487 882
364 432
530 569
98 64
381 384
476 304
455 125
478 343
489 191
151 824
512 852
440 370
271 813
72 295
241 406
126 925
476 79
125 976
251 645
251 262
36 409
406 281
484 816
146 105
41 361
422 71
140 874
212 147
369 756
49 608
359 610
325 458
170 590
329 95
238 740
310 371
146 549
519 186
135 238
420 858
402 222
523 614
311 267
60 772
179 134
169 464
60 194
433 199
200 209
478 541
283 551
1 375
68 853
356 26
254 87
509 370
174 231
520 764
256 368
225 988
274 571
433 87
112 901
454 259
444 695
270 674
473 53
512 411
478 552
3 57
287 52
515 226
74 290
35 121
256 103
199 932
239 387
110 766
166 532
529 526
474 848
359 735
85 198
128 654
114 622
158 559
366 644
83 665
162 313
382 813
233 58
300 507
456 567
305 292
300 429
187 929
392 149
393 731
40 931
288 513
162 863
504 885
62 175
388 415
218 579
27 832
52 872
217 184
132 126
354 2
121 106
368 955
153 445
133 550
356 34
220 594
530 572
47 74
200 598
75 620
471 49
203 603
436 593
426 726
478 464
171 958
208 2
56 475
280 752
439 256
68 189
117 131
407 612
234 334
409 912
233 753
241 297
511 749
345 814
257 914
173 614
239 602
271 62
406 668
294 390
90 114
509 860
127 587
312 111
269 618
305 845
326 189
520 69
514 342
93 958
140 270
100 263
418 781
510 492
199 315
204 256
90 515
30 741
495 762
508 493
167 260
386 741
175 432
388 709
460 767
359 593
74 72
310 243
503 631
58 438
362 890
85 852
17 91
65 746
419 297
415 431
419 718
321 832
205 714
449 367
38 583
190 623
396 259
291 258
35 849
133 811
125 368
106 692
14 386
36 642
29 902
521 212
109 247
143 631
406 692
68 221
292 830
77 81
100 228
133 980
47 882
258 732
11 725
504 320
172 185
123 269
440 243
328 460
89 56
462 57
181 20
472 557
231 788
428 910
134 205
59 18
145 674
112 183
262 65
290 150
480 559
72 427
232 152
164 527
325 783
422 406
88 852
247 218
291 769
501 326
519 277
448 611
287 513
70 278
61 101
2 104
139 676
114 661
35 475
69 886
442 374
114 15
487 596
329 433
59 350
80 593
414 68
377 15
373 40
296 952
227 640
137 861
168 40
147 66
374 902
253 576
238 421
402 227
275 666
29 716
527 362
63 160
161 610
471 135
45 85
156 918
236 202
412 29
28 364
128 634
215 776
199 309
52 602
421 338
362 760
491 834
209 693
170 921
28 536
51 305
51 106
505 950
289 540
329 361
484 703
501 925
170 385
56 501
149 311
464 380
294 685
159 403
199 384
506 750
261 621
382 927
413 223
338 330
374 957
170 504
256 913
381 196
120 730
462 937
419 619
52 529
425 386
191 863
392 185
518 519
334 753
174 217
421 298
28 385
89 244
359 722
81 74
229 510
227 218
199 7
271 726
24 274
445 197
410 7
442 842
358 930
91 660
146 205
116 277
130 868
395 492
458 303
270 331
376 619
381 817
174 266
120 168
44 502
146 656
135 362
7 467
169 641
501 975
121 709
31 879
292 433
222 970
22 55
39 771
476 308
54 119
186 887
10 98
309 781
399 386
482 952
26 362
400 35
164 441
414 376
63 152
394 682
7 296
86 75
141 282
11 167
460 796
318 871
492 395
28 296
213 931
489 465
267 801
178 937
430 130
79 294
526 913
260 206
371 453
63 34
179 208
493 550
461 145
134 411
336 675
184 710
531 260
51 54
385 511
88 521
435 402
462 567
39 65
220 358
491 113
271 501
298 270
228 889
239 877
392 282
523 282
491 807
99 100
286 942
414 796
381 229
347 58
269 492
499 512
473 144
125 668
4 394
515 138
518 982
118 240
482 661
338 289
192 851
527 747
510 977
33 953
219 212
440 233
5 292
376 542
48 358
449 775
389 11
43 399
108 223
47 235
301 794
497 103
71 178
107 169
18 112
447 236
276 174
54 743
389 223
106 356
75 15
467 409
22 487
506 122
401 435
68 565
165 259
3 84
340 933
452 695
274 569
47 879
278 564
419 412
417 110
187 968
328 444
401 498
214 14
323 853
423 874
425 550
533 791
400 321
335 59
251 836
489 102
250 450
456 725
225 233
51 320
358 621
490 675
261 923
276 769
431 198
345 212
421 326
211 871
397 892
422 852
123 856
8 86
124 539
17 449
342 413
241 573
379 432
64 38
341 651
147 135
138 328
177 58
303 742
349 409
160 231
418 593
468 611
167 362
248 780
281 720
147 120
526 749
155 618
464 964
492 657
302 896
56 80
129 507
113 284
421 703
67 169
531 849
50 742
277 832
197 484
174 187
81 290
234 40
217 852
4 118
428 976
219 476
47 360
275 159
196 10
396 960
346 123
452 804
312 239
222 794
484 987
483 624
182 580
510 951
163 133
193 394
285 533
438 947
263 438
325 223
342 456
44 469
197 739
529 946
348 49
424 983
464 666
451 346
210 165
312 113
283 102
390 874
232 330
212 606
499 565
434 49
309 236
57 540
29 491
303 179
274 281
143 232
342 727
438 110
26 245
399 614
17 565
525 829
144 182
276 476
529 698
22 423
182 696
299 791
136 331
190 376
113 288
327 859
6 44
352 997
516 797
226 87
308 364
496 244
384 289
140 630
329 150
424 224
477 595
137 917
476 481
76 896
320 871
237 106
456 937
508 304
51 579
264 650
132 642
236 765
399 363
28 378
189 490
328 965
250 229
289 558
526 15
226 723
486 549
11 93
514 932
362 614
362 577
528 161
523 255
113 954
413 765
92 418
435 269
430 429
96 671
218 811
452 900
1 26
383 915
220 730
409 23
103 440
120 870
423 356
43 884
209 826
267 102
337 845
25 680
119 535
246 312
136 651
449 136
534 44
101 607
1 723
42 313
357 364
441 827
407 697
239 848
209 918
49 206
95 715
198 89
230 214
215 328
20 758
137 571
291 681
48 691
517 631
13 714
74 172
3 830
129 58
195 299
325 620
299 262
169 269
91 306
118 71
297 943
464 964
506 118
71 801
187 438
202 798
146 410
171 959
350 41
102 342
364 117
16 726
145 77
391 905
133 330
478 452
133 117
232 358
364 96
43 484
305 225
235 456
417 426
189 477
404 523
70 733
206 855
81 67
447 890
251 162
477 890
331 292
468 923
445 875
457 369
150 315
72 522
274 134
416 457
503 791
409 509
29 247
315 287
140 132
314 768
121 149
204 312
286 463
527 16
286 851
506 305
138 837
74 539
317 623
466 631
158 804
6 445
225 125
37 991
399 767
321 668
130 59
306 822
329 477
106 868
261 150
149 825
323 298
162 803
155 931
313 701
138 956
84 501
158 142
242 839
103 510
2 448
284 757
450 299
438 271
381 384
70 117
136 296
310 315
291 714
47 354
440 754
142 759
142 388
155 242
98 661
25 48
516 339
516 378
112 352
85 748
222 755
472 871
165 374
187 159
361 569
511 493
191 902
268 510
291 323
529 834
390 267
146 174
70 269
234 226
57 691
99 244
160 349
198 76
55 788
111 758
125 295
157 723
502 57
419 456
390 864
243 101
185 560
406 398
355 814
18 798
82 142
70 712
261 142
376 700
390 504
96 864
54 452
445 4
417 891
405 989
44 125
413 435
249 604
514 946
71 423
282 93
171 328
244 998
435 406
353 440
156 204
172 454
229 912
274 368
166 21
346 261
494 121
449 356
269 984
212 241
194 359
365 175
122 282
514 936
528 806
394 207
192 415
156 366
263 708
305 920
264 134
112 912
295 477
401 448
70 547
80 948
527 278
402 972
374 642
96 349
437 277
506 513
309 458
175 706
189 975
40 531
65 558
226 935
40 15
75 920
37 709
479 385
226 789
89 173
79 346
59 230
103 420
462 758
47 692
4 450
275 417
521 129
107 94
79 689
285 561
412 347
319 910
120 162
173 99
527 648
208 273
151 42
328 337
84 279
371 156
151 132
105 330
337 611
451 509
397 535
409 43
428 553
424 503
7 79
288 127
182 327
37 736
229 913
287 814
464 730
369 301
60 338
164 819
418 279
1 323
92 591
174 843
198 843
158 750
101 958
340 596
147 466
148 821
501 395
49 154
379 90
207 644
141 171
397 554
180 367
213 864
440 491
464 595
229 623
503 973
48 305
501 903
370 543
452 970
381 840
139 749
454 780
476 451
240 439
157 658
259 122
353 604
458 410
221 553
150 887
41 884
405 926
432 842
363 352
189 278
87 137
163 184
232 514
14 657
125 199
165 568
190 369
187 808
522 292
170 728
151 891
487 793
155 928
160 932
375 148
89 554
133 421
363 377
530 498
181 478
474 113
251 509
341 122
381 827
355 690
71 301
497 353
45 278
107 916
348 829
497 675
362 140
462 220
105 82
354 582
195 610
136 895
139 754
312 855
337 925
302 971
179 962
56 627
401 450
178 556
427 821
483 934
267 38
335 790
145 515
230 646
151 782
181 737
43 638
404 7
123 559
370 975
53 126
288 832
391 893
104 558
179 869
17 500
269 783
523 660
126 858
148 312
178 481
26 365
173 226
19 315
195 47
308 598
318 25
203 856
301 840
36 853
250 116
140 765
307 464
59 205
208 825
492 718
92 643
144 909
257 196
414 825
69 343
509 505
55 203
408 971
526 506
87 238
304 74
131 81
145 647
402 601
426 263
144 39
216 212
361 360
196 134
368 875
265 423
500 143
429 717
505 466
368 571
100 675
34 616
473 625
520 502
515 297
438 844
468 4
389 229
62 246
472 479
377 417
103 357
299 304
213 910
252 324
56 91
237 250
84 652
292 203
387 212
270 603
256 201
189 459
334 765
227 736
388 16
520 289
387 283
488 492
446 862
449 681
480 35
446 990
233 536
186 585
289 226
339 305
247 293
332 206
482 4
136 716
293 47
209 821
168 952
363 260
133 717
141 578
486 202
137 532
5 572
511 531
102 326
176 907
333 272
346 348
87 235
532 780
311 718
160 924
79 348
270 278
246 764
380 270
142 56
232 742
325 326
433 975
343 458
253 807
488 938
430 606
290 976
412 600
310 284
405 862
421 960
136 788
421 402
156 380
442 109
350 426
330 640
250 351
502 405
354 71
40 299
463 34
55 597
223 526
443 929
425 627
161 706
288 158
472 823
437 951
104 145
84 683
166 897
281 74
124 895
486 154
124 300
12 42
284 521
487 480
51 910
150 796
4 652
282 682
232 379
507 892
201 677
412 742
175 833
204 880
323 17
426 768
257 564
161 789
446 869
478 733
320 154
439 816
507 982
35 570
496 543
104 829
286 832
204 845
209 680
173 90
361 778
57 817
266 731
94 939
419 24
417 733
419 501
455 167
453 878
392 813
167 18
36 793
118 59
105 286
392 831
133 319
197 874
473 590
234 650
195 357
103 553
351 753
219 367
397 809
456 246
252 852
90 332
88 496
420 164
328 596
145 133
517 479
410 481
310 902
68 688
214 618
468 699
83 927
56 385
245 999
413 453
331 789
88 237
137 251
439 45
339 292
393 418
219 762
436 504
107 609
360 781
33 642
491 403
302 321
324 754
157 712
401 163
234 914
447 294
215 176
277 997
313 832
150 399
248 464
318 190
235 288
232 233
125 741
151 643
20 743
294 898
240 468
25 65
526 58
66 454
123 817
230 804
80 966
371 474
189 474
398 43
85 441
505 893
104 308
382 650
476 375
424 729
72 915
375 645
138 789
404 733
233 189
168 675
291 137
268 517
180 679
330 983
479 182
336 295
81 470
97 360
422 35
114 392
202 614
429 649
503 300
141 499
298 205
301 793
6 414
358 968
65 296
136 299
460 294
338 505
447 803
257 381
358 794
362 765
32 476
355 637
370 310
316 865
205 520
527 102
135 127
15 481
359 731
98 318
471 618
34 491
429 963
64 506
180 380
8 675
279 997
242 263
490 779
196 886
303 782
433 722
336 971
77 802
58 362
107 904
310 800
203 491
37 119
278 966
317 402
112 487
85 794
313 297
394 859
195 594
158 39
63 54
460 546
20 450
182 964
253 433
310 826
129 155
231 246
350 193
439 666
112 554
93 585
45 570
397 879
460 806
119 235
38 760
14 748
178 137
147 297
344 194
503 808
172 146
20 112
377 516
405 446
302 909
353 524
409 410
140 285
313 48
399 451
166 42
92 754
218 999
429 98
416 810
426 856
193 696
327 205
463 469
297 70
466 415
415 378
215 641
288 224
475 298
1 86
28 916
519 755
121 677
29 62
523 377
244 564
327 526
372 822
340 558
508 104
199 345
57 780
418 624
70 381
56 859
43 220
70 892
116 295
74 178
262 837
226 271
402 987
58 914
286 162
99 102
248 238
502 545
480 912
22 422
160 821
355 244
59 430
478 988
90 638
5 414
151 367
516 877
224 957
292 863
154 537
453 446
103 815
119 209
231 464
190 971
4 961
109 427
285 482
19 155
465 601
241 146
468 740
529 50
514 386
424 522
288 891
283 772
135 403
94 880
305 331
120 536
255 616
457 850
102 890
290 313
92 223
358 452
452 765
469 742
382 979
244 820
387 321
270 26
87 947
17 887
208 386
273 956
248 171
335 832
379 430
142 671
404 664
49 462
467 921
409 393
292 71
317 14
521 330
60 639
400 749
102 444
186 435
104 751
191 272
458 846
108 124
317 388
371 844
238 664
97 913
6 20
266 854
95 999
60 638
388 132
226 875
280 881
152 672
412 9
208 801
62 306
418 702
302 848
357 244
513 264
43 99
119 414
353 177
278 479
121 973
20 248
308 645
198 997
327 617
280 562
524 973
460 606
436 859
535 387
28 47
113 8
62 41
503 311
325 694
337 719
230 176
294 59
168 593
280 80
252 588
434 987
281 76
427 409
289 131
475 670
510 997
107 927
285 138
103 535
451 239
263 126
365 133
247 85
415 241
146 843
505 51
193 883
95 991
97 52
428 143
534 432
32 902
166 581
513 798
243 111
408 891
303 484
2 519
115 846
526 660
358 165
145 933
515 666
258 45
351 117
186 397
255 361
65 531
413 498
442 166
393 422
381 915
310 625
384 155
176 999
426 338
76 662
378 66
288 945
370 806
169 422
375 287
56 601
232 555
364 711
277 576
36 156
495 190
82 597
325 930
350 591
164 4
302 22
370 130
451 431
433 226
41 414
265 28
395 880
17 638
341 899
46 143
57 57
118 612
120 281
479 149
158 70
103 345
344 678
274 214
173 660
272 714
510 102
488 549
196 175
172 596
199 262
441 808
342 406
176 501
6 620
91 939
454 372
278 617
128 837
424 941
416 104
91 149
168 284
453 153
351 989
353 398
20 953
46 924
272 186
411 233
370 687
253 341
113 658
42 644
460 363
17 7
430 403
411 995
175 922
194 248
38 67
74 203
192 82
188 84
245 453
496 273
168 864
413 33
351 407
203 114
478 776
11 868
24 918
11 396
19 72
519 58
256 79
121 571
402 683
396 383
129 343
349 108
162 345
179 929
32 843
165 156
529 589
90 125
478 624
303 552
135 724
473 327
484 651
13 270
36 20
414 797
275 785
57 530
139 81
515 20
336 999
400 153
68 144
45 849
118 33
323 304
461 184
181 264
19 198
191 565
96 451
426 791
496 66
150 331
331 32
282 315
23 897
16 353
529 340
423 88
332 98
238 115
409 146
225 116
457 912
449 535
34 890
336 52
409 986
159 256
143 343
290 452
473 587
51 173
348 614
138 314
350 730
406 138
77 157
68 19
71 562
164 820
135 264
369 252
188 969
425 72
4 484
95 1
84 628
362 140
124 863
210 648
404 144
156 707
499 102
530 862
233 371
393 4
447 469
442 119
306 488
192 267
500 937
525 657
250 517
367 222
290 872
163 9
377 847
345 792
447 463
502 195
405 459
80 816
30 689
432 54
26 326
276 554
119 782
365 557
300 108
148 979
421 600
316 45
259 452
37 40
276 303
179 92
26 106
237 223
494 173
483 671
179 211
510 995
532 209
433 867
535 443
169 99
456 328
263 349
26 881
209 947
239 206
210 449
350 209
474 25
438 104
468 420
169 567
526 728
69 156
14 893
515 946
283 295
157 358
464 63
371 461
509 690
526 84
49 192
446 814
314 78
428 938
80 213
474 195
44 793
231 310
530 170
315 871
8 806
178 60
21 213
289 640
73 12
137 834
15 123
404 339
245 431
430 740
86 696
166 446
3 380
305 623
30 290
147 556
22 640
436 753
372 630
37 347
156 913
132 231
284 689
298 120
27 931
203 124
116 103
463 992
237 771
105 32
61 942
263 576
311 238
24 158
184 843
218 996
247 305
243 619
519 626
174 299
87 170
526 980
488 609
253 145
298 805
507 824
239 413
305 771
86 551
513 321
505 458
241 53
253 757
300 38
502 647
386 238
98 764
268 772
135 910
512 410
63 154
260 927
377 263
300 573
365 451
107 668
515 885
460 78
220 668
459 81
377 814
4 128
419 850
276 762
534 215
480 529
365 266
226 181
509 972
310 999
84 586
212 46
361 691
235 197
426 262
430 411
411 945
18 265
103 523
447 104
47 427
322 793
276 478
391 538
111 269
402 928
257 988
204 87
152 637
177 956
204 827
138 284
400 583
55 930
459 343
505 517
52 722
4 175
90 725
307 79
400 849
507 624
110 746
479 472
250 729
382 906
322 396
507 460
487 993
36 874
76 342
521 313
66 820
37 709
463 663
81 275
431 792
120 279
140 723
331 336
334 665
487 215
436 383
259 524
82 246
239 177
137 625
318 804
253 818
172 505
337 780
130 46
62 506
199 190
31 559
415 623
461 69
122 212
92 606
169 347
86 126
193 783
14 775
284 423
34 858
208 758
295 637
376 881
47 960
211 308
487 175
78 877
453 355
119 551
369 713
143 825
108 393
469 477
520 696
464 761
535 302
334 505
506 305
77 275
22 257
226 257
411 922
314 275
453 133
91 978
245 942
94 110
180 207
415 833
351 20
109 514
231 166
122 700
415 440
271 828
208 661
417 646
363 48
423 736
459 434
316 565
242 495
444 107
227 953
293 382
279 564
155 899
410 840
92 5
477 67
77 460
221 388
244 945
504 329
233 188
323 314
221 630
167 659
218 127
395 622
160 417
318 79
247 162
268 382
106 23
104 88
458 124
50 791
248 804
206 885
354 71
453 901
350 623
24 699
447 762
308 374
44 139
408 189
278 889
316 687
40 359
256 569
239 602
48 797
426 950
2 565
163 10
45 596
159 175
15 341
197 692
48 810
43 797
111 78
175 840
232 419
321 838
459 718
268 840
285 150
139 832
39 176
47 387
526 382
307 350
330 51
386 670
276 112
65 502
259 451
272 61
54 315
276 797
362 213
102 606
422 602
343 392
256 718
274 613
255 883
335 61
195 620
402 423
531 610
1 663
471 995
212 138
412 398
396 339
105 400
371 74
314 2
519 448
374 912
481 541
499 435
287 426
228 512
350 559
532 200
212 294
293 718
280 942
416 244
513 697
419 558
517 334
464 12
189 536
120 453
48 380
139 671
98 279
3 504
46 422
272 808
336 733
96 20
486 777
75 797
19 13
466 167
184 41
517 891
310 742
203 517
335 347
410 622
280 251
82 995
353 493
412 356
57 923
418 366
326 891
15 610
417 257
371 147
382 27
528 132
79 340
132 16
505 761
252 528
40 551
77 449
249 499
71 435
92 120
388 539
494 61
18 433
471 124
281 75
406 357
451 792
453 849
186 654
198 543
433 413
339 762
370 610
199 152
278 373
305 725
64 115
140 862
15 852
474 887
247 678
325 461
246 208
170 285
94 704
310 395
207 478
314 300
144 559
327 293
501 42
244 857
227 742
327 614
356 363
280 480
3 100
327 133
343 451
175 952
490 5
5 847
487 226
411 365
323 390
357 40
55 843
433 708
228 53
401 982
458 772
469 297
369 158
170 141
47 194
383 187
161 157
323 442
469 705
172 325
174 530
216 419
204 111
345 230
472 287
190 580
304 97
98 609
443 514
253 739
350 203
21 61
156 785
393 13
220 276
2 261
80 136
219 445
48 950
9 535
442 620
275 42
476 193
530 345
377 738
131 369
338 800
423 278
176 824
530 326
127 489
420 236
530 985
427 215
15 897
411 96
68 772
453 832
298 276
164 7
456 805
187 102
256 992
62 278
507 850
15 335
115 370
393 218
432 30
410 223
497 919
423 240
47 656
212 292
100 123
448 517
267 668
511 578
519 636
341 310
110 975
315 975
224 566
212 456
227 414
410 231
46 536
29 248
530 359
314 320
175 989
441 626
357 678
535 102
198 562
225 917
76 671
258 406
496 502
399 573
43 882
321 806
502 932
297 702
123 529
310 507
347 970
382 863
154 474
197 457
432 68
529 779
110 771
98 325
386 232
520 497
333 888
261 933
487 939
71 524
60 110
194 949
139 594
54 626
96 235
158 523
134 617
235 249
446 866
124 939
443 750
4 268
127 586
28 754
259 406
60 977
432 687
402 382
495 525
221 253
133 158
112 860
200 570
82 885
91 948
252 600
458 175
404 774
318 223
328 775
214 460
413 853
490 339
289 831
319 180
216 263
296 309
71 868
368 525
17 505
312 890
346 372
111 300
60 696
158 903
80 67
194 773
321 609
39 58
185 519
374 510
323 705
468 487
298 108
49 484
88 460
216 595
430 400
199 860
513 17
139 499
251 967
255 986
393 412
82 796
53 78
239 660
336 625
7 348
481 939
317 478
54 175
256 527
310 91
391 902
68 425
152 58
88 657
363 553
195 734
438 330
320 701
516 316
393 977
183 956
416 242
182 907
250 72
228 454
288 581
30 197
175 761
198 996
54 171
349 620
127 271
416 147
333 754
524 72
433 848
216 200
220 879
208 924
91 377
85 289
482 454
330 414
183 744
309 625
501 37
14 667
431 856
355 551
281 375
473 743
366 887
231 407
480 532
295 96
222 130
291 286
230 135
284 115
212 118
446 10
179 437
199 660
108 279
484 318
322 740
468 225
110 596
357 545
104 752
481 207
131 137
57 447
312 310
299 691
252 995
60 478
418 85
360 385
49 46
255 969
385 655
45 7
84 457
442 847
489 435
517 305
324 424
457 84
8 502
2 286
363 455
341 741
71 467
443 9
182 29
266 391
449 90
475 704
509 973
435 575
17 710
132 647
445 62
504 811
307 180
7 980
395 579
239 519
476 770
157 244
160 314
532 584
109 292
341 716
425 713
519 331
432 919
262 136
467 347
129 118
181 201
261 558
292 222
398 540
213 319
115 202
171 639
504 844
80 573
134 283
12 627
34 514
25 80
472 172
412 463
314 196
339 334
217 195
447 248
465 837
285 500
125 620
110 419
25 852
250 261
133 53
321 781
504 749
268 9
358 651
163 667
342 53
212 378
292 411
76 570
83 145
195 48
282 89
50 886
258 311
239 389
77 851
12 230
211 459
237 160
371 846
236 230
487 106
228 694
481 110
411 978
500 729
58 507
344 201
150 785
137 861
227 940
381 580
445 751
13 92
287 783
474 116
192 400
281 921
35 128
261 637
147 178
154 635
130 365
126 997
236 995
350 990
191 618
371 960
435 318
458 704
62 989
102 805
6 457
311 460
223 178
107 935
9 658
119 97
450 871
428 380
305 500
361 211
224 712
427 496
321 269
31 735
194 578
270 473
507 618
419 99
214 635
201 740
379 744
426 498
214 440
517 118
74 524
133 3
386 556
16 547
413 27
278 802
309 359
371 593
455 210
290 812
256 236
191 692
333 62
416 446
39 344
174 155
123 868
514 510
206 728
327 225
134 632
163 272
56 35
36 60
211 121
210 505
50 827
390 616
289 731
227 878
91 199
439 419
431 691
118 900
297 324
144 266
214 293
308 761
514 342
57 706
31 376
456 97
423 74
17 847
527 663
397 585
312 694
305 391
23 497
212 62
492 294
155 527
211 849
312 245
27 816
522 803
489 301
357 572
467 840
534 841
146 299
28 775
198 20
405 398
396 774
398 219
367 760
127 534
147 732
383 5
463 465
320 888
361 626
145 51
115 125
81 303
158 877
154 744
51 553
367 592
307 530
415 515
92 473
465 137
307 862
354 416
345 978
519 24
364 470
427 740
72 554
258 839
397 239
387 701
17 453
209 686
352 766
409 510
373 665
196 272
281 272
532 486
158 482
217 923
478 730
267 569
317 22
351 899
178 289
337 661
368 889
160 142
320 65
113 597
148 152
206 809
165 777
253 328
513 953
409 657
148 805
132 346
11 449
430 882
14 601
147 720
490 580
375 514
185 148
533 583
21 943
451 118
364 929
482 60
78 272
496 19
122 334
126 941
187 395
396 477
525 201
207 150
86 854
132 34
409 573
452 852
6 445
449 622
527 408
217 604
434 142
446 495
204 64
387 468
470 485
361 978
428 144
290 64
471 47
90 820
419 142
313 988
72 618
484 577
229 487
407 656
135 211
28 71
378 832
379 726
335 262
91 579
409 254
513 988
286 880
2 666
333 94
516 384
292 255
399 64
254 421
115 918
136 775
162 939
438 928
269 483
466 678
433 839
274 372
521 588
371 896
188 115
259 517
5 743
304 586
312 738
143 786
130 800
75 579
213 81
262 671
289 84
427 373
95 231
436 952
340 432
469 343
284 39
64 988
350 57
35 757
330 903
486 526
139 869
210 125
146 915
220 829
395 583
377 820
260 82
143 932
5 566
160 685
50 878
184 98
323 670
450 552
332 839
369 810
1 141
135 423
245 112
113 402
255 230
395 73
301 311
525 728
198 48
304 595
329 249
16 647
357 79
16 609
29 75
304 69
94 72
533 593
218 913
275 327
65 313
175 135
197 481
353 698
507 693
442 936
418 135
247 875
343 619
259 442
368 65
53 63
170 879
460 241
163 596
490 419
407 902
367 179
171 661
124 972
109 454
223 388
358 432
207 663
311 682
95 938
77 595
515 808
455 489
308 273
174 723
39 462
416 879
392 566
126 117
437 765
98 441
330 679
198 637
6 89
302 532
467 569
272 121
298 377
242 846
431 392
244 981
393 680
253 787
167 385
203 840
276 805
489 840
71 810
116 397
326 827
503 314
258 863
173 297
27 921
365 327
4 622
91 267
141 778
421 530
181 763
350 886
437 108
235 154
521 364
68 952
418 629
369 203
115 917
257 325
457 832
313 178
329 636
356 771
82 339
347 781
484 237
194 151
216 515
210 615
477 717
514 758
13 189
485 519
288 258
51 468
297 758
158 993
190 392
124 527
222 971
154 578
430 677
213 948
397 129
69 848
106 710
522 367
250 165
423 23
366 462
53 174
177 348
344 883
374 460
330 654
310 507
171 163
474 189
437 356
6 318
436 52
365 677
127 996
395 876
455 705
388 194
470 60
492 729
113 441
369 688
262 9
288 9
430 304
246 732
514 639
316 819
405 875
410 820
216 932
264 810
400 711
531 292
372 157
199 845
276 490
320 850
76 30
38 55
379 807
527 755
414 941
223 615
69 285
148 810
368 535
480 760
36 376
2 622
292 65
365 208
67 877
35 428
301 935
356 212
93 506
259 808
8 847
509 994
267 107
283 368
325 198
313 829
443 621
205 352
274 224
26 547
474 341
147 261
492 571
303 561
297 752
483 309
165 540
501 108
258 291
461 604
423 735
400 713
450 948
264 1000
403 427
528 509
234 23
250 981
496 698
439 389
533 761
89 929
227 308
510 653
223 32
176 848
163 828
392 492
239 23
329 784
528 776
377 158
105 949
121 117
275 213
135 535
338 270
137 356
42 63
340 590
481 199
346 243
532 397
157 159
486 997
348 287
374 81
303 878
278 334
142 700
48 723
124 82
173 621
267 151
495 862
510 862
278 649
422 902
136 960
226 984
274 903
128 957
188 14
163 526
461 642
144 98
286 436
330 211
188 392
271 129
150 32
239 597
352 903
293 687
168 999
302 682
159 211
19 738
446 61
81 845
243 537
230 55
524 232
1 724
333 783
228 850
452 181
467 332
475 120
437 80
168 329
266 162
511 299
162 495
114 496
270 787
361 100
8 99
117 560
344 548
433 440
121 642
127 118
522 618
308 37
137 40
256 654
44 577
233 766
356 315
484 286
313 960
471 482
341 255
421 259
179 915
249 181
90 706
492 401
153 431
459 764
529 816
484 598
49 880
344 141
374 606
385 847
305 181
518 35
447 858
228 105
524 529
321 469
40 649
240 72
506 771
434 191
389 646
349 482
5 790
488 38
486 785
271 164
47 25
178 112
303 204
309 418
391 31
392 768
323 47
296 346
527 430
88 269
219 244
116 217
389 828
247 11
485 762
304 804
236 92
482 103
36 686
367 519
147 772
334 191
65 532
130 880
241 993
258 958
96 889
386 739
8 216
281 579
184 915
37 607
62 414
529 898
501 527
318 191
276 480
281 792
345 713
156 88
11 707
254 859
525 934
175 401
496 956
347 927
182 748
389 333
522 864
112 992
324 295
315 898
393 836
62 405
245 364
222 556
452 12
320 27
375 530
192 746
51 391
467 877
157 163
145 710
346 937
530 898
194 686
495 816
290 606
135 414
179 360
533 875
227 853
11 646
82 428
256 934
103 129
210 527
281 794
155 107
17 889
22 871
426 77
427 154
161 480
117 761
501 722
376 22
200 748
107 572
339 639
300 333
133 971
368 76
389 936
6 947
1 752
55 607
143 562
449 351
53 673
311 240
201 499
292 844
216 3
522 382
180 416
524 447
454 236
223 749
352 421
508 679
69 967
71 698
195 959
451 695
121 626
22 170
362 772
406 900
517 882
148 859
249 977
398 877
346 92
525 824
212 497
31 45
496 917
325 1000
102 716
293 802
7 537
37 551
281 668
385 369
465 983
344 675
283 969
459 102
82 635
242 135
305 453
362 863
279 210
78 18
339 119
187 321
460 328
407 624
163 124
344 472
53 148
8 862
120 136
498 682
105 617
339 721
253 560
412 460
273 486
86 487
60 602
217 658
51 46
135 668
157 378
235 403
91 432
335 420
94 990
386 74
244 199
202 599
41 602
272 548
113 618
443 999
331 260
200 720
431 140
438 963
316 544
178 913
267 923
342 846
61 964
30 124
534 244
210 495
390 620
231 368
370 700
512 90
482 437
419 504
189 609
458 613
529 861
87 602
79 150
288 667
459 649
491 914
478 433
370 307
86 396
372 751
270 471
140 73
438 990
213 803
269 685
463 610
60 922
456 134
223 591
116 260
479 645
242 156
100 460
83 602
484 996
293 769
223 72
241 539
13 694
389 906
252 384
435 83
393 405
455 174
206 328
239 207
150 696
106 792
509 215
236 477
198 540
491 118
86 897
13 208
26 709
350 764
470 322
123 255
497 992
2 777
245 361
409 478
180 867
100 752
107 761
399 946
408 298
237 246
148 648
193 873
138 179
173 474
410 580
202 974
131 762
440 479
497 944
242 40
44 237
474 611
87 138
54 51
25 72
13 810
33 480
281 236
415 880
172 578
19 925
244 161
429 435
2 704
441 703
72 61
293 726
107 73
96 787
23 359
371 397
310 353
396 830
181 867
107 101
31 774
173 101
141 663
406 428
58 109
356 205
4 798
116 134
445 970
532 219
216 591
423 633
74 372
311 428
327 814
406 865
293 781
95 404
244 936
197 668
6 181
121 586
380 146
295 502
505 231
315 786
127 25
72 316
107 297
185 736
95 195
373 300
72 896
192 99
402 908
290 819
322 696
248 127
274 673
445 637
299 847
333 480
266 839
367 151
97 18
514 557
62 60
22 735
307 341
379 257
115 603
176 841
476 646
181 234
147 419
168 211
218 706
424 998
351 840
162 137
226 278
324 680
237 752
227 281
16 838
446 166
460 766
131 575
399 24
421 709
143 377
465 136
415 785
273 834
79 149
71 658
252 45
247 371
479 583
166 602
35 170
202 363
215 228
346 484
202 925
55 800
497 242
204 173
99 514
61 526
40 980
439 651
440 448
316 468
296 873
495 530
420 298
277 6
506 501
477 96
81 725
504 577
258 446
418 993
401 999
120 442
479 599
174 530
510 269
24 685
426 383
506 490
516 284
370 177
405 154
316 443
498 697
498 178
89 965
337 884
361 976
11 380
274 133
503 753
400 143
210 590
265 896
444 280
425 730
304 371
110 114
229 510
250 959
497 194
283 296
24 270
111 531
256 446
35 959
2 224
231 283
403 845
108 52
374 630
524 307
293 85
104 333
480 591
185 873
202 865
432 85
153 816
253 442
42 159
251 915
396 933
167 346
531 572
155 356
530 828
354 711
259 133
373 163
384 769
165 78
28 783
289 726
283 577
411 556
352 903
521 499
424 386
120 325
111 770
309 942
485 240
302 223
474 317
526 644
312 313
415 879
332 261
464 571
230 993
238 137
150 231
6 342
444 382
87 555
311 888
128 76
204 580
20 386
433 637
139 177
185 408
63 538
299 298
438 602
174 472
301 730
71 814
329 349
440 225
213 708
13 996
86 141
179 183
525 104
7 835
99 57
19 191
494 481
445 38
271 197
211 575
348 677
81 660
496 926
32 11
435 609
442 960
208 546
218 537
252 425
51 401
82 844
111 653
415 955
363 642
344 555
386 741
467 52
380 785
154 787
207 933
306 265
492 595
428 489
158 91
64 558
86 502
497 363
419 955
456 593
444 429
439 685
443 866
54 294
151 142
281 19
169 118
177 428
339 598
513 596
262 931
59 526
250 554
301 901
356 495
312 18
406 583
176 113
25 783
263 620
215 602
220 239
226 798
150 458
165 231
98 731
316 635
417 649
169 837
462 978
69 419
274 149
115 736
184 721
44 930
76 237
20 13
1 373
370 806
339 436
220 608
365 900
369 939
409 663
238 800
2 882
276 486
435 845
301 232
511 460
13 813
112 385
302 127
117 143
266 868
383 432
313 648
351 321
169 97
18 129
155 82
64 405
360 641
278 303
445 664
331 114
275 375
45 200
30 704
430 444
85 786
404 296
70 480
315 641
157 111
461 950
310 315
377 836
428 378
209 813
393 711
175 868
415 705
157 266
480 801
270 253
20 352
259 828
305 982
434 980
164 964
94 982
71 603
172 886
411 883
314 894
464 173
34 297
192 545
18 768
219 497
504 632
164 988
34 474
362 884
422 114
227 848
315 777
415 627
312 827
504 707
150 762
397 179
335 889
445 425
407 761
415 697
525 519
374 424
5 668
29 209
34 540
64 516
231 160
407 514
6 476
488 346
204 969
104 296
502 412
466 184
209 261
455 519
344 17
156 331
351 321
342 206
15 201
307 791
280 418
219 480
113 232
261 33
60 588
199 156
13 339
339 487
153 37
172 509
277 143
449 845
263 521
73 833
161 929
241 905
223 895
215 454
206 47
525 727
402 178
502 359
361 84
22 316
493 807
97 890
85 719
497 182
122 149
431 580
272 245
253 378
218 455
91 658
243 473
72 292
355 707
503 769
449 426
173 713
376 213
468 70
530 611
247 511
151 900
481 622
144 971
380 250
223 379
305 78
186 662
72 968
286 295
110 451
34 714
202 685
468 599
358 378
327 674
404 967
206 750
170 568
395 149
205 258
426 706
87 537
320 71
441 708
424 351
144 900
488 349
492 489
171 347
261 301
203 829
197 102
463 227
199 224
153 778
111 697
173 548
530 836
482 251
120 119
241 978
104 652
193 252
461 371
24 675
41 903
463 242
316 141
514 932
368 712
126 675
321 255
105 209
250 269
223 834
449 641
285 184
236 564
408 270
301 677
47 782
238 792
259 371
417 698
151 263
