3432 287
282 495
125 29
273 354
160 350
152 421
31 658
271 305
71 331
26 292
43 894
35 308
225 881
264 479
91 487
149 566
142 758
231 285
126 778
268 165
131 887
78 747
126 731
117 494
113 8
46 532
154 247
221 702
100 312
97 271
33 996
43 729
16 731
72 512
204 30
42 156
45 206
147 724
263 314
204 182
130 214
144 376
68 823
209 506
211 183
51 113
255 415
53 86
48 16
104 165
204 785
200 583
24 93
170 800
157 786
261 89
270 226
270 607
48 229
216 42
24 886
228 607
79 802
270 247
198 644
151 662
89 204
182 420
114 243
270 335
10 1000
231 880
149 526
123 913
223 540
287 733
118 923
258 432
188 788
285 563
129 232
98 978
252 853
216 613
192 8
198 82
234 781
41 713
156 697
224 495
262 521
11 356
219 464
254 205
200 989
122 386
108 58
143 889
145 102
247 985
41 220
57 944
44 274
254 238
210 187
260 152
286 518
153 502
73 340
156 388
257 861
149 909
148 28
18 403
183 103
151 169
127 992
19 730
101 342
125 358
246 749
116 100
282 857
138 979
169 831
281 991
215 109
230 579
39 141
124 97
30 758
253 251
11 643
286 558
268 962
81 866
224 685
180 275
167 941
37 851
131 794
175 253
220 148
124 140
273 726
22 226
87 645
89 169
103 597
162 798
35 532
109 504
236 133
24 438
185 111
50 158
31 452
229 799
131 562
155 760
27 277
59 830
46 755
123 674
10 374
275 241
130 158
250 490
178 285
1 580
213 329
147 293
103 133
100 19
232 496
96 487
24 836
76 134
276 512
287 375
20 487
148 759
53 199
54 975
126 619
58 789
186 650
232 215
122 509
237 731
176 460
243 610
178 442
261 432
167 109
105 526
240 95
44 49
93 112
211 1000
30 81
185 161
109 882
18 180
191 293
11 199
56 496
196 232
82 303
160 294
253 169
131 729
125 190
187 341
25 711
114 268
41 342
272 728
52 257
138 605
215 243
24 597
146 796
40 594
3 100
134 343
166 444
14 95
272 949
165 869
59 14
163 530
102 818
206 579
194 616
113 280
93 666
129 551
204 830
70 254
98 728
125 348
125 878
117 161
245 498
95 769
146 724
229 365
136 422
230 233
172 486
243 359
99 47
140 419
148 72
31 166
94 875
258 204
276 391
132 909
3 223
11 751
12 401
112 882
85 720
222 787
64 395
145 90
16 515
200 52
155 193
87 657
217 853
124 679
9 416
231 765
246 451
150 489
46 446
64 995
93 722
284 159
244 559
107 599
121 767
219 279
102 777
216 623
28 759
56 197
129 72
238 16
113 455
50 142
155 882
159 879
71 860
140 871
226 971
277 680
247 914
218 190
67 256
113 905
261 96
236 494
259 799
137 502
127 433
185 438
210 237
83 46
103 476
107 850
246 430
42 388
107 277
207 367
234 391
258 758
59 176
14 91
145 470
237 392
49 291
119 506
20 599
223 120
228 340
66 64
30 808
126 403
5 262
148 325
278 357
162 278
130 687
236 347
194 972
277 453
154 509
105 808
180 897
9 214
229 491
240 370
54 817
202 662
204 463
131 197
254 922
194 73
117 166
273 958
111 945
42 37
85 701
156 194
201 34
21 151
195 81
14 495
197 914
186 875
168 279
64 825
16 159
273 335
104 284
68 252
157 349
122 16
135 181
242 872
128 858
184 235
17 959
152 447
115 242
244 252
73 886
6 463
18 146
35 801
162 577
145 702
43 160
168 983
160 340
109 144
195 257
184 362
269 115
210 626
228 593
226 176
134 637
90 970
136 5
71 942
272 317
194 971
89 347
74 217
165 698
170 828
85 432
181 405
2 983
261 505
178 119
283 536
29 611
71 839
181 640
143 159
164 649
238 827
169 525
140 294
153 127
67 123
23 485
174 331
45 426
15 699
272 965
163 987
58 104
33 128
95 9
29 554
241 628
94 975
135 31
76 654
176 612
198 797
131 339
132 748
81 213
63 416
153 274
119 665
128 252
150 851
157 826
193 97
146 102
57 549
73 263
6 970
9 368
37 987
66 343
45 360
173 127
59 208
36 790
44 10
84 312
198 563
54 210
258 851
268 103
103 39
182 935
63 401
90 419
129 931
178 874
225 296
262 112
122 500
283 465
271 390
100 690
201 981
49 873
49 784
242 896
40 525
81 478
108 835
132 981
133 967
32 797
273 3
223 824
226 26
255 948
111 382
248 516
31 155
157 335
143 273
143 288
277 637
109 212
220 896
260 119
110 951
237 463
30 993
80 831
260 852
236 854
198 305
180 502
268 931
252 469
187 900
51 159
77 185
86 554
108 969
282 840
37 849
245 905
209 619
69 822
241 378
132 311
282 479
261 910
189 696
156 274
157 372
165 381
191 120
160 158
239 5
131 680
136 87
259 217
34 367
204 20
106 362
15 504
96 505
85 430
243 7
231 830
107 238
264 131
90 410
206 930
23 140
69 912
109 488
63 289
172 87
1 785
251 870
62 335
287 573
219 781
135 242
48 986
173 939
257 272
262 383
35 334
234 254
60 438
226 900
119 224
115 306
94 78
204 725
156 830
103 253
128 483
81 631
222 68
198 732
177 676
167 80
94 600
106 804
85 468
219 340
91 871
250 745
91 258
17 968
1 140
2 465
263 321
128 113
282 846
94 824
255 71
112 684
177 522
136 236
266 257
266 518
277 932
11 666
262 853
6 685
224 530
46 695
224 470
171 605
254 768
147 607
287 226
53 115
120 483
105 225
20 390
14 204
40 17
122 127
143 599
91 598
201 798
59 721
23 394
185 997
50 976
37 794
285 364
193 494
123 851
106 480
224 426
49 198
278 245
54 119
133 136
54 586
111 314
262 734
208 357
231 776
145 384
129 816
133 941
214 731
78 819
148 698
78 860
6 266
190 808
274 907
75 921
228 689
40 413
82 614
109 144
275 982
185 295
110 233
237 133
246 4
68 234
89 264
113 647
138 330
56 59
182 570
213 753
163 876
286 560
147 481
183 793
94 567
71 237
113 557
217 797
35 880
231 240
80 801
118 288
110 485
120 989
235 299
51 736
165 810
115 617
68 920
63 722
240 412
233 706
30 125
132 196
224 312
232 501
14 54
261 913
205 659
154 246
157 337
81 799
60 779
32 522
19 530
16 827
199 316
10 151
54 535
224 658
51 547
107 353
278 197
172 657
63 605
235 462
193 353
51 253
232 199
272 938
266 415
207 762
273 895
224 611
219 629
44 415
227 456
7 421
78 848
73 584
256 969
201 518
127 429
33 482
208 175
287 474
88 520
273 465
251 597
267 702
265 351
66 300
69 394
138 848
122 718
258 310
171 329
253 157
11 108
6 462
43 209
123 992
198 748
284 183
238 159
205 673
149 75
13 392
3 398
173 570
171 584
251 812
175 77
224 515
233 102
142 169
75 328
55 558
152 27
196 813
258 76
26 442
168 403
267 827
166 966
177 764
159 444
66 969
234 963
116 256
175 203
16 804
136 17
113 883
130 309
113 105
236 468
225 467
147 454
223 733
202 209
179 205
114 724
172 845
207 85
113 701
64 324
178 94
61 885
219 288
116 570
222 949
35 999
12 940
168 444
201 231
115 15
271 669
126 679
141 472
77 474
85 728
27 264
237 391
8 493
281 156
42 963
227 232
113 894
141 35
200 374
56 936
242 608
73 884
244 438
197 635
127 386
148 523
187 343
147 328
231 456
235 910
171 463
129 746
161 304
40 802
61 291
242 224
5 877
40 947
230 375
10 285
123 310
269 46
188 161
72 159
236 831
163 193
28 574
137 748
213 869
160 216
219 283
261 71
252 725
268 712
140 36
111 158
93 260
232 447
256 495
141 862
195 112
287 546
232 233
91 653
228 373
203 325
218 574
244 758
258 80
183 5
88 764
136 575
164 718
191 48
209 528
176 853
60 621
40 331
56 638
245 677
229 841
115 57
236 13
176 292
118 407
231 50
76 663
15 470
275 436
221 376
108 284
108 106
145 949
224 282
247 551
55 924
120 440
36 229
215 374
9 241
235 544
44 229
16 966
16 237
213 812
89 456
225 307
52 39
208 768
42 770
72 236
39 194
74 882
148 984
249 891
83 685
172 373
182 664
114 880
249 755
219 472
34 710
61 246
134 963
134 911
141 744
119 891
123 376
223 255
11 58
283 572
174 449
108 509
219 882
240 997
205 73
146 575
244 308
59 684
8 846
219 705
226 766
57 838
107 485
223 416
231 980
134 623
153 763
147 225
140 187
256 205
147 214
17 377
164 321
56 269
43 305
246 518
112 27
255 468
151 818
95 860
189 476
235 606
104 750
157 992
182 676
134 89
166 817
51 831
1 517
90 602
249 90
69 454
131 599
91 669
30 453
7 611
161 204
104 272
257 183
195 322
208 100
227 456
131 637
210 744
222 569
176 225
194 179
196 690
125 122
215 113
283 88
201 733
124 236
190 741
54 544
117 87
271 267
174 450
247 399
175 836
268 260
13 932
134 252
152 697
226 637
70 9
19 274
94 19
58 930
95 526
27 767
80 855
223 505
196 495
34 625
275 795
91 694
237 522
244 771
25 515
129 439
192 876
3 467
80 196
205 160
27 754
54 319
186 155
115 846
127 712
154 610
82 333
9 263
157 980
158 714
158 160
232 696
31 882
58 812
188 608
253 965
137 233
148 357
215 330
239 851
174 540
231 434
134 891
184 24
220 624
168 392
22 456
257 248
247 228
200 236
47 151
259 369
86 907
129 731
189 788
59 711
202 187
124 513
285 804
27 488
111 912
16 829
59 260
157 624
248 817
205 699
104 914
254 612
5 305
48 447
7 305
236 58
251 213
44 376
112 88
63 263
159 491
206 394
97 707
143 47
6 897
161 313
177 40
71 279
157 137
196 403
240 394
154 661
118 723
149 622
59 264
27 413
1 634
36 109
213 886
93 885
195 748
205 783
132 249
243 585
67 589
133 575
158 870
51 959
185 884
275 203
54 667
236 99
216 908
188 504
243 91
243 250
43 506
197 851
174 237
199 378
236 149
148 721
184 821
82 464
193 8
185 584
168 433
218 728
14 280
192 114
279 364
167 831
179 604
235 463
51 53
235 835
175 591
89 243
254 456
186 440
38 575
164 395
223 170
5 844
47 105
76 252
237 40
32 627
276 617
256 931
56 336
11 554
54 413
92 180
114 293
236 959
108 818
115 662
139 158
48 95
264 972
258 333
113 151
55 918
246 369
73 357
147 726
95 209
115 590
190 765
4 894
238 358
257 831
188 248
121 814
213 34
248 355
116 317
103 394
2 872
205 845
192 319
159 527
79 96
257 474
59 492
4 19
83 332
98 753
56 906
269 937
233 867
147 525
159 44
265 496
111 58
112 115
205 848
72 468
229 765
57 386
209 443
111 730
133 706
72 621
266 538
185 767
84 332
244 522
157 850
209 41
50 299
8 813
255 608
132 572
19 386
175 661
222 577
274 557
134 510
268 581
67 74
76 857
164 733
54 234
3 456
153 189
55 635
148 11
150 640
63 991
138 622
34 571
242 703
94 475
213 10
8 7
24 513
245 742
135 604
286 46
130 429
79 493
128 618
204 859
233 423
183 341
273 265
27 44
201 851
135 444
162 13
153 557
76 768
119 142
33 331
84 261
147 321
183 552
153 249
154 487
160 365
260 175
80 75
228 672
251 239
73 200
38 471
255 839
42 110
216 441
29 489
107 863
215 861
48 246
216 207
12 406
127 674
271 524
131 637
101 928
252 658
241 920
82 497
187 443
95 171
247 79
62 143
73 380
155 192
191 319
207 540
197 968
272 631
77 700
154 646
130 899
60 885
154 955
256 337
153 627
266 679
258 409
193 587
16 157
164 258
241 772
241 529
39 773
17 107
217 855
253 542
185 834
27 246
22 169
74 377
263 886
147 778
164 638
168 15
128 937
57 27
224 227
256 44
9 766
88 174
98 566
203 318
15 979
115 239
254 595
77 497
44 845
37 125
237 142
171 962
154 880
105 827
89 238
128 783
214 522
197 784
28 80
7 132
17 672
189 359
97 439
280 559
118 318
228 135
235 42
50 436
105 826
198 675
189 701
231 401
143 281
246 33
17 149
24 42
257 352
279 927
210 199
4 621
129 75
177 64
114 657
30 510
214 72
18 338
284 638
163 683
67 956
29 90
124 285
274 72
34 379
39 389
51 610
205 674
99 587
186 664
208 755
67 431
50 297
278 840
147 139
117 611
226 378
212 978
52 313
92 924
103 2
27 483
73 969
263 398
228 167
144 992
210 168
250 943
127 829
94 126
151 419
227 307
243 515
165 98
54 616
273 728
274 20
244 808
142 594
153 330
175 221
206 807
219 64
88 926
58 853
109 491
132 783
68 842
220 239
30 448
252 58
49 91
136 737
216 837
222 575
238 501
146 31
30 701
159 292
168 389
181 799
258 679
275 637
265 409
199 766
161 574
215 207
264 333
112 945
1 208
248 280
8 743
31 740
69 667
14 771
216 163
234 157
146 10
7 231
181 414
35 137
176 259
177 560
214 502
148 4
9 419
73 755
89 256
279 605
1 375
55 117
96 640
5 550
207 892
173 372
25 11
246 855
164 527
154 548
98 879
179 819
150 637
72 682
190 408
2 592
282 707
86 739
99 220
253 939
78 726
51 356
43 575
243 96
246 475
116 891
18 807
122 53
163 287
204 124
287 640
118 855
284 14
165 292
229 888
287 378
245 111
108 256
271 955
285 413
18 734
257 477
56 702
17 954
260 703
271 945
179 567
68 897
123 121
24 472
79 115
18 541
48 263
219 111
109 165
21 180
105 816
250 955
53 757
61 315
218 703
281 617
80 173
215 150
8 466
268 615
198 781
228 84
181 247
45 745
263 87
193 143
190 985
75 444
104 274
278 151
195 862
148 421
99 299
133 879
284 771
203 673
44 334
142 29
269 733
180 286
191 560
243 214
215 122
117 624
223 767
43 718
141 533
96 4
277 1000
244 267
285 708
286 791
243 583
208 850
258 899
179 15
255 529
182 703
30 113
253 351
169 276
196 128
206 594
30 870
160 52
213 170
51 899
244 528
250 662
36 881
54 225
107 762
181 272
209 524
270 832
262 594
210 703
118 422
243 247
63 564
264 151
127 52
41 114
58 76
160 5
202 997
155 133
261 498
172 111
24 772
73 535
159 744
51 874
129 150
9 603
245 284
126 434
103 914
70 960
167 444
40 60
158 539
93 769
263 468
163 814
266 943
94 588
243 377
254 364
171 466
222 55
146 368
185 347
138 115
105 669
277 799
29 673
28 765
70 772
174 153
207 475
269 773
17 145
173 597
31 37
238 482
218 569
96 863
261 148
222 623
109 377
8 549
244 822
84 162
175 470
258 322
68 248
189 375
220 813
167 277
69 781
77 988
31 443
210 66
196 293
110 894
47 885
238 782
221 306
248 146
216 368
262 358
87 563
108 708
172 240
130 224
4 893
142 594
172 868
245 232
79 868
88 569
237 248
130 546
226 206
282 997
80 840
238 206
245 351
116 836
221 75
260 598
205 804
3 667
137 356
266 576
114 755
243 95
113 674
264 994
167 488
128 732
119 384
69 576
229 889
277 184
73 933
254 7
34 802
122 807
167 340
188 141
176 713
224 688
96 627
28 853
150 658
265 582
130 904
155 766
141 43
82 847
199 222
187 676
283 872
51 831
197 923
174 444
174 110
263 92
39 196
16 91
218 267
163 779
186 110
182 263
30 124
118 776
65 702
277 28
19 796
159 266
112 769
194 55
30 419
192 212
148 92
129 437
200 267
196 859
204 268
205 27
21 924
200 918
216 494
199 447
50 776
114 664
88 782
171 165
30 798
217 903
286 203
9 226
274 659
37 143
116 705
129 307
263 379
180 118
182 332
250 733
108 596
243 521
185 771
269 462
22 658
159 333
205 658
215 34
33 874
220 982
142 53
249 990
101 714
125 850
48 75
71 439
181 198
101 542
74 735
37 42
137 28
153 78
132 287
173 397
45 904
101 48
99 601
221 396
213 536
107 577
219 944
10 444
186 432
45 445
101 698
1 594
55 189
97 811
60 20
121 684
98 933
30 782
88 419
216 829
284 669
219 259
191 836
252 540
107 657
52 832
78 52
233 389
147 334
80 698
63 8
78 989
280 154
286 502
217 389
106 410
251 625
154 761
174 520
271 879
123 737
211 767
15 374
163 179
50 582
92 606
172 580
60 402
273 30
60 202
279 183
105 882
185 733
24 273
274 739
128 6
66 600
96 952
149 247
113 485
39 725
172 540
151 950
240 795
211 465
232 825
107 311
254 181
97 40
196 277
156 126
102 528
65 95
285 805
147 735
255 73
82 36
71 645
89 800
12 758
180 707
225 204
170 295
59 91
130 178
69 677
203 415
46 213
213 893
258 93
11 158
102 201
158 266
133 450
110 130
256 869
89 877
266 393
275 822
201 988
133 635
209 839
68 400
258 325
87 970
44 440
204 189
270 404
47 167
164 306
151 818
72 839
273 430
90 234
271 908
17 945
245 492
110 909
159 936
233 473
172 191
16 687
269 227
246 739
142 867
38 78
281 506
273 628
11 406
232 966
154 185
167 265
224 612
132 926
135 15
211 376
26 546
275 569
153 584
85 973
53 150
63 708
246 993
2 597
27 669
239 230
47 302
278 21
79 107
196 506
108 526
97 122
94 237
64 638
57 44
273 242
221 361
11 190
141 103
249 112
53 116
226 128
242 474
245 379
224 841
145 993
278 84
148 71
86 232
239 894
232 120
154 338
231 459
211 795
94 412
9 751
107 617
260 278
67 229
54 701
159 199
247 268
181 329
162 552
271 753
232 122
94 403
78 493
176 429
198 140
138 633
105 426
192 910
104 728
85 424
101 154
186 52
140 834
19 717
273 452
138 474
7 296
182 13
17 292
179 621
248 399
261 789
241 151
201 219
234 540
112 610
147 410
233 680
114 763
74 80
67 963
213 498
240 290
203 134
253 62
245 717
166 54
52 944
67 936
206 926
73 596
219 235
35 446
8 755
183 480
246 843
44 13
218 489
22 672
149 607
107 739
56 508
121 784
251 210
30 92
278 993
27 183
25 235
5 269
58 78
267 431
232 29
239 107
67 575
129 408
138 679
225 211
123 586
8 606
51 516
60 347
173 187
3 885
228 66
264 167
176 984
184 674
67 959
137 356
275 677
231 908
272 902
244 831
258 600
179 134
217 461
78 646
111 125
216 214
50 113
263 700
205 393
226 601
117 679
66 368
143 18
225 579
186 236
193 694
20 828
205 730
102 965
55 619
236 733
177 515
13 807
47 309
76 585
286 978
260 535
79 551
28 294
230 309
256 530
130 256
73 312
216 145
224 389
280 44
124 405
174 811
264 180
90 97
228 249
168 63
79 214
80 82
101 434
159 635
226 295
173 806
239 724
21 579
128 507
228 977
183 68
210 398
60 441
159 864
205 144
76 615
263 588
42 280
84 780
175 444
40 523
126 934
216 542
230 313
92 153
256 128
41 770
20 468
232 213
6 314
33 502
179 594
19 538
229 185
284 750
1 872
206 102
273 394
8 64
102 114
265 446
118 3
205 752
28 70
139 568
59 800
2 916
261 793
279 783
78 997
168 744
170 535
266 617
21 994
6 769
275 198
110 595
134 553
256 149
26 139
259 634
270 936
198 288
188 762
55 195
31 917
256 760
156 985
181 131
79 828
141 801
249 805
104 166
200 698
86 401
136 531
79 587
155 460
224 116
142 567
213 390
69 632
121 472
193 279
109 932
35 370
195 937
140 664
50 641
256 103
271 444
251 238
110 572
198 412
56 431
34 903
66 553
84 494
125 607
8 328
125 372
214 795
168 648
226 86
38 788
207 694
113 47
81 797
122 540
257 718
133 466
256 651
83 290
172 63
184 909
271 69
270 636
194 359
124 550
248 855
90 45
57 705
252 953
129 695
3 3
276 148
200 347
193 906
210 147
110 324
52 602
263 588
127 347
201 486
54 739
166 259
194 822
65 936
164 154
211 972
11 938
85 973
82 500
161 948
275 356
59 604
111 711
5 47
178 385
145 121
112 919
130 115
157 510
103 185
4 706
38 101
181 967
272 514
273 980
110 793
162 923
141 119
201 539
47 517
278 942
147 247
31 563
94 582
220 45
232 102
27 266
210 72
242 524
105 361
68 460
170 593
281 834
120 166
187 286
67 414
212 915
31 496
121 694
266 356
282 827
198 6
173 801
112 623
93 217
7 204
114 714
234 141
62 576
9 887
147 665
54 851
184 847
85 917
105 688
79 853
87 809
91 505
108 927
27 481
13 276
57 994
284 280
90 292
170 421
148 708
188 114
108 499
227 634
199 708
102 426
160 714
38 846
37 576
210 444
233 743
102 23
122 219
225 989
17 6
116 58
141 204
133 115
237 550
86 292
232 383
161 19
135 858
278 802
249 761
183 633
182 535
205 561
49 88
243 226
83 964
16 958
215 232
117 588
175 372
5 998
215 349
162 235
53 197
57 365
187 22
56 44
110 691
153 362
55 88
204 301
23 956
205 665
25 86
195 379
38 125
82 959
14 439
72 82
37 515
115 240
268 463
77 735
1 234
230 435
118 819
67 936
73 56
224 635
42 752
283 346
40 954
19 111
165 860
241 537
145 197
225 570
201 90
65 418
72 293
63 682
87 985
258 291
129 304
158 973
92 21
16 936
232 818
14 254
125 131
8 126
46 129
78 963
161 593
81 731
145 674
47 153
9 899
57 284
164 370
103 310
19 102
4 325
150 606
93 501
28 815
277 283
184 746
247 76
195 379
184 548
7 195
104 704
9 799
160 325
266 392
58 110
241 865
211 505
155 556
263 106
72 493
141 288
82 437
136 315
49 568
278 124
101 904
19 605
169 816
195 740
282 241
213 781
178 272
224 37
145 734
145 280
71 423
132 867
262 324
9 290
81 401
287 500
230 887
178 906
285 723
112 564
168 629
216 867
235 562
242 952
238 59
275 428
208 244
165 790
38 93
146 208
113 676
34 730
54 330
48 934
195 617
20 602
198 909
158 777
28 280
108 306
19 907
9 272
8 284
101 912
215 626
145 206
32 307
92 456
46 160
109 201
266 539
13 1000
199 415
71 806
216 472
203 532
197 127
58 42
144 679
63 921
209 627
209 435
132 102
197 349
93 673
128 828
33 120
139 845
195 117
195 355
217 564
10 588
159 133
193 757
170 606
137 642
144 662
244 942
57 995
222 945
108 21
70 125
23 905
6 465
142 430
119 950
103 483
71 740
287 1000
24 214
252 352
43 25
13 45
174 626
58 268
243 53
243 493
68 366
258 892
58 908
55 107
206 353
243 838
29 492
251 445
146 487
46 29
187 888
74 919
68 404
219 104
113 424
165 248
285 607
218 827
133 791
183 179
198 963
240 299
221 218
148 485
45 950
36 38
68 871
138 117
58 262
180 367
87 490
54 222
260 526
182 701
124 1
94 246
1 380
229 292
60 144
199 865
108 966
284 889
193 36
265 677
174 791
137 458
144 123
66 175
22 69
99 370
170 218
203 124
286 533
178 928
197 13
55 200
96 236
246 784
35 753
280 745
94 551
284 392
221 724
21 604
255 267
245 139
193 762
280 197
265 381
128 896
188 409
117 746
205 897
88 58
137 253
212 464
70 438
188 697
87 580
245 12
217 816
275 303
184 458
91 826
174 452
167 354
22 900
76 368
262 830
19 576
203 264
105 283
280 981
254 77
135 555
73 727
285 333
96 470
92 353
223 330
18 938
222 856
105 519
81 193
286 530
135 321
47 531
5 456
212 675
56 748
101 593
170 501
25 104
248 824
160 399
68 277
168 208
26 505
6 17
30 717
204 222
198 373
162 589
176 761
263 848
27 631
78 511
252 663
154 907
14 686
227 852
204 164
12 676
131 614
218 714
191 76
244 184
76 476
245 622
71 149
3 292
124 877
222 804
153 884
185 749
72 591
228 585
86 709
93 680
27 693
130 11
214 759
109 674
256 430
201 390
239 941
193 624
109 270
142 784
105 684
65 991
68 859
198 429
164 170
111 284
132 624
88 578
217 204
247 867
19 748
111 957
78 271
197 683
257 523
211 603
33 632
279 656
235 906
139 672
87 379
40 102
65 38
137 41
228 37
197 852
162 341
252 668
98 621
11 933
238 851
241 470
80 214
9 128
228 788
179 922
150 886
115 272
190 832
126 376
24 146
20 955
236 577
274 986
219 934
71 855
196 350
220 103
153 680
258 871
223 858
26 556
201 853
227 337
145 684
247 53
83 897
199 242
145 696
225 680
247 306
259 543
100 692
105 608
242 61
41 157
27 563
176 445
101 527
163 625
215 804
204 866
143 52
270 480
26 539
179 548
161 234
117 671
44 541
200 313
277 470
272 131
102 848
141 845
65 188
130 409
185 375
171 694
282 362
152 286
242 849
18 792
124 141
142 158
113 858
172 520
64 153
57 408
160 983
138 356
73 157
270 336
285 30
272 449
263 299
152 898
128 402
4 35
177 131
34 525
86 978
163 39
67 960
168 956
219 762
223 203
141 808
247 534
139 447
88 139
266 608
147 558
1 23
135 821
61 988
145 171
219 117
99 621
143 754
238 376
29 664
287 737
237 327
68 995
91 188
179 549
82 712
117 881
216 510
3 791
105 545
230 487
66 644
77 763
234 200
124 723
114 729
247 502
199 697
88 744
68 996
20 38
82 83
70 340
239 297
68 127
231 737
162 796
118 550
281 663
91 432
287 717
98 694
195 970
158 231
92 915
192 856
114 542
157 25
181 717
150 576
114 911
278 612
131 719
15 779
202 331
285 820
151 150
1 974
104 438
269 288
39 639
47 94
198 342
92 59
204 702
219 89
207 975
221 74
149 418
233 235
272 494
267 356
253 622
111 537
13 377
202 772
11 457
18 688
262 188
180 191
109 158
5 966
77 493
5 908
93 188
154 982
238 912
186 798
170 6
193 799
22 291
150 843
147 410
38 429
260 338
275 135
161 14
159 422
8 875
262 377
113 493
213 189
153 58
63 164
191 125
218 809
283 37
237 741
185 947
170 982
172 728
172 235
73 660
192 905
272 448
248 409
141 173
84 991
147 931
114 861
116 371
277 982
61 821
272 427
36 875
202 425
110 20
215 705
100 778
106 543
191 428
152 204
90 101
59 932
10 163
119 361
207 953
85 854
251 285
245 324
171 979
153 688
196 1000
55 251
187 911
198 281
117 384
71 163
286 236
106 765
181 994
263 80
109 830
66 49
191 428
164 112
55 113
128 602
211 147
128 864
48 260
17 350
145 907
66 749
166 578
108 897
187 561
83 787
126 26
268 536
242 739
261 264
116 639
9 184
110 413
8 1000
217 335
228 742
64 261
114 690
211 528
263 888
110 647
112 329
212 741
217 977
68 296
234 346
48 212
220 104
11 542
71 644
142 66
217 266
195 38
160 250
33 396
27 746
6 652
97 850
73 359
30 638
203 341
178 936
275 72
59 444
218 855
285 187
135 708
209 408
186 222
139 6
151 744
46 135
94 360
195 878
53 641
139 951
183 697
166 642
241 676
178 507
193 895
119 301
32 214
184 610
283 534
142 684
170 587
174 264
69 172
25 718
191 106
155 330
39 533
95 270
280 783
136 238
187 518
48 122
130 86
16 567
233 141
77 823
19 742
80 20
111 119
163 281
40 730
241 977
204 951
268 470
35 985
153 379
105 925
116 658
235 14
101 696
66 307
78 132
260 391
286 19
174 241
185 511
259 490
227 347
29 809
28 913
270 674
180 124
88 770
192 134
42 141
169 147
58 209
112 892
184 976
255 590
92 442
67 568
29 136
130 945
16 434
77 799
174 507
22 224
21 383
197 821
164 668
11 722
130 814
257 536
108 225
75 852
40 475
114 613
249 862
137 289
141 811
57 496
52 306
3 432
135 148
52 752
127 401
126 773
40 746
280 295
89 72
20 165
275 970
60 621
53 524
162 189
54 570
66 989
66 953
39 194
253 703
136 373
67 854
142 18
15 693
198 970
29 151
224 593
31 489
107 664
99 680
27 788
116 73
107 741
175 720
81 496
134 530
187 766
68 274
200 331
111 256
74 479
193 485
149 344
139 168
88 343
151 44
235 382
230 863
22 920
274 597
189 513
202 228
27 10
149 301
83 303
247 297
172 920
25 186
101 387
200 133
109 80
185 199
20 228
255 589
108 463
124 666
53 350
169 541
205 441
264 16
163 462
41 18
249 468
134 510
6 329
201 826
53 69
14 569
203 965
98 762
71 33
35 838
91 557
158 477
45 500
189 170
4 568
106 211
45 44
249 242
10 546
107 622
57 493
258 579
48 665
101 685
119 486
204 617
103 560
96 997
285 994
97 91
136 382
39 410
278 998
90 461
70 607
45 490
139 625
153 819
73 848
185 673
43 870
213 172
35 726
209 804
44 763
158 443
100 279
261 129
181 924
234 471
95 671
224 676
36 71
226 731
215 803
118 35
12 313
132 862
273 280
93 138
71 655
77 491
286 203
272 407
161 573
138 944
30 762
229 998
230 553
219 795
78 528
247 661
133 592
72 719
141 52
200 232
94 398
132 26
284 835
110 636
75 666
159 297
254 880
118 951
41 502
55 321
196 378
191 806
115 250
208 463
80 972
48 676
134 377
142 728
52 877
269 249
207 209
284 369
4 753
101 319
250 351
15 551
270 334
258 774
74 759
278 143
277 455
27 192
173 695
234 101
262 571
223 772
127 548
244 936
110 62
31 199
278 522
139 68
222 725
84 565
148 136
15 669
216 230
109 892
183 217
180 570
114 932
79 295
225 482
153 87
77 782
9 414
4 177
145 840
132 432
280 892
232 971
46 107
127 455
269 950
244 685
46 638
278 545
88 362
108 659
164 156
165 89
125 836
100 396
152 196
193 598
256 962
10 746
174 785
37 948
268 832
14 605
176 857
203 913
183 779
218 96
164 625
206 392
191 297
249 713
11 246
166 712
132 911
12 837
281 909
282 28
124 929
38 912
141 555
273 604
143 780
239 640
95 765
132 586
111 470
219 986
89 544
56 116
129 611
55 98
33 753
60 296
112 457
147 942
83 101
75 482
163 860
141 819
227 345
224 823
50 562
237 510
123 73
267 52
32 727
78 963
254 692
88 814
186 176
267 776
259 718
71 187
35 491
58 913
129 123
231 311
229 549
89 765
118 826
266 87
77 786
154 727
185 942
265 144
68 575
137 101
7 30
277 896
99 42
191 427
183 133
204 475
65 639
107 991
10 866
107 221
67 244
160 526
169 296
234 997
278 477
11 165
50 133
47 280
276 104
277 776
191 599
161 441
14 849
282 581
253 681
120 351
176 173
69 40
82 641
181 894
239 98
172 856
89 92
201 515
82 277
195 96
283 471
35 275
217 186
257 702
229 583
