7010 60
32 822
14 766
21 385
27 969
38 871
34 110
32 18
55 473
13 929
12 819
13 31
37 281
35 586
38 330
49 628
55 300
59 902
27 743
12 920
23 496
9 618
60 440
28 375
36 563
31 876
50 586
50 838
1 385
45 969
53 937
23 993
1 647
16 909
18 763
4 7
55 51
49 837
27 701
30 275
15 432
10 831
17 780
29 76
2 109
28 448
32 276
3 709
1 534
18 787
10 187
1 653
9 328
35 808
8 69
8 511
23 912
7 569
22 153
49 393
56 668
36 461
41 602
12 736
29 632
25 273
48 350
20 962
32 929
14 857
13 521
24 690
12 92
13 266
16 521
54 350
16 366
41 650
24 291
39 947
11 965
42 134
42 596
12 334
24 980
53 794
52 448
45 836
43 778
40 987
59 773
56 546
16 988
11 511
59 191
55 941
26 53
40 226
50 253
1 745
25 292
7 234
16 98
11 941
6 860
45 323
31 860
36 813
38 92
47 954
4 191
3 782
35 905
43 117
23 593
31 556
28 630
53 569
18 255
7 238
43 106
42 66
57 598
29 71
10 376
8 117
54 378
10 766
48 375
31 488
33 417
30 854
40 276
29 343
36 400
4 622
54 266
1 624
24 91
55 473
34 952
58 95
41 368
5 277
23 217
25 874
1 348
47 208
25 428
1 317
8 555
22 445
1 238
38 894
28 980
38 642
4 34
14 769
1 442
38 252
35 151
24 963
29 434
17 832
32 73
28 338
49 122
45 891
46 85
31 338
45 623
55 850
47 120
51 633
43 206
60 754
21 239
48 75
27 428
60 616
55 408
31 70
3 413
58 721
36 407
46 150
52 799
53 282
8 905
49 737
34 950
19 103
23 499
45 171
15 24
25 135
48 187
32 634
51 290
27 502
51 476
58 802
60 833
24 872
5 917
12 272
34 353
35 204
11 162
56 618
31 968
42 397
18 136
10 844
32 155
10 130
52 941
39 236
17 615
8 166
20 565
28 862
8 376
45 200
48 916
15 368
1 804
41 787
30 66
5 758
54 279
27 845
9 17
1 862
47 959
54 659
8 839
54 412
42 833
32 875
43 970
36 22
32 690
50 72
38 902
49 336
13 798
56 344
24 704
41 495
23 387
1 800
49 613
41 441
38 958
20 45
42 523
47 874
32 756
31 116
8 822
51 296
14 1
3 658
1 42
2 927
52 75
29 99
16 791
1 661
52 374
33 342
35 391
42 862
46 265
14 599
44 632
42 608
56 79
59 699
54 416
12 495
34 909
42 918
20 27
35 200
30 770
32 895
29 886
39 641
41 81
30 506
40 775
54 423
59 480
36 187
41 673
56 870
22 619
25 961
53 195
58 803
14 464
20 807
45 329
1 340
21 492
11 123
54 632
51 477
3 84
47 27
21 541
32 868
6 940
33 826
11 502
18 205
7 450
29 190
13 583
9 629
46 379
10 188
33 909
26 418
49 220
35 722
50 741
34 801
52 97
2 811
11 484
47 478
41 256
12 469
55 992
5 278
41 429
29 813
45 724
26 879
8 494
32 984
25 327
9 565
15 368
44 59
15 558
14 694
40 144
43 586
6 964
7 446
20 50
18 212
26 936
51 523
32 940
38 685
12 53
30 153
60 363
60 498
29 586
21 286
17 420
40 823
19 108
14 174
5 291
8 755
5 758
9 510
53 14
18 354
29 751
8 92
25 209
21 872
1 610
34 533
51 219
54 300
36 702
46 532
24 359
52 969
45 648
1 441
60 490
26 750
32 91
59 974
16 499
27 534
57 174
1 547
18 589
22 623
11 716
16 522
55 22
57 974
10 860
22 122
39 906
56 569
51 955
59 888
60 47
42 419
35 380
44 840
23 722
34 130
3 110
35 831
12 40
3 619
4 413
60 427
33 797
12 163
44 70
56 393
2 919
51 767
18 190
17 405
33 371
12 92
41 130
15 388
14 821
18 247
20 96
35 988
47 627
60 749
54 356
3 465
52 986
41 450
38 627
31 112
32 183
44 717
59 466
20 839
5 854
38 834
49 431
40 291
58 213
22 5
9 365
19 144
4 521
8 893
28 507
46 707
24 6
60 790
15 429
23 282
6 666
28 748
27 57
6 730
55 266
49 974
30 306
36 615
25 74
56 391
59 599
51 350
5 688
18 437
28 348
51 892
52 705
59 526
3 494
13 416
57 922
9 525
39 138
2 780
20 807
22 888
39 837
12 87
56 366
53 804
39 453
36 110
31 868
39 110
47 718
45 245
5 853
7 652
14 821
22 873
40 935
8 705
12 575
59 136
24 287
33 179
54 610
22 167
27 417
33 503
49 242
27 705
41 76
22 809
14 980
15 350
28 34
37 88
19 477
16 640
53 131
46 928
55 778
34 478
24 274
32 710
9 865
18 565
3 445
6 687
16 605
37 249
31 601
46 823
51 741
53 320
12 818
33 37
5 757
30 814
7 87
8 268
49 811
58 744
2 866
23 515
39 746
29 4
30 819
4 949
4 33
48 230
39 589
9 441
25 284
52 500
51 638
25 562
27 360
51 42
55 107
34 175
31 202
17 302
51 264
52 779
50 816
52 572
12 987
26 796
5 630
48 914
36 409
59 167
58 729
18 780
56 406
37 345
52 702
15 15
5 824
9 232
9 674
5 641
6 84
8 527
55 875
60 663
7 215
27 84
46 517
2 356
39 685
46 300
42 501
31 688
28 284
4 139
18 800
20 445
46 153
16 904
18 195
42 11
55 320
52 647
23 908
19 324
15 111
21 389
34 422
35 655
16 939
23 127
16 344
59 297
23 960
49 617
51 543
1 950
24 436
26 594
26 790
17 52
56 908
48 173
11 820
45 278
2 557
32 937
16 364
9 132
37 891
43 474
16 509
10 321
38 156
22 44
30 620
53 818
27 605
37 157
37 652
60 989
9 954
18 3
52 724
7 414
16 81
2 569
59 40
55 467
6 927
42 893
15 77
54 688
47 649
15 988
9 176
20 586
13 195
50 12
54 374
38 807
28 323
15 632
55 853
46 908
2 237
16 278
45 73
44 5
4 264
22 539
46 743
17 639
26 335
18 884
49 220
19 424
30 775
21 710
53 197
10 500
36 119
4 870
37 768
27 345
46 234
3 832
32 73
24 931
29 334
48 443
5 485
1 64
41 223
56 467
47 849
31 548
52 220
28 5
34 627
32 572
54 847
45 397
27 94
20 590
21 168
7 866
23 57
56 519
41 658
41 855
39 872
46 219
28 315
42 115
24 881
18 495
7 24
32 145
27 527
17 225
50 406
36 984
18 41
53 109
31 113
42 43
32 499
2 249
58 663
17 561
24 722
53 969
45 28
60 845
17 539
48 363
40 951
21 685
42 667
3 531
29 979
13 838
19 952
23 838
17 933
45 405
60 62
41 506
20 892
58 295
4 954
3 556
56 195
32 385
39 562
2 664
53 927
49 448
38 49
29 827
49 127
15 993
58 734
11 619
41 542
4 633
20 541
40 692
21 178
40 693
46 139
42 284
15 544
39 370
15 45
53 423
39 188
53 221
45 97
54 82
43 876
9 826
42 378
47 195
35 389
10 360
38 391
11 735
45 899
38 115
13 68
46 578
54 412
29 735
14 295
2 425
46 29
10 947
41 587
2 122
6 826
44 650
59 759
2 98
49 162
37 827
29 959
56 76
18 168
2 633
36 48
43 328
30 537
28 946
13 495
31 840
3 196
40 572
45 338
46 395
26 172
7 754
1 341
35 366
51 910
41 866
3 629
38 5
52 113
4 353
46 447
17 797
53 24
13 124
48 24
47 612
12 969
49 40
43 454
24 495
13 72
33 930
59 573
30 722
26 372
17 495
56 370
16 930
20 455
20 508
53 394
58 373
19 641
29 518
6 746
37 695
53 429
46 610
60 272
43 422
15 2
23 645
16 400
28 38
29 770
43 939
55 727
26 476
8 765
6 475
19 978
32 678
58 926
32 641
51 302
58 817
16 51
55 297
9 721
18 225
58 928
28 2
23 191
35 243
50 372
28 95
48 549
37 245
13 810
7 463
47 744
13 747
35 495
40 773
11 245
17 107
57 170
14 200
19 722
49 905
33 54
15 251
31 531
22 611
12 809
60 876
12 309
46 221
10 439
58 432
3 77
1 597
13 982
37 660
5 520
48 503
2 763
16 694
59 484
1 72
57 899
46 297
6 557
56 846
15 10
33 139
48 272
35 213
59 478
22 745
24 98
41 899
59 276
22 544
5 841
9 452
19 424
13 372
30 712
4 990
34 568
54 932
54 518
41 869
57 657
40 708
8 255
3 255
22 56
13 497
47 24
55 872
46 545
34 72
27 831
16 462
25 122
47 509
33 975
53 21
37 112
47 743
42 919
55 394
19 439
53 849
55 331
37 779
51 893
60 418
29 233
2 876
50 839
47 469
13 596
30 371
34 489
27 305
17 411
3 900
60 777
19 481
24 994
1 621
60 660
31 907
57 374
41 18
48 311
47 965
39 292
57 473
37 926
5 994
57 842
33 662
7 159
22 336
51 875
50 39
27 7
35 980
41 150
22 768
16 458
60 843
30 63
53 766
20 830
16 322
34 276
44 311
51 880
22 918
38 120
48 975
40 428
4 596
23 386
19 356
4 689
27 113
18 454
22 434
17 290
20 274
21 649
24 311
40 564
8 636
7 992
44 967
13 77
19 252
42 73
46 720
2 674
7 766
16 743
36 870
39 784
17 305
40 633
38 646
58 68
38 984
9 755
53 150
32 82
19 850
51 291
42 291
29 391
25 843
55 276
19 137
47 978
44 951
42 901
48 341
6 390
18 804
16 482
35 325
12 745
4 672
29 928
44 781
10 32
23 710
39 405
28 523
12 487
44 84
12 84
28 467
11 628
19 528
1 500
18 698
1 484
19 733
39 497
14 510
43 427
27 441
28 448
50 884
57 71
41 273
39 846
54 344
17 557
26 162
59 217
3 239
28 810
34 681
40 669
34 551
10 978
8 659
54 655
45 356
13 995
19 869
12 820
36 100
5 978
17 316
54 193
53 923
56 203
23 165
17 508
11 335
50 52
54 61
38 105
5 20
29 994
59 432
10 189
28 984
2 137
58 509
30 389
36 31
57 312
2 944
36 134
42 478
23 417
38 125
31 846
51 499
23 500
28 275
58 817
29 291
40 108
16 885
56 852
48 913
39 119
5 498
52 644
41 677
50 66
15 285
37 142
10 345
46 657
18 148
38 280
51 477
15 674
12 653
35 710
46 963
10 298
26 747
13 941
46 338
14 38
5 188
1 410
34 679
54 946
29 381
52 906
43 158
39 364
49 811
51 803
28 268
59 288
20 347
59 633
12 399
19 405
36 666
34 169
12 860
23 790
10 165
43 784
51 599
33 409
2 697
44 132
60 133
45 618
55 939
47 568
56 316
21 727
4 440
52 587
2 256
54 765
8 365
27 977
53 822
28 552
38 111
15 255
2 476
1 47
40 890
12 83
40 231
45 493
58 453
31 609
30 467
22 375
11 860
9 213
49 333
4 940
38 675
11 558
44 379
33 15
5 521
2 49
10 498
54 365
25 673
11 281
36 549
31 981
43 2
12 21
57 268
22 826
52 175
60 945
16 81
23 258
16 518
22 338
1 132
44 969
14 300
57 677
30 871
9 590
29 255
44 144
43 177
24 940
47 10
34 718
49 535
6 384
24 715
22 846
26 349
43 569
27 127
12 684
34 8
17 122
44 435
33 286
50 126
56 537
35 316
54 503
36 76
2 362
30 415
60 334
43 93
40 531
26 361
32 951
23 249
50 801
4 783
44 255
34 338
25 497
28 950
35 651
51 335
12 111
33 386
35 633
42 709
58 409
42 762
6 988
5 904
28 44
37 706
55 883
32 694
52 564
43 998
45 747
12 19
42 175
13 205
44 399
59 916
57 82
7 250
53 597
32 407
47 874
40 804
40 171
3 288
28 851
27 246
52 381
26 293
11 171
34 487
41 176
40 354
37 222
58 226
17 770
25 573
40 187
59 885
43 334
31 58
49 853
32 686
5 523
9 31
4 465
60 376
32 509
59 488
7 206
6 545
58 9
31 522
30 239
1 558
10 700
16 267
23 298
14 164
59 532
58 663
58 603
24 464
49 45
58 108
53 297
35 39
24 980
34 287
53 391
3 86
31 910
2 107
22 842
10 242
42 368
20 200
14 649
5 720
38 424
4 784
17 807
9 380
24 634
39 690
33 433
55 973
9 51
14 947
55 990
35 967
34 72
51 383
35 937
47 326
13 174
50 108
39 368
40 329
45 75
56 333
3 248
7 644
17 843
31 858
57 309
5 499
8 35
19 358
33 349
51 580
33 208
50 726
9 597
29 477
55 191
51 104
46 9
25 425
53 78
5 80
40 999
5 462
35 857
21 388
17 588
8 778
26 653
14 400
37 36
19 944
35 895
4 889
2 990
5 78
11 292
21 669
53 900
37 577
23 274
16 633
26 726
5 470
36 61
33 97
22 303
35 818
52 866
49 962
52 429
5 458
14 630
46 986
42 877
31 643
16 919
28 45
36 356
1 306
52 472
20 913
1 86
11 36
6 360
60 346
18 808
47 118
30 771
8 366
53 953
42 812
55 958
49 897
51 108
5 413
57 991
41 504
20 631
17 533
21 858
32 337
18 471
2 16
48 955
39 201
50 120
51 637
43 162
52 12
44 16
31 303
35 313
47 943
9 620
40 565
9 934
33 936
51 408
11 858
51 647
3 123
43 859
44 197
40 448
55 366
37 23
18 689
7 790
54 349
47 756
36 260
55 86
35 278
54 309
24 92
27 238
53 853
50 664
27 284
26 145
4 839
36 250
14 786
23 494
26 962
55 919
10 627
6 609
7 867
37 581
39 764
36 720
52 445
42 961
8 50
6 950
3 296
1 128
32 122
49 818
20 279
7 14
29 401
22 696
20 847
10 945
59 948
43 469
4 150
59 941
29 239
15 158
58 552
2 425
10 25
52 777
3 162
1 752
25 606
40 994
30 258
16 823
21 803
26 245
50 741
33 917
32 668
33 562
31 231
9 765
50 992
29 3
31 277
48 973
58 594
31 487
50 373
16 993
39 353
51 945
57 619
41 983
56 464
60 824
29 293
45 148
24 750
34 872
44 664
8 29
24 118
23 231
50 695
20 198
43 518
2 448
53 305
42 429
21 139
57 666
9 323
34 271
26 475
37 913
47 225
34 712
44 513
4 554
40 384
38 751
60 611
53 915
34 566
24 94
39 78
51 551
25 288
57 5
46 863
26 757
23 818
49 903
45 971
34 321
11 529
46 930
43 719
42 80
49 547
4 155
39 840
14 527
47 412
25 150
19 682
59 948
20 138
9 641
20 740
54 635
16 897
6 697
10 826
24 705
8 294
32 475
52 785
30 667
46 855
6 499
13 901
38 30
50 145
6 543
51 437
3 144
50 344
60 467
51 548
43 845
45 113
30 381
58 377
16 74
46 570
20 634
32 399
38 892
14 583
1 463
52 589
45 728
45 654
30 753
45 294
60 780
8 235
26 244
53 528
43 340
32 828
43 645
13 57
51 381
27 861
29 347
26 140
9 356
21 860
43 113
1 295
10 23
27 717
10 821
30 319
19 545
15 261
44 820
31 593
9 865
53 538
30 522
17 122
38 235
46 520
12 717
5 583
5 44
32 381
24 578
32 869
40 634
59 421
18 965
42 809
45 536
52 342
52 484
50 200
8 229
29 188
51 148
43 447
57 637
34 981
59 466
27 346
7 846
56 245
9 986
15 288
30 147
25 786
4 546
16 701
39 475
33 136
39 862
22 597
27 394
17 740
35 741
59 599
47 101
43 732
22 370
5 78
24 577
11 92
37 331
23 1
11 875
58 962
4 980
50 187
2 241
10 474
20 139
53 147
60 55
23 314
52 549
16 844
39 874
6 6
19 823
19 116
25 943
24 980
2 925
16 992
26 948
27 640
47 749
12 14
2 93
28 520
39 451
20 113
52 430
22 376
6 382
40 455
8 735
48 381
18 265
39 181
7 402
30 653
39 674
40 8
38 181
46 548
35 893
21 157
38 638
48 344
27 840
27 713
16 665
49 453
35 200
39 56
10 683
55 993
56 346
10 81
23 401
42 176
29 10
60 904
25 601
7 864
28 822
7 218
46 199
51 205
9 747
52 387
25 392
4 572
19 917
16 882
45 569
38 939
27 74
36 547
6 879
3 15
56 911
29 562
57 472
19 547
32 385
15 286
58 575
11 407
3 516
28 946
16 379
32 334
51 950
21 828
39 152
12 109
40 36
35 762
25 884
43 450
21 98
55 975
53 154
43 545
20 102
57 193
53 65
12 527
5 813
4 405
38 733
59 466
45 59
15 729
46 459
33 167
43 926
20 944
20 601
40 442
30 923
36 304
7 490
24 120
3 839
7 366
47 677
31 583
12 230
20 367
4 942
37 771
18 926
38 80
37 930
23 154
45 235
59 821
26 246
50 808
23 756
44 925
36 440
40 667
28 756
38 268
24 268
53 487
6 945
34 207
35 535
31 602
46 735
44 386
34 534
49 80
48 4
35 644
27 766
6 302
34 133
6 177
21 781
59 418
52 775
39 725
38 271
12 304
24 190
55 647
48 433
6 222
22 600
10 154
55 544
14 921
52 586
35 37
51 49
38 628
7 56
53 899
27 210
50 727
27 120
46 866
15 207
27 508
50 111
27 591
56 61
3 642
40 625
9 416
51 553
14 966
23 157
52 488
33 601
13 348
48 558
15 293
31 40
30 833
7 33
5 100
38 549
45 899
37 845
16 42
39 132
11 263
56 725
21 876
24 826
2 800
13 262
37 383
24 61
26 702
45 767
24 32
2 48
36 923
40 259
41 60
57 506
42 175
47 496
19 479
40 735
28 116
40 586
16 160
19 589
55 905
32 527
13 595
23 903
37 379
23 84
34 204
29 556
50 502
31 406
42 546
42 8
55 447
16 513
16 305
59 264
26 892
44 859
30 253
29 593
51 770
36 977
21 125
41 312
47 252
48 168
50 724
33 235
44 682
46 420
22 160
52 14
26 894
6 747
29 487
4 406
6 296
26 265
58 916
11 624
54 658
43 844
52 709
17 898
42 459
29 745
1 55
58 592
59 728
25 301
58 231
41 742
58 45
41 900
15 131
58 108
17 279
6 613
23 470
46 908
49 148
29 394
57 838
38 884
41 952
46 923
39 152
11 282
52 905
14 675
14 256
34 290
22 932
19 240
35 493
56 177
49 108
54 262
46 539
15 684
13 592
55 68
2 351
46 361
19 669
56 221
26 942
36 908
21 975
25 806
28 340
32 274
14 500
60 326
57 112
21 632
54 656
18 216
22 917
39 659
3 936
43 346
47 722
46 937
24 130
25 384
11 690
9 589
33 202
60 33
49 172
32 174
44 174
54 807
15 459
44 545
21 562
55 202
58 462
30 601
29 284
49 941
23 648
16 468
49 272
5 14
14 127
25 552
3 156
35 346
25 912
19 561
39 332
17 822
42 864
20 780
47 901
3 566
28 364
23 159
10 117
11 944
49 722
59 349
48 336
50 712
29 493
39 693
47 892
20 428
55 10
38 667
14 750
50 921
58 360
56 724
29 425
7 68
24 267
18 14
41 29
17 609
54 704
41 84
40 596
8 294
49 548
2 437
38 61
3 120
6 724
50 277
1 29
23 996
57 668
22 329
56 728
42 998
16 115
36 111
35 867
25 628
37 740
51 978
44 20
52 642
22 686
21 257
10 832
9 79
19 492
16 48
57 347
13 942
56 901
12 84
30 570
56 188
9 428
33 315
59 555
11 304
17 336
22 184
28 138
53 805
47 876
47 658
54 437
8 129
53 622
13 781
11 840
20 416
23 171
29 350
7 8
36 272
20 673
12 11
20 683
49 222
43 483
55 935
5 94
13 911
11 167
27 881
1 141
49 455
51 962
53 389
29 445
33 532
9 465
23 424
44 12
19 867
57 601
4 592
53 206
19 912
30 55
39 945
13 769
7 609
31 623
11 519
19 593
52 843
50 360
23 425
34 724
10 483
16 574
7 556
31 334
30 125
2 318
60 299
29 644
51 975
5 252
31 621
7 388
55 414
30 695
57 902
18 731
34 830
21 874
39 267
5 997
43 613
16 716
46 785
27 807
47 312
32 456
19 798
12 895
33 435
58 117
11 733
22 689
35 220
27 854
36 325
49 203
45 976
55 217
57 82
2 569
10 788
36 180
13 977
55 553
51 140
15 490
4 864
12 903
50 134
25 457
34 619
22 776
16 903
11 22
34 615
3 98
41 987
22 510
36 65
19 970
27 936
22 166
41 318
19 363
38 795
6 171
2 35
40 277
36 48
25 186
12 894
40 35
34 262
9 760
28 187
56 650
48 711
10 810
27 791
35 400
3 803
43 445
39 728
52 617
10 149
7 462
31 89
55 322
35 627
9 9
38 625
34 697
58 882
52 517
39 308
49 75
34 894
42 686
41 183
9 572
60 102
43 504
56 759
3 41
18 164
38 914
28 466
17 576
13 184
30 831
44 587
19 101
41 629
26 486
12 841
19 950
56 441
9 154
17 33
57 359
51 777
37 41
44 630
30 230
30 265
34 513
43 270
35 551
30 847
43 885
25 391
58 824
42 840
43 795
48 573
27 13
52 288
16 96
14 445
16 651
28 109
23 25
14 141
57 48
1 876
25 987
51 496
31 985
44 194
39 179
48 61
15 882
47 675
5 638
24 528
27 624
3 893
50 937
11 102
23 649
20 525
21 433
38 581
53 377
60 615
24 27
54 496
32 238
43 73
40 28
32 726
27 612
51 264
21 952
45 755
27 216
29 736
10 174
26 588
60 264
49 831
14 434
33 575
3 401
25 282
39 584
53 207
37 599
57 126
14 799
48 395
44 599
7 87
36 298
24 831
40 359
43 107
26 368
4 808
58 163
35 847
28 332
35 188
8 721
48 271
52 597
5 870
2 909
26 945
31 334
47 989
22 373
47 162
38 309
6 621
35 29
11 127
14 367
31 171
28 219
16 172
48 321
3 717
42 27
22 591
16 481
7 214
12 378
36 708
4 114
32 621
9 78
8 794
53 658
39 326
42 347
29 772
44 942
22 703
10 183
40 207
2 915
28 155
24 198
2 82
60 613
60 65
33 366
23 512
26 979
53 452
20 499
40 775
22 281
54 828
44 291
39 987
13 260
31 251
26 674
13 579
36 408
49 647
41 310
34 17
32 44
1 22
32 603
4 405
41 756
20 788
40 750
15 274
10 292
55 214
40 245
37 943
10 427
19 521
39 988
27 582
47 500
29 899
14 457
17 311
18 262
34 423
48 216
41 653
23 732
16 788
40 567
43 702
5 92
34 782
54 2
9 958
47 412
43 931
44 391
47 388
35 855
39 6
34 554
40 723
22 491
58 358
5 585
42 736
1 765
19 95
43 823
48 138
1 394
34 814
28 324
55 236
30 287
40 760
57 843
40 147
38 721
42 795
56 273
22 870
46 37
13 410
53 284
57 440
23 40
30 740
37 944
60 231
22 215
14 845
29 59
13 648
4 919
59 683
47 273
24 791
37 20
44 697
55 232
51 90
31 53
52 310
47 732
2 14
60 734
2 302
35 330
3 527
54 739
21 230
32 144
15 371
37 75
41 667
20 987
34 183
33 666
42 707
42 230
38 967
10 236
43 954
6 17
59 634
38 407
16 845
38 591
11 451
50 889
14 785
5 117
30 63
43 37
54 203
43 161
58 181
14 385
30 721
42 535
52 400
20 699
41 774
57 996
8 293
41 950
1 825
48 606
28 883
43 544
36 70
1 250
12 405
51 774
29 99
23 612
50 545
18 429
11 571
46 993
59 451
57 10
13 413
31 487
15 842
16 210
14 605
32 770
43 913
41 858
30 888
33 976
38 229
22 767
30 748
20 941
6 149
18 998
27 988
33 879
27 4
50 756
42 215
9 594
32 551
17 733
32 473
17 68
22 837
31 352
38 815
39 825
3 305
32 393
9 447
31 238
56 433
46 764
47 396
54 953
29 145
30 536
51 565
10 966
52 792
29 392
44 158
7 659
10 345
15 867
21 172
35 981
35 129
39 388
57 381
21 111
48 135
24 737
12 228
44 969
59 462
28 392
55 960
37 957
5 612
8 652
19 13
55 754
51 253
25 867
49 624
30 29
40 431
59 410
34 463
52 58
8 127
57 534
55 517
52 470
26 794
22 676
5 985
30 415
60 492
40 305
41 823
47 858
10 459
12 778
13 557
37 930
2 772
7 172
44 590
60 535
24 795
57 44
21 713
13 363
6 911
57 287
43 866
58 430
44 114
30 722
9 430
47 514
25 420
18 290
47 298
33 134
11 640
18 195
54 27
30 583
54 604
18 940
19 207
10 33
24 541
21 793
51 130
46 545
33 71
14 438
43 401
60 997
4 48
35 106
20 777
56 378
26 789
49 624
11 128
35 83
58 386
57 758
21 257
26 64
54 685
44 474
36 147
7 19
10 219
50 343
43 138
55 284
40 609
18 491
9 780
9 965
20 411
51 372
45 868
40 149
25 631
19 149
54 337
24 313
17 546
19 684
56 303
15 901
56 528
55 550
44 835
41 302
20 455
6 840
11 250
59 82
17 972
23 567
22 962
11 589
33 68
32 552
26 630
9 789
8 587
50 784
40 909
14 607
53 783
30 404
57 819
7 934
6 268
48 545
19 334
26 929
54 201
35 267
41 561
24 373
22 49
50 153
30 3
24 158
7 441
51 207
57 520
5 290
13 832
11 753
37 445
15 517
41 977
47 206
26 751
44 820
57 330
35 961
56 964
4 421
18 783
54 321
18 248
48 404
24 582
55 425
52 56
53 487
9 396
4 536
39 953
9 42
18 750
54 233
8 16
40 467
51 464
6 498
25 339
28 134
49 608
16 857
41 925
45 609
55 315
55 937
42 725
44 944
11 237
46 696
22 920
22 848
53 365
27 827
44 329
45 111
48 733
3 255
55 302
17 169
13 493
34 665
2 645
52 420
14 488
59 718
60 138
5 389
20 20
21 731
13 274
32 143
47 390
18 973
6 547
7 74
29 178
23 793
48 344
5 768
58 70
17 947
20 928
46 336
12 255
33 706
27 895
39 671
16 825
27 330
10 82
42 25
34 699
10 95
10 999
31 299
52 575
45 888
25 785
56 683
38 205
58 712
6 831
16 478
26 80
25 102
48 797
58 208
48 382
57 189
18 424
27 398
46 468
21 724
55 110
11 350
17 502
44 606
47 298
35 692
33 66
17 673
35 315
56 422
48 197
50 539
28 885
32 40
50 164
27 807
15 685
47 335
21 803
7 179
9 353
42 417
41 848
33 572
15 765
31 371
4 960
60 343
54 93
18 737
39 231
43 129
11 728
16 840
6 691
28 119
28 683
11 974
11 801
43 694
36 785
23 751
14 157
3 35
26 281
57 905
53 525
39 883
1 799
31 592
29 110
22 731
44 904
57 754
30 764
3 103
47 265
12 195
54 542
55 374
3 303
38 768
17 71
29 884
21 984
39 151
49 572
21 477
18 88
56 725
38 948
15 744
59 676
7 790
30 282
49 160
21 201
44 119
6 715
28 572
49 285
20 302
42 158
25 247
4 267
9 183
36 262
21 408
52 970
15 640
24 329
56 474
52 286
59 741
48 939
48 763
19 517
46 956
32 123
15 112
32 650
34 529
18 732
16 983
46 780
36 817
19 259
36 803
41 839
31 682
11 103
10 34
58 992
14 825
24 251
29 577
22 980
33 265
46 293
48 269
2 849
30 314
55 993
38 251
47 938
45 847
52 989
53 632
26 38
47 229
29 854
6 361
24 97
6 962
28 793
41 674
51 665
2 842
41 858
45 138
22 849
36 818
6 599
33 869
24 216
53 408
27 837
31 904
28 322
35 537
46 376
8 87
37 388
54 593
4 414
1 105
26 139
36 45
29 948
22 185
58 757
29 219
55 967
42 854
17 486
26 7
6 171
40 619
48 515
20 399
60 222
26 318
56 345
1 95
41 500
53 229
6 149
21 981
3 676
45 323
31 949
30 61
7 505
25 846
57 268
8 5
33 481
28 508
55 289
52 57
3 136
52 552
32 161
51 238
41 676
14 968
7 423
31 666
45 386
59 241
55 882
16 786
59 126
20 176
3 133
32 850
18 615
50 50
6 383
23 215
12 736
21 772
24 228
50 559
24 614
11 427
34 930
42 6
51 912
13 667
5 620
53 450
10 209
4 483
18 993
51 655
13 639
16 55
2 77
58 186
21 918
28 84
30 949
21 257
56 396
31 78
3 455
3 369
55 598
11 548
7 662
9 246
50 185
25 945
17 201
43 941
59 977
50 220
24 572
26 452
27 300
59 368
15 276
59 759
22 87
32 132
37 831
52 76
25 102
19 995
18 873
57 471
18 423
54 371
31 766
35 958
2 959
47 138
49 245
52 277
41 698
38 667
33 707
4 802
37 847
39 348
8 667
52 929
55 64
34 794
55 44
26 7
35 957
45 82
3 97
42 786
47 889
37 321
9 690
9 606
55 122
27 580
11 761
21 569
21 549
48 824
56 220
46 855
21 47
25 162
23 409
45 382
13 468
2 271
11 172
8 266
37 26
49 124
31 994
59 537
20 293
43 213
11 8
3 423
52 203
57 529
36 515
10 714
48 273
40 788
42 161
44 374
17 28
16 426
29 894
54 776
20 712
48 626
43 975
42 942
1 691
55 879
26 705
12 132
33 426
31 752
59 138
17 384
18 569
1 480
19 446
7 326
49 815
49 173
52 41
46 4
46 206
34 85
53 898
31 318
55 870
19 547
49 182
56 802
17 2
42 117
59 128
45 772
48 376
36 16
6 279
35 409
26 661
6 210
46 295
11 807
7 669
5 190
60 301
43 291
21 126
25 42
13 518
36 737
44 285
32 139
10 320
21 622
14 959
56 326
56 583
53 360
35 200
4 640
28 823
20 667
49 774
1 629
11 224
44 941
13 653
38 356
15 332
37 874
11 924
30 721
39 785
4 392
45 926
56 545
29 757
47 387
16 696
11 784
51 124
17 328
20 801
17 997
13 603
58 69
6 892
6 92
39 752
44 559
44 55
45 361
12 734
34 801
51 518
29 91
60 572
12 155
59 359
4 541
8 614
52 888
10 343
60 245
41 265
54 525
41 859
43 337
40 258
3 839
24 247
45 732
50 431
48 885
12 905
50 420
17 388
3 473
15 630
10 158
44 78
44 946
38 955
51 856
1 18
37 189
10 300
14 477
58 853
33 30
18 847
8 955
7 677
60 690
2 936
30 263
8 133
20 39
21 37
32 462
12 44
36 89
1 59
41 445
27 583
4 198
30 47
48 904
10 265
45 642
2 893
31 838
34 241
25 427
53 955
15 619
4 194
4 437
45 14
56 972
21 635
44 62
19 219
21 373
14 345
4 178
11 118
33 869
44 727
16 214
10 461
22 624
33 692
58 584
55 732
53 202
24 691
5 852
53 217
31 114
4 803
9 200
5 265
52 451
48 321
51 377
53 945
39 987
47 104
49 554
26 6
59 904
9 55
51 539
44 988
30 557
19 697
10 542
21 488
25 272
17 45
8 642
25 473
17 639
58 432
13 196
50 866
10 197
35 781
3 8
56 73
35 288
43 827
53 323
5 403
39 341
24 862
18 403
54 700
60 385
43 403
31 165
47 810
23 265
6 911
15 500
26 26
5 818
36 439
49 24
59 632
2 769
24 833
54 91
12 610
17 747
45 65
53 325
54 853
1 500
2 924
21 776
17 950
56 995
31 351
39 643
23 1
35 908
5 760
46 955
48 292
59 939
20 906
1 236
34 803
12 647
39 132
49 667
1 917
56 788
31 506
45 838
23 293
33 422
59 465
4 898
45 153
34 180
9 551
50 410
11 349
16 49
2 184
21 622
27 839
26 867
24 760
33 472
49 692
36 528
22 855
3 384
15 537
50 459
23 703
17 328
25 418
6 306
38 886
51 967
53 501
17 554
46 698
22 410
52 743
16 168
43 391
24 861
6 132
7 10
50 586
1 693
41 378
9 459
12 912
2 536
37 14
21 617
6 727
28 186
60 404
25 656
45 203
9 561
19 34
6 911
42 360
14 746
2 965
37 42
18 518
38 768
27 314
35 798
7 255
36 298
58 429
32 696
20 985
8 421
37 972
34 188
43 178
16 693
16 764
30 177
34 30
16 400
9 17
53 587
21 370
41 618
37 857
60 446
20 972
44 720
44 609
16 913
18 559
39 408
7 710
13 79
23 98
2 822
1 12
57 95
8 553
11 160
21 361
45 708
50 985
42 946
16 426
22 12
50 255
44 722
44 891
37 453
37 841
54 740
54 562
38 90
57 859
6 86
46 892
52 489
25 634
48 772
46 925
18 727
55 299
10 851
50 483
10 689
21 843
16 89
24 907
9 108
39 432
11 730
8 74
23 533
53 277
32 796
52 524
39 289
34 401
57 732
17 335
40 685
22 161
58 909
51 335
4 230
30 760
57 175
60 667
12 497
35 517
9 580
49 6
57 811
58 491
21 835
42 878
20 705
28 665
58 585
16 287
5 951
38 172
40 818
53 79
55 988
25 207
4 171
54 691
9 131
19 121
47 514
15 368
21 355
51 269
31 980
54 706
56 135
52 266
48 949
11 511
10 454
37 733
23 42
1 228
14 235
53 553
6 385
26 965
35 789
16 277
13 518
45 1000
7 895
59 588
54 815
39 650
43 775
6 246
8 888
36 376
52 658
28 741
26 822
54 630
50 894
37 615
1 815
38 506
48 398
51 162
20 304
56 200
41 424
45 114
46 373
41 695
23 961
21 156
4 891
40 258
59 838
25 861
33 768
27 910
18 140
40 370
12 408
2 26
52 880
5 169
6 977
4 409
59 766
15 142
30 679
6 441
29 237
29 990
55 656
58 430
9 33
27 894
14 784
41 6
9 135
1 140
58 404
15 918
1 507
30 643
14 410
34 683
48 124
2 586
31 39
19 113
9 389
10 141
20 55
26 470
46 205
16 162
36 487
16 215
52 799
59 932
20 317
51 217
60 50
33 626
7 653
36 712
51 553
52 488
8 133
47 2
25 850
11 3
51 945
58 987
9 451
53 696
14 847
46 993
50 463
53 340
5 51
51 201
46 876
58 781
5 178
2 248
29 727
44 871
40 714
26 658
34 877
52 623
38 256
57 758
9 619
59 746
28 47
35 294
6 758
50 190
36 519
55 178
27 179
50 791
42 883
26 597
37 119
60 218
15 280
10 325
13 679
25 268
12 796
36 463
31 688
18 938
43 427
40 287
54 919
21 442
48 370
48 371
17 200
33 327
29 575
48 256
42 466
25 304
30 175
22 922
10 849
41 897
60 62
15 455
58 609
5 680
25 681
59 396
14 145
48 840
40 342
20 909
45 20
50 304
45 273
2 241
34 793
60 188
14 496
35 139
23 459
35 425
58 951
23 192
17 440
56 748
37 596
5 286
56 806
56 611
25 859
27 51
43 568
29 610
25 490
4 961
9 172
50 94
1 197
57 272
1 279
21 476
7 457
54 115
2 14
32 17
54 124
25 360
49 614
46 475
30 691
23 563
5 836
58 566
52 858
36 122
34 629
16 223
50 590
22 922
40 934
45 555
56 349
37 176
21 108
38 231
20 659
19 8
6 628
60 745
34 270
8 544
36 251
24 628
3 394
10 101
24 677
35 143
32 564
26 268
18 529
6 415
3 706
44 561
48 891
42 959
16 545
49 890
59 807
49 974
48 533
60 915
12 116
30 295
41 651
24 91
32 93
4 33
23 969
50 85
24 849
6 641
20 531
44 254
24 595
43 970
7 295
59 717
59 473
43 491
27 193
59 237
16 497
34 56
53 7
57 300
25 230
7 462
49 933
40 166
2 470
22 530
4 489
19 321
58 486
44 97
31 807
15 98
52 356
27 265
8 44
26 222
23 931
22 846
11 390
45 873
2 185
43 413
29 649
48 457
26 331
11 3
32 899
45 763
14 118
8 405
52 256
56 739
34 582
9 985
34 374
59 71
6 866
5 147
48 649
23 684
52 398
28 568
38 135
48 743
29 551
47 933
41 716
60 132
22 313
58 904
23 958
3 297
56 435
8 604
24 73
51 907
11 905
57 904
5 706
60 814
38 183
18 856
24 535
12 984
12 548
25 226
29 148
20 182
7 483
37 673
49 623
32 532
8 35
44 716
17 884
22 880
11 879
16 63
27 513
54 935
39 957
52 559
40 306
58 446
35 595
3 321
31 797
50 241
49 148
16 203
35 454
36 758
2 726
46 152
52 562
33 106
3 294
53 823
36 39
53 177
37 337
46 260
15 226
14 417
12 692
46 237
58 263
24 447
51 36
30 405
59 227
9 943
17 6
35 435
46 644
54 552
16 135
34 723
52 646
43 917
56 324
28 538
47 455
25 11
56 674
2 157
30 699
39 776
7 301
18 194
49 712
20 321
4 636
23 316
38 978
33 867
38 451
4 906
56 134
16 283
23 254
21 824
55 26
45 13
15 420
42 788
25 435
31 630
53 313
26 177
14 724
24 125
4 889
33 126
7 277
28 357
55 394
28 167
9 89
54 508
33 746
56 329
42 117
31 735
51 388
30 313
30 934
21 794
56 774
19 245
47 331
53 683
56 126
37 761
25 310
59 815
51 119
11 258
45 846
57 970
59 479
51 917
20 704
7 802
5 747
39 367
20 88
31 764
38 160
42 398
53 651
53 597
47 35
11 566
29 879
11 345
52 377
30 636
15 752
58 838
48 367
32 845
39 900
58 769
34 538
26 438
47 815
57 150
44 271
45 365
10 439
35 819
7 946
14 734
8 16
30 29
7 178
18 614
26 144
3 376
27 387
50 26
18 107
22 234
10 842
51 119
8 734
53 944
22 243
27 843
30 287
44 119
28 101
17 690
31 394
45 547
1 787
8 921
6 989
32 738
58 796
35 581
28 981
43 257
15 475
17 643
29 101
7 260
30 286
22 385
34 957
16 489
28 67
34 835
24 207
8 549
34 981
36 886
1 578
15 205
13 962
8 743
5 675
19 957
22 479
11 107
13 102
1 363
1 873
3 736
47 272
41 139
4 125
31 146
59 495
4 204
48 256
37 502
2 856
57 873
54 879
50 897
50 366
34 815
23 575
16 625
55 353
31 165
47 965
34 833
26 699
15 518
45 758
19 784
41 812
27 392
4 191
43 890
16 950
29 55
38 957
7 596
24 296
6 914
32 724
43 900
47 63
54 372
7 227
46 877
45 255
51 698
7 718
12 318
47 245
26 523
3 369
22 779
27 975
59 290
10 323
6 274
1 394
51 12
50 935
23 758
46 633
60 56
24 243
11 854
12 772
39 465
32 869
32 894
35 661
28 365
5 720
17 331
36 628
21 192
6 498
1 834
37 555
27 857
53 697
15 761
57 577
6 435
47 136
42 387
12 603
27 907
1 669
54 239
36 941
13 728
4 629
40 745
4 404
38 173
20 21
36 143
12 534
50 864
43 770
26 340
2 95
12 533
10 649
20 783
6 917
17 562
26 79
44 84
41 404
15 284
12 17
15 384
1 354
39 904
25 212
34 560
42 67
45 258
49 364
27 786
33 573
59 416
34 832
21 841
39 908
9 183
29 876
3 756
22 46
13 651
31 948
57 295
14 598
36 986
5 591
23 432
33 692
6 433
36 864
44 50
11 595
45 173
8 846
60 356
33 816
13 810
3 748
12 794
57 65
44 614
6 761
21 169
34 986
14 173
46 112
4 495
32 825
49 430
24 719
2 135
1 834
22 372
24 11
1 712
16 51
41 484
17 770
32 86
53 808
4 317
42 695
21 350
21 366
19 98
1 64
54 341
46 603
44 249
51 890
14 977
20 675
40 870
13 530
24 238
49 316
23 304
19 589
40 561
9 515
46 666
47 464
51 351
41 451
28 881
35 968
33 645
42 572
4 204
42 162
17 713
14 784
47 454
33 834
20 575
33 182
31 484
59 999
13 204
53 875
20 397
55 501
26 541
17 891
57 428
44 368
60 791
24 299
32 311
9 591
57 88
39 121
25 851
40 301
52 156
14 98
2 68
54 881
7 744
10 842
27 160
51 430
60 721
4 614
11 403
46 123
3 804
22 812
27 780
14 99
29 359
40 40
30 406
21 572
2 798
39 280
34 599
28 380
37 6
49 288
51 787
28 822
42 212
22 821
60 360
25 264
30 997
39 901
58 179
30 119
30 423
18 341
23 249
30 560
16 158
3 17
32 214
19 568
31 335
11 222
17 344
14 180
21 191
32 522
56 292
48 985
24 468
58 689
53 230
1 460
51 961
14 521
14 301
4 818
1 53
38 334
4 147
56 720
18 884
10 806
31 288
55 650
58 435
35 677
24 623
42 215
4 624
15 576
14 646
13 283
48 839
46 261
36 66
39 762
39 220
21 433
43 311
11 651
6 518
38 280
1 883
27 593
23 506
49 815
27 955
60 555
1 539
47 396
29 27
43 972
14 624
42 523
44 978
33 427
35 77
34 826
39 626
22 923
34 767
32 61
5 299
37 762
43 667
46 226
39 584
33 925
26 383
24 893
23 447
16 914
50 366
31 979
26 29
31 804
35 655
28 26
24 494
46 361
6 574
45 463
19 896
4 22
15 489
35 893
35 96
32 72
25 755
13 780
50 147
8 372
25 371
22 359
9 37
45 183
18 605
30 379
48 652
20 590
6 422
27 70
52 604
49 509
2 883
33 316
56 164
11 867
56 834
9 170
34 191
53 308
3 567
37 246
38 746
1 668
34 750
52 237
43 940
60 738
4 695
26 227
34 960
31 490
8 188
13 613
50 276
22 120
26 291
60 905
29 324
60 123
15 290
23 211
59 974
4 374
20 245
44 145
10 623
40 303
58 729
3 183
30 124
57 636
6 332
33 83
54 529
44 176
37 41
55 17
15 388
37 457
52 311
35 375
8 722
39 805
9 426
45 561
31 135
17 831
15 671
43 396
44 954
33 997
49 787
44 878
42 717
60 348
10 36
16 372
54 120
14 225
33 318
53 402
34 254
18 585
30 166
14 221
31 269
47 785
14 913
11 259
33 434
35 438
13 60
45 584
22 529
11 76
2 997
30 890
18 656
20 778
21 128
6 661
35 564
3 788
16 602
27 558
2 401
24 703
54 144
9 707
51 158
17 775
53 775
9 273
44 126
44 515
14 69
8 860
17 942
36 54
31 870
12 33
60 60
22 535
7 895
17 606
21 685
49 657
57 749
52 711
14 862
56 211
17 789
19 682
24 835
46 280
59 757
6 363
15 307
46 374
18 913
14 488
29 416
14 939
6 846
1 717
42 818
38 890
4 753
51 855
60 812
53 113
25 815
54 93
52 212
58 949
46 86
17 425
34 367
8 331
13 202
3 466
39 449
26 864
17 496
5 428
21 488
18 297
20 293
46 797
33 169
36 411
52 471
57 817
56 992
19 107
60 561
27 806
50 195
22 918
51 106
55 344
44 879
15 656
9 358
44 693
28 777
47 296
58 538
55 457
3 717
55 114
29 868
55 490
53 489
56 467
42 728
47 292
28 473
11 231
26 586
56 12
12 916
60 301
58 442
45 400
43 669
53 592
59 682
13 372
38 505
47 607
27 424
36 470
1 543
19 725
33 466
20 746
30 178
10 208
11 60
45 334
5 336
32 694
55 227
56 830
60 390
39 978
52 828
3 816
48 264
41 530
29 85
34 144
41 316
44 19
18 729
14 283
28 214
52 139
52 599
57 871
11 453
53 597
55 731
3 649
23 660
27 87
14 11
45 133
5 985
25 214
41 770
20 896
21 168
14 23
26 295
22 488
12 487
56 607
20 430
24 89
56 499
51 138
21 836
49 273
10 185
6 631
54 414
8 452
46 109
9 754
5 306
25 184
42 685
12 744
33 228
30 369
2 374
37 829
5 769
59 28
4 132
25 912
28 126
29 63
37 269
32 772
41 232
9 927
5 814
33 576
28 429
5 463
6 836
15 535
46 64
9 919
40 747
13 280
28 784
55 938
37 809
10 422
55 441
31 293
53 986
8 248
12 817
38 669
10 53
39 249
36 883
41 705
9 989
46 255
20 910
58 827
30 488
56 791
10 6
49 362
27 650
19 318
29 672
60 915
32 65
60 66
20 218
39 682
7 762
44 526
14 15
31 660
53 786
56 696
58 598
37 743
26 461
20 885
52 35
39 615
51 9
3 530
1 3
37 850
47 954
44 59
45 603
45 932
60 7
9 519
23 513
30 819
54 691
27 770
31 633
16 387
52 644
34 569
31 896
1 682
23 342
5 408
54 843
28 60
13 407
23 142
42 727
33 982
15 484
34 719
44 890
17 286
29 874
39 391
6 192
58 424
1 309
35 853
59 934
40 762
16 931
15 460
10 489
12 649
54 865
3 346
35 86
44 872
32 51
29 357
42 811
28 927
57 399
58 376
58 332
18 736
35 850
35 649
3 446
49 186
50 256
37 190
46 326
8 178
13 976
21 754
28 66
40 404
1 765
15 683
22 741
4 21
16 668
25 462
42 590
11 811
3 691
28 992
27 41
46 115
50 399
37 566
27 3
4 184
7 5
45 581
48 18
53 178
50 146
45 682
45 625
23 979
25 114
29 498
41 687
49 51
1 811
43 49
20 960
3 868
42 697
48 118
22 794
2 429
13 738
5 117
22 192
55 899
33 171
7 722
24 961
28 98
32 289
58 772
5 769
10 783
22 960
29 959
14 325
8 896
10 510
55 807
56 834
25 314
29 464
26 451
45 421
10 160
34 883
7 534
48 324
42 290
15 27
42 486
59 491
60 474
60 510
54 833
60 823
37 832
4 192
2 978
18 277
40 94
8 599
4 863
56 595
28 251
42 296
49 925
46 293
13 348
51 792
34 609
41 263
1 229
43 635
28 504
1 473
52 699
36 807
43 80
45 181
35 628
54 121
25 372
53 561
60 564
43 942
7 721
18 131
23 625
11 578
14 118
58 207
33 695
5 315
7 31
52 114
27 692
3 685
19 769
14 737
47 524
13 159
42 169
22 74
1 277
45 500
22 915
23 153
39 107
19 273
1 134
44 747
33 708
50 413
21 542
56 437
8 323
55 19
2 271
42 284
34 864
48 201
44 480
22 758
34 262
46 339
3 148
41 822
20 170
13 551
13 218
4 163
2 386
19 26
7 853
20 345
27 786
41 913
18 131
54 422
51 336
51 560
31 842
3 781
56 72
58 397
11 285
28 125
29 944
33 85
14 858
15 330
6 924
14 949
54 214
11 505
17 721
49 425
36 158
55 8
29 861
33 527
5 711
14 610
6 508
7 355
58 374
3 558
29 612
13 27
55 960
26 776
24 570
44 788
30 194
59 101
27 841
60 707
29 913
25 634
40 737
15 652
51 610
16 997
59 404
13 725
49 210
25 994
9 953
52 963
14 950
50 414
51 301
41 523
42 218
22 374
47 132
56 745
37 813
59 783
37 595
31 867
53 394
14 167
50 760
30 37
19 632
25 938
20 400
39 942
40 426
43 677
43 239
26 593
4 87
7 973
1 282
13 723
34 26
45 392
37 679
1 539
57 258
45 337
42 98
14 260
19 898
42 255
41 440
10 915
37 368
52 190
50 792
53 239
44 337
44 787
14 948
37 683
12 715
27 540
30 979
18 373
24 649
38 292
20 866
55 498
55 193
59 602
40 901
2 614
23 440
49 498
7 25
10 839
45 819
30 281
51 988
32 930
54 295
56 197
8 362
33 683
18 73
30 705
19 153
20 656
48 141
31 604
14 37
37 638
55 930
59 946
33 364
43 218
57 444
42 441
1 938
44 592
27 504
59 532
32 668
56 102
25 458
58 522
6 928
1 608
38 513
48 295
20 531
35 141
53 824
10 792
48 169
40 840
32 46
9 682
50 943
25 175
52 86
51 794
47 963
34 294
22 159
3 598
52 713
33 939
39 364
39 186
15 727
34 595
31 939
29 955
5 825
35 995
21 394
12 86
21 813
20 287
56 468
59 185
38 423
52 61
46 639
58 952
5 908
29 466
52 592
37 536
21 122
6 274
26 612
7 38
41 606
12 747
43 48
8 375
17 555
59 706
50 865
49 216
55 953
1 699
57 652
43 447
51 947
27 53
45 454
8 40
14 78
37 122
11 724
27 184
42 423
33 514
3 243
34 100
58 261
55 592
44 504
47 66
6 490
57 610
57 55
41 526
8 157
59 413
4 543
19 821
19 427
39 109
22 172
56 756
15 392
46 913
44 90
31 80
22 297
16 323
54 208
20 655
48 876
39 331
19 737
20 956
30 101
7 236
26 740
40 774
49 354
30 476
53 708
13 106
11 399
44 40
17 935
36 707
28 298
19 996
43 715
58 511
46 415
60 614
19 699
36 244
13 212
31 443
56 37
44 166
42 653
50 399
5 286
37 602
18 999
37 96
20 643
18 438
27 760
18 963
30 345
10 573
57 877
30 621
35 877
48 350
46 66
17 370
18 484
28 829
49 412
48 304
10 771
34 551
54 505
14 476
37 959
57 306
3 205
37 986
44 893
1 1
59 454
45 680
12 458
23 819
34 872
45 755
58 186
40 796
53 568
38 127
6 276
26 569
22 980
58 794
35 316
36 752
33 497
58 49
24 806
40 644
28 427
22 577
55 41
24 212
46 647
44 190
24 936
7 260
46 555
21 230
46 394
24 985
49 307
17 230
4 522
31 233
55 413
37 482
13 38
16 711
1 917
51 944
44 204
2 874
40 545
44 317
19 231
5 462
50 301
9 198
39 101
30 184
35 630
9 439
16 275
42 294
48 506
60 598
5 798
42 883
3 790
25 687
29 972
48 870
28 574
38 257
10 392
15 91
60 951
51 351
33 648
21 671
9 239
26 374
38 160
24 648
3 554
19 533
44 119
55 626
23 6
48 695
10 769
45 857
55 655
21 434
59 195
2 540
59 291
49 282
6 754
38 920
44 134
14 165
20 530
40 792
20 230
52 704
56 170
60 299
19 591
37 760
22 254
11 261
42 246
33 521
10 818
54 555
31 505
31 73
10 245
26 426
38 276
4 885
15 26
41 104
28 349
39 826
18 488
2 872
23 632
54 516
12 234
51 617
55 419
37 241
5 662
50 95
57 874
26 845
7 530
58 663
31 483
53 175
24 865
54 519
4 26
5 737
39 881
58 563
16 268
40 907
53 551
46 656
21 159
18 553
49 616
5 323
30 952
17 271
42 817
51 425
31 419
29 890
39 103
29 79
34 925
56 457
35 807
32 267
43 4
50 47
48 526
14 417
35 956
25 562
27 521
54 174
24 67
46 567
44 365
18 448
42 981
57 434
58 222
8 898
46 320
60 577
60 683
27 11
45 224
28 249
60 576
54 695
57 938
13 150
43 609
40 595
38 932
48 502
42 21
36 188
34 803
11 974
29 559
22 848
45 338
7 586
51 918
7 443
32 689
40 265
11 669
24 617
1 747
36 462
15 571
30 210
55 181
56 182
52 771
18 888
34 964
36 560
2 387
9 642
52 871
33 927
12 921
28 331
36 608
41 792
25 200
53 258
50 622
1 242
44 846
3 859
55 294
34 216
12 256
9 140
49 756
56 360
46 779
30 672
36 285
56 118
33 412
25 902
6 439
32 249
49 176
30 546
19 46
21 715
58 284
9 361
12 992
59 996
30 133
37 41
42 529
20 687
26 552
18 813
39 143
40 659
19 945
45 756
11 78
5 706
5 951
51 922
44 172
56 36
31 838
58 236
13 557
57 84
48 466
33 832
29 406
14 744
10 906
54 185
45 901
15 428
50 490
3 790
5 230
58 543
53 222
15 651
58 703
15 684
28 77
49 189
13 725
32 336
11 586
5 138
16 435
10 330
56 283
3 389
7 816
9 557
13 38
46 157
31 121
23 727
28 558
18 302
10 578
24 204
29 129
44 205
32 745
22 50
60 308
37 272
2 874
49 206
17 908
26 82
42 2
59 37
14 22
56 738
48 919
29 651
49 207
5 84
9 278
59 846
28 716
12 878
23 282
31 699
23 810
60 883
30 523
37 342
22 734
32 594
19 291
55 381
49 29
11 198
60 954
22 237
26 412
8 935
1 426
10 907
34 712
26 727
15 322
37 315
10 925
53 268
4 391
7 747
59 106
14 20
24 973
26 312
41 186
14 643
44 137
6 846
7 892
42 686
42 985
49 299
20 444
19 722
2 762
20 492
10 126
15 165
49 455
51 765
2 616
25 394
5 632
20 748
20 184
15 960
6 583
59 70
19 857
31 283
49 588
2 112
2 145
40 929
24 409
25 702
19 326
49 333
23 205
38 422
11 619
2 278
19 589
10 157
23 542
47 656
2 805
41 639
28 308
51 416
35 994
17 746
2 370
58 259
18 330
2 107
15 165
41 279
9 401
42 566
49 10
29 495
39 829
2 562
7 414
32 2
12 34
14 298
18 942
5 372
26 462
52 803
29 526
6 155
33 269
28 595
39 397
13 154
42 165
44 119
51 775
49 752
23 666
24 492
56 641
17 929
7 137
2 735
60 959
32 626
54 880
19 428
31 992
5 88
10 612
7 504
32 927
24 585
50 569
16 666
2 915
10 353
50 412
22 365
23 7
24 645
56 363
55 655
57 298
31 490
20 290
3 29
54 743
56 677
15 687
16 939
50 492
36 900
34 262
19 383
49 750
36 330
31 196
24 230
55 723
18 734
22 472
45 804
14 814
57 68
45 28
10 295
39 29
60 226
23 751
29 204
59 709
38 315
44 741
14 496
31 331
14 214
26 20
40 207
11 756
35 919
28 761
29 679
22 261
48 131
50 847
48 261
35 947
41 952
25 462
46 397
12 771
59 329
3 152
24 133
34 481
19 157
36 820
10 386
25 860
18 280
22 415
29 800
44 112
50 55
41 469
15 86
58 833
54 472
42 243
25 766
37 190
56 798
18 159
59 480
14 394
50 840
51 94
55 271
14 908
51 106
33 164
50 681
17 7
14 137
25 614
4 595
58 634
58 211
13 98
22 817
12 416
10 299
9 476
2 921
9 135
50 344
2 377
33 376
10 725
59 222
46 728
7 27
28 453
34 530
41 187
54 654
44 53
48 570
33 217
55 423
30 82
26 393
29 967
6 818
8 729
25 302
56 433
53 390
23 119
43 53
11 260
40 318
20 377
51 212
57 414
9 384
32 396
44 30
29 787
20 624
51 141
17 394
44 753
55 252
12 745
5 172
29 820
6 777
58 941
19 801
3 538
7 267
39 653
26 46
11 991
11 377
36 88
10 824
36 344
22 398
26 538
8 101
21 739
6 695
45 743
53 193
55 541
40 651
51 190
2 257
57 338
56 197
2 154
8 706
2 543
43 290
17 42
28 370
46 506
7 393
9 905
28 4
7 791
45 957
41 862
55 759
9 508
9 476
5 516
12 543
37 861
17 482
1 609
42 146
9 871
26 382
11 730
48 339
17 801
48 203
52 405
14 617
14 237
13 950
33 861
60 224
22 114
33 886
34 528
53 173
53 53
9 198
38 83
25 645
24 665
20 164
40 315
25 606
60 390
29 212
50 189
50 515
39 631
57 452
13 582
41 139
2 505
54 929
18 739
28 546
48 657
17 160
54 784
58 910
20 574
42 445
37 532
37 874
50 778
43 646
21 299
15 669
44 204
53 352
15 409
48 75
50 929
12 111
40 477
4 217
41 53
33 601
37 755
10 12
14 957
18 563
39 391
38 738
47 151
24 690
58 296
21 703
28 695
27 610
4 209
36 88
19 171
41 489
18 136
44 74
28 519
7 843
41 131
2 34
4 121
49 183
50 997
55 982
4 277
28 504
45 60
8 457
30 761
22 523
45 733
27 186
30 641
28 471
37 158
11 678
22 802
51 135
7 442
34 280
22 482
42 953
44 503
18 398
15 126
13 833
40 690
15 878
58 402
15 478
22 392
49 260
29 995
2 395
37 918
27 829
8 671
38 685
51 889
41 503
57 834
29 563
5 93
32 197
59 786
35 656
52 569
41 438
42 3
54 545
25 609
17 606
4 242
51 613
52 890
18 874
48 93
58 367
32 784
3 424
34 409
4 901
36 682
2 875
59 386
36 612
6 667
21 666
41 645
49 232
35 874
35 65
60 352
20 791
27 162
23 133
21 703
59 894
29 274
44 724
14 912
15 545
20 253
53 153
15 775
32 806
30 497
42 331
6 18
24 602
20 499
4 734
14 957
11 17
27 169
16 512
38 237
27 698
39 310
43 196
59 760
12 55
47 944
30 617
20 747
16 680
18 676
38 634
28 946
60 632
6 39
45 214
52 218
36 821
48 446
30 826
8 17
10 252
9 918
44 137
5 755
58 42
13 484
30 386
36 990
38 99
54 637
23 489
43 454
27 244
42 797
10 179
6 65
37 444
44 603
50 525
46 899
30 870
14 683
15 476
9 154
10 768
4 458
34 742
18 626
15 455
17 76
56 743
49 432
49 607
16 328
54 596
44 882
2 382
35 545
5 906
6 732
59 833
39 886
34 999
40 92
20 468
53 978
23 398
33 654
59 94
22 779
59 606
60 368
28 929
18 831
53 259
2 366
9 365
56 929
20 971
58 598
6 989
39 903
47 17
39 188
9 127
37 670
30 852
13 13
23 480
47 204
1 352
38 407
60 716
5 812
23 426
58 727
2 57
54 492
8 663
58 281
13 156
49 273
1 933
52 874
47 306
40 152
55 767
52 888
13 591
32 253
35 420
47 815
31 881
34 583
59 344
54 157
47 556
34 970
30 665
55 838
45 175
55 339
46 10
2 688
39 133
4 999
37 946
29 559
49 787
43 642
18 357
8 760
25 432
53 3
28 888
20 937
52 511
27 109
59 264
59 311
26 838
41 279
16 899
20 365
56 577
22 924
52 885
35 483
17 198
17 939
48 667
26 116
8 586
24 879
41 946
20 709
2 762
36 375
24 927
1 195
13 234
10 278
50 88
19 405
2 800
42 706
28 401
37 45
13 729
10 456
15 598
55 914
56 505
52 925
29 423
7 1
7 71
47 863
53 670
60 382
48 141
36 441
30 394
54 78
47 227
2 105
60 534
30 831
34 556
57 948
43 89
6 693
54 158
45 390
2 992
42 646
59 902
8 406
17 742
48 142
27 488
55 744
17 865
20 571
3 554
43 161
43 671
31 313
15 713
21 94
60 324
38 510
12 178
49 435
1 333
3 510
32 65
21 231
16 984
18 142
4 84
14 622
4 1000
48 308
52 391
5 892
8 180
39 380
26 736
59 400
3 744
59 108
54 508
9 861
52 769
34 409
18 936
3 561
42 37
31 270
19 504
32 282
48 328
1 562
9 459
35 171
10 934
17 210
42 595
2 426
33 598
47 34
26 984
57 853
6 677
32 536
23 197
55 791
2 694
53 920
42 584
7 366
54 920
60 359
39 862
48 583
55 190
9 403
39 339
57 831
7 592
9 457
13 413
44 19
21 264
14 148
59 721
41 656
51 756
32 604
49 955
35 27
19 986
56 283
46 897
21 593
25 38
24 801
7 600
57 982
53 101
52 304
30 981
24 425
26 492
13 79
20 468
31 774
60 857
21 843
1 979
35 257
36 911
28 440
11 686
12 769
23 85
43 883
3 404
49 114
38 415
8 410
49 384
57 680
50 98
43 234
34 160
2 761
16 404
13 974
48 824
1 747
54 457
32 622
48 734
47 33
51 901
35 612
10 871
8 370
58 816
14 152
8 712
30 417
26 636
31 124
35 781
6 68
46 927
33 351
31 524
5 904
53 679
37 942
57 625
12 842
54 576
38 397
40 203
8 175
45 479
11 401
14 197
41 316
59 145
36 104
35 525
50 150
1 500
3 94
22 343
38 242
48 892
32 553
4 473
47 645
29 149
40 197
55 176
49 180
10 791
53 936
12 777
15 212
46 148
10 62
31 976
32 386
55 666
43 517
58 435
39 586
51 759
50 33
25 863
23 59
1 287
30 983
22 824
50 161
48 55
39 93
54 628
40 832
28 653
51 240
25 320
44 15
22 196
14 732
53 385
45 225
46 3
37 838
22 571
34 909
51 166
53 812
42 636
46 918
9 186
12 674
9 601
59 802
38 868
50 990
10 190
45 263
53 170
53 884
31 649
19 416
24 120
1 985
23 759
36 275
24 515
47 180
11 548
18 749
23 104
28 863
11 454
34 435
48 28
46 441
13 178
41 226
26 749
21 638
34 317
4 671
9 406
55 940
2 403
35 255
45 190
35 552
15 450
5 751
33 138
17 413
21 366
29 244
33 413
3 883
38 854
33 123
14 622
4 92
22 333
34 289
29 40
60 103
59 577
44 642
31 234
12 417
54 366
6 885
41 729
14 238
27 490
59 174
33 248
54 499
3 866
41 257
38 310
18 638
13 419
17 413
27 966
41 364
19 89
16 29
39 815
54 409
17 650
39 120
57 630
22 842
42 675
6 649
36 246
9 453
32 336
47 551
23 86
4 654
43 7
15 437
34 97
4 890
32 429
43 17
18 270
47 712
46 430
8 568
24 146
17 410
44 233
15 744
17 304
35 151
19 857
20 908
46 543
55 396
5 643
25 186
28 891
33 997
3 326
39 967
33 465
14 863
13 709
43 464
8 38
40 240
37 165
26 74
55 423
3 892
51 13
60 577
24 410
36 785
1 696
36 564
59 379
1 403
24 100
13 975
28 551
46 144
24 677
1 511
26 659
28 252
27 729
33 489
53 237
37 836
9 101
26 513
26 848
5 478
60 358
12 718
58 91
37 431
4 672
18 387
34 482
3 283
43 697
47 895
47 554
11 503
14 374
9 629
14 993
10 897
37 556
57 500
41 539
2 805
26 575
11 111
23 197
39 345
41 725
50 156
59 548
58 441
8 266
49 145
32 941
49 946
11 708
18 705
29 405
47 843
48 696
54 202
17 922
20 374
56 923
34 217
47 720
38 250
39 625
35 979
35 116
28 523
39 801
5 645
46 211
46 631
32 221
18 436
1 539
10 995
16 517
35 37
37 392
36 659
40 228
41 237
51 687
37 356
56 16
29 137
9 173
51 459
5 277
60 86
42 359
26 343
2 82
46 129
44 426
7 346
10 978
57 654
57 444
55 763
34 794
14 60
40 913
28 895
56 673
26 135
8 494
22 370
12 778
50 979
41 825
55 985
33 979
55 495
32 853
43 490
25 72
17 718
33 785
31 153
16 240
50 607
19 345
45 452
48 205
23 221
22 226
8 807
57 239
1 214
48 273
8 776
22 537
57 72
36 764
47 731
29 385
19 982
60 367
8 342
10 924
22 54
5 47
19 477
59 335
5 437
33 801
49 221
16 310
46 568
15 378
44 348
7 535
38 580
42 576
28 207
28 534
14 558
54 710
31 234
33 385
6 219
3 123
33 450
27 197
32 608
4 868
43 925
14 79
30 810
1 92
22 615
20 515
