6735 302
121 658
242 6
43 871
230 465
257 873
283 318
243 704
116 87
16 608
117 52
181 899
272 359
15 548
63 598
101 628
275 997
302 576
42 785
139 953
56 517
256 619
237 873
165 110
189 278
12 960
264 243
143 258
125 83
177 238
286 829
297 648
244 219
166 242
292 547
37 749
9 561
118 591
200 891
220 584
109 803
238 764
260 641
150 252
250 7
288 268
155 803
113 831
263 648
205 359
285 909
13 101
3 124
40 279
20 156
226 860
98 920
4 146
189 22
301 417
111 481
158 510
186 456
128 113
133 61
73 943
299 206
196 376
94 159
39 90
107 789
256 588
143 221
203 948
164 579
78 858
157 499
249 922
218 348
118 294
268 248
61 242
228 46
257 918
43 992
89 952
118 573
282 663
107 720
187 513
128 647
135 30
156 981
58 786
75 984
101 207
203 723
48 777
293 118
136 88
256 953
24 81
100 805
218 30
32 867
261 921
161 378
146 437
22 517
230 965
128 35
52 267
90 982
58 115
301 84
5 69
199 745
12 78
157 491
191 951
8 597
76 181
270 868
251 551
242 533
47 548
160 373
41 378
101 903
133 784
300 426
57 741
172 56
100 862
80 233
298 260
142 886
202 963
68 582
190 733
33 900
145 701
239 678
230 317
80 840
294 488
221 919
219 144
45 87
139 9
125 14
233 180
105 262
215 245
163 559
80 646
145 986
265 250
167 71
165 282
209 928
64 436
162 12
211 711
172 493
159 56
172 74
284 455
39 118
278 363
243 855
185 714
108 56
226 170
71 423
262 75
34 991
297 355
55 632
189 360
34 954
69 321
133 398
34 278
96 725
145 107
146 294
159 145
153 988
48 165
122 774
135 176
294 382
278 925
255 667
188 925
151 590
20 878
294 904
252 680
129 83
130 679
147 253
47 516
263 624
301 332
228 908
109 143
219 604
99 490
297 285
116 638
86 170
66 502
283 18
156 741
141 288
95 974
179 43
128 666
282 684
158 550
99 546
228 186
210 241
252 107
109 734
200 841
22 965
253 274
257 972
134 901
274 69
124 96
76 248
68 987
187 790
148 579
88 55
195 72
25 605
31 311
239 575
291 800
39 327
263 929
200 748
207 625
54 265
153 534
35 780
52 48
164 288
213 459
111 955
139 1
34 25
136 134
84 231
37 210
121 888
143 98
204 564
104 360
208 228
289 694
291 768
150 911
281 945
5 239
131 679
36 541
214 659
239 104
207 294
36 23
81 185
206 832
56 275
94 50
65 279
158 506
18 122
286 482
3 849
3 262
265 9
158 989
244 813
299 526
264 189
129 176
163 297
270 504
139 505
150 551
9 344
135 154
28 300
232 768
257 177
30 568
144 819
187 48
15 487
274 679
153 722
279 52
25 832
176 236
105 951
195 720
56 721
83 396
182 438
104 162
189 503
278 613
201 380
224 214
285 87
232 27
301 175
88 779
271 430
199 899
71 652
178 708
197 721
286 954
284 662
112 726
183 53
187 837
63 85
268 384
246 103
58 338
127 651
10 765
249 596
104 469
205 784
289 883
246 945
188 819
178 742
169 910
129 451
98 49
199 52
279 885
228 54
189 117
149 255
152 178
169 897
130 778
135 347
157 613
100 47
228 399
58 133
209 801
21 111
60 904
29 795
270 549
188 637
73 499
93 194
73 291
96 221
40 19
270 29
268 59
186 957
261 871
266 156
70 888
293 155
21 59
105 465
100 112
21 914
136 516
174 780
17 631
268 976
122 351
101 231
254 828
14 843
221 682
90 969
165 282
52 30
157 312
276 871
135 86
107 103
245 664
51 933
290 351
94 123
255 854
75 976
4 776
50 295
16 624
279 910
157 86
144 816
117 585
36 603
119 360
177 531
161 104
128 685
217 73
271 237
261 89
158 616
59 743
233 667
230 97
295 626
190 583
115 441
282 941
302 247
153 613
146 574
100 379
195 517
160 175
273 638
185 878
288 840
33 386
152 118
174 581
3 333
209 394
124 674
100 788
205 90
221 117
156 145
7 369
129 972
166 88
186 246
105 727
101 63
212 695
204 264
85 181
171 960
277 361
10 978
251 759
267 717
195 65
217 91
100 770
93 842
220 452
299 534
55 611
250 109
237 225
234 865
128 80
267 194
189 875
283 865
68 165
182 590
283 783
249 36
129 759
243 952
61 636
208 589
121 155
72 986
131 205
175 386
163 142
175 971
68 848
277 192
8 126
165 543
155 425
61 532
245 63
73 748
60 871
223 43
121 206
127 575
214 629
148 394
246 904
37 755
29 712
87 838
3 74
215 832
263 535
250 827
271 882
260 896
124 885
190 920
247 892
104 722
266 647
167 257
70 109
275 603
144 804
192 403
83 34
292 439
72 463
50 690
250 448
145 987
266 526
289 925
184 213
207 85
74 269
296 695
133 693
160 290
98 587
74 503
257 885
156 166
8 435
136 432
268 970
186 270
136 634
124 617
34 161
246 304
105 823
36 365
238 144
198 264
79 317
293 618
218 563
168 827
270 762
78 678
213 183
83 920
160 386
168 164
40 249
116 241
229 819
274 450
32 918
180 213
122 482
164 349
122 516
198 89
47 484
260 906
133 183
23 345
169 765
237 862
2 508
88 866
114 635
274 742
269 496
41 842
83 291
142 511
43 609
157 581
289 449
288 894
237 322
239 193
280 20
14 456
202 730
109 498
27 22
210 338
7 693
283 942
204 639
103 112
96 760
84 689
174 266
240 545
160 369
222 360
101 69
244 841
244 131
88 833
69 325
275 164
271 517
172 449
192 918
228 657
210 891
102 444
188 558
26 11
140 883
87 423
188 290
263 49
228 576
72 592
22 310
250 310
66 105
246 795
62 488
189 753
243 514
188 366
166 357
5 29
243 904
25 549
74 986
67 416
252 144
240 469
99 779
31 495
60 528
170 373
147 766
22 400
41 211
95 759
141 112
55 366
22 376
221 986
39 365
277 799
55 899
186 506
238 459
164 464
51 266
107 637
93 687
218 150
233 512
90 648
270 758
223 598
218 396
279 847
2 340
289 597
299 554
137 911
197 703
226 319
257 207
83 669
90 283
196 283
88 592
243 328
189 718
19 149
285 603
45 498
138 469
293 714
135 371
195 690
63 773
294 54
11 439
95 765
212 411
194 896
166 684
244 95
100 859
29 740
44 645
252 765
21 131
131 158
5 256
70 405
57 199
244 197
238 667
68 971
118 533
32 916
171 498
230 405
142 458
4 761
5 530
21 799
175 979
31 722
71 729
137 967
141 492
246 450
45 650
44 937
115 299
150 63
76 876
283 139
269 61
155 38
236 659
220 289
5 270
59 917
17 436
223 936
113 852
155 471
116 172
111 814
81 732
8 26
98 553
62 200
246 835
153 35
100 703
24 258
242 445
18 687
215 43
140 929
124 656
216 635
165 562
237 219
195 617
36 195
19 353
96 412
109 876
90 390
164 614
39 474
4 791
56 784
15 717
225 57
161 271
209 102
261 859
243 982
81 816
73 180
87 333
189 607
174 9
128 881
93 192
23 201
79 196
268 377
62 602
24 312
294 905
174 192
88 799
240 425
231 979
85 989
281 996
185 82
253 24
251 203
300 942
205 583
62 885
79 873
42 570
137 838
107 38
92 426
235 294
10 563
219 513
110 396
28 550
129 668
12 643
196 28
96 727
242 365
92 905
25 880
102 222
258 955
197 247
49 571
287 144
8 620
107 123
81 179
222 371
86 293
283 418
94 125
264 939
188 818
87 264
182 302
56 93
53 808
71 363
236 971
116 894
155 741
183 128
61 521
191 972
84 685
111 819
119 533
14 306
79 126
297 818
103 412
230 383
16 36
262 250
150 186
38 327
273 725
256 855
78 222
292 623
215 693
160 808
252 900
137 621
40 74
249 448
40 849
44 77
176 231
237 924
137 897
18 59
26 964
264 547
54 427
150 118
228 844
35 680
204 634
285 651
80 540
145 64
230 709
104 365
39 218
173 314
41 423
192 835
281 858
241 425
236 790
1 673
261 690
257 635
67 488
8 108
251 254
178 68
14 32
154 921
53 532
99 147
47 524
263 830
80 640
288 99
243 889
139 758
169 807
138 353
237 389
221 472
197 159
137 332
131 691
249 392
27 429
151 407
276 265
82 204
51 237
170 800
57 364
177 343
187 332
62 51
26 897
73 536
83 312
101 998
38 836
237 619
254 453
40 22
138 580
260 277
290 337
19 272
21 245
282 523
20 632
253 816
219 172
210 827
268 976
177 964
218 966
11 161
284 93
192 761
17 135
8 545
179 292
162 123
1 454
102 931
67 315
72 248
167 630
213 417
76 182
258 29
81 358
257 689
40 35
21 455
56 401
171 1
180 639
265 442
279 718
69 197
227 61
98 892
146 472
80 522
147 365
25 913
268 830
183 654
56 553
248 736
272 547
180 308
150 593
180 980
122 477
16 219
223 55
162 98
171 705
89 919
76 514
218 753
262 380
147 325
238 815
288 268
283 140
147 290
225 354
217 633
201 100
94 596
187 616
300 428
240 874
121 935
120 711
259 788
101 563
25 504
54 603
287 772
31 811
238 428
34 482
198 73
222 769
69 800
147 752
262 394
99 401
183 394
25 27
131 314
87 800
235 430
44 199
289 295
109 107
114 713
177 178
41 813
137 782
263 824
210 208
147 266
70 720
2 912
149 46
71 155
67 973
184 23
180 642
183 269
68 393
19 81
256 856
9 716
235 11
167 747
124 638
229 190
219 678
139 994
7 904
49 56
88 992
154 355
187 764
42 750
222 567
258 28
47 302
98 862
199 110
26 33
90 860
95 845
272 723
107 431
284 354
73 79
234 795
88 731
283 190
106 163
27 108
230 2
244 708
266 115
120 201
68 394
219 361
273 183
264 248
83 103
160 563
284 866
133 190
214 14
22 423
215 394
112 848
239 332
5 776
158 196
121 331
257 511
209 838
128 893
221 732
191 362
225 491
28 497
243 935
182 676
249 527
78 654
90 643
237 9
91 564
201 736
225 220
138 23
26 977
153 141
137 839
148 625
138 267
78 562
179 648
284 630
99 126
212 268
291 702
189 970
150 495
149 903
255 868
80 50
125 52
147 969
287 209
68 339
12 882
179 103
26 832
260 682
176 220
101 141
165 64
265 877
33 130
163 850
283 348
263 680
49 734
275 952
36 515
45 136
187 687
111 975
101 192
250 482
161 906
73 226
31 697
295 892
76 499
282 359
248 835
45 561
188 760
158 715
178 955
90 528
207 701
202 10
244 454
187 813
182 495
293 938
68 665
25 614
21 188
263 720
94 209
9 774
28 72
260 697
14 539
24 892
67 401
269 849
117 236
165 524
211 939
292 870
240 193
5 883
208 60
273 692
17 895
110 422
224 136
52 874
251 555
27 91
168 893
191 963
17 65
63 950
237 791
74 836
209 944
71 68
161 395
167 180
272 204
228 682
260 759
7 886
85 649
178 813
84 640
26 616
300 182
27 11
283 354
194 470
202 854
252 495
96 618
105 206
240 264
95 416
225 558
67 517
128 767
145 762
31 498
254 216
61 329
7 259
278 812
178 715
251 956
107 70
166 248
172 252
3 275
186 114
252 155
128 80
74 788
232 851
294 851
114 684
149 332
271 646
50 845
120 228
195 280
284 177
93 949
112 93
43 589
132 439
188 872
5 806
88 208
126 623
216 892
267 218
92 870
27 125
93 446
11 879
119 820
25 958
210 673
118 74
123 751
135 191
302 892
238 727
29 708
274 190
73 580
227 900
202 760
49 727
97 661
92 382
75 959
235 511
250 861
262 698
146 704
137 155
265 928
265 492
227 463
54 16
67 219
90 858
223 88
134 876
1 556
215 616
171 2
56 867
51 608
102 548
288 392
193 274
198 763
66 3
71 641
10 726
47 178
75 82
34 768
110 460
302 395
220 654
29 284
299 266
161 234
229 939
18 384
6 348
267 604
183 182
30 634
28 199
56 416
214 238
100 407
152 528
104 216
126 206
83 996
279 861
130 3
38 268
18 447
202 673
206 134
80 245
213 35
76 547
72 132
116 349
272 614
190 303
185 453
242 386
89 781
4 386
5 316
190 33
44 445
21 306
116 334
244 742
3 146
206 50
169 81
170 255
8 611
210 913
108 841
218 657
199 612
114 675
155 684
81 849
257 26
150 214
297 166
223 379
199 434
73 21
28 812
154 445
218 72
40 687
56 628
264 779
288 499
120 376
56 27
11 68
240 294
76 597
256 61
144 75
267 624
117 947
286 767
96 766
91 148
214 311
73 303
238 249
167 857
74 951
187 745
138 690
11 914
9 343
4 867
272 766
220 981
212 388
223 521
106 194
179 16
214 275
120 32
276 10
150 246
96 10
235 759
287 796
22 677
95 109
7 656
97 813
164 890
231 536
30 34
18 313
147 218
1 587
213 681
168 494
285 610
248 680
106 243
35 545
293 919
185 477
51 125
301 326
158 502
213 728
9 482
118 715
32 508
33 181
126 314
292 597
59 430
302 761
208 39
74 257
144 177
220 833
91 169
68 859
92 514
10 43
116 906
236 761
100 53
79 139
173 105
89 688
65 737
240 206
89 947
207 332
65 202
92 761
46 236
211 467
40 796
62 265
42 825
103 882
285 782
149 892
12 16
192 166
181 99
45 565
174 325
38 979
171 193
263 251
40 134
203 351
210 838
162 938
32 743
292 727
97 773
235 704
17 470
3 151
275 436
153 8
136 583
61 413
10 105
132 849
173 832
132 342
108 79
171 223
4 685
167 518
115 436
299 343
73 387
125 91
280 261
101 599
34 816
172 242
58 639
192 458
162 737
85 256
242 743
39 727
54 258
294 825
74 554
299 610
70 376
244 275
267 933
146 200
174 553
193 570
250 589
39 879
65 441
13 965
117 127
219 538
227 157
136 575
153 520
263 912
188 228
56 934
178 940
172 485
166 248
202 758
17 810
263 166
153 424
34 429
221 726
169 440
88 65
130 184
170 292
238 521
170 375
148 12
257 115
217 557
235 663
118 997
143 582
155 97
179 87
294 833
24 116
281 242
11 411
292 429
287 72
82 358
247 233
227 725
155 64
190 576
35 13
71 583
40 778
202 279
120 573
50 152
285 585
41 191
146 909
196 405
241 811
10 445
89 282
263 578
263 517
100 391
239 402
233 61
253 276
100 384
91 466
256 210
121 229
1 519
206 454
3 648
12 374
126 272
5 987
10 282
205 785
135 984
131 711
23 453
9 142
5 5
139 166
246 944
248 425
243 610
206 982
81 662
13 31
302 390
235 635
77 205
203 717
239 37
143 299
80 137
52 424
108 813
167 322
284 600
3 532
240 817
274 733
275 703
167 1000
60 416
61 170
233 459
142 104
203 582
301 734
176 536
164 488
18 888
53 285
82 924
21 735
292 779
258 492
126 388
126 464
238 180
35 217
244 173
56 226
155 233
83 936
38 227
196 304
213 950
155 847
144 228
152 352
219 232
295 202
236 100
220 695
164 220
239 327
236 969
68 499
31 440
181 570
300 536
1 111
179 768
242 792
291 318
28 41
188 545
208 767
99 335
121 374
223 720
123 188
38 938
287 819
69 18
204 523
246 121
195 117
139 908
256 865
71 36
293 585
18 964
111 620
18 734
62 268
251 470
6 824
153 109
165 907
1 39
214 67
6 854
227 891
162 277
214 33
3 805
162 520
297 283
8 808
204 192
124 233
282 984
92 308
175 460
158 826
129 280
178 490
114 789
85 255
8 488
3 88
238 657
132 751
149 541
152 114
249 325
2 181
125 997
107 870
110 813
237 496
198 779
4 353
46 816
179 627
97 894
249 206
202 176
185 893
235 27
44 317
33 749
40 185
171 501
130 424
231 58
293 101
222 498
234 943
249 349
264 903
154 288
248 156
43 11
64 90
154 971
290 598
115 409
84 132
294 336
254 810
51 107
174 330
224 101
228 460
35 407
43 601
114 285
63 625
233 513
185 782
252 175
98 831
200 783
283 550
123 855
217 410
288 326
86 598
151 162
104 592
218 211
100 915
55 982
263 373
301 298
130 466
248 742
17 127
174 441
183 511
9 641
228 858
237 61
30 297
243 731
92 372
105 179
115 36
153 145
98 345
16 479
99 916
132 857
62 646
37 255
137 536
86 406
5 25
152 71
219 68
30 31
53 598
145 262
160 716
7 584
278 491
123 439
114 414
262 806
45 700
72 367
128 544
78 463
258 831
73 29
197 981
215 414
109 456
128 36
25 332
124 690
174 709
252 426
161 1000
207 159
96 570
161 867
262 743
139 786
132 509
101 469
150 838
141 729
95 482
293 453
270 842
8 471
76 734
287 96
21 352
44 451
81 735
228 194
175 317
32 209
260 218
127 401
17 606
294 958
200 906
151 538
40 488
297 728
187 79
59 713
72 608
40 835
126 859
187 476
133 763
20 963
211 150
107 464
265 518
104 799
146 378
217 810
223 773
208 436
114 542
94 774
167 863
225 909
85 647
90 706
181 704
21 49
1 345
109 283
18 580
97 356
83 641
214 429
37 938
290 603
8 461
159 582
124 365
19 195
300 314
65 571
284 828
182 826
240 715
262 416
276 138
10 275
117 480
167 963
211 990
143 269
60 275
250 345
139 563
216 916
184 955
141 823
93 615
54 622
74 997
227 113
240 832
40 518
1 589
182 485
188 209
31 691
145 633
21 168
60 144
275 569
208 669
215 654
8 826
85 893
58 54
28 645
221 484
176 156
116 138
292 186
70 859
63 980
190 205
186 209
97 212
191 16
150 437
175 201
31 508
163 255
5 454
115 908
75 320
228 109
276 6
219 746
237 124
268 256
119 921
43 622
122 615
250 203
220 893
157 190
221 501
178 741
119 566
142 471
300 635
82 850
186 513
148 445
296 149
146 135
262 764
98 279
32 658
242 625
159 532
52 487
154 685
171 230
84 933
161 77
189 925
11 402
233 860
233 636
202 565
221 697
64 575
220 266
293 572
26 459
102 722
113 380
273 261
187 66
121 131
54 718
99 990
27 653
205 646
84 806
85 60
70 983
301 696
119 697
181 773
289 839
285 639
136 171
155 700
182 777
109 216
133 378
252 791
221 91
102 759
100 139
212 67
178 464
292 137
260 915
125 389
119 671
65 212
11 438
172 170
171 796
26 836
195 970
250 831
62 148
14 911
114 396
173 761
3 701
106 449
190 584
274 388
153 786
70 56
195 572
36 863
91 258
21 80
221 341
296 966
296 313
18 103
43 183
48 806
89 588
191 177
33 736
86 115
149 537
298 563
128 373
170 228
22 251
190 787
253 115
116 596
103 225
103 742
95 206
236 138
159 615
259 352
113 420
254 305
17 754
152 526
173 626
220 712
300 72
73 246
252 388
197 562
212 220
71 860
172 96
166 189
8 517
167 237
283 747
153 255
140 119
175 336
83 178
196 35
243 831
294 911
236 449
76 495
53 971
297 985
120 70
248 488
12 542
220 723
103 877
97 595
259 439
269 648
294 269
156 381
76 962
109 784
147 625
171 115
297 493
192 486
6 958
16 314
221 787
296 807
49 859
268 279
89 307
210 329
134 819
94 231
256 585
86 696
298 844
98 63
273 930
132 10
85 258
23 115
240 955
181 315
193 636
258 930
47 345
1 448
2 317
290 216
63 522
204 999
28 298
220 193
206 554
255 373
143 986
16 772
186 94
128 749
147 832
156 436
54 331
81 775
157 305
279 488
2 343
105 422
267 452
226 163
173 317
240 351
93 220
216 812
179 332
39 360
169 431
21 734
225 960
140 573
203 481
71 415
28 655
253 403
61 169
55 508
201 548
233 249
239 130
112 443
151 182
25 841
240 201
91 623
22 313
266 594
4 701
91 518
145 962
15 8
71 657
62 557
167 478
42 761
5 346
53 921
283 787
151 650
228 191
289 111
108 52
50 742
63 483
220 188
165 80
96 205
286 460
72 140
133 531
23 369
71 567
290 750
101 163
102 290
198 488
89 334
21 459
51 914
291 461
46 313
16 114
246 816
204 723
144 515
299 172
302 433
151 174
209 267
218 558
193 185
261 468
137 269
21 645
261 205
164 18
87 29
61 191
238 987
141 565
276 874
122 664
149 991
269 49
59 975
181 221
63 695
253 156
43 18
257 867
88 23
118 578
142 881
217 463
284 141
284 290
240 879
60 295
235 293
288 711
180 66
194 438
283 349
236 758
251 871
226 907
159 729
248 998
255 236
8 946
182 126
112 490
161 44
116 353
146 770
18 728
70 317
217 179
195 154
172 668
167 404
34 487
133 490
180 621
294 886
33 905
62 687
171 534
94 824
47 910
61 23
287 812
258 798
159 604
117 902
78 54
44 447
162 318
250 273
207 431
259 543
243 779
92 511
46 196
297 747
31 687
120 10
258 204
187 503
173 231
44 737
45 170
246 778
4 513
38 1
234 428
174 264
222 456
42 38
47 607
164 613
268 891
231 709
30 687
127 224
257 902
76 596
71 874
186 60
70 710
160 207
274 20
155 776
158 457
245 92
168 124
64 415
157 2
62 295
105 445
206 239
251 176
26 846
85 341
12 629
189 671
215 93
86 200
241 87
205 820
183 137
246 44
242 504
292 525
51 848
64 718
229 198
38 510
125 687
86 587
70 118
238 763
299 554
189 559
140 157
254 667
56 326
72 632
230 800
110 547
208 753
99 923
263 20
141 230
55 863
156 860
234 198
114 499
272 718
52 186
55 251
252 46
27 346
202 535
184 575
256 684
210 97
4 947
82 561
116 818
242 303
27 681
286 509
204 469
151 881
279 975
39 151
183 411
253 277
276 434
9 670
159 600
11 208
151 686
99 510
67 793
289 62
242 105
110 811
127 715
295 292
196 960
246 476
142 204
98 616
79 735
52 228
128 951
236 302
130 245
194 897
199 547
253 660
251 36
95 41
104 548
252 918
60 868
16 127
38 984
13 402
300 720
255 377
150 714
60 36
17 614
59 220
267 649
32 129
220 99
117 469
47 857
144 167
132 499
200 666
193 463
160 755
299 92
248 406
128 848
75 657
285 195
127 727
59 218
280 798
231 621
244 882
229 728
182 416
184 734
142 227
219 449
115 523
2 220
270 321
240 569
109 981
16 539
61 792
287 30
2 458
40 354
31 765
182 875
159 312
78 684
16 917
168 95
293 675
152 94
114 44
236 766
292 888
94 615
81 25
78 493
238 221
123 194
107 471
214 905
217 710
171 333
220 885
45 256
69 713
278 388
16 502
123 550
119 571
264 717
279 305
277 640
49 623
153 285
274 233
282 835
62 365
81 785
52 381
31 148
114 895
90 5
200 528
49 305
59 52
207 271
178 952
64 645
284 129
66 740
201 290
71 55
263 466
19 752
186 979
302 956
286 605
214 914
285 48
83 759
70 310
195 788
129 119
217 295
166 426
89 446
229 251
235 687
21 607
142 531
111 66
69 166
99 417
274 905
295 464
106 8
275 110
73 333
259 780
51 659
90 34
267 11
238 266
61 594
272 395
66 833
293 39
63 892
225 637
206 268
87 704
200 69
105 325
208 216
140 889
73 826
47 258
162 892
170 129
223 105
200 326
55 171
219 715
118 981
249 200
166 290
114 494
221 813
144 108
173 15
34 654
105 365
72 256
240 655
131 511
185 266
82 80
208 839
292 303
126 274
214 762
11 99
138 724
200 32
72 906
285 818
29 257
199 667
109 614
51 294
230 452
270 87
221 522
146 343
126 178
23 610
152 764
145 568
85 257
205 239
259 160
33 879
96 564
182 621
138 347
176 969
140 769
25 671
151 763
23 898
179 741
132 44
139 741
66 944
228 85
158 665
240 340
149 272
46 998
3 633
112 320
148 878
161 37
8 315
273 787
181 960
44 614
4 963
96 261
117 523
234 272
301 262
50 560
178 220
271 503
208 257
35 43
110 207
118 552
101 777
169 99
99 266
49 111
215 196
178 396
89 377
293 19
66 294
213 219
250 603
151 839
141 604
210 678
202 923
141 858
94 227
287 770
118 54
196 383
282 57
245 562
288 299
65 245
117 865
34 142
122 125
19 831
247 114
124 528
110 218
204 556
163 264
146 55
84 543
203 551
214 617
288 720
170 216
227 38
257 88
12 39
122 683
176 646
277 140
175 210
7 852
265 852
184 737
97 181
223 442
8 93
209 292
181 61
52 224
156 534
267 314
125 536
84 388
118 788
49 193
283 890
73 106
102 188
242 172
148 713
6 680
83 443
111 946
84 745
275 179
44 582
297 519
153 224
37 448
265 666
101 593
103 666
197 867
79 500
263 683
163 989
9 418
97 224
286 460
251 309
253 618
163 933
91 632
60 231
94 487
28 663
40 348
52 945
159 631
51 250
181 213
213 232
123 583
200 165
189 553
152 40
52 732
254 851
58 356
19 590
188 82
86 675
65 771
8 264
223 15
198 720
213 635
203 258
185 911
243 888
141 553
175 962
301 969
234 73
182 739
165 972
247 360
171 758
266 965
297 805
51 178
133 437
72 827
155 35
93 883
171 563
218 125
75 803
187 81
245 549
144 133
53 881
257 225
178 584
9 658
166 794
297 392
88 729
208 879
213 796
47 418
166 141
181 763
96 107
96 437
165 481
123 259
231 925
146 389
269 146
243 986
263 46
255 241
35 141
79 390
286 596
91 692
70 359
205 165
60 611
148 156
201 892
223 763
125 169
129 797
264 707
203 557
145 2
44 837
236 368
286 297
29 579
53 337
216 703
202 266
126 98
192 510
166 191
118 767
288 84
285 896
18 651
281 588
189 108
136 525
113 162
268 982
48 42
281 642
214 831
244 755
201 729
97 787
20 457
13 679
244 918
32 942
4 587
255 126
38 694
132 600
242 131
119 119
17 680
107 189
52 342
163 183
127 390
89 404
77 809
236 945
134 511
65 320
184 642
82 932
175 400
157 222
30 964
124 596
245 588
64 716
130 885
14 166
261 811
121 599
52 226
97 167
92 296
54 172
302 200
173 700
69 840
261 328
71 3
111 779
39 209
45 783
242 970
270 872
179 575
181 143
122 505
222 880
60 495
3 884
290 397
111 680
49 544
228 68
65 786
228 270
189 396
18 684
184 247
135 13
147 538
49 721
37 112
179 908
58 751
2 983
178 345
167 727
89 686
241 460
263 505
291 739
155 63
17 405
281 171
232 526
119 925
112 151
117 94
230 12
54 365
115 238
276 509
238 185
109 973
82 896
46 494
250 653
218 489
217 41
183 655
208 578
19 534
247 95
117 83
152 894
172 786
110 919
149 904
217 615
4 642
95 910
228 403
139 497
189 426
43 104
271 865
299 49
235 695
48 19
211 439
71 484
283 919
284 252
297 170
118 352
294 359
76 808
122 479
275 801
30 66
61 619
154 227
107 947
116 368
153 755
116 619
210 886
225 643
263 148
280 468
153 52
242 963
227 533
181 570
238 339
121 938
149 977
108 420
164 537
246 503
277 429
111 694
224 842
273 567
137 392
297 852
257 499
85 502
76 13
237 365
44 26
21 393
212 554
125 149
137 226
23 990
285 235
194 720
109 26
201 105
161 78
19 868
149 750
39 328
6 936
52 15
14 611
257 15
172 638
216 212
33 366
274 228
73 668
127 833
181 925
293 987
66 528
108 580
49 260
102 226
195 951
286 960
39 952
195 669
40 102
3 91
264 422
250 553
255 505
134 570
177 203
123 764
16 38
152 626
179 893
299 939
28 241
274 600
209 983
119 769
227 744
215 505
127 72
141 958
296 296
85 906
88 837
225 797
154 302
200 416
272 569
135 771
28 606
265 952
14 411
24 341
131 670
253 527
248 326
298 874
73 811
92 737
234 537
191 308
104 586
183 573
225 321
96 970
113 583
57 575
101 345
137 81
216 232
210 475
205 656
55 821
151 153
73 848
241 217
58 883
4 497
281 265
260 939
176 633
5 187
57 701
89 603
52 339
23 564
281 399
66 980
278 639
1 603
45 949
45 765
258 513
286 235
2 661
51 921
166 295
116 873
241 954
262 375
185 565
249 612
51 34
53 820
140 232
94 815
273 914
61 275
272 334
62 752
79 551
105 459
274 228
269 12
229 702
279 928
258 918
146 799
36 916
44 391
174 785
97 271
13 70
52 941
49 907
156 593
15 865
273 135
259 240
245 233
129 490
16 667
121 806
200 485
53 166
134 133
7 897
94 210
161 642
277 994
199 351
293 541
24 387
217 759
26 780
280 706
293 213
13 106
146 181
154 79
145 119
105 86
201 960
10 1000
140 709
284 602
106 106
45 452
43 51
59 106
230 599
103 398
17 352
277 683
139 100
137 196
212 391
290 3
24 607
127 658
199 942
103 422
222 140
244 134
198 963
216 409
226 609
65 949
78 977
77 425
105 218
241 780
252 886
167 131
124 445
21 271
212 776
211 844
176 414
279 708
107 946
273 274
141 690
214 88
134 738
70 313
41 847
124 623
52 549
110 78
18 578
245 927
109 792
34 446
157 671
125 701
207 752
2 487
26 595
136 101
150 570
10 277
53 580
85 621
48 427
301 269
217 86
22 818
153 608
55 540
231 287
80 193
211 742
27 783
115 435
160 934
160 121
263 827
233 511
90 71
297 472
36 846
263 282
164 825
227 999
223 652
223 886
41 984
114 978
161 506
10 602
30 850
164 840
87 382
124 506
195 372
280 324
263 763
246 148
169 43
83 189
28 600
258 965
143 3
183 478
67 241
132 280
114 394
247 662
97 83
107 597
228 645
210 312
213 163
89 30
242 456
127 490
244 983
12 570
67 913
85 290
301 315
281 6
24 445
142 307
214 828
246 206
187 408
212 947
212 15
151 944
176 576
194 999
202 641
167 512
10 658
135 932
255 192
198 155
150 803
276 407
36 480
222 295
242 39
199 861
97 213
190 216
161 980
293 939
181 327
131 836
185 31
131 558
102 600
246 151
8 820
81 443
85 7
243 663
190 425
169 742
246 903
245 728
11 395
280 446
255 143
153 519
48 798
264 167
253 668
145 339
35 888
285 413
64 385
65 294
94 230
125 599
15 13
262 527
239 501
59 649
148 683
202 226
278 457
274 79
12 834
281 61
247 632
6 775
164 751
255 636
12 807
98 695
234 29
59 109
56 250
133 594
282 299
270 172
71 759
79 78
299 357
95 311
255 555
275 201
143 376
266 298
84 347
20 734
153 785
116 147
32 931
254 379
98 597
194 558
80 793
110 493
219 298
48 784
290 897
167 41
86 548
14 983
225 226
77 540
246 152
65 991
7 231
11 235
291 859
229 670
45 165
88 203
91 218
276 737
56 659
62 985
51 643
51 803
164 564
252 706
58 642
66 108
12 726
229 987
270 860
271 758
160 845
71 280
131 550
123 232
29 23
209 304
234 518
146 495
135 985
110 319
91 999
222 615
242 952
172 929
39 584
156 669
248 296
45 885
171 69
206 351
297 967
25 990
70 780
54 825
276 386
121 667
276 768
143 289
173 494
166 719
118 896
39 308
230 727
105 913
82 88
43 989
107 555
272 604
110 277
199 323
76 358
253 886
29 724
169 475
94 631
54 68
66 226
112 513
183 16
50 292
197 925
131 259
260 385
282 57
261 881
47 957
245 614
110 657
70 723
297 4
151 251
273 321
253 64
129 646
217 509
112 654
180 278
209 199
262 91
153 565
212 865
279 29
12 536
167 483
35 438
232 948
136 690
289 197
30 26
232 546
228 990
32 831
29 138
140 899
152 24
294 136
290 364
274 661
198 478
199 316
294 187
130 60
302 869
8 1000
144 878
257 741
72 713
38 568
201 889
245 222
33 840
80 779
124 290
286 876
249 143
139 828
197 36
50 987
226 842
39 226
11 766
244 792
244 432
224 840
139 236
89 249
85 588
127 581
126 139
103 738
77 347
25 332
173 104
32 193
276 868
33 811
87 985
282 506
227 306
33 743
277 250
21 354
140 610
244 278
119 632
48 439
117 259
1 171
274 424
210 958
160 152
210 396
83 135
205 635
41 239
48 350
229 27
269 483
219 932
15 470
217 904
230 36
108 285
200 153
165 707
24 698
63 487
242 740
115 369
284 523
171 471
279 348
162 719
77 595
166 809
14 933
78 115
43 256
136 988
176 46
86 881
4 462
162 130
224 891
128 990
35 635
59 835
102 865
261 215
78 195
209 402
233 500
81 737
119 611
273 893
8 851
263 834
226 265
173 504
173 97
127 974
128 402
135 218
210 349
242 402
259 225
224 830
164 626
261 611
31 734
114 673
1 391
22 262
219 428
126 642
9 199
249 361
261 936
42 468
132 800
29 520
220 527
33 349
229 584
282 664
246 135
208 417
301 722
183 798
111 5
210 574
52 500
25 775
178 85
23 921
169 363
181 913
147 93
168 495
25 828
189 616
90 920
121 332
274 644
170 769
290 846
10 614
61 312
20 553
295 938
61 794
120 93
153 989
165 617
54 372
56 920
106 227
95 857
185 802
274 374
26 799
101 374
213 457
29 652
163 894
257 333
86 254
12 966
229 485
98 429
13 13
293 715
27 114
154 192
81 292
76 855
237 632
229 909
282 160
144 982
142 78
148 921
22 589
52 639
97 944
59 119
298 377
120 277
141 124
132 207
59 313
31 887
164 557
208 668
212 169
14 928
227 722
39 395
231 335
142 567
178 911
177 474
116 768
189 919
55 489
127 741
126 425
176 846
237 197
161 457
260 918
238 353
111 601
203 68
126 61
109 453
165 832
274 371
259 179
195 808
284 545
123 170
13 388
97 309
134 72
152 150
28 694
81 66
26 579
112 477
84 254
157 484
74 157
252 412
41 808
247 328
257 485
21 774
203 587
210 99
25 143
143 291
13 10
185 905
205 560
158 917
79 922
172 353
43 845
24 868
230 745
90 591
159 164
150 178
67 956
70 768
280 120
147 718
41 624
22 424
185 520
299 189
78 898
169 750
79 976
187 243
239 438
110 270
123 46
94 557
138 145
279 164
33 381
3 641
242 218
5 743
90 820
48 867
143 396
241 778
203 711
181 769
239 821
81 739
213 243
133 271
229 474
216 512
123 918
66 411
83 511
84 716
200 795
82 441
18 290
44 157
253 809
202 343
79 168
89 680
284 396
74 441
140 997
190 203
208 753
72 748
261 279
90 201
160 397
109 662
53 979
284 800
211 550
162 364
203 102
181 285
250 96
32 801
289 572
125 221
217 632
183 933
202 379
170 757
46 571
244 611
198 840
112 905
122 158
172 384
27 551
136 832
235 535
203 425
269 54
191 790
128 722
117 149
260 10
150 424
166 188
286 558
51 743
77 802
47 874
105 859
12 220
258 243
240 281
163 153
19 659
72 671
237 447
169 44
162 188
10 426
24 752
277 65
255 250
133 27
10 209
32 294
40 123
278 53
290 855
135 935
293 412
201 430
46 991
70 170
237 793
177 516
226 511
53 827
118 488
205 386
245 867
119 776
2 902
159 534
113 96
248 429
143 408
169 462
1 363
28 711
203 18
164 237
282 49
60 996
226 178
293 697
245 256
174 57
266 220
143 879
190 52
20 730
126 447
223 972
116 906
155 108
102 446
42 773
121 239
71 821
94 182
121 591
229 881
116 625
173 294
110 423
217 419
58 334
80 441
271 138
192 60
300 416
255 957
46 308
56 392
251 557
119 654
154 516
123 660
130 465
288 427
252 470
144 678
288 865
238 199
213 174
237 17
108 619
131 319
197 355
229 444
208 284
145 874
59 577
221 291
254 880
2 35
26 140
202 476
178 124
195 783
86 419
94 10
61 654
74 597
196 961
214 956
15 690
273 120
294 388
106 942
188 958
118 102
119 266
66 189
293 102
11 939
160 630
153 846
258 488
192 678
297 838
250 791
239 712
263 450
279 95
217 227
141 387
109 20
169 558
106 617
62 167
116 795
178 785
98 21
49 377
280 98
272 603
29 509
194 469
39 855
10 722
186 60
3 368
101 206
131 3
288 553
255 848
259 877
285 666
215 232
90 121
183 65
268 334
180 830
60 753
81 359
295 395
75 904
185 732
265 499
115 750
158 516
210 551
61 627
27 316
94 85
137 121
65 500
86 577
102 354
94 228
9 922
178 900
271 928
242 487
70 675
207 648
210 106
210 494
46 244
190 44
289 134
226 927
145 26
82 667
161 298
18 663
257 841
194 372
271 554
238 625
112 471
61 210
16 851
248 789
88 800
264 739
133 587
289 357
47 67
68 141
15 549
38 392
24 915
63 243
75 40
17 915
131 597
197 275
221 152
64 170
144 952
270 130
224 802
137 227
103 151
253 141
295 347
224 450
148 264
173 306
215 169
290 284
232 935
93 916
85 360
234 223
219 115
83 368
11 149
184 287
14 911
156 709
293 533
10 234
216 648
163 855
104 413
30 380
161 389
62 803
30 51
121 619
149 505
294 486
246 771
60 395
217 809
123 365
211 210
24 481
108 580
96 692
191 733
27 443
148 733
282 314
159 185
200 30
238 26
71 282
261 372
172 550
220 656
240 91
133 82
49 272
236 739
250 536
4 920
275 250
247 417
258 360
21 115
263 208
99 367
140 238
194 432
277 176
275 553
94 73
71 381
269 230
35 725
185 164
301 550
172 288
264 368
238 229
166 96
270 202
176 86
272 361
235 560
229 666
15 829
22 526
219 27
117 636
6 914
56 831
199 935
179 45
235 434
92 986
126 848
68 83
26 761
241 68
252 243
293 746
143 709
288 570
92 525
139 440
188 675
276 537
247 380
187 986
171 639
119 182
264 211
210 979
114 904
284 21
256 161
103 554
131 936
298 213
222 922
219 796
119 159
75 962
179 747
255 445
154 304
240 81
41 178
180 819
108 145
222 542
217 675
189 626
215 263
65 184
118 330
263 983
43 966
231 746
139 79
217 768
67 596
194 283
123 164
134 313
22 774
291 918
26 311
41 688
45 456
111 370
5 14
231 466
210 833
119 730
222 517
95 866
31 35
213 356
161 209
19 87
116 894
207 502
187 751
179 542
15 421
231 867
287 13
159 579
295 966
96 281
257 38
32 860
144 726
31 901
205 313
74 789
168 993
13 820
234 130
291 11
265 821
224 203
202 543
298 100
219 719
108 335
222 75
45 460
24 356
218 109
293 349
5 649
262 880
61 738
91 945
82 303
153 17
204 555
31 820
162 180
208 635
216 501
15 187
38 340
275 165
187 925
117 676
70 957
86 898
35 119
260 707
74 907
12 407
159 42
111 932
150 147
13 571
168 594
187 407
95 75
286 473
175 475
49 510
218 1000
25 767
141 636
155 383
103 942
9 793
238 464
262 840
52 330
228 541
176 214
195 277
223 586
10 560
180 321
253 275
22 946
170 503
121 487
129 904
90 672
94 294
238 750
24 943
56 664
37 315
181 273
45 863
36 295
139 91
75 590
188 100
198 531
163 210
187 354
98 203
52 513
44 375
11 706
210 681
100 461
267 844
102 43
51 588
287 644
300 729
131 610
104 472
118 60
46 769
276 468
55 994
269 225
23 194
115 598
114 519
72 593
293 393
218 469
94 460
183 600
84 874
173 502
9 127
279 564
90 483
98 118
190 236
72 929
51 265
47 321
280 192
288 869
150 657
232 326
207 640
70 36
283 703
60 681
214 289
74 747
158 881
228 662
241 809
155 560
233 995
170 180
294 780
197 424
156 435
17 678
200 183
12 542
41 22
143 179
264 719
258 986
122 249
19 710
170 337
160 63
236 136
244 493
54 875
123 538
33 250
124 22
273 281
298 360
137 777
224 228
175 368
142 255
132 189
209 429
137 149
14 156
126 49
117 686
286 206
189 531
297 835
117 269
263 750
73 514
167 296
216 709
211 388
69 852
123 52
226 236
284 596
6 177
131 277
68 215
217 155
4 76
231 912
297 139
293 471
265 530
297 881
99 788
301 563
64 673
103 902
167 649
56 430
301 557
286 196
40 86
141 332
282 163
136 720
80 712
27 523
50 826
301 758
288 507
178 254
261 300
233 372
284 950
179 100
59 152
224 30
189 517
39 369
129 699
190 371
270 756
205 842
124 992
89 190
17 682
234 228
104 695
228 861
189 98
121 332
6 451
251 212
217 483
14 16
151 369
46 97
212 616
118 844
74 543
197 465
156 663
194 949
10 73
74 585
152 478
17 56
78 652
295 629
171 992
128 563
31 966
66 51
145 531
5 49
99 420
260 303
81 340
272 97
260 58
251 792
47 568
50 15
116 749
91 873
62 620
281 841
198 907
14 640
119 533
66 778
238 689
134 177
188 456
120 9
242 866
110 938
278 458
230 810
247 422
164 24
128 112
254 666
222 215
302 568
222 127
165 950
291 837
126 14
287 19
15 268
93 602
190 640
204 731
276 168
101 285
278 115
67 755
240 775
226 11
46 379
101 463
281 854
180 704
279 126
271 422
74 778
195 161
269 721
225 772
155 97
54 44
81 713
254 805
283 238
203 173
198 186
139 431
267 808
248 994
79 314
64 184
282 99
108 103
195 317
188 411
187 221
171 682
288 26
84 926
249 473
149 423
23 580
46 495
3 158
62 172
104 793
254 449
275 16
203 845
55 229
22 2
30 396
233 663
302 502
63 559
82 552
96 208
219 657
295 453
25 471
250 869
224 259
240 489
263 968
7 473
84 224
191 792
96 287
214 860
267 718
135 503
137 873
140 785
82 729
160 219
208 451
120 677
74 104
73 49
252 587
82 685
234 126
267 837
170 613
233 536
284 9
295 62
227 262
204 56
271 365
91 272
45 827
17 700
233 880
105 656
25 593
88 953
71 567
285 498
193 126
196 99
241 431
148 869
207 758
121 127
239 948
235 604
88 86
205 467
294 388
149 62
191 555
110 299
192 940
193 414
173 266
71 333
20 512
74 138
11 473
220 85
140 6
217 232
117 444
233 353
47 115
2 987
56 272
151 757
285 843
7 849
35 442
54 518
236 885
191 511
149 832
241 474
113 908
33 90
235 677
200 86
272 933
96 7
170 328
287 854
224 654
187 355
48 389
251 7
226 477
18 811
8 377
244 871
260 196
81 164
281 786
74 418
20 675
225 275
202 699
196 30
291 5
253 789
208 435
24 399
120 704
199 519
100 846
92 795
39 688
44 254
15 186
155 734
35 459
251 110
287 594
167 149
124 86
93 798
255 565
28 222
292 310
299 850
98 63
49 910
6 751
29 606
29 789
294 457
140 343
265 809
93 932
41 452
161 867
100 54
21 729
297 317
65 672
201 131
165 34
30 800
261 114
115 630
128 323
110 43
201 511
108 666
173 161
188 314
261 283
302 661
63 497
271 859
254 556
113 517
179 889
105 50
202 847
275 949
269 933
49 644
192 521
136 531
153 225
230 983
287 582
258 20
114 5
131 72
23 828
81 757
212 43
104 739
176 872
188 451
58 113
277 493
23 671
166 795
53 285
272 140
173 373
7 418
102 387
278 188
24 384
3 29
17 584
157 243
37 940
109 673
111 25
42 21
148 968
208 10
270 316
201 519
277 111
211 943
96 533
188 640
193 662
49 860
91 177
218 954
250 660
90 45
267 765
183 828
227 596
8 793
253 694
23 146
208 908
108 283
77 130
42 186
130 672
101 514
276 84
39 385
121 319
198 161
43 531
277 570
23 627
134 471
219 915
92 581
57 52
111 623
227 642
196 388
247 869
159 991
266 899
223 318
70 996
41 141
229 205
65 640
150 718
234 828
149 444
271 974
158 368
2 322
96 885
38 646
28 374
34 436
237 206
64 796
234 14
231 183
255 970
151 205
3 484
180 544
48 608
73 695
229 134
53 572
54 404
276 910
56 449
129 856
210 523
83 344
276 498
101 825
112 3
91 265
261 557
145 540
87 447
290 647
301 832
122 101
200 470
184 766
22 640
190 451
52 620
228 739
75 674
30 362
139 190
90 172
266 450
173 246
272 593
114 190
156 38
165 214
9 571
234 989
124 802
87 29
16 88
269 934
243 877
62 666
234 29
199 919
192 762
23 304
14 591
264 28
7 894
260 702
229 140
259 643
245 640
91 103
226 39
88 880
300 339
201 961
241 199
216 825
220 965
219 298
165 256
131 658
169 122
176 565
93 967
241 681
215 904
121 568
236 146
113 250
88 492
162 640
51 236
167 666
56 739
59 786
213 692
261 279
294 689
17 579
186 990
24 829
138 332
17 616
25 111
80 170
180 825
250 190
302 765
139 203
156 756
223 770
15 620
128 779
202 563
106 729
234 464
69 593
77 603
43 696
199 360
66 658
161 273
281 163
73 665
148 986
32 81
145 321
250 6
21 895
42 953
130 462
127 6
285 21
103 878
234 54
237 877
149 233
253 252
128 864
277 792
9 513
120 849
39 191
12 60
21 953
213 306
165 458
179 519
164 223
214 851
223 380
238 724
262 176
257 362
139 260
180 610
105 399
104 4
54 285
264 605
40 827
23 118
179 629
291 370
299 961
142 644
198 545
42 327
146 269
243 652
158 311
170 24
42 445
119 427
198 18
150 418
74 141
38 941
191 856
230 754
198 418
166 680
105 622
59 165
107 386
89 553
276 849
76 200
296 297
299 628
129 382
232 57
174 221
77 488
269 610
290 460
21 722
283 911
251 810
132 670
31 214
158 17
170 730
161 709
42 293
197 641
242 49
287 300
131 189
107 653
157 163
94 954
189 34
163 186
233 244
19 107
196 897
289 508
96 307
1 212
211 488
132 706
252 924
100 714
55 788
66 654
199 155
153 91
201 369
88 720
181 7
125 26
239 140
113 155
284 195
134 990
151 211
296 373
23 461
20 748
20 562
82 787
281 731
21 695
270 543
45 505
243 968
115 845
11 470
158 117
104 194
291 628
136 28
285 372
238 615
206 8
127 367
50 834
229 106
196 454
168 372
41 205
12 665
250 756
38 15
120 994
154 337
123 5
68 253
53 326
196 943
5 264
41 116
176 469
244 712
262 393
247 360
34 21
172 985
49 341
211 815
193 715
244 15
242 34
178 741
11 587
5 454
204 579
8 24
157 483
24 13
202 535
13 68
90 712
94 296
199 842
61 727
270 22
267 908
130 25
73 869
184 523
187 341
283 354
142 571
90 276
218 434
29 256
33 911
218 718
45 782
23 130
28 198
100 109
3 288
130 860
26 883
302 63
262 291
95 459
114 950
2 865
259 798
185 669
158 561
185 447
37 596
247 93
20 132
237 535
280 219
265 394
297 193
158 454
165 361
118 40
65 279
72 713
129 497
21 484
32 339
67 996
244 185
227 564
81 905
144 133
71 158
99 875
20 430
53 880
299 637
84 768
247 224
155 772
40 835
226 463
264 476
13 932
93 877
88 941
90 262
15 957
59 240
266 800
188 131
181 926
262 465
212 316
105 561
94 698
57 277
144 229
178 668
151 119
203 153
80 330
154 817
84 369
56 369
269 928
68 775
188 359
137 836
83 138
71 496
69 139
88 758
247 143
270 699
95 677
6 995
266 371
57 805
55 192
120 874
251 419
190 921
91 59
84 318
179 44
3 447
12 960
87 750
273 508
235 690
78 735
278 85
187 518
190 447
202 291
120 49
14 41
50 580
106 42
145 448
159 993
124 101
40 312
100 829
225 756
200 911
93 100
116 318
113 181
110 952
189 441
245 272
210 59
77 437
89 52
98 17
115 674
13 370
40 516
113 732
42 551
8 140
176 36
117 271
36 295
123 33
193 385
227 583
152 840
11 118
258 98
207 441
45 629
172 598
166 562
136 98
272 165
68 289
135 455
245 926
47 796
69 65
54 750
200 156
189 576
263 286
9 915
184 48
178 68
95 66
186 844
18 847
218 343
69 908
111 678
284 797
238 733
43 721
294 701
229 425
117 675
248 989
166 479
192 158
189 902
185 717
165 521
135 851
161 796
202 391
45 591
141 643
181 593
85 975
138 712
211 797
76 441
120 275
294 991
137 276
104 212
85 431
161 97
50 703
87 436
69 705
211 693
279 625
284 112
297 269
87 174
48 744
153 259
253 769
47 521
68 129
99 700
253 353
59 221
34 729
94 751
275 746
95 469
228 622
133 682
203 202
117 951
145 179
59 656
262 278
58 591
59 526
226 928
75 633
96 436
85 92
36 214
80 547
113 168
198 682
124 511
109 799
235 155
72 60
266 793
30 530
56 337
18 129
231 655
28 841
84 926
213 349
212 232
256 35
223 591
214 421
94 960
167 562
163 523
271 213
154 668
215 869
249 949
193 476
128 202
15 881
31 683
55 46
127 789
114 946
95 57
215 335
60 596
160 421
165 158
109 254
46 427
253 888
113 181
22 782
56 295
114 7
178 651
105 285
103 710
7 168
157 47
115 241
46 51
168 511
183 364
193 901
7 45
88 762
104 728
183 439
253 928
89 717
110 135
74 365
283 857
261 677
280 479
168 482
242 774
290 160
11 805
105 540
11 66
285 131
45 734
235 936
281 52
95 922
93 846
155 339
184 752
277 586
163 43
115 218
179 44
80 345
265 122
161 626
266 971
115 691
31 367
60 832
247 428
253 294
73 609
269 57
90 763
227 798
192 538
237 729
167 821
186 713
144 234
283 983
213 319
97 339
295 492
234 831
290 438
127 737
163 670
131 325
295 64
145 313
272 557
92 800
125 569
176 96
196 573
9 348
3 398
119 970
257 212
118 485
300 204
99 148
282 87
20 658
115 353
73 508
77 970
220 294
96 224
204 966
96 211
73 215
116 528
117 976
255 991
69 539
37 229
218 214
236 147
186 277
131 413
129 766
73 707
6 595
16 659
62 604
198 885
224 58
128 502
28 253
288 990
123 727
42 674
137 607
61 818
174 480
282 604
11 719
161 231
250 648
221 105
233 833
204 354
8 805
162 407
155 930
224 695
73 963
238 841
16 664
76 533
43 913
300 790
256 855
124 575
109 515
294 506
17 597
139 530
195 502
223 75
246 54
42 548
20 231
233 164
177 383
259 82
211 434
264 380
270 967
130 801
302 366
191 959
135 384
228 270
138 943
155 970
133 841
22 109
102 193
56 242
179 302
99 204
40 123
37 293
171 317
213 887
89 712
22 791
221 107
16 836
226 415
188 285
11 707
162 392
123 539
129 420
15 13
29 312
113 890
211 225
14 387
200 72
78 538
199 898
204 308
105 54
89 950
271 274
206 453
14 623
251 596
232 696
73 826
54 391
110 449
14 625
152 849
114 340
178 290
60 944
279 190
23 819
125 276
63 811
219 454
166 249
297 124
55 160
207 783
1 538
264 271
22 955
167 413
45 676
280 322
153 969
83 182
24 988
99 522
2 952
15 342
50 414
122 700
256 587
29 611
263 80
134 493
114 945
86 665
5 591
21 674
183 14
245 989
133 471
260 631
160 167
276 845
289 263
112 795
35 970
61 294
271 601
37 425
41 914
261 708
105 853
74 872
140 502
70 4
61 678
282 347
76 730
22 44
195 474
108 313
257 371
253 616
55 446
128 349
135 631
166 798
44 214
58 14
67 393
206 946
186 392
140 399
301 128
254 778
145 57
162 262
184 488
191 250
279 814
42 232
7 214
56 136
256 875
208 955
253 832
98 720
201 526
158 570
177 90
89 583
262 403
64 211
248 384
60 915
206 977
70 59
222 553
114 760
148 315
122 439
88 450
27 452
66 31
114 340
224 606
259 684
78 929
106 919
300 308
247 339
109 679
164 52
56 144
267 40
188 638
154 218
108 247
107 48
219 402
241 597
285 478
272 535
243 178
8 962
273 2
150 435
134 649
284 341
101 849
251 464
144 284
181 157
214 263
166 475
87 650
260 77
61 145
107 858
65 350
296 652
239 36
233 729
29 125
269 565
295 518
4 942
205 286
50 7
199 418
248 750
113 636
119 357
244 255
20 220
133 989
289 397
198 769
259 911
105 397
151 485
123 358
84 756
198 19
165 280
133 889
244 679
264 90
222 68
112 537
173 518
162 807
105 598
91 162
65 653
26 241
55 195
4 225
210 825
93 243
174 384
222 323
43 208
246 715
62 898
124 638
126 278
75 941
163 302
201 333
255 265
149 535
250 865
188 647
279 245
66 782
108 8
5 16
105 408
119 463
250 952
123 142
277 598
14 974
159 654
280 396
266 61
241 609
88 238
150 449
171 697
170 133
260 775
72 105
67 431
229 142
263 373
123 401
132 877
171 442
79 124
257 838
240 920
240 278
169 691
160 742
67 588
88 175
282 421
299 789
242 430
15 297
126 977
10 816
86 436
219 178
81 810
210 924
13 946
184 950
103 406
296 590
51 894
250 228
168 651
44 156
238 404
14 351
30 316
43 849
270 761
44 676
291 991
261 756
88 459
62 898
83 601
12 962
71 815
140 956
79 903
65 390
139 377
100 96
192 662
253 311
210 982
47 66
107 19
189 968
4 908
69 241
92 379
130 616
148 655
25 912
46 955
294 835
299 517
274 348
100 432
46 119
102 858
130 596
72 463
219 495
195 316
103 347
11 965
268 354
59 511
88 103
33 430
164 292
175 217
118 44
277 505
272 2
177 918
262 584
10 986
68 618
117 443
60 176
70 309
263 503
107 638
128 241
106 945
95 816
198 196
166 951
281 497
182 57
163 456
48 688
263 900
8 167
67 866
233 201
249 637
3 144
243 492
170 614
74 74
296 471
277 982
174 645
160 433
45 19
117 122
245 331
156 941
259 768
204 719
89 252
237 540
251 52
238 130
155 55
261 259
96 466
244 751
156 822
247 304
219 481
244 99
194 897
108 94
183 684
286 204
182 363
274 763
31 154
265 783
270 338
286 100
97 480
63 928
210 171
251 117
212 657
220 852
256 147
117 45
97 148
189 473
4 958
209 528
207 333
186 531
297 161
140 803
15 801
41 599
35 699
236 571
89 701
175 68
115 167
72 748
216 230
236 220
232 59
107 973
265 330
154 142
11 260
143 178
177 245
134 391
203 886
272 543
165 620
44 970
38 127
14 347
18 684
218 583
265 892
78 561
43 619
213 145
280 593
209 104
300 356
119 893
266 29
278 651
298 798
240 745
104 954
175 776
203 565
29 209
169 600
118 325
183 503
229 466
138 386
129 557
86 423
138 450
253 278
249 886
198 716
99 366
185 569
31 493
250 258
173 674
18 759
179 671
208 702
165 139
62 438
40 353
119 877
247 967
13 307
59 160
242 165
79 915
141 219
140 33
74 289
27 730
15 458
288 841
182 88
290 676
197 270
76 205
19 719
86 235
116 699
59 114
229 369
197 902
99 400
269 964
297 52
116 74
182 656
68 746
302 782
198 563
17 160
269 640
249 923
199 775
267 407
223 306
203 664
81 570
23 32
95 383
4 850
94 809
155 913
14 243
156 255
32 714
194 118
204 786
2 251
196 505
242 709
167 866
154 579
165 148
1 803
256 969
9 172
121 415
46 597
140 866
128 227
296 296
113 271
60 955
149 126
136 699
83 207
114 154
205 417
255 542
121 314
117 394
278 288
20 909
261 452
48 81
298 835
136 93
107 932
31 780
18 532
111 748
124 380
265 736
23 874
19 295
129 556
294 682
270 272
82 505
8 807
265 431
110 53
120 666
108 811
155 188
251 494
176 37
299 253
298 718
194 518
71 327
261 129
95 594
190 868
227 613
38 821
221 676
250 75
240 806
62 614
21 499
191 666
245 28
194 169
253 747
160 885
28 614
272 394
80 640
167 914
193 633
300 495
211 409
227 364
16 505
186 828
92 690
214 194
232 755
90 543
8 431
166 456
143 981
216 949
93 903
290 612
159 323
250 363
210 757
211 145
21 411
111 366
216 567
261 22
79 889
181 514
147 955
87 54
18 187
172 788
40 572
98 784
112 341
138 195
80 336
133 561
265 468
295 394
63 44
39 308
102 814
83 239
270 757
251 968
201 552
81 983
260 664
128 265
136 158
129 326
197 82
87 212
186 701
70 826
44 744
30 726
147 875
137 208
154 815
170 900
41 420
21 724
265 220
138 236
53 814
20 164
143 716
225 882
13 877
215 133
214 716
142 451
237 839
80 924
129 649
3 772
142 216
128 309
288 695
147 963
54 165
249 254
191 61
19 331
213 308
17 723
289 486
118 451
22 642
272 691
201 873
229 415
247 523
230 225
25 762
107 604
300 636
30 651
68 661
237 944
96 827
270 165
111 456
10 767
51 52
118 453
89 745
18 485
169 29
58 200
192 387
54 242
71 210
214 659
99 244
113 112
291 577
7 194
189 498
275 773
279 518
169 819
116 256
282 831
84 678
95 691
43 4
69 778
97 535
243 6
240 451
264 795
170 366
38 354
114 234
126 535
164 383
259 340
134 342
230 188
302 119
293 552
134 756
143 606
177 676
34 76
131 689
66 657
261 530
17 509
280 874
84 893
190 527
116 688
17 444
93 44
288 631
17 9
173 307
122 684
262 791
294 334
123 326
36 891
45 693
207 12
295 825
4 477
131 86
176 127
164 616
91 295
257 302
32 693
237 514
197 319
268 690
201 747
142 946
116 544
31 600
1 134
130 95
71 497
288 589
68 874
152 964
162 918
227 116
116 317
156 48
228 484
225 381
103 212
153 334
224 600
130 826
33 747
282 356
112 504
70 586
115 152
133 439
149 808
100 602
81 576
122 933
247 989
46 190
89 847
235 857
40 332
292 964
63 939
257 705
237 554
89 640
53 129
123 482
101 597
201 847
108 830
60 57
75 40
26 447
292 342
100 403
164 498
37 988
186 599
255 237
200 128
194 36
195 69
175 52
142 797
162 595
273 159
257 837
123 952
3 935
108 648
74 132
128 644
287 764
271 958
193 88
278 784
20 479
281 173
252 653
232 145
49 814
290 851
97 207
88 506
136 558
223 853
71 725
101 386
223 491
176 984
217 594
55 452
43 698
213 416
122 245
278 575
200 465
213 931
257 193
111 840
69 844
92 630
200 717
157 626
6 257
185 573
64 204
248 948
35 356
136 278
154 452
221 145
189 875
194 646
166 819
55 136
44 826
248 889
72 212
125 774
38 327
249 318
109 21
222 830
126 30
29 584
266 43
179 343
168 700
297 332
242 811
287 701
32 927
27 129
28 210
87 861
64 939
181 34
164 397
139 356
101 166
45 164
130 625
164 815
216 413
219 838
269 203
159 724
258 675
283 307
120 520
269 583
252 959
74 233
227 885
7 749
223 990
86 620
249 534
245 547
60 52
38 690
63 978
248 863
2 839
139 864
132 221
247 836
272 403
137 499
174 19
287 609
236 37
160 55
52 787
7 42
288 939
249 986
39 704
236 708
262 617
7 985
67 217
93 181
133 373
15 465
195 881
43 753
149 196
273 30
155 447
212 725
282 657
47 574
36 214
229 494
175 675
184 173
219 68
195 553
116 519
77 49
186 630
295 915
145 497
158 271
134 506
96 994
3 359
94 572
126 123
162 778
216 149
175 316
71 663
280 224
78 16
125 318
227 667
23 481
166 310
68 996
259 780
278 363
53 91
266 198
136 583
252 338
149 877
111 647
210 249
104 643
52 656
86 549
243 263
115 675
160 978
263 244
116 77
37 303
91 407
229 67
126 666
29 29
140 333
17 917
66 210
50 880
141 912
222 543
141 985
299 775
226 749
210 752
25 230
241 542
178 778
218 499
186 317
26 59
194 436
278 374
53 850
274 65
182 807
63 37
151 788
98 639
252 688
215 455
31 510
40 353
76 477
114 350
16 350
245 652
64 706
99 338
254 658
56 789
249 117
62 782
25 509
241 274
84 338
64 288
22 525
17 799
235 262
224 325
248 319
270 545
202 815
302 154
137 1
46 949
43 514
234 659
256 342
296 120
82 587
273 254
12 348
161 48
258 791
96 855
224 464
176 833
162 700
35 748
280 863
48 960
276 358
39 458
105 350
149 866
52 915
200 590
238 778
6 524
158 463
138 988
179 111
74 980
131 792
145 938
243 476
72 229
262 762
5 853
12 685
271 966
106 19
163 922
175 175
136 620
23 287
123 197
275 518
74 10
258 587
161 212
10 921
239 143
202 621
125 763
251 459
212 718
217 402
131 777
211 299
28 230
89 829
291 617
39 4
136 828
99 38
205 600
283 789
9 307
273 335
260 533
273 961
101 242
161 424
86 699
70 398
101 285
71 267
93 400
133 714
26 801
302 647
89 464
255 336
229 651
227 153
26 537
123 774
5 496
269 597
192 120
97 545
119 158
201 352
185 450
251 550
96 841
264 352
292 3
86 538
185 14
265 18
135 9
77 650
250 2
191 266
266 857
79 443
112 58
185 93
5 359
