3694 346
220 836
172 841
140 145
263 732
191 348
155 834
172 852
155 421
120 815
219 269
271 245
208 220
279 450
45 1
59 904
21 253
285 211
70 376
172 899
327 245
29 29
107 41
102 995
332 384
104 23
171 520
315 52
149 93
119 405
219 203
249 724
129 407
79 389
288 903
109 712
210 901
39 274
79 968
277 604
311 98
298 299
143 723
181 950
336 172
264 612
257 558
329 219
240 313
228 882
83 565
323 304
146 396
1 42
125 341
175 297
110 283
146 809
89 52
59 764
115 547
94 357
270 223
154 886
246 234
203 218
26 18
148 67
316 219
38 805
161 458
327 793
91 76
10 547
270 381
231 637
117 970
2 850
331 968
60 251
307 962
89 910
295 478
137 90
2 737
136 164
318 887
98 492
311 803
202 281
36 781
67 745
191 919
157 178
238 255
198 796
66 617
266 189
204 434
267 643
180 222
64 709
158 98
52 3
58 754
346 137
344 693
147 704
17 772
19 405
53 263
325 225
234 775
153 559
46 533
136 176
336 570
38 162
47 61
26 205
31 416
191 653
151 291
145 211
57 832
230 956
93 645
257 584
173 765
344 140
150 503
102 681
334 54
86 898
8 567
196 986
169 846
239 604
157 601
156 697
214 427
329 750
86 179
244 587
286 666
141 501
268 241
18 308
308 224
120 814
138 88
118 314
340 51
247 670
204 798
74 786
265 766
325 475
131 80
175 689
326 399
295 65
166 985
247 787
93 323
212 837
97 385
191 166
230 998
74 636
56 18
309 327
273 767
142 115
187 420
344 298
31 714
333 456
56 569
151 413
171 356
250 319
28 873
4 605
104 514
228 413
92 254
190 22
325 872
262 215
166 759
149 46
25 869
289 498
44 249
14 586
231 229
95 292
271 416
223 791
177 836
141 41
31 137
30 817
318 353
2 686
82 458
222 830
252 439
239 456
98 183
345 139
202 508
215 844
66 718
320 796
325 694
118 40
307 803
113 175
203 248
293 936
122 812
255 233
279 768
55 417
340 541
342 695
280 172
263 664
34 763
250 141
98 575
158 138
303 892
316 833
120 911
49 381
167 421
6 839
49 809
1 109
291 26
162 686
335 818
335 447
344 288
334 753
189 975
33 688
74 493
284 69
96 117
56 845
263 125
88 889
322 369
159 84
112 654
204 544
266 720
233 225
159 740
316 920
249 590
297 649
140 965
131 5
265 970
225 969
76 773
15 726
101 144
50 415
269 89
275 134
109 196
311 638
255 7
262 674
240 261
287 757
297 244
341 632
113 631
135 896
269 996
94 14
346 422
130 109
114 260
124 542
16 296
129 143
130 842
189 512
162 395
325 765
231 130
34 487
201 794
44 211
324 970
250 481
223 532
183 550
276 190
146 986
199 204
63 587
42 324
146 369
280 832
35 304
265 840
309 993
194 837
122 480
105 239
93 783
336 368
38 922
108 927
106 42
12 502
298 410
346 349
242 965
175 949
227 854
112 197
113 989
174 207
314 665
112 92
57 393
179 956
306 18
78 320
24 404
39 824
192 61
165 629
38 644
269 672
37 319
214 697
146 670
183 769
207 981
147 648
238 110
192 120
105 261
49 559
244 170
187 737
180 10
329 516
313 823
38 619
335 315
260 124
43 73
100 338
79 268
104 387
153 14
4 442
105 275
57 302
265 723
250 194
70 275
249 499
122 84
333 477
160 779
67 175
14 952
240 122
86 199
108 821
215 778
129 948
333 996
262 357
124 639
189 329
40 728
61 233
91 150
269 279
346 326
323 688
157 930
117 457
169 821
144 7
94 944
104 405
242 969
239 234
221 727
251 640
268 999
53 711
69 330
304 535
166 420
58 641
15 791
318 47
189 998
58 984
343 258
41 333
270 953
33 207
252 730
164 110
144 74
178 435
306 658
30 175
133 118
346 674
335 111
15 301
178 770
188 8
107 456
112 37
46 676
92 419
260 440
234 476
94 936
291 719
58 892
106 22
293 699
264 569
306 787
2 842
166 514
317 551
270 272
316 836
16 138
264 566
41 89
162 488
303 129
111 562
158 866
287 245
238 291
91 744
48 26
240 110
84 605
85 222
314 404
98 394
6 252
164 976
70 565
28 812
157 213
303 940
267 188
331 659
273 998
164 702
205 132
94 410
21 35
291 716
242 379
219 463
9 409
93 738
68 157
42 639
192 413
100 966
17 800
58 664
203 876
71 964
231 25
82 965
343 412
304 585
312 885
317 884
232 905
213 131
307 256
178 594
143 920
97 230
278 576
91 108
4 702
224 568
103 770
294 183
300 177
4 942
256 258
172 472
30 756
228 267
111 223
340 99
153 358
198 886
121 763
170 143
242 411
20 228
120 590
158 520
327 208
241 857
76 379
302 155
239 227
117 667
39 520
298 916
274 888
12 966
17 290
240 298
219 883
201 23
344 309
8 64
261 267
278 236
310 535
64 133
259 5
3 537
238 573
271 548
285 76
323 12
190 547
40 620
44 263
336 993
200 599
196 640
340 450
254 870
54 326
215 758
164 930
52 551
110 533
255 532
283 660
291 42
42 992
172 349
172 998
43 675
346 845
11 759
312 67
231 944
19 785
153 847
131 682
304 317
105 272
217 650
16 703
141 15
346 64
216 53
134 576
248 28
48 462
263 733
152 112
117 152
123 967
345 175
295 854
304 209
274 151
178 784
82 70
328 555
273 876
61 365
210 341
171 44
202 138
52 83
57 680
65 440
259 800
180 87
164 397
153 669
200 673
254 829
283 215
170 599
37 594
30 276
182 77
204 443
18 914
157 184
339 980
187 79
104 252
282 549
190 247
153 976
13 46
95 298
130 276
98 194
162 308
300 58
339 273
81 570
176 588
197 948
150 114
27 470
126 595
297 131
52 644
336 250
309 766
32 357
226 661
76 68
113 217
74 904
301 736
223 800
47 914
280 887
55 12
203 667
27 590
183 496
7 157
1 507
13 409
311 816
145 864
276 85
201 482
331 92
327 746
190 469
37 339
334 865
117 801
129 800
37 780
13 508
225 465
239 748
268 888
78 698
296 7
208 573
288 453
16 800
24 392
197 697
102 416
80 371
2 273
7 972
301 669
72 312
55 992
236 684
140 570
89 228
314 609
134 717
79 444
81 395
244 665
284 125
79 943
315 172
38 869
226 944
8 850
284 483
279 474
314 515
343 903
190 268
15 270
78 28
66 166
258 6
143 285
201 544
179 42
159 668
158 532
149 762
255 521
124 309
153 136
150 338
278 704
27 84
307 598
235 730
219 707
248 839
200 396
44 682
272 441
208 500
121 590
274 388
342 764
206 78
124 865
77 127
161 76
17 243
148 842
95 832
257 940
78 248
312 886
167 939
27 210
251 906
117 563
65 389
25 931
98 639
115 317
49 4
2 899
14 842
153 977
74 157
163 24
144 697
1 4
214 748
70 191
205 552
346 524
137 846
309 348
136 822
197 4
336 281
25 781
49 503
87 155
37 41
43 679
126 896
153 949
132 91
315 270
314 678
263 599
6 517
256 769
82 253
172 583
283 764
210 83
163 420
158 169
143 52
173 65
143 543
212 505
131 730
142 482
101 410
67 167
233 156
115 929
236 940
110 501
281 951
97 851
298 960
281 161
322 879
332 71
132 717
339 513
230 449
69 512
202 246
190 545
75 347
126 844
139 105
13 614
246 321
19 647
334 828
231 117
289 744
285 736
313 466
63 76
6 254
194 978
215 401
116 614
254 992
291 994
31 446
104 386
26 714
83 887
118 606
206 924
76 961
10 804
84 238
167 490
45 835
80 743
99 691
110 255
180 941
334 612
210 18
310 666
310 26
7 793
110 632
260 719
57 146
301 619
250 514
319 403
339 943
101 967
207 293
101 923
52 576
133 201
145 229
243 29
147 210
297 743
332 33
85 805
69 849
284 94
26 469
263 239
328 499
151 194
231 157
295 771
297 12
136 953
331 688
213 803
191 25
246 344
132 929
46 461
129 424
311 372
178 207
200 415
195 805
151 889
143 53
104 301
269 638
258 837
16 930
281 68
220 623
131 308
224 177
104 346
108 702
224 237
222 968
232 730
87 719
204 947
191 557
287 419
270 960
287 748
285 547
16 25
115 765
334 220
72 520
127 633
256 979
287 537
317 785
278 416
62 800
8 648
27 387
121 876
39 377
24 701
173 731
300 265
297 657
149 255
305 438
64 156
111 928
307 441
113 441
147 202
151 168
74 600
201 137
216 264
50 513
108 163
190 563
286 532
102 661
327 429
145 779
48 410
55 155
237 892
63 528
195 439
25 48
309 84
98 942
10 304
233 304
153 403
160 233
40 906
119 569
194 294
119 152
261 971
259 351
183 642
346 191
250 127
100 119
271 987
286 306
238 875
204 783
159 143
41 632
144 300
168 299
33 835
76 596
39 151
216 969
152 51
174 236
345 338
192 293
2 453
223 86
32 9
61 293
220 478
14 645
157 673
155 389
41 986
128 855
270 591
6 402
148 464
297 825
238 441
23 818
282 675
172 736
129 82
42 162
31 896
250 113
92 81
291 894
98 653
287 769
175 18
238 483
191 343
52 493
88 650
102 303
6 931
2 810
128 335
208 310
291 598
217 773
58 348
273 566
274 900
110 907
307 808
212 883
4 227
34 769
14 383
126 771
47 479
177 148
271 687
182 986
165 782
308 200
342 195
93 621
284 245
99 804
242 154
70 82
104 9
25 467
285 336
253 742
193 6
129 156
310 474
340 149
283 802
252 891
1 477
45 492
283 818
23 740
81 942
21 905
229 618
227 877
156 395
152 216
93 313
313 516
230 184
28 735
17 258
234 220
278 562
248 34
343 386
91 667
113 582
174 847
297 63
151 599
2 394
314 754
305 814
158 299
154 785
17 848
96 684
19 845
335 778
69 431
140 981
72 978
206 265
86 564
327 479
242 607
30 836
15 147
237 191
2 89
160 630
341 217
196 234
42 965
105 582
204 516
83 748
241 304
110 880
232 816
114 595
228 247
46 313
75 971
306 859
106 310
260 742
29 57
314 475
99 116
132 669
159 887
97 942
11 269
15 554
97 675
310 265
191 822
336 994
311 834
291 907
184 67
97 962
292 48
45 871
195 251
24 815
261 122
124 115
106 489
28 847
278 630
79 755
112 564
1 885
167 665
95 101
250 767
32 768
278 750
259 694
260 937
280 948
217 581
290 867
35 325
54 807
97 112
80 304
338 225
265 668
283 582
44 211
133 106
147 210
91 252
142 761
59 750
281 845
73 678
308 199
145 464
91 114
271 170
86 633
155 846
233 279
173 947
180 341
130 125
212 559
128 537
234 687
202 10
13 665
175 767
126 397
206 778
246 793
172 202
11 588
321 34
224 348
79 128
209 313
313 143
236 871
166 13
308 16
15 301
303 904
230 39
5 31
292 59
280 819
190 378
217 331
7 557
346 221
327 267
296 65
264 880
174 923
323 760
135 565
232 584
143 530
193 62
40 573
80 268
295 72
8 241
71 21
156 351
127 697
176 934
230 652
58 56
34 818
29 307
295 628
89 954
205 920
34 36
248 13
184 700
277 584
77 447
50 371
76 113
166 872
158 352
93 194
204 15
328 236
19 877
97 703
24 868
202 673
1 578
238 769
225 731
336 348
97 709
82 267
3 858
295 667
110 770
10 971
163 886
31 537
105 206
182 6
302 236
317 733
61 287
297 848
8 825
133 27
261 369
306 551
198 802
54 48
156 258
65 592
130 604
130 634
11 702
198 39
295 636
200 708
297 491
238 626
264 871
9 277
27 733
214 870
266 410
329 521
122 746
330 640
340 481
319 566
303 166
49 788
323 723
155 639
79 39
39 672
184 916
70 83
281 833
274 392
333 480
140 246
126 97
149 451
292 270
256 197
111 461
198 140
45 17
242 909
289 17
78 177
289 960
149 443
53 427
113 686
269 406
213 565
122 495
122 889
340 106
326 735
155 443
69 511
328 935
39 326
240 723
278 685
306 235
93 271
41 557
126 903
241 931
185 992
230 725
287 451
29 717
308 29
14 513
192 102
128 676
30 474
9 533
336 812
267 22
120 519
189 366
43 739
114 568
23 222
229 258
257 544
243 903
38 685
49 189
187 399
244 544
336 914
246 429
244 118
140 552
44 217
240 278
54 514
172 771
111 167
65 886
270 968
156 736
316 641
334 977
8 612
87 499
311 501
95 381
236 476
210 217
155 495
100 110
206 845
7 446
17 220
181 769
238 163
129 417
321 417
251 436
343 148
105 102
37 755
69 212
251 797
57 497
304 880
23 725
48 123
56 625
182 947
12 820
4 250
125 985
60 163
155 487
247 248
312 87
125 412
65 546
137 130
322 393
202 948
248 75
58 20
325 482
332 766
88 510
333 756
12 736
255 17
154 896
16 215
94 160
326 217
158 991
127 169
292 64
179 995
32 840
256 280
251 707
338 525
327 87
203 289
218 591
70 962
161 89
231 873
310 9
126 177
215 276
304 772
319 110
6 990
27 780
96 448
11 211
115 638
249 231
335 658
164 884
56 695
27 41
249 982
343 88
198 492
277 984
88 938
273 979
136 972
42 936
166 627
15 914
241 371
123 551
259 733
65 209
122 814
14 337
262 894
219 527
4 899
117 403
315 763
40 448
39 413
215 787
256 809
11 224
16 547
114 238
317 900
89 46
234 913
54 759
296 570
255 173
326 332
189 30
296 688
219 916
113 410
76 85
54 698
257 998
163 230
102 156
25 950
325 105
224 423
330 861
49 777
283 146
73 873
31 399
336 896
301 295
98 305
78 47
37 807
275 691
56 989
230 649
67 324
31 692
203 816
241 890
256 403
333 87
140 265
200 576
247 163
323 233
17 452
346 680
20 855
103 151
35 486
159 926
15 924
283 478
188 933
143 951
106 185
223 315
145 965
285 481
131 281
181 531
185 114
243 504
149 106
87 994
142 419
129 273
28 32
216 15
191 309
168 58
117 417
139 118
160 91
94 328
213 826
175 316
102 564
85 287
111 856
128 613
257 92
122 508
340 119
243 696
26 984
293 445
138 429
101 520
29 229
149 287
90 815
196 468
203 145
202 566
28 858
153 47
314 943
6 647
89 986
2 967
218 630
324 88
346 77
66 778
230 634
139 181
312 767
108 475
87 344
28 339
104 982
16 536
298 86
346 792
162 591
79 94
46 864
181 729
221 775
38 659
241 283
143 962
193 939
172 626
226 836
278 104
292 543
343 777
111 544
247 257
84 200
75 989
131 404
118 874
309 973
306 787
23 430
211 446
184 977
265 359
208 370
213 501
43 226
189 448
208 949
317 521
317 333
343 602
82 93
293 481
101 302
48 610
220 181
96 58
65 971
241 741
91 956
233 416
243 721
55 311
184 174
211 977
170 428
302 359
118 208
228 785
79 298
268 840
296 455
342 309
79 736
64 393
300 449
313 595
20 786
195 389
33 129
204 311
206 623
296 467
218 614
232 615
187 138
316 38
332 77
329 967
99 872
342 45
334 49
199 445
343 415
57 211
129 552
62 301
27 13
335 398
338 664
136 325
49 788
220 227
27 453
276 737
126 212
266 391
141 508
153 726
59 280
332 552
171 171
261 170
9 950
199 177
136 685
248 306
59 258
122 776
243 985
124 865
221 594
281 738
124 979
68 919
310 323
273 955
38 832
14 374
288 130
37 954
199 414
272 614
103 395
115 771
30 456
241 713
35 805
340 227
250 477
271 934
42 42
112 95
202 49
141 378
249 714
124 107
16 929
23 617
34 576
217 6
191 467
7 889
69 842
299 268
259 66
167 261
24 580
45 913
329 709
138 645
285 805
78 268
257 496
111 716
152 880
236 240
207 248
47 327
89 66
260 147
195 195
113 612
111 826
37 195
292 116
87 583
66 323
167 171
222 474
157 446
200 523
67 433
44 985
124 53
223 102
292 347
288 6
270 297
269 722
189 724
109 279
62 176
161 756
136 762
144 143
26 79
145 569
275 234
5 469
296 402
310 373
135 913
27 149
317 854
10 286
179 564
28 733
71 673
204 73
268 640
178 680
216 751
243 610
264 82
314 757
237 542
301 167
56 998
225 215
232 578
89 549
81 619
285 926
291 497
209 121
251 669
58 588
325 711
326 871
109 857
133 279
2 33
270 629
64 707
312 709
230 565
77 736
276 906
4 90
144 656
199 4
13 146
146 267
150 414
12 583
3 391
211 861
80 900
105 206
157 967
223 646
311 920
122 189
126 936
305 441
21 422
181 322
317 141
101 277
330 220
302 538
242 917
141 566
335 374
315 106
113 827
244 458
189 546
19 54
310 237
275 244
148 756
78 860
194 680
42 971
295 809
155 489
22 785
288 475
9 63
296 257
182 493
291 753
259 579
140 386
79 193
334 858
113 401
342 553
4 682
121 660
23 950
198 186
325 389
210 994
43 768
259 276
197 951
114 659
314 155
191 778
57 421
103 91
36 293
119 769
10 876
144 352
301 714
309 903
34 433
189 37
260 447
73 289
69 88
225 417
260 394
63 660
186 968
207 672
235 432
111 341
64 653
54 855
299 581
140 400
310 507
123 539
214 990
126 842
221 633
102 426
46 409
63 562
223 698
256 928
276 955
171 803
314 973
90 945
207 391
308 675
163 789
105 757
165 197
198 423
193 848
88 350
180 439
187 235
243 500
254 691
326 332
144 285
89 980
182 847
55 209
43 626
88 662
112 625
252 514
202 214
203 895
93 517
304 77
261 967
184 748
236 49
33 413
260 154
240 618
202 600
303 546
220 916
151 822
46 433
268 799
231 169
260 693
194 872
236 937
196 407
216 940
173 186
210 230
156 91
79 16
121 669
145 850
45 161
274 678
213 28
333 955
83 959
314 275
303 942
132 53
33 682
82 83
137 767
143 365
302 894
134 949
112 100
138 849
227 938
111 845
204 827
161 374
248 768
10 903
56 423
196 704
272 80
291 706
90 175
274 548
314 973
45 681
273 375
9 480
77 413
202 691
268 364
301 240
345 829
59 155
339 196
237 122
81 361
9 704
180 914
311 162
168 343
308 981
64 285
86 702
254 732
103 64
345 577
116 226
281 597
107 366
272 491
311 396
176 134
40 964
98 1
342 760
284 829
303 72
86 366
261 179
169 206
57 229
230 81
180 387
180 736
272 833
267 14
138 772
23 414
61 441
83 523
91 660
344 133
53 562
20 939
343 503
159 84
330 184
201 525
179 163
38 558
332 954
109 173
339 804
66 353
25 308
248 264
53 520
331 361
202 923
232 603
200 363
48 549
35 108
16 315
42 395
60 96
260 779
244 766
249 988
30 127
48 567
137 840
180 915
181 89
64 515
154 358
219 654
45 129
194 486
182 877
74 553
227 364
141 163
5 979
206 858
163 297
296 689
88 643
291 629
302 3
6 595
257 476
161 200
293 440
197 727
194 194
123 647
57 372
212 675
304 51
25 192
301 910
140 658
146 642
145 775
17 201
321 66
54 22
292 162
340 42
314 120
159 907
25 525
138 584
141 233
61 574
28 165
181 270
241 922
337 212
120 296
325 154
185 592
91 795
164 474
118 24
223 112
333 30
29 241
299 726
10 535
102 148
179 761
56 785
175 330
16 809
306 160
334 254
108 358
270 331
98 178
50 849
76 160
280 797
260 365
258 592
58 868
141 950
87 429
216 512
266 49
240 610
43 63
309 517
113 787
220 70
103 593
304 525
132 62
58 983
136 744
303 693
287 449
132 851
293 16
227 714
175 103
19 126
302 942
156 144
21 415
122 837
153 920
326 949
149 524
294 405
29 642
92 997
70 812
210 283
82 146
258 95
325 157
45 157
224 548
263 646
310 74
194 414
4 853
54 447
133 657
151 765
158 587
35 193
162 807
215 295
154 971
208 799
74 849
55 23
209 25
222 719
272 356
316 459
7 930
218 501
219 645
299 745
92 692
274 368
265 825
264 453
203 643
127 579
32 829
101 796
304 269
67 459
256 894
237 588
132 726
86 767
26 17
118 904
277 284
214 610
91 451
309 503
285 547
293 953
174 720
172 429
102 633
318 131
41 375
114 623
159 794
175 587
78 156
195 779
140 403
112 263
159 99
18 812
321 26
57 436
132 643
111 721
295 500
198 198
45 343
235 246
90 748
115 11
126 430
125 752
47 346
310 143
15 987
123 229
166 976
50 329
297 276
133 584
9 518
237 444
259 367
308 224
11 574
265 286
23 463
98 697
176 55
158 291
109 298
298 856
312 478
108 505
190 773
291 395
250 567
161 605
305 773
150 942
182 711
68 324
327 272
277 829
304 44
261 962
245 353
117 327
190 731
155 45
281 334
240 289
97 320
75 890
319 515
294 526
84 440
306 421
76 447
130 589
28 97
18 613
3 70
181 354
200 639
260 580
304 925
241 138
309 231
66 858
28 337
70 282
214 823
3 794
326 582
193 775
194 428
333 402
105 611
192 295
78 146
170 103
208 972
328 726
231 622
6 5
299 181
298 129
42 838
59 458
138 629
81 61
338 15
230 907
52 631
115 464
145 813
339 708
214 890
117 797
147 469
100 4
15 521
177 779
264 36
217 885
339 722
287 574
113 33
16 15
256 506
110 908
226 78
182 69
267 95
83 912
111 418
183 725
345 428
76 265
197 866
208 860
159 503
334 187
174 626
333 582
308 933
103 83
268 407
199 161
46 259
242 510
212 463
49 34
14 982
11 834
195 575
214 382
57 715
215 450
127 90
230 329
61 703
224 117
329 136
96 961
152 847
19 711
180 307
262 770
149 520
298 758
297 162
24 835
293 430
311 533
208 890
290 407
339 760
325 291
197 983
346 115
90 658
193 868
328 383
328 750
100 480
322 629
92 166
107 603
341 457
89 267
64 81
187 48
96 208
134 844
244 518
320 801
84 188
256 372
134 345
174 156
224 88
286 856
26 912
83 142
279 203
269 669
60 615
117 588
279 32
334 48
161 340
18 370
220 309
98 975
306 859
171 646
55 200
340 717
111 890
300 53
255 268
294 817
168 21
145 675
124 831
163 448
133 505
198 79
129 342
150 589
72 76
223 219
219 702
24 967
6 379
87 839
145 12
106 329
144 257
94 430
281 533
50 370
106 830
309 470
298 830
30 70
232 508
135 68
189 108
189 683
168 3
150 660
332 244
109 188
295 445
280 124
144 858
71 320
150 73
262 321
55 133
21 203
230 372
81 671
270 889
238 986
137 146
281 405
156 210
286 171
258 689
257 438
205 967
176 49
188 500
299 559
322 268
54 899
87 955
335 342
200 165
241 557
329 785
12 592
260 440
32 940
225 43
94 946
188 171
235 494
313 743
154 80
328 953
122 654
267 457
212 929
305 577
102 19
75 887
89 15
138 710
243 553
58 565
152 226
126 678
76 78
27 32
142 405
298 278
320 877
159 454
107 118
24 595
304 677
201 532
78 898
156 578
48 25
230 150
147 453
257 704
111 153
297 881
2 357
308 410
147 911
121 451
289 823
258 533
268 753
269 616
10 23
254 454
245 109
32 574
101 939
10 474
25 95
89 961
177 240
298 22
236 900
153 183
268 699
15 966
34 889
67 588
51 648
302 289
330 539
60 909
125 501
328 323
256 712
255 784
64 414
333 368
337 396
295 898
134 378
2 975
260 852
19 703
4 324
68 739
38 845
230 916
259 914
275 603
279 13
25 407
142 384
210 682
114 232
175 212
5 68
93 167
139 626
59 825
206 83
175 45
190 818
345 322
251 642
165 154
36 917
31 781
148 237
31 596
60 358
221 694
266 98
338 622
186 908
224 370
203 781
99 446
288 235
140 823
195 685
301 841
105 440
39 146
304 485
14 372
237 352
60 575
232 811
32 740
159 377
271 347
161 11
214 806
292 718
221 36
9 771
5 7
170 694
108 854
257 744
224 276
12 350
262 951
43 447
86 145
152 185
32 523
188 764
141 669
112 797
52 583
311 141
223 348
3 360
36 889
87 55
19 275
114 486
130 782
88 222
180 990
108 388
277 194
3 656
79 228
298 216
224 930
144 634
29 800
166 709
97 204
224 969
58 353
109 2
301 101
323 241
28 66
58 427
147 208
139 384
166 162
200 157
62 77
265 938
143 92
334 221
16 470
13 14
208 350
277 953
193 82
316 223
177 229
16 373
66 830
89 723
91 135
93 966
299 318
46 766
303 743
121 17
274 95
295 6
107 947
165 739
144 431
17 112
302 24
40 634
299 939
63 625
69 571
161 369
20 367
115 677
322 9
294 679
197 832
244 394
95 431
81 873
318 564
116 900
272 138
51 210
255 503
275 778
268 14
100 321
292 999
15 55
142 106
17 513
140 16
260 833
269 234
129 441
196 935
325 444
186 987
256 934
50 2
34 470
26 273
185 459
102 414
205 284
294 995
340 847
341 423
192 219
218 580
233 549
69 914
95 71
259 355
139 644
322 221
310 46
287 187
117 257
112 356
147 741
229 499
117 167
202 309
25 920
282 934
35 325
95 244
278 269
250 202
252 894
76 135
98 361
210 869
178 65
346 554
275 264
9 98
160 723
343 939
105 577
211 7
163 919
217 734
62 775
275 137
100 772
9 912
200 175
308 93
31 734
247 447
106 367
156 696
309 922
204 543
224 28
304 375
24 349
252 526
114 755
69 7
84 484
197 712
248 985
9 797
344 149
38 411
134 658
11 982
175 108
227 675
193 28
240 615
85 718
108 814
127 859
24 308
214 392
212 896
26 437
192 604
313 824
323 215
322 719
324 251
270 297
301 367
51 486
207 589
156 378
97 13
47 198
46 417
6 847
65 263
228 477
53 682
205 549
189 689
285 752
45 919
271 578
186 537
220 380
237 419
161 154
201 403
147 613
204 445
175 929
230 149
200 97
70 656
121 119
300 379
209 148
14 58
78 222
172 539
302 700
249 712
107 164
33 105
245 286
5 568
322 647
327 283
283 599
295 341
241 811
28 629
128 723
131 493
13 469
314 676
20 760
206 309
94 498
304 486
157 875
193 178
187 888
166 583
127 337
146 785
83 299
340 45
129 902
228 583
128 903
25 380
331 104
40 840
217 484
308 506
187 395
330 155
236 972
43 91
55 590
235 76
189 837
211 677
333 964
120 352
321 749
243 164
287 810
157 539
255 496
168 325
217 559
215 540
70 787
86 870
24 174
147 479
203 348
253 388
308 469
223 64
42 606
277 763
149 792
244 142
30 216
141 128
97 565
107 292
172 270
6 585
266 201
108 912
261 773
104 570
44 513
150 136
304 346
195 353
283 265
298 423
84 579
127 978
278 263
262 107
102 964
126 202
247 888
35 777
128 194
293 199
20 625
154 999
213 842
107 318
117 430
123 416
316 945
234 307
334 733
137 386
142 317
110 387
222 146
210 234
36 505
89 772
291 115
121 901
172 372
292 298
208 749
293 816
184 243
289 707
97 805
56 839
241 833
300 539
315 535
47 761
193 533
226 728
41 233
343 42
299 450
325 966
335 320
345 591
2 759
284 155
322 825
23 636
94 913
33 507
234 512
235 760
296 643
14 651
32 43
145 63
222 660
299 409
78 558
186 565
212 855
325 578
248 400
161 169
273 419
305 89
21 140
155 694
12 485
274 702
163 423
207 947
247 1000
244 691
201 432
268 515
82 395
26 512
317 418
309 212
278 929
323 775
94 195
106 379
81 185
283 791
210 111
109 646
26 808
178 453
237 924
323 544
74 689
121 221
190 647
21 183
282 99
278 468
175 93
196 880
197 610
345 480
200 258
267 400
65 443
95 422
75 900
124 924
171 555
74 626
314 400
35 441
280 559
170 929
227 258
231 100
325 637
116 369
308 232
155 66
5 785
110 30
213 119
116 111
175 96
28 933
315 260
107 458
324 103
267 300
20 323
171 71
210 548
279 264
59 474
33 570
168 130
92 893
207 22
263 938
277 256
133 240
259 643
257 195
214 130
316 695
169 231
317 121
282 158
31 223
174 159
166 251
85 519
191 260
142 39
321 692
6 444
286 547
238 261
329 554
287 281
62 233
141 582
266 627
2 347
278 757
274 183
232 906
142 71
135 481
69 124
285 341
216 402
233 916
133 499
192 369
36 858
3 227
20 489
106 467
276 875
272 50
112 90
166 577
233 482
143 366
145 180
75 278
71 396
280 829
129 268
152 192
317 527
339 932
218 558
200 620
172 127
8 878
32 921
249 30
121 321
62 739
59 951
140 373
178 218
175 253
198 400
325 965
58 847
169 787
173 935
41 835
288 758
133 898
82 26
281 292
133 226
336 382
208 926
337 292
344 898
276 453
315 583
26 266
262 426
151 75
74 604
323 193
96 856
129 213
307 127
286 208
154 199
246 113
33 264
177 786
195 286
75 515
104 194
270 390
146 169
117 33
40 787
274 639
16 789
32 823
134 504
149 484
240 463
324 179
266 429
49 280
337 301
257 89
257 760
165 769
22 963
131 647
69 86
96 988
65 646
69 425
305 187
192 630
221 515
272 812
298 189
84 189
206 135
260 702
121 289
127 412
24 168
59 540
52 956
74 609
207 474
139 113
48 810
259 145
91 146
234 517
199 313
43 928
61 197
221 706
165 430
117 957
249 568
253 8
32 93
135 164
342 945
58 833
332 556
302 506
305 19
216 100
73 272
202 452
45 61
10 550
68 581
2 566
272 812
136 819
109 441
271 975
117 411
40 329
29 153
331 402
298 841
106 579
259 410
301 270
293 1
16 713
314 120
324 743
119 770
239 870
185 417
295 569
231 609
292 575
220 538
96 562
40 105
31 250
296 855
47 552
317 705
262 395
237 502
147 454
200 293
142 776
269 804
81 346
194 770
35 733
182 454
226 57
100 133
267 879
214 640
331 753
71 635
311 380
31 800
260 893
156 898
39 705
211 530
41 35
10 486
35 330
7 349
159 80
341 212
240 604
115 884
315 529
266 337
284 453
337 436
176 187
126 418
219 17
323 68
289 3
246 789
248 526
315 415
216 797
95 990
81 456
90 155
133 288
122 626
160 621
174 836
135 976
304 726
114 513
297 569
41 530
87 800
47 777
169 324
208 50
200 939
323 547
168 589
338 695
262 30
227 724
116 151
164 892
52 85
271 192
327 976
293 584
49 30
139 772
212 733
193 286
44 364
62 126
283 355
235 701
117 974
156 954
324 174
183 184
77 632
205 110
47 940
256 494
341 759
102 278
88 793
121 690
250 440
295 1000
171 644
222 586
333 192
156 696
6 160
64 611
168 69
76 555
216 898
140 50
129 443
286 559
217 145
111 996
37 855
16 89
177 200
181 982
260 39
103 693
132 828
274 189
203 798
276 416
202 460
198 158
273 899
290 168
76 547
189 550
145 602
143 633
132 975
325 570
47 160
269 545
346 933
258 671
216 914
10 980
126 817
274 490
226 334
71 607
294 369
174 63
21 127
120 624
282 922
25 429
305 956
64 460
322 792
111 456
302 489
279 527
73 601
174 620
281 300
249 342
277 74
313 536
92 392
219 391
235 327
297 215
88 476
7 335
72 935
234 360
10 884
13 457
343 197
293 598
217 445
138 21
253 606
85 135
320 164
108 941
212 785
125 537
56 567
233 448
13 865
122 207
100 610
334 435
94 603
78 519
40 834
271 250
311 870
277 430
147 28
260 410
304 909
148 593
219 717
166 1
195 758
180 605
248 915
325 804
264 573
60 543
162 578
27 887
307 513
276 948
77 559
305 583
107 100
159 185
234 735
271 386
282 86
202 195
91 127
238 444
28 930
285 911
249 533
24 459
84 815
344 10
21 141
147 131
300 751
202 544
206 412
75 913
141 970
301 408
78 615
63 43
45 539
185 598
160 339
63 966
345 624
256 126
100 902
183 726
21 389
43 343
330 748
178 456
111 905
227 212
47 554
8 530
90 591
140 308
336 541
276 648
38 940
255 954
238 810
226 632
34 543
213 173
34 887
214 86
28 323
258 560
118 128
301 256
119 238
311 761
279 538
299 594
315 468
73 469
246 890
86 538
192 75
224 281
8 157
261 772
289 264
231 883
102 385
146 493
76 784
79 662
173 650
5 691
212 639
134 576
103 757
216 730
96 75
237 38
319 583
44 24
324 425
125 869
244 246
152 897
48 813
308 193
253 869
23 3
293 733
23 113
67 651
98 370
128 454
319 785
147 596
276 940
239 765
26 494
48 749
148 701
203 726
267 973
244 36
3 443
112 439
150 738
120 868
222 994
162 941
136 212
341 132
114 583
326 748
228 534
290 664
220 776
70 170
229 583
34 134
11 481
311 468
122 850
228 897
195 448
211 310
308 190
202 744
110 681
341 694
276 958
227 831
234 770
55 377
18 464
92 763
188 623
327 692
164 138
98 217
330 478
266 155
314 199
172 751
84 347
264 244
111 549
142 208
69 636
290 652
172 809
130 923
75 421
51 943
41 888
63 452
130 59
277 563
269 887
61 641
325 564
32 173
259 411
21 821
63 44
99 905
335 625
4 591
310 905
75 454
244 294
307 203
307 655
314 639
153 303
196 566
267 428
235 337
113 625
148 645
183 732
60 626
14 569
151 334
275 789
193 383
120 819
191 476
203 915
60 405
52 430
141 222
209 955
289 49
293 877
204 128
88 259
