4553 575
443 591
500 208
125 688
265 740
167 112
53 489
163 158
47 823
257 292
128 506
341 330
327 587
399 257
30 55
397 722
442 582
335 317
168 653
180 34
156 181
152 371
443 18
549 656
343 796
540 665
181 377
260 240
35 585
392 797
98 121
494 271
359 17
77 522
496 670
262 195
185 480
467 470
381 37
405 713
550 356
501 110
14 195
263 53
493 698
244 959
488 342
149 364
146 103
352 6
269 890
114 772
123 647
92 696
223 36
278 41
64 656
483 890
289 721
498 449
501 663
534 337
172 374
413 896
262 960
331 850
447 649
475 356
372 641
393 946
313 342
36 281
560 319
515 965
545 970
356 893
111 182
22 634
448 378
423 60
190 269
243 885
464 539
42 851
277 830
164 42
60 51
149 408
376 753
458 160
520 614
205 528
67 801
451 970
308 201
461 726
358 52
142 455
114 929
295 162
73 135
284 730
479 651
158 54
18 878
181 1
467 757
62 250
131 455
300 314
413 939
468 496
487 503
569 96
492 682
64 663
561 891
264 977
406 127
329 692
30 575
15 146
520 639
113 811
514 529
270 856
252 648
501 681
537 997
220 624
382 790
157 708
344 690
409 567
319 46
194 841
297 731
569 66
262 677
184 812
438 814
308 398
506 625
223 490
271 991
377 160
524 453
468 809
267 580
447 621
49 288
18 845
4 914
567 530
71 734
208 627
482 613
520 740
566 812
80 345
281 988
62 687
315 488
91 20
260 354
477 338
485 790
481 968
90 412
311 529
378 394
11 986
226 921
29 752
351 803
108 768
373 156
520 798
171 654
418 79
460 514
195 486
146 798
25 626
128 258
216 999
483 74
407 977
26 559
420 108
90 790
160 686
268 367
381 219
42 351
522 577
61 774
510 393
507 866
348 348
512 947
417 836
226 157
344 478
146 105
402 783
253 651
293 988
530 253
80 736
409 179
467 442
506 102
487 84
454 801
523 277
375 791
78 824
228 155
204 699
163 78
541 889
62 948
566 505
299 207
24 612
256 155
18 186
544 272
509 398
533 12
419 150
420 590
407 716
486 684
379 191
5 510
206 659
459 992
110 884
78 700
50 967
374 790
567 354
264 766
347 711
66 657
232 861
24 345
165 143
366 536
554 787
274 809
416 755
384 872
364 944
93 308
342 210
378 804
251 849
470 31
173 983
485 458
469 908
388 247
115 265
337 88
501 805
448 32
230 43
360 882
546 578
53 64
107 116
328 13
54 903
260 667
23 223
557 191
458 466
33 696
575 730
264 307
529 839
68 546
468 83
386 480
349 172
35 974
489 901
163 626
121 965
55 75
103 526
209 62
113 807
155 812
410 915
17 617
467 880
274 943
483 913
178 121
66 156
530 728
23 485
544 970
384 121
561 94
112 436
447 497
505 924
316 956
440 11
212 795
114 480
497 215
468 239
526 765
76 565
359 910
385 797
128 829
269 13
75 68
512 161
493 711
565 431
82 990
217 202
185 648
338 616
547 835
213 916
234 237
322 740
391 678
93 67
321 139
41 545
63 629
52 902
438 32
154 274
548 261
421 929
430 704
453 111
193 226
372 376
573 720
264 59
428 570
436 545
224 149
24 635
408 402
210 458
538 404
420 909
506 854
62 14
223 691
140 437
26 548
525 811
550 126
81 281
82 497
100 575
392 74
37 837
66 633
446 669
480 572
235 382
430 635
420 819
181 545
339 890
381 393
563 902
33 479
255 502
503 187
137 179
505 746
203 502
443 244
158 559
76 863
569 135
519 490
210 207
386 547
574 487
103 906
50 272
540 100
326 58
375 753
501 823
316 557
166 430
412 35
264 809
493 597
330 855
370 493
291 419
130 280
130 387
175 134
196 385
4 955
289 270
58 545
482 114
102 572
548 749
277 468
135 642
544 871
423 198
85 388
169 125
412 224
105 414
179 437
278 226
8 119
136 153
554 253
81 884
465 790
345 940
341 17
21 274
214 123
504 21
404 221
504 335
127 948
421 256
570 960
326 330
383 989
115 899
488 532
567 134
320 107
471 394
208 905
71 441
208 291
88 739
341 594
69 993
59 971
302 866
171 165
507 849
115 990
564 300
134 463
536 599
185 771
10 935
295 12
565 792
250 614
143 920
191 266
55 129
567 813
565 218
417 6
235 935
338 531
459 741
438 973
537 791
391 39
185 268
207 355
312 462
15 37
279 156
265 62
380 345
374 450
78 27
423 746
23 92
224 579
268 437
62 790
141 558
513 614
97 735
302 245
157 939
135 943
166 855
60 884
29 496
206 770
412 98
483 578
469 33
485 335
503 852
486 58
467 461
360 680
288 290
440 530
559 655
238 860
86 266
526 782
253 494
222 598
362 272
188 212
430 237
154 861
554 938
454 625
26 883
570 885
184 861
507 178
381 131
483 996
213 748
312 91
530 267
224 629
333 702
236 522
446 512
276 759
75 504
376 796
386 448
282 438
385 334
150 397
458 910
249 615
395 717
458 500
160 536
257 336
397 395
368 499
335 307
283 500
138 621
572 890
387 500
499 234
142 167
173 748
449 816
169 134
64 142
188 471
232 188
50 373
470 640
241 584
400 749
111 612
567 25
225 139
441 855
504 785
371 927
466 598
157 9
356 312
169 38
322 558
191 399
200 542
323 819
11 680
280 302
333 584
235 708
153 464
342 346
402 723
42 86
511 164
35 850
488 717
559 333
269 640
198 689
273 90
254 374
256 82
430 382
309 399
144 631
112 183
147 788
200 169
48 756
390 708
297 778
326 989
430 475
415 134
194 179
351 145
534 568
443 929
444 181
529 345
391 57
357 402
356 926
358 866
33 42
565 688
334 777
154 825
532 745
390 958
16 380
20 412
43 306
411 114
209 772
73 798
158 650
142 65
516 718
281 758
319 791
349 823
132 703
412 408
142 989
97 786
300 36
76 705
81 162
195 679
462 226
360 303
378 178
13 314
393 822
190 581
114 515
351 745
430 133
145 730
211 313
463 961
102 444
359 810
515 506
55 919
565 311
170 587
162 786
459 63
488 469
82 480
383 735
151 255
484 330
453 368
19 653
323 547
307 810
141 879
529 905
340 762
404 332
335 74
7 689
158 543
22 971
336 606
195 537
21 576
309 86
272 280
345 775
373 729
575 488
121 918
159 919
222 872
496 600
134 196
119 431
271 818
159 233
62 559
412 275
363 212
171 569
363 220
16 553
535 706
469 261
333 441
489 845
141 226
413 603
454 858
468 861
198 152
110 534
507 411
52 877
399 739
329 588
315 572
485 834
77 550
65 682
450 39
52 642
170 887
221 733
221 290
42 73
76 586
154 306
454 131
186 773
43 973
260 982
272 422
95 978
130 229
248 877
180 832
63 398
48 119
47 14
283 910
94 485
496 103
108 901
128 182
516 397
321 371
355 287
384 268
121 162
246 152
343 896
135 125
313 993
147 738
473 383
476 494
210 16
42 479
327 296
249 996
511 844
346 796
57 735
462 85
27 152
112 478
375 563
524 388
353 484
553 945
197 223
145 344
291 699
569 43
136 769
226 317
159 986
378 105
172 679
572 537
72 391
511 559
267 700
15 967
409 142
168 259
319 262
55 302
338 404
276 690
182 130
328 946
499 839
519 968
269 22
382 976
273 84
52 35
278 405
205 950
213 559
573 456
150 133
69 599
422 53
359 324
331 115
496 194
545 404
309 235
382 332
562 291
59 568
501 843
311 653
433 863
320 151
171 680
118 570
36 139
356 645
271 913
70 906
134 493
413 456
322 817
486 1
17 377
162 644
103 406
463 980
432 228
524 167
113 668
39 591
478 515
417 93
139 121
526 393
144 651
348 883
434 818
99 814
504 210
559 375
352 292
402 578
218 132
410 157
452 443
196 204
417 390
116 299
558 109
393 375
35 325
502 390
204 591
6 330
179 494
155 673
55 541
90 616
365 455
391 732
385 797
575 263
134 36
272 737
146 860
438 324
316 778
542 407
171 118
430 749
348 574
213 75
127 602
56 669
414 254
4 993
22 507
263 290
494 437
103 110
191 910
237 153
466 818
496 632
261 834
398 519
467 633
498 460
4 282
404 593
513 847
331 341
330 803
287 316
572 714
519 75
296 396
14 949
149 733
303 504
443 48
546 425
282 431
148 52
464 21
155 924
489 508
470 241
125 679
186 445
479 466
510 782
387 172
112 880
474 260
299 576
256 177
353 921
249 385
99 211
28 43
305 615
209 621
425 260
209 86
389 414
571 133
59 241
224 896
33 762
487 150
280 823
65 182
550 778
266 469
195 9
304 525
515 409
443 8
182 831
263 553
545 461
83 443
201 579
563 704
476 932
261 243
512 229
180 622
571 913
252 509
502 151
249 409
258 306
164 63
492 952
220 182
373 700
364 157
157 909
317 522
392 52
245 811
235 810
411 929
146 632
145 825
353 756
257 282
511 963
568 617
161 321
535 927
365 931
171 937
352 29
81 496
199 869
337 215
79 510
99 112
108 109
110 919
347 801
295 69
159 386
344 214
482 729
391 259
178 776
64 673
12 877
575 9
442 716
440 958
25 218
440 722
341 43
323 553
383 916
123 147
145 417
503 831
469 81
413 187
98 165
561 309
35 365
255 877
71 442
354 88
271 525
360 463
575 791
209 862
518 367
472 557
106 959
413 282
186 887
154 438
183 289
520 75
175 923
564 660
138 808
80 838
336 663
260 303
141 851
421 894
116 729
442 858
562 613
112 337
17 61
306 683
410 820
211 109
357 713
4 711
566 989
393 438
513 617
447 467
431 245
531 705
417 106
114 515
230 705
332 644
267 538
296 461
140 191
290 114
297 941
401 837
22 66
561 226
373 921
56 593
279 367
112 712
400 355
95 486
233 893
541 209
432 526
451 785
289 680
143 403
423 154
208 270
517 477
56 417
251 329
424 763
149 121
345 226
174 746
132 661
368 553
166 354
265 130
78 505
327 385
433 358
115 365
384 411
408 64
529 764
342 632
358 593
275 169
369 807
570 857
17 687
564 811
83 646
209 373
212 444
7 337
365 237
548 104
292 635
523 154
439 49
290 391
279 553
249 497
13 808
317 552
167 181
360 253
163 221
44 799
186 434
201 841
380 23
99 218
194 390
527 331
273 706
568 733
323 173
154 64
312 971
270 749
405 989
527 294
157 352
469 80
371 787
145 256
103 84
379 531
547 156
340 540
33 694
546 2
487 940
291 119
51 466
394 578
460 873
106 902
263 845
77 921
355 400
73 638
382 917
427 235
552 373
366 180
116 438
364 198
203 230
339 908
353 108
462 622
75 968
449 813
86 710
291 225
325 472
343 491
279 961
414 123
548 74
247 11
448 256
539 713
572 860
417 137
525 626
314 201
425 187
337 180
165 771
215 480
136 323
367 591
291 344
290 994
221 658
559 249
134 230
282 396
508 797
343 53
552 379
244 916
233 792
68 938
25 26
118 342
227 713
449 747
154 458
302 304
108 357
166 510
78 239
271 326
498 417
183 913
68 822
461 694
342 889
454 167
535 725
462 676
157 683
423 878
536 592
148 181
537 84
493 467
341 236
525 159
404 96
335 651
25 614
136 783
193 685
272 403
38 523
212 920
511 224
141 264
189 424
33 882
281 237
482 583
61 243
246 656
435 627
445 581
481 928
151 79
328 932
571 415
373 140
526 229
250 776
30 26
39 693
393 350
163 674
378 203
425 574
229 215
538 808
303 630
55 790
275 318
195 239
250 314
369 113
292 296
128 51
462 739
291 604
251 465
553 435
258 405
455 476
466 830
126 537
4 471
558 143
397 653
559 325
174 948
558 288
7 402
289 858
343 459
434 366
14 59
82 686
286 407
100 622
425 820
87 318
235 686
64 19
25 179
514 926
17 254
555 211
467 924
414 500
210 138
261 196
335 909
10 325
303 232
454 386
44 562
116 781
217 941
258 826
7 864
497 194
162 510
12 402
401 37
521 849
495 624
65 909
394 726
296 695
21 472
81 674
137 175
445 920
443 683
285 701
1 245
542 906
35 886
343 267
210 142
246 370
469 254
305 154
70 966
523 812
400 112
407 85
384 163
343 270
194 521
132 459
136 553
237 261
372 885
51 344
174 37
344 893
508 443
250 273
233 101
331 764
175 695
455 972
265 894
51 639
426 797
537 484
291 724
203 179
273 244
304 544
330 924
89 820
500 855
247 156
391 476
169 232
234 549
560 317
514 368
348 492
25 553
387 969
141 886
560 428
52 170
227 931
135 626
35 382
217 907
440 882
545 578
179 783
419 682
524 114
247 890
174 172
500 924
305 744
343 312
327 641
309 350
78 570
97 168
532 836
78 262
173 499
47 343
295 737
266 623
336 658
436 507
299 79
436 791
65 219
190 632
428 969
573 955
238 332
492 44
181 100
130 368
336 760
460 867
22 303
564 658
204 750
409 187
126 477
415 560
229 57
148 512
116 388
566 598
117 753
344 672
352 432
87 449
428 88
427 231
202 464
513 413
200 772
532 203
250 806
227 881
45 955
553 736
6 306
398 897
506 929
349 827
303 839
282 841
532 395
302 170
267 628
30 80
90 342
548 57
144 243
330 417
452 528
566 654
160 348
16 779
107 660
529 557
14 362
275 337
156 609
243 68
193 731
266 345
2 619
379 103
177 563
423 361
460 976
177 580
457 697
299 556
306 195
59 999
300 48
208 624
309 827
472 62
51 509
11 114
254 948
402 340
383 655
452 447
171 643
567 905
243 33
511 124
236 885
332 776
476 224
269 46
355 800
159 70
233 203
23 122
473 151
330 465
241 925
462 909
142 353
304 37
386 812
508 796
547 826
394 280
146 173
188 564
504 232
403 110
449 340
67 33
264 46
516 717
270 655
423 58
437 643
561 465
76 779
109 219
402 971
226 799
194 244
83 104
213 187
477 93
153 624
255 872
300 840
521 816
541 708
375 767
462 968
537 579
330 964
243 953
265 383
460 606
37 55
482 868
502 306
53 724
476 224
264 262
409 350
244 890
369 148
209 722
480 232
382 254
159 562
474 566
167 950
409 972
43 189
237 336
350 3
554 785
512 234
9 643
543 742
390 347
22 336
365 125
343 747
287 903
18 210
167 555
81 48
121 585
57 230
352 866
550 40
544 638
322 448
78 839
562 82
560 884
61 975
218 511
132 554
193 327
469 46
419 271
59 965
189 661
272 674
442 116
71 625
130 650
422 26
473 99
194 105
230 620
517 337
173 849
529 620
560 295
303 212
191 330
523 294
299 409
246 386
194 597
378 548
235 526
13 94
558 678
329 564
490 3
467 590
279 529
439 281
64 198
163 502
124 349
2 794
552 259
271 853
140 893
238 11
408 688
391 46
440 984
142 305
128 922
179 358
282 145
53 802
225 652
251 652
513 118
149 737
370 326
33 579
178 589
385 981
344 866
185 521
334 801
219 858
112 423
160 186
240 256
471 389
448 586
58 52
317 895
427 148
299 631
246 804
500 443
538 954
387 427
542 263
409 433
447 518
185 60
261 985
148 982
294 884
62 319
485 912
218 415
401 626
257 735
327 473
125 81
484 971
28 308
529 704
374 905
472 862
484 712
216 220
343 244
225 135
189 939
361 103
249 951
308 715
315 167
36 281
126 487
373 767
548 27
237 797
347 216
369 192
449 948
493 705
491 809
479 612
441 998
532 946
504 958
279 183
514 134
302 372
428 947
99 678
217 506
297 597
39 799
36 142
296 663
95 842
106 541
395 773
394 184
157 95
263 19
428 54
52 485
235 762
516 615
40 968
87 768
38 640
228 860
322 143
264 489
78 998
546 224
385 889
489 442
159 760
104 761
190 193
526 66
325 692
462 626
55 910
139 38
78 543
430 153
8 260
271 314
20 749
168 595
220 192
4 947
530 292
513 725
182 719
199 487
53 361
227 948
425 407
327 234
161 281
324 629
114 931
455 74
566 624
249 565
473 930
461 900
415 932
405 225
444 768
427 747
26 393
7 182
562 155
572 46
110 110
274 264
47 646
474 994
163 814
266 326
103 256
554 619
430 990
464 724
418 93
257 487
485 173
314 62
367 546
486 186
61 678
352 387
572 548
96 721
23 327
370 606
522 377
33 634
536 332
138 390
496 317
538 889
45 451
535 118
551 837
103 300
179 929
402 229
303 366
460 967
146 195
122 334
565 133
245 408
399 365
229 359
102 704
453 947
177 197
68 510
31 586
117 270
345 256
99 598
281 618
52 525
41 162
271 501
349 645
133 533
561 370
414 848
147 390
542 36
194 282
453 916
266 115
462 382
455 234
106 822
5 346
306 657
400 709
555 163
188 831
391 794
117 673
43 976
502 471
6 308
488 803
83 378
574 8
50 183
357 559
344 918
130 53
17 277
189 651
86 16
451 869
274 421
477 60
547 615
4 76
7 628
404 238
460 775
330 567
35 462
452 400
432 900
54 196
244 176
517 748
395 197
173 222
433 256
422 642
169 261
457 860
293 835
271 325
442 875
263 274
243 429
320 779
388 842
377 53
342 915
275 897
322 393
451 411
393 995
272 475
106 739
556 975
73 489
79 911
403 126
332 560
525 395
551 834
215 576
68 762
299 61
241 201
109 892
567 994
50 372
256 464
228 272
235 590
5 414
77 21
29 649
220 634
372 984
545 605
174 844
484 186
64 630
280 548
395 918
171 517
336 877
218 776
477 532
71 912
333 307
435 998
562 803
123 742
490 508
469 298
149 912
139 254
238 326
415 802
383 704
212 484
189 405
419 547
521 920
157 973
138 671
567 809
48 324
457 54
218 792
182 515
173 611
24 188
243 341
575 996
78 57
102 717
171 860
569 73
89 522
324 773
355 218
266 161
395 37
115 353
516 355
197 351
205 789
479 982
569 676
292 272
389 761
327 378
108 603
188 315
50 108
232 640
547 780
55 283
345 125
542 71
441 213
528 982
298 967
304 923
395 186
104 736
326 368
273 226
516 721
152 504
62 349
76 639
90 398
382 385
43 732
81 145
199 446
80 216
72 992
285 172
508 831
480 436
192 559
402 309
235 366
494 616
19 566
554 25
108 430
182 250
146 634
369 310
547 175
84 118
478 520
466 671
300 780
360 986
133 325
195 411
394 826
120 139
78 278
505 630
77 655
558 286
294 535
275 662
140 919
337 159
413 15
187 646
392 415
496 564
357 994
338 741
99 701
369 570
120 13
462 607
170 750
314 85
212 980
395 833
289 958
70 107
503 790
407 48
501 370
131 17
567 238
144 50
541 536
20 36
119 723
18 131
41 972
420 344
526 368
365 416
78 172
458 955
544 827
320 582
351 716
210 713
107 722
209 498
465 898
506 281
94 936
172 554
509 834
491 454
355 43
441 945
540 602
462 350
454 737
202 30
305 318
58 941
205 149
321 478
397 683
49 369
40 189
178 20
437 151
156 463
567 862
26 751
530 839
411 947
163 965
419 34
269 575
353 756
148 511
568 548
79 196
449 389
490 89
94 569
500 388
94 739
534 120
556 583
263 67
378 341
108 608
517 897
373 567
554 38
279 608
142 814
96 740
216 260
163 940
275 234
387 47
559 267
17 961
336 778
102 494
29 721
172 707
256 708
377 494
324 595
412 969
467 787
465 475
110 694
355 470
571 262
214 754
363 174
326 289
32 785
454 417
514 233
527 373
383 273
562 884
355 316
448 793
347 68
534 121
410 203
161 248
137 846
550 188
331 764
154 312
242 731
409 467
567 356
365 967
78 410
508 194
546 839
251 848
76 312
425 943
56 620
542 609
326 688
73 854
145 805
192 567
400 953
96 148
141 898
330 927
437 534
82 279
102 334
475 30
325 639
169 947
301 535
16 929
288 766
565 38
302 882
572 845
356 353
120 740
395 756
303 759
291 590
451 419
291 825
376 820
482 705
165 111
467 911
135 833
38 567
284 302
478 674
59 690
396 21
316 892
9 920
532 686
306 480
97 335
192 726
39 945
484 766
508 363
43 209
243 399
386 123
561 973
93 773
134 143
142 148
477 731
354 504
323 540
206 470
133 289
242 703
163 205
395 839
7 421
251 766
53 989
519 35
219 795
195 532
179 994
403 30
494 873
489 723
38 154
64 39
419 251
539 267
536 504
267 547
230 575
554 903
398 458
188 613
301 497
493 685
470 357
453 44
271 30
482 530
401 919
156 172
111 724
188 330
268 571
340 250
289 432
405 603
211 95
519 243
203 654
575 66
162 832
249 109
454 675
300 356
150 3
522 428
51 973
228 349
412 621
382 708
551 80
181 291
355 986
185 61
111 314
283 962
368 969
80 705
479 655
110 953
148 294
272 166
142 509
364 307
3 894
510 794
321 48
251 989
417 829
377 649
502 461
386 142
51 698
251 80
504 602
72 801
67 369
417 941
530 556
297 308
420 902
235 875
42 726
501 507
10 728
528 513
32 592
170 308
497 170
199 539
242 685
2 12
137 194
369 198
96 170
323 952
184 518
424 183
420 732
9 36
203 337
310 508
554 98
354 766
151 585
228 497
180 774
199 763
305 667
270 747
300 623
22 640
410 621
90 487
225 410
402 673
257 354
380 514
309 659
192 604
558 256
406 290
524 759
425 573
381 204
198 914
373 884
193 698
450 123
168 441
285 966
287 680
219 690
529 300
268 187
567 548
118 709
428 798
471 935
435 298
267 899
344 470
231 696
194 248
176 288
182 335
153 842
474 147
571 881
101 296
535 115
45 952
501 722
165 926
313 471
451 707
211 434
458 716
240 835
376 290
551 133
122 665
56 973
400 801
467 263
547 400
392 817
24 630
280 919
264 632
72 597
162 670
407 304
93 662
348 358
361 998
194 424
542 725
42 343
315 531
391 325
387 940
573 80
274 193
507 26
475 990
156 243
399 685
461 597
114 386
18 807
464 342
557 980
40 765
172 649
436 535
394 378
307 202
548 741
183 318
392 877
73 272
221 352
345 888
212 834
423 515
106 232
428 1
149 70
116 568
331 426
481 519
347 894
348 628
423 881
96 455
11 687
211 36
143 317
119 837
109 798
87 302
247 776
76 455
80 320
428 606
101 602
421 962
115 185
147 937
370 189
335 331
251 768
364 84
407 648
433 606
13 889
357 397
126 168
310 193
122 264
184 623
54 505
505 256
230 4
190 329
509 856
540 2
4 761
546 671
227 811
165 778
120 819
422 494
93 903
478 854
71 257
522 292
18 991
386 770
121 766
227 197
171 547
152 212
234 104
519 645
329 293
235 1
449 477
557 180
342 133
515 862
389 528
112 476
58 29
380 719
513 695
131 75
387 732
549 514
443 735
118 359
328 175
390 348
437 613
289 196
521 194
77 337
526 623
32 999
390 346
168 151
36 328
412 37
216 789
138 179
373 350
354 340
313 687
313 681
122 725
212 816
354 502
161 63
140 940
366 701
436 999
562 90
136 295
573 979
191 301
88 615
166 691
554 988
131 63
389 626
83 757
104 926
467 90
10 177
181 945
204 79
489 722
32 97
513 718
303 923
304 741
87 462
270 624
312 591
26 167
362 830
40 27
386 313
548 821
62 774
541 430
557 684
450 565
306 99
270 532
254 759
346 315
87 785
132 836
326 294
421 533
18 894
139 785
70 78
231 671
163 911
453 745
563 620
566 423
531 752
21 18
22 302
154 1
65 615
411 367
223 384
517 259
498 729
377 982
480 103
184 113
100 114
508 852
46 352
137 472
474 504
421 974
256 592
118 662
227 520
135 321
201 693
126 959
442 559
130 714
457 402
58 921
179 409
413 718
130 670
224 905
325 28
289 418
69 374
274 266
64 172
426 267
534 885
18 956
505 192
215 790
232 970
574 841
281 283
501 592
546 808
2 176
97 603
262 790
419 550
304 438
181 172
510 892
512 601
48 743
405 172
30 873
27 612
116 24
358 56
377 24
418 990
73 495
166 581
59 216
314 50
361 681
17 887
66 500
413 23
266 834
140 932
516 163
240 586
428 527
170 705
204 720
317 702
68 510
313 394
328 426
423 410
168 171
494 709
174 308
357 385
348 588
218 679
71 92
515 531
525 229
462 677
558 151
113 666
493 315
445 699
18 43
157 668
464 348
495 535
123 843
360 943
83 397
5 565
553 573
163 151
487 82
538 452
404 702
442 881
246 800
477 559
113 307
323 10
523 565
520 99
331 385
252 31
18 877
13 871
377 941
294 182
501 662
429 742
227 531
86 43
295 628
335 254
95 562
369 355
401 709
52 283
182 518
466 955
474 685
508 619
465 348
144 705
180 753
512 571
227 376
320 632
332 687
316 784
76 913
510 983
458 612
539 670
411 538
190 906
170 492
127 875
161 154
74 727
363 988
480 644
320 604
353 169
135 570
232 342
89 535
283 703
458 618
511 509
412 758
179 253
360 186
204 55
153 575
565 488
275 566
489 752
8 632
440 501
265 580
420 286
239 460
57 361
246 760
450 94
441 105
465 538
247 551
388 325
464 404
270 68
574 711
65 199
335 402
570 452
30 661
125 227
418 56
98 15
168 244
565 19
450 867
244 427
7 940
324 687
243 752
218 660
441 696
225 106
461 492
22 663
43 989
484 650
309 276
293 73
192 289
399 100
204 789
444 639
18 832
7 684
297 180
261 303
233 239
536 512
506 45
61 332
368 996
142 813
112 767
47 477
563 12
244 327
534 454
189 742
195 611
563 228
87 902
435 637
48 326
205 665
311 910
498 597
443 859
19 370
308 337
428 301
249 430
97 414
441 174
390 57
390 237
418 680
181 72
139 358
470 300
335 581
125 805
487 985
245 617
437 299
72 779
499 584
105 752
94 344
190 373
271 559
459 903
94 534
313 633
111 635
273 146
155 669
434 436
215 681
343 286
7 288
336 267
564 678
575 417
5 789
369 883
401 176
56 768
87 128
280 265
164 611
41 591
172 639
376 122
514 612
315 491
388 767
114 803
568 992
496 146
432 717
53 825
62 932
319 392
428 389
384 57
306 486
446 771
154 613
32 32
358 177
332 79
454 706
118 690
496 572
174 593
461 753
155 782
119 380
26 519
301 790
328 320
247 244
104 174
266 519
255 948
362 283
192 698
262 944
223 121
235 868
55 184
14 808
515 250
550 998
288 902
338 42
527 118
242 494
7 448
542 779
464 312
437 503
202 892
53 530
61 694
51 680
551 758
194 730
441 982
516 581
349 804
521 793
180 843
82 259
135 98
506 715
144 387
5 479
135 534
363 462
5 867
96 398
355 532
238 767
573 185
575 574
455 153
87 203
147 336
363 947
408 819
525 790
251 470
15 946
291 606
146 934
554 712
463 904
126 992
422 376
19 667
279 338
336 557
304 960
183 91
230 622
214 603
455 212
283 303
35 944
354 670
15 305
485 307
189 901
277 220
517 116
356 980
350 114
205 193
338 105
84 766
21 477
82 179
492 726
68 632
121 809
460 566
451 48
461 686
314 117
17 143
467 315
454 436
432 717
91 284
285 349
409 545
244 199
33 177
292 955
441 984
213 566
515 252
382 57
504 336
236 577
443 497
71 549
524 68
306 212
289 54
551 956
372 658
432 76
202 319
32 547
317 456
531 126
166 290
204 414
284 97
195 392
455 587
502 299
434 43
209 397
319 527
392 687
203 315
69 92
109 28
326 590
240 558
30 361
423 783
344 550
181 553
401 458
404 292
506 692
525 649
414 162
556 840
572 212
146 795
382 728
112 873
521 461
160 124
114 216
245 835
35 922
323 425
361 919
228 196
413 264
324 727
230 618
296 728
463 709
436 170
472 759
394 221
141 422
462 945
203 585
465 511
345 48
120 752
338 295
257 267
356 8
205 59
319 5
519 127
234 2
503 129
30 553
324 680
253 923
75 510
65 126
101 193
82 762
492 630
13 987
418 578
466 570
225 639
358 444
516 46
561 497
48 495
343 566
128 122
521 628
302 65
51 878
62 483
469 543
472 203
454 962
218 360
42 176
370 99
385 830
447 323
432 948
280 876
455 935
173 435
231 903
495 260
228 106
362 461
181 911
80 120
35 44
317 605
296 161
324 797
379 339
413 232
382 490
311 312
19 507
228 764
514 518
73 910
540 193
383 781
363 715
55 436
361 714
51 233
193 974
371 863
200 27
216 676
278 19
58 436
539 370
130 316
519 384
228 895
437 243
529 173
550 698
158 87
351 819
353 845
197 725
211 696
120 431
571 488
515 935
87 607
253 156
379 787
55 437
181 712
207 832
204 172
260 364
480 810
434 183
156 455
167 848
510 264
531 214
157 946
14 79
461 529
430 90
154 786
34 22
18 592
243 992
212 378
363 857
432 35
64 862
367 210
279 918
286 256
194 968
398 92
501 946
233 2
192 771
419 599
36 2
158 87
29 388
51 184
46 58
244 140
176 672
284 11
218 632
28 806
211 269
511 277
368 152
266 306
351 479
487 188
510 793
421 461
26 891
431 293
88 414
106 708
390 78
348 851
37 516
77 660
108 622
285 958
54 986
65 114
321 670
20 800
348 371
162 139
42 533
255 633
346 5
383 940
227 127
416 59
13 500
298 370
331 697
392 13
200 775
269 721
28 353
574 316
43 281
84 432
34 946
503 180
102 663
69 643
177 771
108 858
479 336
573 766
308 424
306 316
109 135
498 184
490 631
164 495
399 241
30 516
116 547
528 550
206 573
122 112
60 115
525 321
361 374
206 674
225 219
240 266
3 882
217 725
54 344
438 897
16 141
255 927
345 687
149 424
558 878
373 566
36 926
555 526
386 968
169 877
150 320
545 8
176 224
344 826
569 940
228 170
67 613
306 922
372 550
182 33
283 858
470 458
500 36
333 379
236 77
429 519
451 121
8 460
401 706
338 958
274 476
92 594
517 871
72 676
444 889
244 73
38 65
334 990
195 765
62 735
473 117
285 233
483 93
114 760
125 167
45 337
325 735
303 370
392 373
383 685
158 318
362 665
163 468
202 841
357 81
156 59
366 256
205 265
57 796
356 419
78 335
504 812
443 365
134 969
300 750
167 173
189 519
314 448
369 170
272 867
423 209
83 61
189 47
284 601
106 279
72 414
482 763
236 654
175 94
300 895
418 298
380 285
217 140
362 230
497 507
289 460
110 212
297 479
282 921
150 272
141 989
181 536
74 833
373 615
485 579
469 285
314 82
322 564
551 579
110 867
270 327
303 413
112 674
276 736
50 574
386 831
440 142
251 16
217 611
406 471
104 51
39 193
552 437
494 26
132 638
505 912
526 871
491 381
225 988
66 312
8 902
375 621
282 106
36 921
373 193
10 767
494 662
431 477
316 923
512 647
54 204
388 619
264 705
313 956
511 201
245 240
277 570
64 90
347 74
127 312
417 745
312 989
435 260
341 808
27 476
447 580
233 429
235 342
549 496
233 58
75 97
293 79
416 425
110 606
403 645
412 79
428 517
297 331
99 566
110 235
290 328
467 640
257 537
79 793
317 537
113 744
478 844
561 77
171 923
533 97
105 547
533 237
115 532
532 9
62 147
473 413
350 856
404 531
444 89
165 714
363 309
140 869
542 954
478 898
81 416
324 892
429 892
34 2
16 950
158 797
514 699
263 814
98 395
429 773
44 932
431 243
87 133
524 609
499 268
390 95
367 529
128 134
213 833
516 470
225 307
20 257
520 974
142 446
157 994
318 335
380 802
449 59
303 720
126 253
287 41
181 35
90 981
402 167
299 248
61 802
503 4
513 548
420 829
47 381
483 635
181 168
82 420
373 42
62 935
241 391
145 633
20 806
182 76
260 616
513 747
514 573
525 56
241 110
96 415
481 724
402 752
34 488
314 768
493 33
283 504
321 969
294 301
384 1000
202 791
209 376
380 674
228 559
426 887
126 24
569 660
515 914
235 912
490 543
80 816
29 791
547 253
124 866
544 652
60 650
176 36
155 495
472 891
503 1000
488 626
4 913
101 468
34 335
14 851
38 998
457 843
288 588
426 317
502 683
377 990
337 546
386 237
565 77
310 544
157 65
86 256
62 801
201 824
219 28
533 858
99 452
148 50
214 360
166 185
293 971
542 715
310 891
521 249
524 618
495 472
128 273
441 977
568 544
502 527
33 287
209 220
417 489
171 196
211 651
388 319
277 241
405 731
423 418
239 681
560 311
378 828
366 944
7 813
508 823
39 561
272 362
303 137
355 917
545 144
514 542
404 457
102 280
402 47
375 984
145 771
243 259
519 242
230 54
78 588
299 348
13 318
571 428
148 785
238 577
131 601
109 360
30 118
322 685
224 198
69 774
95 465
451 638
3 212
29 396
209 103
218 154
466 415
391 470
141 436
345 84
93 988
426 657
391 79
544 970
298 600
69 107
439 442
302 521
407 249
26 457
491 853
460 134
543 67
174 519
409 371
13 222
29 515
309 578
82 498
526 894
147 534
269 744
51 231
264 755
434 297
272 701
139 182
514 537
169 58
265 943
541 845
119 215
455 525
128 402
200 729
63 737
188 415
79 875
272 166
369 804
478 29
424 824
382 419
301 340
64 844
509 998
260 75
153 992
373 786
541 225
358 467
41 419
17 875
426 414
451 137
117 36
330 716
285 107
190 90
290 926
45 98
298 204
33 755
154 584
455 442
256 175
120 336
165 165
468 978
352 984
164 792
538 955
553 886
540 69
331 725
303 288
116 731
451 490
277 759
462 159
135 598
392 44
43 489
269 198
453 588
549 850
536 161
466 690
331 283
157 918
142 492
31 248
194 119
416 103
95 822
75 749
146 645
526 945
277 413
10 782
374 498
476 42
498 902
560 448
178 196
538 542
381 445
243 152
420 918
358 395
478 520
200 51
534 503
217 997
319 300
411 237
400 51
370 818
145 870
213 445
45 671
165 846
71 562
144 895
2 97
322 199
114 582
323 816
284 869
101 337
417 46
74 612
219 87
102 329
208 105
446 58
303 663
398 221
413 906
47 365
467 15
336 441
347 86
358 76
219 437
170 35
572 676
520 490
423 199
113 439
245 855
486 45
38 233
267 555
278 781
349 683
234 464
494 515
275 179
410 679
293 809
413 589
349 69
387 295
133 986
394 997
469 713
368 80
18 534
171 576
197 827
571 504
196 796
324 612
267 202
493 874
213 104
90 678
574 217
159 636
55 736
325 586
326 718
29 219
19 63
369 677
11 437
255 876
307 996
423 693
73 332
304 436
423 675
6 590
311 480
84 487
405 785
285 822
545 414
314 84
127 667
257 417
564 858
105 759
555 719
504 973
244 194
250 37
63 361
436 230
310 827
9 970
19 726
164 177
174 481
540 77
479 683
429 140
27 954
326 737
505 917
413 396
342 539
95 133
205 10
137 420
504 993
40 964
374 661
143 316
332 88
363 909
163 901
410 959
144 30
63 219
573 862
77 122
93 183
238 445
44 654
320 930
463 634
104 894
541 352
342 950
446 146
20 484
443 123
12 152
317 749
216 836
557 955
313 839
399 303
448 819
105 621
480 856
407 678
227 519
310 319
286 615
536 935
348 755
439 660
63 953
71 847
389 365
182 259
141 940
276 650
206 994
461 792
520 660
185 422
562 391
452 136
150 839
481 487
367 864
259 816
384 473
332 148
460 924
276 854
21 176
513 112
270 831
448 142
255 344
435 129
363 174
483 245
81 47
260 851
134 357
296 152
456 537
355 948
560 955
178 860
317 147
504 625
435 68
311 743
369 715
418 871
175 524
194 981
120 109
332 258
324 258
395 467
279 375
341 824
346 913
52 726
547 854
519 838
72 575
86 819
333 389
153 888
188 938
432 592
346 420
537 300
511 861
381 1
78 221
371 767
14 214
219 835
525 743
88 477
175 803
314 99
103 687
420 165
268 391
469 79
74 121
568 306
42 832
480 466
343 602
183 441
11 851
389 563
374 936
521 176
377 125
231 886
478 560
65 44
50 475
33 248
149 901
331 898
9 138
341 895
391 399
370 415
81 87
135 598
45 72
333 391
424 711
375 972
146 848
470 776
13 238
493 933
53 497
381 558
338 939
157 935
572 354
496 471
114 650
289 317
204 248
549 264
356 215
28 206
296 535
562 534
494 65
198 782
302 948
373 829
193 36
313 722
463 501
570 739
144 356
374 375
369 87
18 533
493 728
60 978
135 573
429 752
386 739
558 25
458 887
80 720
27 115
400 40
438 359
56 363
88 526
260 84
163 893
3 973
563 383
462 850
128 691
522 20
278 604
574 744
127 104
190 77
171 290
12 282
278 297
394 53
174 134
495 228
126 434
465 184
40 93
214 710
370 648
563 276
422 973
212 658
251 785
150 110
139 393
135 374
275 393
73 219
426 598
398 656
333 310
119 559
171 587
282 196
540 444
195 520
309 204
371 823
516 553
364 266
202 878
408 446
511 665
327 396
123 190
505 887
565 474
308 601
50 888
311 30
3 640
378 86
342 299
307 208
471 601
150 122
511 123
75 218
557 128
232 384
343 468
11 665
288 189
422 878
195 93
387 419
70 347
325 112
348 433
402 363
374 183
514 180
485 335
279 384
330 503
159 919
485 706
93 958
434 743
132 158
12 960
412 875
121 301
316 533
167 671
20 882
523 221
61 2
511 298
64 746
411 237
277 562
118 711
362 919
360 921
540 466
183 747
436 134
463 254
408 6
8 843
153 141
260 786
144 724
383 228
556 487
279 673
358 776
248 811
455 107
296 625
262 312
527 429
356 101
425 623
506 185
165 175
428 362
208 734
554 48
468 30
370 511
165 70
321 825
565 479
507 106
327 801
18 594
553 463
202 671
105 46
80 360
477 451
535 827
248 706
145 736
244 223
103 219
351 137
371 710
68 986
108 172
211 952
422 928
176 991
541 396
550 269
426 586
365 981
229 639
390 973
544 19
40 471
112 722
276 244
52 310
56 324
414 562
30 231
568 696
325 383
412 933
114 52
403 600
561 175
47 886
189 47
115 345
204 599
90 36
511 485
287 688
400 749
219 363
398 381
397 660
237 374
268 440
108 393
187 976
62 144
142 217
413 352
150 250
234 518
319 825
357 703
136 959
528 62
135 399
133 762
225 915
440 709
316 999
290 310
317 988
34 96
13 798
550 569
199 455
245 308
385 834
106 63
99 992
573 526
518 62
413 294
390 485
388 242
195 345
346 698
380 331
277 775
169 303
552 977
122 807
162 249
375 790
400 575
262 461
57 501
514 233
59 497
100 819
118 767
360 623
22 861
12 629
48 62
219 540
234 640
133 354
64 965
521 773
111 30
484 989
94 163
12 303
313 260
38 436
268 555
326 239
1 136
178 995
79 956
440 99
201 910
432 120
389 529
157 199
165 228
541 1000
142 744
5 920
425 102
241 64
44 479
191 891
465 450
92 804
293 641
158 814
246 756
205 82
151 236
520 917
337 177
437 711
383 277
410 733
5 335
545 735
344 489
511 675
25 203
47 208
549 141
161 28
112 896
363 511
80 342
58 637
303 406
262 616
155 265
386 68
37 552
127 386
451 643
544 821
394 483
140 439
167 665
520 885
303 396
481 7
252 128
283 873
526 754
448 541
180 549
491 447
1 935
380 7
241 492
517 307
574 786
334 874
562 484
450 914
536 672
402 242
407 697
575 257
21 389
483 78
114 119
134 621
451 918
468 680
414 445
173 532
557 409
111 496
349 710
42 481
134 122
81 817
79 577
510 299
266 223
38 993
243 921
170 695
95 836
328 853
84 964
422 832
148 695
569 33
117 968
267 772
319 948
517 627
228 512
426 769
134 745
426 464
435 194
200 459
110 602
480 788
132 827
539 263
291 44
380 637
105 224
229 515
79 965
426 528
377 190
548 586
340 82
438 34
402 90
294 467
282 839
193 455
471 777
531 450
187 489
9 765
133 712
438 764
66 694
430 585
49 836
28 263
372 498
394 231
364 314
45 726
493 435
430 597
503 575
188 904
514 13
276 840
283 247
454 889
194 893
248 220
392 289
330 942
45 393
482 407
406 857
24 565
92 678
425 926
10 731
97 1
172 640
192 366
1 166
179 249
472 908
303 59
511 445
396 609
93 120
524 699
173 911
280 94
496 352
468 803
251 383
363 342
317 450
87 247
369 67
87 668
132 122
94 853
314 353
504 455
567 430
450 170
560 836
215 987
313 570
411 715
74 234
465 957
424 523
175 932
122 464
510 59
351 823
192 179
396 323
202 48
395 355
282 572
339 137
15 379
183 499
267 590
401 581
227 280
69 996
355 892
334 149
259 372
317 676
163 579
157 453
146 29
79 95
114 538
407 140
299 743
535 739
126 100
377 518
304 782
560 396
88 335
404 552
212 513
239 984
256 151
546 583
370 573
350 139
6 202
91 591
468 45
13 787
198 557
572 375
166 904
83 452
153 525
127 723
82 162
117 971
345 638
530 743
19 816
201 494
205 94
397 450
364 295
121 169
457 154
8 463
169 981
526 906
69 927
346 925
83 293
567 717
169 145
110 271
451 110
19 416
445 126
131 779
424 420
224 399
157 930
120 375
216 756
301 584
281 188
100 518
