515 348
117 231
270 662
160 838
291 112
141 705
145 168
310 404
287 469
114 412
175 438
278 269
150 416
207 413
278 420
147 158
112 974
72 40
246 575
348 756
158 716
59 666
45 238
184 52
101 448
16 73
11 844
137 411
271 46
280 929
46 71
284 894
127 483
237 224
187 228
41 474
263 461
307 994
142 831
51 699
341 15
255 261
225 190
333 856
80 936
318 61
265 334
9 853
119 628
138 823
6 267
252 310
317 312
239 785
65 611
131 378
69 569
335 472
348 11
74 500
111 909
70 535
24 839
28 947
272 376
97 606
241 166
132 450
73 246
18 840
309 939
180 256
259 751
76 322
189 179
93 192
83 925
263 89
329 549
303 432
74 975
309 180
274 100
153 174
329 768
61 557
338 797
110 477
42 335
159 667
334 119
241 579
284 304
240 467
275 501
33 485
118 585
62 745
185 253
91 368
323 613
157 194
261 475
322 401
102 755
303 412
125 950
58 589
331 839
36 667
318 232
231 849
130 654
301 573
56 617
331 186
254 766
59 846
281 820
211 45
23 154
108 60
77 432
16 310
130 305
60 291
154 663
258 324
156 927
233 217
281 865
132 771
23 737
310 626
298 81
129 383
170 133
190 59
19 845
83 239
271 22
290 218
20 241
255 335
252 883
306 363
255 572
58 131
272 504
211 492
328 449
177 282
2 306
206 410
141 829
56 735
106 863
229 160
131 983
9 472
72 962
220 565
162 978
302 483
131 146
100 294
348 588
149 291
175 947
263 559
29 841
270 254
329 42
117 6
23 607
1 705
182 845
263 423
262 643
214 913
191 159
303 463
64 82
251 275
345 615
37 260
102 720
314 996
306 929
190 291
284 259
53 593
125 403
168 463
164 352
48 311
41 128
347 968
26 163
151 435
189 751
300 160
144 370
262 98
52 763
305 583
95 938
331 137
125 948
318 295
119 616
291 93
207 988
160 167
46 152
47 650
158 945
313 108
36 336
52 207
119 369
257 866
251 709
122 623
251 432
197 86
143 635
260 825
215 123
3 462
90 528
209 633
232 7
223 479
309 985
231 723
284 522
210 412
224 962
103 253
90 55
226 805
213 169
309 621
192 725
35 836
176 875
308 294
68 648
90 417
11 5
75 126
185 550
329 190
50 883
28 531
278 682
24 682
131 803
304 568
235 803
124 986
299 874
120 355
188 741
191 154
238 652
329 601
216 309
340 719
166 959
275 815
103 920
299 815
91 120
180 34
130 116
226 598
79 971
110 303
166 812
128 202
83 119
88 667
337 719
301 111
79 503
347 203
58 9
35 819
81 592
42 979
147 824
130 954
161 968
68 98
34 175
51 442
205 244
20 764
58 173
340 727
257 1
97 598
230 830
188 758
343 684
325 252
185 167
271 461
168 617
264 301
242 773
147 769
236 37
329 652
121 558
323 342
261 87
315 48
139 310
291 321
251 138
148 156
61 170
333 848
36 316
66 655
124 751
1 783
248 706
275 740
73 274
148 668
185 168
3 569
153 729
95 635
68 484
178 371
205 263
276 705
201 259
164 912
31 467
287 261
62 577
159 715
158 433
202 945
307 612
52 954
313 759
160 596
346 897
176 466
27 984
1 330
39 213
280 808
287 379
99 841
97 36
284 449
308 612
117 134
46 628
75 602
5 928
207 812
269 274
64 408
86 349
54 571
283 970
29 528
76 942
40 229
209 578
75 982
68 706
89 513
103 615
182 705
335 813
103 980
2 109
45 813
27 484
250 370
128 611
271 22
335 45
323 912
186 603
190 123
229 355
147 820
228 909
103 919
211 709
120 683
252 420
159 337
88 263
162 833
167 974
306 612
299 622
90 163
305 96
239 47
175 200
282 615
343 950
65 517
267 616
10 865
11 198
50 188
315 21
71 518
62 605
191 402
100 875
91 861
164 1000
229 434
219 591
62 832
323 675
13 706
141 79
78 198
296 188
323 711
275 990
2 988
255 655
17 478
54 123
77 630
302 307
276 284
264 986
60 57
221 891
125 86
304 769
150 835
326 741
273 233
109 123
294 904
129 805
52 802
62 55
89 86
72 529
105 518
298 729
66 169
295 758
323 978
148 766
252 871
268 288
196 514
15 715
208 444
144 54
153 973
167 877
213 173
307 235
263 887
213 58
174 984
303 820
126 708
6 190
160 2
309 264
276 67
303 374
42 775
181 154
83 823
193 87
139 924
260 711
178 367
233 559
251 375
256 870
210 790
53 625
320 940
286 346
194 11
328 484
338 193
62 833
2 169
181 820
258 730
162 207
318 806
295 751
86 436
127 211
116 23
301 928
126 430
297 408
321 274
