4299 614
539 634
470 267
512 154
581 69
93 295
254 947
401 757
230 114
212 474
152 571
143 384
68 754
399 814
207 681
75 712
344 443
455 811
40 553
101 234
475 136
388 44
598 393
24 691
208 784
209 278
547 94
243 744
411 447
243 502
434 445
329 109
141 435
535 907
539 554
28 273
40 287
99 423
146 99
498 888
18 530
365 409
594 253
582 6
163 72
11 470
355 772
527 402
131 566
120 618
202 102
476 512
33 681
591 634
259 592
440 580
299 679
280 228
451 567
261 285
374 404
21 796
32 327
51 278
335 821
116 712
592 174
165 469
415 31
247 908
392 520
584 272
283 943
429 174
94 948
221 282
142 435
15 514
211 789
394 977
493 598
77 518
343 608
358 354
388 551
181 206
565 548
242 11
310 315
227 487
48 156
52 919
417 29
439 87
29 6
377 980
53 587
148 843
364 158
605 663
86 115
491 511
382 843
45 557
468 513
458 144
425 472
546 83
128 746
1 308
95 130
512 390
104 556
194 95
176 312
146 18
305 762
282 479
146 989
229 774
596 339
353 1000
243 230
352 374
40 91
213 615
142 474
385 71
367 727
1 698
213 52
235 933
534 925
299 126
11 882
179 567
199 16
280 495
447 241
461 328
590 439
182 298
506 653
452 351
440 22
335 181
313 452
148 63
328 962
34 572
476 939
272 327
185 625
599 541
276 638
603 418
124 446
596 796
407 603
515 982
429 816
31 87
241 719
513 16
537 459
59 186
88 926
60 86
357 333
157 186
596 367
538 483
556 361
6 61
571 300
606 917
371 230
343 792
261 453
517 417
439 671
111 943
91 317
279 748
438 395
217 327
327 850
7 331
99 839
65 966
411 873
538 723
567 174
174 200
107 215
380 25
413 231
205 739
251 176
223 106
150 574
260 627
462 689
219 2
521 32
413 150
2 441
301 176
13 690
311 616
75 715
81 544
142 801
578 935
393 773
211 351
587 547
607 839
14 988
362 513
485 964
248 797
58 812
79 781
107 889
189 639
133 211
408 806
310 551
411 425
482 398
12 315
417 476
601 89
383 217
374 967
600 107
256 659
246 411
69 680
118 795
363 445
37 278
423 708
130 824
423 115
246 226
487 238
211 912
135 483
311 162
424 844
128 270
556 769
348 908
114 883
449 929
212 602
52 621
190 873
536 317
165 364
403 721
16 249
242 271
117 348
285 862
607 401
497 132
431 190
504 329
572 238
452 370
153 879
458 831
247 37
610 372
179 989
148 812
113 194
118 553
224 12
600 302
253 380
442 933
585 74
474 489
193 207
67 734
48 291
132 28
252 616
425 983
551 757
362 130
171 76
396 703
346 36
102 184
218 231
263 978
163 317
608 365
262 984
597 357
441 870
341 868
50 514
402 893
64 860
151 691
560 308
239 856
501 850
37 286
441 625
461 266
208 152
324 203
162 832
523 696
223 777
305 231
401 788
320 871
297 730
71 39
113 44
521 500
184 424
334 799
483 611
37 885
574 794
243 933
603 751
505 142
380 194
6 606
469 597
60 467
564 311
263 294
281 106
218 676
486 262
480 196
406 348
204 547
223 227
213 810
165 542
133 711
423 907
322 392
437 366
259 819
565 364
165 57
286 665
84 846
221 426
389 547
414 835
67 261
113 539
508 363
231 371
116 571
545 435
438 341
42 949
204 550
3 320
498 479
342 854
514 484
176 430
400 526
218 827
107 185
501 275
343 247
164 632
112 706
138 267
465 646
584 260
541 605
165 259
3 833
311 859
501 261
217 377
545 596
56 145
435 281
290 681
181 197
290 965
472 405
474 57
323 761
458 666
159 30
311 38
513 21
158 334
551 386
86 739
24 37
155 263
129 21
512 799
116 136
48 832
69 211
154 375
321 528
109 983
518 267
252 199
287 237
186 194
173 826
255 597
176 290
408 828
21 835
472 229
597 373
312 315
267 941
345 796
558 795
151 132
422 315
298 832
392 792
580 380
10 261
202 390
448 378
11 48
202 157
319 617
134 862
368 61
38 553
303 65
458 560
372 648
366 887
313 688
575 286
590 926
216 707
379 718
522 101
196 427
550 458
371 133
201 594
351 646
433 465
58 44
263 625
468 19
487 622
366 120
576 752
2 374
5 212
275 541
52 211
143 750
376 146
596 144
452 249
208 159
289 868
87 255
46 525
72 837
417 983
16 679
43 869
493 782
335 305
104 419
355 517
520 296
81 678
467 795
147 939
64 318
436 450
438 841
591 244
341 71
399 245
469 133
277 221
401 294
255 449
362 137
380 786
231 809
415 268
30 980
404 49
368 309
258 820
224 171
170 222
201 303
7 637
11 378
395 584
107 196
536 364
386 846
431 130
342 689
316 206
289 253
332 722
589 723
160 337
418 155
417 492
39 383
123 457
421 782
415 702
506 794
464 122
323 538
238 333
46 625
303 980
548 917
83 318
100 185
157 665
397 699
322 421
549 15
466 71
538 850
345 88
80 719
118 60
355 374
420 428
4 792
52 740
327 948
399 581
157 126
301 436
512 458
411 257
129 397
19 306
312 693
158 509
261 772
303 113
255 161
392 326
54 94
153 680
564 275
105 928
35 562
26 291
442 761
535 81
3 411
2 655
79 167
532 694
218 479
439 345
397 123
27 251
320 900
580 31
606 713
158 782
372 517
539 957
554 614
254 764
157 944
219 248
36 737
378 777
299 42
536 733
289 620
452 571
171 80
105 777
529 134
110 319
318 503
511 178
14 339
577 458
355 628
130 419
44 145
535 872
382 900
86 99
558 85
12 631
524 36
118 183
508 66
350 187
354 601
370 490
50 776
325 251
74 808
221 403
171 737
411 962
257 446
542 797
101 356
284 510
485 607
256 999
247 78
373 99
213 26
548 222
389 531
352 895
222 91
358 453
309 48
464 87
300 230
581 939
277 499
142 896
98 514
220 11
572 305
456 742
269 314
218 676
145 750
582 47
138 533
108 275
271 367
609 120
573 334
229 419
26 866
445 709
250 204
92 91
467 907
326 124
192 98
525 774
3 327
599 218
114 214
105 155
104 957
517 243
609 709
169 247
130 711
203 342
178 613
362 757
508 868
346 750
567 553
311 876
368 97
260 176
124 39
5 784
228 506
266 659
84 220
334 166
219 836
530 282
318 981
379 43
477 813
614 706
61 503
572 860
496 321
218 170
227 94
387 447
315 94
146 701
211 945
164 680
434 192
217 945
416 796
299 748
63 109
491 482
512 796
581 616
43 313
514 534
542 918
212 906
432 153
206 858
541 822
363 997
126 83
503 763
273 691
347 928
218 172
125 925
157 872
435 407
576 88
166 374
544 148
176 847
142 836
449 747
372 322
611 774
1 110
284 193
368 361
542 288
377 138
71 116
394 500
612 418
10 606
126 458
97 497
222 713
353 790
183 935
110 78
595 386
508 895
76 425
153 510
520 362
38 808
163 333
459 303
448 735
29 523
591 120
219 558
442 557
525 991
406 790
250 664
534 201
325 408
52 638
94 850
309 288
143 820
487 890
339 33
512 976
329 472
139 922
442 34
442 381
237 560
441 361
274 186
60 932
216 249
31 197
566 174
548 386
388 896
544 898
145 915
5 116
21 716
101 263
567 414
63 239
504 679
209 799
72 819
392 825
594 400
85 519
237 801
555 134
427 260
207 110
399 420
537 179
97 423
11 823
15 200
150 478
492 694
300 888
342 956
371 786
602 159
402 725
474 907
318 182
242 646
331 421
273 60
76 358
64 57
383 674
116 2
289 407
259 828
384 364
132 363
477 302
113 237
97 686
400 765
407 817
422 992
502 398
388 155
157 908
299 411
77 881
177 363
582 132
62 738
548 900
370 818
456 150
294 490
227 195
37 829
412 399
527 369
206 20
107 457
247 429
9 148
223 283
357 411
99 323
434 951
156 614
95 872
138 424
488 911
266 58
401 293
439 601
30 626
361 836
131 599
406 25
499 964
135 896
42 875
500 215
427 283
598 908
501 78
272 838
304 523
302 53
159 140
47 597
26 385
500 576
49 268
326 857
562 891
174 897
172 106
337 237
11 822
426 758
353 90
81 768
266 630
566 43
60 67
203 581
147 112
534 471
550 104
556 203
87 826
314 117
233 736
613 55
467 216
294 962
54 830
535 804
5 272
247 173
272 392
401 801
69 198
485 281
589 788
173 841
412 168
260 724
10 405
216 844
248 178
556 882
518 441
255 596
275 505
255 873
259 965
185 15
66 27
562 78
102 158
543 651
467 77
231 390
72 330
534 876
358 635
555 101
593 412
126 383
602 10
613 361
84 594
488 681
385 864
339 247
64 392
242 903
543 625
393 251
419 453
504 479
351 187
330 459
102 805
146 237
373 530
261 228
510 277
370 254
283 548
520 483
481 962
143 951
22 421
500 180
252 336
597 542
504 611
551 237
321 942
451 910
49 530
329 395
133 480
322 254
206 103
337 466
145 162
149 962
369 760
223 624
559 443
427 496
176 553
558 810
550 86
261 275
206 576
38 708
23 922
37 586
361 241
92 796
417 874
284 425
447 322
64 911
588 188
216 149
383 583
236 682
493 829
587 771
169 846
107 873
361 699
91 152
121 875
407 930
290 545
206 682
16 811
117 42
31 469
475 269
50 556
460 581
100 116
186 726
42 659
152 321
284 835
464 954
376 372
569 451
224 31
308 79
2 540
222 167
286 789
129 41
373 529
196 372
413 218
416 733
291 351
21 852
572 115
225 728
58 444
204 55
363 973
269 479
96 620
521 512
225 828
460 448
188 805
58 53
437 639
330 542
364 243
351 243
139 26
326 8
451 51
290 326
136 825
513 58
199 283
250 293
605 267
309 554
518 664
525 90
218 835
107 363
255 941
495 525
320 344
481 812
590 498
280 569
284 781
194 545
273 633
522 84
66 681
112 655
304 162
429 611
453 895
7 243
446 511
569 754
224 597
568 939
28 936
345 7
519 73
405 779
364 119
613 743
59 790
571 816
82 243
183 150
163 810
138 591
268 673
277 442
579 98
41 325
373 501
65 864
472 683
411 944
201 404
342 573
134 762
226 396
536 52
22 517
196 372
178 782
73 49
462 950
75 990
120 187
230 921
259 381
541 229
302 256
140 632
558 998
63 86
397 531
45 492
256 871
168 125
324 703
367 737
583 93
517 825
462 331
298 677
41 684
614 662
504 964
38 532
255 810
363 264
324 5
414 147
603 708
268 542
575 941
363 848
89 111
102 820
505 919
449 719
293 215
314 838
366 315
292 422
565 858
267 650
114 379
77 34
96 157
34 718
339 325
142 278
423 644
244 621
228 455
535 449
425 861
258 14
23 725
279 392
278 565
560 900
61 420
554 455
4 313
308 5
449 9
272 372
452 413
585 502
212 617
399 339
83 551
450 548
103 362
198 97
219 971
104 268
489 64
252 476
449 200
576 659
190 624
514 257
245 481
262 190
407 839
401 139
145 219
510 130
150 754
176 570
427 285
35 404
563 239
170 80
517 58
350 297
595 978
314 637
296 352
59 590
51 440
415 867
100 371
502 64
517 406
342 929
538 786
243 859
74 738
506 556
271 527
288 350
517 559
600 920
104 34
81 452
219 844
577 722
214 54
536 140
529 965
514 312
411 730
321 906
82 136
86 127
102 616
363 882
233 392
205 522
439 528
69 10
508 652
575 265
473 205
560 656
522 880
368 574
43 669
488 831
495 953
351 289
390 252
607 261
19 588
438 420
205 441
161 32
182 231
311 174
328 895
75 451
424 853
469 348
432 883
6 28
198 557
456 714
79 492
117 384
366 875
296 405
365 597
599 692
421 581
248 851
588 579
233 157
570 606
433 536
296 869
356 664
572 173
289 554
586 854
60 818
386 142
71 85
492 236
54 184
365 846
496 759
365 628
198 486
153 786
215 524
148 746
209 163
201 216
172 370
45 956
378 515
302 771
299 621
84 583
81 731
527 290
92 874
606 879
603 887
317 897
364 631
290 18
493 190
152 846
42 609
367 109
405 547
360 628
254 388
509 516
283 453
512 282
230 941
254 54
605 903
510 260
136 842
178 910
204 560
573 599
180 823
325 273
120 3
402 496
209 762
462 990
487 838
19 485
116 711
350 504
544 406
595 690
359 539
374 276
580 729
338 156
214 253
530 905
333 274
366 80
451 439
492 994
410 743
394 707
382 424
371 189
144 141
357 99
128 772
612 310
120 897
538 700
424 313
301 268
212 48
32 451
82 828
167 298
207 719
25 93
458 328
8 93
410 859
84 231
374 197
388 372
119 576
464 495
327 469
161 986
439 757
452 489
191 783
115 564
32 742
311 922
546 784
333 825
473 752
580 79
267 20
321 68
369 95
79 949
450 904
251 11
20 642
149 138
258 490
421 858
43 340
382 426
321 711
397 504
379 92
294 530
459 467
431 744
237 685
527 31
175 643
23 199
513 86
119 126
205 877
582 796
139 482
431 29
287 805
282 434
36 951
543 616
523 56
19 47
537 451
440 668
614 661
407 239
325 977
279 534
83 950
244 80
11 823
325 403
575 594
237 559
7 586
553 769
391 366
610 649
33 303
466 404
72 654
470 906
328 35
587 417
151 255
163 376
597 675
34 253
596 903
226 152
99 892
146 174
226 930
550 518
341 491
360 271
380 942
95 961
223 237
573 815
132 263
286 603
359 631
176 810
364 283
445 180
504 181
323 213
585 70
491 815
611 142
51 422
391 333
602 434
509 326
575 696
311 550
400 178
450 921
598 306
101 998
63 163
89 902
439 616
271 817
297 275
385 584
275 560
122 876
373 415
322 518
389 661
251 789
17 571
19 435
329 686
581 520
111 429
306 854
266 687
463 99
25 786
14 394
164 301
70 738
27 399
400 597
269 141
321 746
126 64
614 596
577 453
223 290
256 163
353 13
374 128
316 52
316 21
8 891
171 869
126 855
186 106
136 860
178 144
91 15
85 248
467 349
76 807
524 290
166 748
279 395
32 221
427 701
375 35
572 11
101 225
122 612
427 569
98 898
528 927
490 84
26 668
565 700
180 548
606 146
529 376
383 768
205 69
156 453
100 587
100 602
210 672
14 87
421 346
370 271
276 504
82 703
96 682
227 923
392 84
454 378
49 568
195 309
13 593
521 28
395 792
510 569
557 538
299 970
480 928
288 811
142 109
9 418
604 692
437 682
433 760
585 280
431 530
355 817
480 575
353 290
371 735
437 30
118 895
254 236
422 56
320 903
146 918
286 884
540 193
259 647
604 711
513 262
384 472
105 876
269 489
54 528
116 122
426 579
397 720
245 518
558 907
372 634
418 729
280 733
402 473
402 100
365 89
212 75
148 193
605 263
239 550
421 261
365 432
344 16
347 60
201 263
71 738
9 940
590 728
601 558
597 69
505 312
292 223
558 512
322 710
415 336
510 862
443 641
90 801
551 43
97 699
8 415
261 436
523 701
26 162
614 814
488 348
164 35
598 168
44 315
36 149
36 689
108 794
214 196
401 390
553 390
136 973
530 22
176 1
107 446
609 287
449 69
583 14
67 501
441 276
607 254
18 232
404 2
426 25
394 143
366 917
352 280
383 891
584 324
63 250
244 62
101 543
526 531
298 995
417 135
466 187
607 592
322 510
449 729
45 779
272 529
435 32
377 169
497 124
585 250
255 462
476 901
153 963
541 160
386 476
288 584
400 933
589 473
612 336
126 328
441 632
423 498
560 327
405 954
361 920
89 167
540 829
343 611
523 130
180 197
88 664
85 416
549 651
146 186
282 717
56 358
126 465
155 586
526 496
446 730
377 983
410 443
318 727
488 377
579 388
333 337
263 399
241 687
169 980
402 378
529 924
457 379
113 460
252 858
485 141
523 401
122 274
269 151
288 237
563 446
421 778
437 628
522 801
350 758
381 912
115 465
535 640
161 328
139 307
465 545
214 885
203 623
300 728
275 353
212 885
151 258
155 922
604 143
72 551
230 180
445 640
584 807
446 654
107 531
362 702
346 223
442 672
254 5
435 721
238 179
289 977
591 997
471 838
124 729
554 72
550 201
554 259
325 365
239 344
20 926
610 531
92 276
309 894
428 714
34 221
94 748
398 297
346 232
412 533
428 658
152 436
167 390
231 649
286 698
511 285
270 257
238 348
552 977
471 320
373 382
170 381
176 517
304 83
399 857
34 768
391 754
429 155
435 65
583 338
287 638
370 885
294 18
563 640
51 773
456 453
2 985
71 192
477 333
578 641
457 283
372 70
187 978
3 974
154 732
201 950
480 969
187 504
330 299
219 136
354 600
117 741
502 35
334 494
233 603
313 498
358 419
376 742
425 464
482 500
109 318
136 590
183 284
28 407
290 227
142 74
12 370
603 849
281 949
397 103
218 482
374 462
175 19
134 387
177 62
239 69
205 232
441 553
203 414
15 769
389 282
103 424
12 548
417 759
150 998
484 132
515 919
525 678
97 697
328 226
563 196
375 97
514 601
132 879
508 223
58 966
292 41
511 897
10 685
11 777
487 775
368 372
49 700
390 89
232 640
428 685
351 120
430 9
424 592
167 473
605 695
213 438
339 454
418 261
252 309
167 447
132 862
492 247
208 368
292 319
196 93
270 459
15 76
370 924
118 640
567 430
278 463
10 722
144 683
494 789
283 869
158 55
211 933
295 925
390 315
366 680
516 450
19 524
87 767
266 58
261 518
318 918
13 789
518 561
410 192
202 872
89 523
514 483
38 291
52 295
100 261
352 37
265 981
223 768
142 785
291 763
503 212
257 353
44 595
563 699
426 699
555 854
563 825
300 666
367 832
326 316
123 143
160 148
259 912
183 976
452 515
257 32
138 25
227 903
339 321
249 344
57 110
219 455
100 150
116 572
441 901
442 12
389 200
449 967
526 907
335 531
409 940
478 143
221 557
284 809
214 789
213 777
328 336
576 140
562 139
203 706
210 833
388 935
558 512
51 678
388 628
519 849
498 468
371 771
109 184
378 302
298 817
316 293
260 697
125 356
177 262
204 890
524 148
585 854
571 592
289 991
446 845
47 411
556 899
365 649
180 123
510 503
273 644
96 700
614 441
523 495
420 737
134 998
106 622
137 880
543 791
260 836
427 349
565 351
109 705
542 642
240 205
596 330
114 591
494 327
248 937
588 61
212 427
146 229
123 488
234 645
190 484
396 700
324 805
201 775
526 727
196 703
394 406
216 249
263 216
269 308
523 824
382 494
587 685
335 32
439 1000
597 317
588 658
367 199
607 659
106 282
537 636
500 415
331 590
602 491
74 641
292 589
553 278
462 867
197 669
461 990
273 696
437 833
216 182
444 494
132 33
36 97
302 584
191 763
265 662
358 384
253 873
614 681
168 676
315 675
297 765
7 15
80 352
168 24
569 858
386 464
22 518
132 987
510 252
33 537
14 917
430 41
316 232
348 153
355 625
363 87
295 780
40 971
252 934
23 562
601 821
449 565
533 243
112 120
230 111
369 363
489 763
287 220
381 975
362 75
191 909
114 269
414 651
180 786
533 244
492 919
450 943
193 941
122 502
194 696
447 225
257 352
80 665
370 923
219 365
405 809
448 216
327 999
119 216
213 677
255 833
407 872
517 168
37 793
38 329
326 907
417 722
15 857
156 429
269 670
100 202
481 66
478 466
411 548
231 525
290 347
103 333
503 628
523 897
524 39
609 955
458 338
52 171
456 420
310 969
538 811
515 182
119 455
384 396
438 404
23 441
279 132
526 577
453 875
404 273
418 265
593 789
514 900
432 578
189 643
146 548
174 972
387 578
25 439
99 925
454 640
424 21
456 721
184 876
137 965
550 968
325 919
194 869
549 729
524 857
510 189
538 503
345 296
186 333
345 457
449 757
458 591
399 648
483 544
298 686
271 763
314 479
382 79
79 533
435 577
177 368
367 315
578 129
46 743
366 399
2 576
303 541
319 449
452 737
482 475
507 911
119 332
125 733
19 123
577 812
439 821
171 677
25 3
518 57
282 106
17 664
51 665
87 724
527 334
295 299
117 338
302 328
13 552
71 705
185 986
171 115
21 540
8 202
367 359
230 314
503 7
246 289
355 374
437 850
502 967
213 315
139 43
264 159
397 87
90 950
459 924
57 624
3 414
245 742
49 822
8 969
345 32
208 825
232 854
418 543
477 523
136 67
164 688
218 343
486 698
563 817
537 218
425 437
201 900
59 209
183 952
613 440
139 821
389 512
368 337
231 171
163 802
211 714
281 768
588 765
540 544
351 124
105 331
398 417
549 444
498 644
249 710
16 46
311 476
266 710
191 271
428 791
172 276
265 592
425 611
435 314
541 769
438 438
169 335
252 61
457 672
11 493
129 415
267 35
575 15
334 156
582 705
531 546
170 402
244 397
386 642
53 639
294 133
525 903
251 134
358 655
292 840
264 374
499 491
532 575
215 93
493 80
452 246
48 796
234 754
568 146
496 387
285 555
484 637
526 87
267 136
215 481
64 122
61 919
437 322
246 931
599 934
477 60
89 686
379 894
603 214
248 542
535 840
571 983
265 120
215 23
83 278
611 914
14 248
522 54
184 869
12 134
477 491
478 336
332 345
532 511
217 566
139 545
466 584
247 561
95 46
467 118
40 639
520 627
340 409
289 21
147 283
102 960
20 442
3 594
117 736
474 502
158 792
141 883
476 260
475 835
329 647
367 60
213 444
30 306
130 277
160 707
114 980
486 321
530 893
69 284
442 210
219 6
613 126
188 933
261 827
337 588
230 820
465 562
198 323
402 409
372 212
12 784
230 1000
291 954
160 716
331 253
451 519
581 300
599 975
511 526
520 317
123 692
210 468
241 527
273 174
369 919
164 719
69 629
33 112
210 602
357 581
403 262
450 143
399 42
448 636
410 854
574 162
168 900
172 135
424 530
89 220
536 573
372 773
133 97
275 523
159 441
343 306
53 301
331 507
220 687
48 643
310 421
507 138
2 859
100 877
409 54
475 485
75 561
513 782
161 580
213 553
194 528
136 298
212 172
505 530
196 355
296 886
46 220
97 574
357 897
158 479
204 608
495 450
28 693
83 19
462 966
496 218
258 669
445 629
302 826
130 196
13 135
51 564
339 642
93 357
544 142
562 252
289 490
153 426
452 856
555 938
116 503
522 895
284 90
325 596
474 207
52 290
472 961
445 141
268 751
357 663
524 954
538 300
35 803
340 741
389 251
151 389
510 400
331 879
106 782
16 173
566 636
78 2
150 987
148 498
298 379
107 853
13 566
498 879
55 451
180 635
444 852
29 51
316 32
238 218
200 530
36 882
334 720
105 254
505 13
157 506
232 199
431 805
374 961
575 918
355 370
488 524
314 717
581 405
434 879
508 208
239 805
180 555
368 547
505 941
165 309
89 453
484 946
193 401
572 100
433 496
283 329
157 385
417 949
443 425
76 142
539 970
457 407
16 150
234 989
373 88
133 893
10 827
170 756
415 385
477 941
260 461
232 271
397 873
209 556
573 777
42 244
509 782
119 928
274 517
186 447
323 69
288 604
412 517
201 413
66 291
307 902
457 118
171 388
390 708
408 747
12 597
502 433
465 47
58 784
562 903
191 544
135 126
606 114
324 569
215 966
270 897
188 518
175 817
120 185
593 635
207 289
518 723
605 93
506 962
504 384
200 500
215 392
349 875
370 776
335 90
481 422
460 66
191 365
110 776
201 621
483 53
603 182
397 517
359 473
390 89
275 607
480 85
425 207
323 314
388 388
353 85
136 965
317 142
85 300
202 138
153 743
376 786
55 82
184 58
486 843
229 338
258 253
549 744
15 718
369 317
416 936
238 811
218 83
249 957
224 202
354 264
271 50
380 970
317 862
608 370
499 293
12 967
174 130
153 327
263 28
336 834
413 996
459 757
199 873
302 608
517 559
573 328
199 771
224 830
59 841
295 453
75 727
558 288
195 615
445 458
595 177
186 140
10 62
431 818
460 22
278 134
374 563
395 524
191 308
609 276
562 979
6 692
436 703
175 539
243 27
288 303
577 85
245 232
245 304
126 379
18 610
50 23
583 551
317 19
64 932
535 478
366 268
486 534
109 895
60 354
275 974
420 232
445 49
220 576
434 993
408 134
113 798
153 404
590 665
559 566
121 203
26 204
460 965
165 419
382 942
595 572
594 657
141 596
278 179
346 379
355 345
320 965
539 648
564 988
331 531
587 923
144 929
91 924
471 101
577 908
513 156
506 538
404 98
86 275
222 717
59 777
328 633
125 655
75 370
541 767
502 845
500 828
507 471
390 624
45 828
420 623
303 698
508 786
3 267
38 910
316 823
2 770
205 871
169 820
307 115
110 837
106 621
379 280
376 300
467 559
332 738
587 342
263 503
408 998
122 739
477 843
37 175
204 959
395 189
402 845
72 612
128 862
429 565
103 120
221 856
262 49
228 256
343 648
36 635
150 997
296 51
103 364
495 879
40 895
22 266
217 313
15 459
113 11
212 412
428 898
262 52
305 199
306 645
184 574
76 286
230 896
367 705
176 193
456 174
291 226
48 119
307 216
265 218
2 691
27 362
188 8
591 175
438 216
111 9
445 231
595 944
509 925
379 463
351 920
126 421
410 744
338 627
422 290
365 752
241 550
486 928
551 57
317 424
262 44
458 772
61 387
303 498
234 30
145 949
29 795
358 938
455 114
11 46
452 392
54 310
370 725
215 933
68 902
201 882
254 91
221 191
276 250
407 979
271 754
100 393
489 233
207 927
457 455
153 528
258 121
7 666
159 606
20 537
114 469
471 402
556 694
594 761
484 684
458 923
52 73
436 333
443 178
601 923
464 215
236 217
167 405
426 590
410 387
515 548
59 88
307 138
12 203
50 722
543 450
548 859
13 548
427 744
105 7
131 574
195 42
367 34
583 724
261 569
373 676
135 511
425 910
606 449
219 380
401 314
358 883
137 282
426 490
188 434
582 71
474 417
96 841
483 698
138 302
391 940
597 871
314 713
217 200
171 903
594 513
260 58
480 471
412 656
221 995
178 211
128 170
376 699
427 939
378 169
23 924
548 877
244 334
322 18
434 724
166 52
223 616
106 329
307 902
36 189
542 207
353 124
30 112
63 44
171 800
413 152
107 997
299 606
91 536
496 498
178 500
198 633
196 891
333 639
262 825
583 273
542 551
323 684
595 665
85 988
553 529
270 14
100 938
459 678
105 469
91 793
514 15
403 437
202 513
113 404
88 239
376 197
54 114
129 355
333 22
339 396
280 804
67 667
502 673
554 470
418 909
111 488
428 686
81 336
421 890
49 97
77 264
13 248
216 648
553 921
312 758
318 195
194 867
113 639
180 764
212 293
608 129
397 470
40 727
539 331
34 935
67 989
575 653
480 267
301 905
354 535
121 505
148 369
443 925
431 746
557 258
132 666
398 472
62 988
169 860
184 589
460 399
485 328
508 356
559 476
285 950
353 532
184 872
118 262
527 243
9 277
477 987
423 464
192 730
24 200
566 188
276 565
455 714
387 722
299 567
374 861
442 214
90 24
218 986
83 603
581 403
189 103
460 328
139 212
564 200
79 652
12 184
423 206
163 208
287 988
377 726
71 189
433 489
129 364
376 831
457 263
302 783
508 144
141 704
110 336
368 921
111 799
518 606
352 357
557 594
195 269
258 823
555 900
315 959
581 902
501 767
422 322
52 31
187 649
255 555
65 666
66 501
199 369
505 24
312 908
424 110
156 261
343 452
338 363
100 473
89 88
334 794
597 468
380 201
487 321
326 593
220 661
398 908
28 371
138 989
587 282
110 854
554 436
215 980
94 400
52 374
60 681
418 745
276 358
580 607
437 552
40 635
306 230
357 270
284 540
77 278
493 543
275 506
224 251
8 47
394 829
504 950
219 586
388 171
257 822
250 143
150 982
108 712
260 751
405 164
608 540
143 193
385 459
350 384
185 241
490 413
211 82
85 417
389 545
262 840
142 678
580 660
427 659
510 632
15 807
371 197
488 251
224 504
280 239
278 738
213 886
29 239
521 53
53 24
565 24
196 401
305 614
356 907
70 920
317 851
244 582
148 897
110 922
400 786
220 650
363 343
196 282
210 492
219 648
196 266
195 399
575 949
296 540
396 814
386 460
336 90
320 20
54 617
568 79
70 176
33 196
209 327
95 366
48 564
243 746
351 415
201 148
523 604
166 306
149 964
93 15
299 163
264 978
105 475
258 788
411 1000
6 526
363 875
414 465
365 911
73 259
561 71
218 577
445 270
373 807
245 173
397 66
118 704
478 167
581 217
488 465
233 580
446 695
325 330
243 875
256 958
163 316
118 963
337 365
218 35
434 972
326 425
155 227
88 393
562 995
443 539
81 476
567 179
555 70
192 580
298 948
44 88
315 140
273 553
314 704
486 732
101 607
491 97
50 196
458 124
153 318
446 927
593 375
491 486
405 430
325 921
253 949
595 517
575 339
222 260
277 426
147 200
180 322
489 44
400 229
440 235
33 601
440 271
129 577
71 899
143 132
87 897
340 45
175 734
376 833
91 921
429 908
72 135
219 228
276 810
517 684
470 701
383 107
182 786
285 850
234 868
372 50
573 189
388 964
230 409
578 718
529 617
133 709
259 658
580 941
373 499
244 595
385 139
170 652
101 904
273 683
193 112
98 263
148 388
593 306
293 496
101 107
221 885
411 453
389 984
457 494
272 568
440 129
144 907
486 500
433 913
569 803
273 728
601 803
567 503
348 952
101 315
434 567
225 580
107 908
143 641
535 518
497 360
69 350
187 855
47 900
598 478
455 2
191 466
506 454
242 332
38 500
340 536
542 50
561 223
580 819
212 317
80 861
514 643
602 507
170 406
614 499
109 174
465 688
182 352
236 641
141 525
411 409
409 769
309 693
16 244
327 609
425 492
231 179
481 874
43 806
336 160
608 953
424 737
178 950
203 145
589 515
339 905
583 204
297 109
262 815
585 589
40 142
83 255
89 401
596 195
124 129
366 646
257 702
585 336
508 818
568 622
111 988
225 888
217 767
178 812
353 576
398 537
605 395
407 285
226 870
178 776
384 596
124 615
295 683
590 906
281 15
370 829
235 621
201 659
55 464
530 846
368 24
535 449
311 270
233 222
606 562
613 408
130 365
52 323
595 703
423 855
298 82
299 160
534 453
343 633
347 226
347 692
572 168
77 907
587 297
239 683
533 285
43 340
320 702
213 370
125 378
356 607
614 524
477 878
8 227
434 986
225 330
546 741
120 686
145 153
561 899
486 683
130 992
471 298
84 374
102 789
186 268
38 722
171 838
155 688
395 178
584 70
349 954
318 489
463 580
79 170
529 597
250 342
124 417
460 588
249 781
195 138
227 566
587 377
128 591
498 628
144 191
362 981
413 888
481 521
271 514
343 319
186 749
276 484
559 299
202 569
318 548
284 220
177 47
210 659
474 760
26 700
282 844
255 608
488 959
428 595
512 22
269 262
174 933
469 357
604 627
452 874
522 129
160 688
577 63
230 432
533 631
282 743
349 640
509 998
514 68
20 177
80 882
345 689
288 789
425 466
284 922
139 853
387 454
494 215
100 807
11 377
485 958
192 662
553 59
68 152
260 888
217 738
54 877
177 263
357 947
594 322
93 761
464 540
373 691
422 674
315 981
195 180
498 684
368 351
505 773
95 284
541 748
101 983
73 839
460 272
351 193
455 437
389 855
418 791
92 526
378 856
158 875
328 387
263 657
609 908
612 23
489 100
89 423
588 479
577 657
134 101
198 382
390 620
500 869
100 740
435 481
491 42
379 904
359 86
371 790
426 492
496 16
440 727
538 378
587 937
520 954
435 773
315 634
325 662
203 505
386 269
547 59
584 726
417 173
531 979
234 882
523 280
218 32
296 909
581 123
171 280
289 938
520 640
541 173
352 211
159 29
159 481
520 76
115 270
586 280
97 740
259 781
450 190
220 560
250 135
16 332
338 393
411 257
570 694
490 144
527 531
246 672
131 136
350 692
506 169
103 515
511 920
406 279
511 680
246 263
587 299
361 148
471 430
312 287
335 688
88 346
226 86
117 387
147 962
280 284
50 559
323 989
337 967
433 641
316 701
495 276
387 948
332 356
115 406
311 653
603 741
480 659
536 693
523 36
391 624
295 291
456 289
72 431
92 673
310 425
249 278
500 930
576 119
289 426
460 577
562 418
317 221
341 443
302 215
52 893
385 713
569 105
216 670
30 631
566 735
391 225
247 913
315 350
61 229
266 856
530 159
523 190
84 784
571 827
390 156
22 69
318 157
174 327
16 606
548 783
424 384
26 9
304 80
382 298
46 39
264 237
141 361
24 490
566 831
314 386
486 765
483 940
145 460
191 676
177 713
367 734
322 148
14 815
472 698
502 557
266 700
267 282
472 86
585 349
367 449
497 64
459 465
328 771
537 951
41 256
50 288
29 317
604 84
567 45
348 304
598 255
528 844
414 525
236 966
594 455
540 862
483 606
337 416
594 489
272 613
192 995
429 642
366 10
204 855
46 210
613 752
8 120
120 464
364 336
591 530
468 216
606 198
214 570
251 602
492 110
412 222
287 133
258 783
27 383
184 117
19 582
201 4
536 905
384 679
273 610
142 728
77 928
167 226
158 246
372 744
194 698
563 226
574 751
416 647
450 259
60 334
314 738
168 19
397 641
126 281
333 820
290 74
503 88
403 17
324 857
514 640
414 246
296 226
347 272
14 642
236 887
113 570
405 541
171 310
252 752
610 510
267 68
223 879
37 959
319 667
457 740
269 4
487 281
522 445
489 760
308 377
204 921
59 210
392 295
463 643
149 727
156 63
3 132
35 240
158 654
376 416
419 950
402 76
205 83
569 99
609 504
382 99
175 915
203 77
271 944
140 836
182 757
72 34
65 251
306 388
204 323
614 673
504 518
461 510
337 316
362 901
347 815
105 641
172 421
398 259
343 153
39 649
590 529
469 849
195 282
587 67
236 160
44 164
479 911
498 852
385 277
567 481
375 741
554 225
150 461
170 133
300 176
272 752
418 262
398 988
191 879
157 397
442 812
364 628
17 342
261 221
375 900
346 169
399 898
362 165
96 781
473 265
242 143
109 971
264 97
39 257
527 524
154 330
390 103
320 638
330 477
570 897
3 884
177 52
133 478
548 36
584 171
176 233
248 478
382 280
586 348
284 738
346 960
95 243
102 514
607 796
294 259
481 849
109 162
238 347
113 714
471 574
418 666
557 725
507 867
515 402
75 878
68 438
12 460
31 759
198 523
30 164
418 416
353 587
65 727
209 396
502 213
102 412
479 879
124 347
379 312
524 982
288 431
8 581
422 22
276 702
548 692
535 560
460 316
444 273
300 708
539 577
514 375
549 405
27 716
507 117
429 532
474 838
115 575
354 304
547 872
560 112
493 77
280 216
567 424
51 35
182 552
610 361
43 337
268 289
173 936
82 506
248 487
7 16
218 151
580 86
57 625
83 310
7 476
194 826
36 395
445 127
598 772
190 173
474 641
10 552
328 587
223 178
4 234
265 87
78 70
533 135
466 322
150 47
526 739
428 496
191 901
220 831
192 54
318 795
352 1
560 243
8 533
169 861
445 980
141 672
586 124
209 731
391 481
602 715
313 441
596 665
430 174
578 770
88 328
311 381
381 49
456 105
471 175
504 428
363 21
316 205
298 170
79 443
338 304
89 635
569 574
574 30
261 447
310 624
200 929
235 891
469 527
530 418
456 376
311 702
43 997
386 388
164 190
608 805
394 142
158 109
130 203
77 381
358 207
497 498
190 818
139 475
133 885
149 470
288 48
463 891
446 381
239 392
505 218
160 603
554 988
199 611
445 311
48 616
399 846
181 614
84 577
277 383
344 850
214 902
595 951
56 812
262 292
166 494
420 326
145 413
165 896
386 853
16 482
348 190
366 941
186 502
121 720
179 30
544 566
309 296
35 110
602 72
40 690
66 304
303 72
462 177
528 636
3 105
123 436
146 680
330 218
564 770
311 886
85 920
15 858
516 254
85 348
577 174
140 871
289 860
126 466
560 553
430 367
522 921
267 413
25 708
498 447
8 640
559 139
311 629
346 404
48 360
269 481
148 513
384 147
518 5
531 875
239 348
609 257
473 756
55 94
268 564
258 555
511 34
122 696
359 278
374 518
434 476
144 909
54 558
510 511
127 520
422 403
147 650
556 451
123 914
588 910
475 839
368 759
68 175
338 788
166 2
61 232
370 516
497 105
497 415
470 402
448 71
157 858
153 468
476 508
534 67
516 445
461 213
367 570
265 959
485 615
496 313
416 800
50 959
155 716
6 571
568 885
432 888
546 425
602 129
285 284
525 928
503 972
64 767
234 923
560 595
45 585
489 75
335 64
607 222
61 190
518 706
437 350
488 54
252 23
334 281
145 395
374 864
591 186
430 68
481 277
252 449
395 883
556 873
350 935
430 919
392 407
417 989
93 95
387 830
126 548
287 716
473 698
435 451
399 431
262 684
474 389
411 547
598 500
332 586
206 157
145 212
253 552
129 426
39 431
385 98
576 505
536 554
461 496
576 546
146 867
441 807
84 725
570 9
372 844
157 62
482 155
580 332
472 624
505 995
199 942
126 56
446 468
171 284
488 653
391 731
322 367
219 990
52 612
600 489
548 683
116 341
9 159
458 39
143 343
175 295
359 21
502 291
519 887
546 425
377 633
366 120
507 65
594 520
16 898
277 717
9 866
324 824
324 179
566 102
555 805
403 911
146 83
370 704
440 466
511 794
463 589
472 392
122 883
493 149
224 991
137 124
569 447
220 814
594 431
184 936
430 363
111 250
147 960
353 473
403 755
212 917
613 80
99 468
594 197
425 77
449 996
37 654
146 301
335 543
254 905
144 909
275 392
407 224
343 460
141 525
475 268
531 500
60 130
72 378
481 997
318 57
460 632
250 780
572 201
588 228
222 147
553 829
65 252
169 361
28 816
228 804
606 212
419 6
356 579
97 212
30 229
414 520
363 851
128 36
440 460
373 411
563 412
178 833
532 296
204 845
128 274
593 246
148 963
427 931
272 452
98 466
29 908
480 306
44 254
571 736
177 991
27 742
491 996
395 367
162 666
190 453
33 628
485 660
540 745
449 724
137 540
121 34
340 882
237 663
250 7
465 144
381 41
56 828
244 83
158 554
126 668
428 16
170 718
608 797
377 863
453 88
245 675
280 214
551 304
263 848
251 400
165 186
533 59
79 822
377 770
382 79
271 333
449 198
44 150
247 513
485 500
304 703
296 505
295 437
552 76
500 436
152 976
40 976
42 659
252 978
265 688
46 879
277 814
297 352
65 942
530 840
478 272
507 201
131 255
39 31
229 729
87 491
2 352
