2155 89
41 427
35 146
43 509
86 475
51 389
15 276
4 141
83 107
62 796
3 598
82 628
80 500
75 340
85 437
28 638
63 541
74 458
82 509
81 266
60 66
67 356
67 172
67 979
47 921
39 518
60 327
76 528
84 629
51 966
57 931
67 476
47 21
5 689
46 268
16 334
67 733
70 738
17 680
18 65
36 762
78 976
82 963
62 259
29 57
4 592
37 828
12 81
29 871
84 606
64 429
38 513
13 106
43 440
80 678
70 358
38 190
10 810
33 539
87 686
70 352
84 329
12 920
26 710
30 93
87 995
17 130
12 3
55 363
30 412
65 464
64 242
38 534
52 210
61 829
13 56
30 259
57 825
51 607
65 674
81 47
18 743
1 75
42 916
2 607
87 368
17 909
28 165
87 529
50 202
43 211
32 849
14 832
37 369
45 394
14 869
58 203
68 930
3 502
63 581
78 214
14 195
3 605
47 88
21 23
86 289
62 476
54 945
66 569
71 688
34 927
13 511
57 427
49 933
36 317
86 445
34 257
71 974
51 33
85 146
54 296
73 911
7 768
25 809
4 861
7 702
52 441
75 624
30 142
82 103
52 623
57 876
68 439
86 887
42 71
9 531
13 941
32 980
18 856
15 496
34 61
7 459
87 725
51 369
18 948
8 848
70 604
63 323
89 440
31 800
67 673
40 187
11 373
3 705
57 362
82 246
89 536
82 247
6 444
79 681
87 38
33 416
43 36
52 561
1 588
39 696
51 126
39 154
26 408
28 533
50 537
82 939
39 862
84 755
28 463
65 640
55 931
50 536
53 120
49 286
10 380
82 376
13 119
4 105
7 878
3 544
18 226
85 624
64 271
70 382
25 261
78 750
79 515
49 383
69 599
10 218
84 503
61 814
27 915
51 351
19 112
65 275
26 302
68 228
57 691
65 905
16 359
70 100
59 470
12 693
7 281
34 845
24 885
32 548
78 194
76 517
6 997
48 204
85 878
52 759
76 715
71 946
88 483
38 465
70 308
42 162
73 254
44 480
15 374
61 298
21 140
48 609
80 45
43 349
59 953
47 609
37 406
15 915
65 27
5 357
59 414
77 503
86 911
59 746
13 762
78 870
2 65
83 333
39 640
52 550
80 511
13 755
70 636
58 3
71 950
33 121
43 299
82 418
79 739
79 515
24 82
43 698
29 634
36 800
10 111
28 45
89 857
83 740
3 197
84 786
17 13
40 691
71 955
58 470
11 114
3 92
68 373
56 588
31 270
21 834
52 369
67 324
66 670
63 12
49 218
72 953
54 822
43 109
27 327
12 808
35 924
41 236
68 188
26 647
71 485
49 580
34 598
32 682
81 350
60 355
24 674
1 270
73 723
52 542
81 198
8 265
30 490
79 514
1 349
63 760
35 304
3 469
54 814
31 911
71 41
85 786
37 821
48 779
39 59
43 783
69 576
37 546
59 355
27 601
59 18
66 545
20 965
59 229
23 786
34 755
62 752
17 552
88 668
69 480
89 743
36 998
72 853
29 850
75 991
55 846
71 330
1 89
47 86
36 132
22 625
43 847
26 505
26 925
42 173
19 267
61 693
76 517
61 757
3 354
68 79
24 611
83 269
19 1000
46 147
78 499
75 475
6 250
77 678
16 281
83 658
54 638
75 695
10 572
59 745
89 640
24 9
20 111
4 308
46 942
6 338
77 752
20 616
14 996
2 87
61 565
73 251
68 200
40 444
34 617
86 288
46 150
4 687
83 914
6 766
32 516
43 109
57 133
36 753
55 518
44 898
1 504
88 438
85 713
50 4
56 414
25 434
55 779
88 784
75 221
8 939
27 121
12 683
38 266
55 861
38 518
72 161
31 402
77 989
74 250
66 208
5 210
19 880
74 232
62 437
76 886
81 651
76 549
52 572
70 501
1 788
6 166
89 467
15 331
85 127
10 338
7 327
78 565
11 601
49 27
79 172
30 135
5 431
17 144
74 137
16 704
40 678
57 894
40 32
15 340
72 116
61 713
28 81
71 199
89 717
9 62
69 199
56 776
66 78
8 843
89 408
53 466
54 412
10 940
5 777
75 339
70 404
78 263
19 214
40 657
38 604
12 168
35 117
20 591
67 496
52 37
77 571
63 883
88 917
23 250
48 293
75 59
53 712
19 756
75 615
21 490
68 758
6 449
40 95
21 478
51 293
40 390
44 329
21 828
80 409
59 807
59 108
25 825
41 55
36 593
56 947
82 194
87 884
58 674
43 347
48 940
49 566
4 414
16 915
8 84
12 536
58 307
37 846
57 31
32 393
15 485
80 362
8 929
10 589
67 346
41 3
51 289
33 617
9 14
48 368
64 707
55 763
53 430
12 612
58 435
60 694
12 272
24 212
30 520
64 257
56 393
26 79
47 230
47 968
78 173
85 736
5 761
4 801
37 801
15 476
88 784
82 415
8 275
1 266
20 422
59 361
87 423
47 21
29 345
78 947
27 835
61 339
57 727
32 2
46 979
77 80
42 571
6 819
1 613
21 763
23 443
17 868
81 621
61 447
3 36
44 88
71 664
71 9
52 67
12 334
71 828
50 392
63 198
35 834
81 14
20 743
62 912
61 282
63 738
37 508
79 431
72 785
25 293
77 291
6 432
71 846
66 469
19 618
53 783
32 405
78 830
70 686
83 395
9 523
31 518
40 668
72 608
85 301
38 873
29 736
7 811
46 249
64 700
39 504
36 881
75 490
21 446
86 297
43 942
50 223
64 657
54 559
48 649
4 709
70 716
59 984
55 613
59 399
88 499
68 873
76 729
20 883
81 244
87 487
6 680
25 807
69 572
30 526
76 369
6 311
63 126
70 580
1 79
48 904
38 394
63 13
32 744
24 552
39 530
40 56
27 666
2 394
66 205
77 648
41 552
20 461
52 96
10 482
88 528
61 533
42 815
30 757
29 895
63 263
72 976
36 724
85 834
24 544
8 567
75 877
26 783
84 654
20 953
46 692
65 169
70 693
43 316
34 352
27 125
78 570
45 100
58 388
71 426
7 906
42 767
47 45
12 324
36 138
7 265
85 962
4 736
87 648
5 664
2 998
87 835
88 736
31 312
82 406
20 458
52 711
56 702
17 713
63 873
12 74
73 296
67 186
40 535
45 710
38 419
6 247
12 415
28 233
20 787
22 573
13 32
5 87
17 869
58 624
25 101
61 53
72 127
72 254
86 741
33 112
57 221
69 956
67 595
9 453
82 805
35 566
57 310
2 778
66 251
9 26
40 569
16 939
31 149
54 813
40 90
27 485
69 615
20 611
76 806
80 693
53 839
17 2
74 35
87 232
80 49
37 167
79 916
34 348
62 674
31 151
81 215
51 109
47 160
9 190
69 785
66 40
86 47
65 378
84 7
34 58
20 165
75 64
29 110
82 577
19 591
53 924
43 715
7 200
12 648
53 517
15 610
45 150
20 655
15 733
56 738
10 247
85 385
42 124
25 703
8 776
79 530
27 789
68 774
4 119
21 128
45 918
87 539
33 816
48 263
78 300
22 173
52 311
3 532
1 915
72 527
33 588
11 653
43 137
59 872
14 953
36 990
55 507
36 899
38 404
30 557
27 517
49 375
47 43
56 615
5 406
7 695
3 146
33 295
33 448
80 817
69 598
51 636
63 979
80 147
34 860
19 299
87 970
53 960
11 402
75 384
50 91
12 526
64 931
49 985
45 323
6 970
81 542
29 426
64 238
56 57
26 951
55 80
5 930
39 256
30 916
17 561
89 772
48 164
21 168
81 49
47 193
13 74
42 314
83 750
63 605
30 495
30 222
36 964
64 118
36 736
89 825
45 769
51 40
28 882
10 1000
42 65
80 842
60 810
2 657
18 2
47 215
35 172
76 920
83 200
56 220
52 727
68 49
4 936
40 224
9 759
12 260
11 536
47 910
15 456
65 347
27 965
54 516
1 265
76 60
17 787
35 14
2 221
83 461
68 447
30 282
34 995
35 394
44 775
14 701
9 54
22 584
18 487
80 724
16 828
27 37
46 549
10 419
60 563
10 76
46 381
44 48
87 262
32 644
83 948
6 40
85 651
10 673
70 96
71 727
18 743
12 600
39 150
12 468
55 735
17 950
60 162
17 225
45 208
46 449
36 585
60 398
12 839
50 141
76 881
51 654
42 289
62 239
12 934
49 807
21 435
26 380
57 942
80 742
76 570
31 209
16 893
55 927
27 683
48 828
29 457
61 976
50 659
54 729
24 86
13 726
68 822
78 13
50 530
31 854
62 179
36 261
56 825
75 428
82 966
71 814
27 224
26 254
70 659
54 302
67 477
72 904
8 633
21 353
19 421
77 704
51 75
67 676
74 699
65 531
51 744
21 428
25 655
22 582
55 299
15 638
11 652
39 517
68 578
51 104
87 823
4 583
78 155
9 334
15 485
23 310
40 521
35 581
83 100
17 762
19 2
10 602
9 561
89 174
48 795
74 627
67 896
66 680
8 586
72 443
20 807
2 357
81 738
35 129
31 65
32 849
19 89
16 201
12 726
39 706
2 124
53 408
15 561
28 269
79 56
70 468
7 207
2 270
2 177
25 296
51 302
5 427
35 910
63 211
35 34
59 569
87 667
80 401
32 248
59 965
29 653
10 608
51 111
77 523
58 64
39 811
59 601
22 617
44 979
24 353
11 605
28 179
45 162
31 838
64 488
58 408
73 193
24 87
43 237
56 227
78 455
70 329
24 212
45 42
58 775
77 273
45 592
11 41
47 888
3 989
9 414
58 414
84 709
45 305
32 804
70 470
86 236
14 82
78 750
39 918
56 307
52 357
66 361
81 234
41 221
80 280
83 355
6 72
21 520
14 878
78 753
39 836
75 673
56 110
4 807
23 605
73 389
28 300
5 658
49 230
16 273
53 942
60 872
89 165
8 522
41 927
1 798
89 606
67 453
26 326
19 887
30 863
45 231
79 327
69 539
5 685
54 573
59 919
33 916
74 733
32 796
62 675
62 610
85 147
62 328
50 73
17 215
38 421
15 840
13 429
2 674
24 920
72 24
69 372
33 256
77 8
27 676
84 683
5 357
4 19
89 851
15 135
17 334
68 406
46 537
3 862
72 849
75 686
51 162
79 395
20 298
55 431
68 140
19 781
34 447
44 335
10 573
2 448
6 420
13 250
41 464
50 66
20 583
33 575
16 75
17 510
56 820
59 273
24 796
53 611
81 473
78 646
71 918
38 949
69 66
77 82
48 311
8 481
65 428
18 3
21 76
71 125
14 997
33 470
63 50
29 20
88 362
45 688
77 894
8 757
12 758
40 357
29 645
72 188
12 705
44 243
64 700
69 942
78 726
35 694
83 968
74 320
18 522
28 669
36 694
14 672
68 266
84 27
48 458
78 66
69 845
87 518
80 635
43 123
69 341
79 482
27 621
55 40
85 785
7 101
43 605
19 390
48 462
1 116
15 823
70 3
31 824
15 244
1 202
52 515
12 4
16 265
83 273
1 843
55 184
2 305
82 715
34 40
61 64
25 529
28 211
33 383
39 178
33 149
14 143
60 662
41 922
9 739
38 725
77 849
56 22
36 88
14 912
67 93
72 986
40 168
89 30
29 783
65 779
25 546
84 76
76 893
36 591
64 409
7 759
12 634
78 507
34 458
78 116
2 525
71 131
42 931
67 720
47 338
5 716
50 146
82 536
73 878
56 316
38 401
48 169
87 999
79 231
17 608
40 336
74 640
27 843
75 850
26 314
79 168
17 548
89 245
31 716
8 979
46 64
4 173
43 427
87 639
28 195
70 648
50 835
63 63
42 986
44 211
18 635
65 466
61 195
6 755
15 711
61 740
34 419
53 348
81 739
27 562
80 230
87 996
89 262
78 641
82 57
36 8
48 107
16 54
61 242
9 965
3 768
80 183
11 541
45 327
67 699
17 704
55 200
45 356
54 63
69 14
63 239
25 80
56 762
12 934
86 928
37 801
30 842
4 550
37 823
6 220
35 994
32 490
23 977
25 326
65 32
54 894
13 580
46 75
69 313
8 82
87 541
61 425
18 466
48 488
60 280
24 829
79 16
19 918
22 586
75 28
47 936
44 714
70 241
57 506
69 991
33 600
34 89
34 701
83 730
32 805
33 152
70 337
5 558
34 54
12 18
11 805
57 855
84 409
15 324
29 660
66 108
42 602
37 149
44 555
55 161
69 870
89 351
85 825
72 834
27 658
46 145
42 577
50 358
49 739
23 559
3 17
63 752
62 311
40 247
14 885
78 927
79 97
19 614
63 732
31 710
81 456
60 647
69 456
6 844
1 960
48 410
70 913
67 572
47 167
59 121
29 218
84 932
26 560
68 595
57 505
79 682
10 610
41 541
46 707
26 121
15 609
42 691
3 157
63 719
88 906
14 835
37 275
58 409
18 891
82 961
25 515
48 932
11 999
8 506
80 193
69 429
78 981
57 284
58 539
85 137
29 313
79 291
82 582
5 77
16 416
42 677
16 743
45 262
69 1000
81 646
37 482
23 553
12 188
17 164
71 549
38 666
16 531
57 851
60 469
46 336
10 841
51 360
43 567
66 543
89 83
7 529
62 823
3 163
53 238
1 979
44 363
34 243
50 480
16 626
77 999
89 890
77 157
46 595
23 306
72 135
42 842
77 964
78 127
86 645
53 932
45 729
20 851
84 187
75 833
19 984
10 421
43 564
33 692
69 69
48 112
41 534
6 964
29 990
45 10
75 455
42 557
37 599
56 527
24 626
85 220
16 814
73 101
16 341
36 375
8 511
73 913
30 109
68 873
69 687
20 976
83 191
19 809
29 780
61 766
57 944
23 339
19 802
28 529
22 421
85 772
76 55
58 222
21 915
26 282
80 536
11 161
86 695
3 449
26 24
12 136
22 278
75 981
45 950
28 496
7 157
57 85
41 103
43 958
26 992
59 278
56 95
89 326
50 814
63 939
47 892
63 878
89 467
19 419
34 130
23 315
78 395
77 290
18 70
58 369
38 709
46 701
78 478
37 150
69 220
53 545
52 486
49 223
73 559
11 988
48 844
42 792
83 217
74 665
66 301
31 831
82 25
50 711
28 812
28 833
35 402
30 50
8 352
39 83
25 866
77 295
74 598
39 713
13 502
50 60
24 906
65 441
77 156
30 621
56 818
16 944
38 991
87 719
4 130
71 626
80 5
77 399
86 367
16 293
28 435
42 186
39 303
32 798
14 926
41 165
7 358
14 353
86 971
36 982
75 922
6 149
44 767
27 17
86 103
80 452
23 991
28 283
88 915
33 798
28 367
49 538
70 362
37 814
66 926
48 657
31 626
80 866
27 144
28 767
33 871
63 351
86 33
71 936
53 518
41 273
44 904
70 185
48 125
50 727
38 441
73 127
11 89
51 619
47 512
55 952
78 518
87 53
55 524
1 719
38 361
49 504
88 24
42 875
72 576
67 338
8 802
6 361
33 551
16 984
60 448
58 732
46 540
87 54
76 749
61 850
12 323
75 106
25 103
74 593
3 1
65 337
69 628
58 677
47 932
76 71
84 775
51 347
84 9
72 178
75 630
19 785
83 652
49 39
83 358
12 610
82 722
13 459
14 316
34 93
27 257
62 850
5 669
36 174
8 197
51 650
13 982
66 98
35 636
30 392
60 156
18 39
14 210
87 608
78 435
77 952
16 317
45 720
89 714
22 556
88 137
45 173
34 53
71 143
54 164
63 459
61 153
33 694
55 58
21 168
25 826
24 119
16 376
66 105
6 463
63 949
23 996
22 379
14 835
69 423
59 419
60 698
41 981
81 337
6 320
86 804
89 32
55 232
30 131
61 702
50 355
38 770
85 798
44 556
39 369
51 850
20 961
16 524
42 400
34 319
59 326
53 907
60 758
75 605
36 580
15 198
26 926
35 513
12 560
61 505
20 22
50 577
22 790
12 922
16 843
38 176
76 515
31 677
84 538
40 485
51 877
4 545
34 984
74 260
51 849
50 953
41 322
57 402
40 195
38 314
76 805
72 125
62 432
22 139
78 862
16 905
20 590
48 919
81 34
39 290
16 41
37 140
6 542
55 71
50 534
78 598
30 382
12 93
79 380
88 588
81 297
58 23
80 709
50 864
25 739
58 204
30 672
39 994
68 568
22 544
40 450
70 93
26 63
5 856
85 734
75 152
70 635
64 177
66 44
41 357
85 683
27 953
9 927
12 612
81 978
21 675
23 948
7 768
22 38
4 462
31 425
60 271
34 589
4 110
45 578
60 957
78 90
71 513
32 844
82 777
7 979
82 514
69 357
77 902
46 741
89 872
38 130
31 505
83 574
33 287
1 399
68 993
19 409
42 388
20 777
71 961
44 940
59 316
24 718
48 174
19 212
88 269
8 803
62 311
29 374
28 218
81 443
45 351
17 511
74 602
54 582
66 428
25 251
42 417
30 550
42 67
14 577
49 709
32 515
2 968
60 669
29 73
3 383
67 553
52 932
54 44
55 889
72 491
22 226
42 506
25 662
15 218
9 54
4 816
85 930
21 660
75 419
56 635
10 346
66 342
31 776
36 65
31 436
74 932
70 528
27 286
55 684
64 341
34 330
22 382
68 800
20 836
72 697
1 881
15 612
52 846
22 76
21 937
69 470
42 218
88 806
87 101
48 90
88 603
63 165
1 280
26 286
15 94
82 166
56 257
51 502
3 18
84 454
18 980
20 551
76 914
74 651
32 775
35 895
69 500
8 616
3 741
5 195
74 588
24 499
4 893
22 462
27 505
24 25
64 891
50 264
40 773
23 15
5 644
76 884
43 928
32 537
43 926
81 471
82 86
42 894
30 828
23 646
12 899
66 74
48 261
25 8
40 844
51 498
5 573
52 103
81 872
59 346
38 17
17 162
33 898
48 345
58 959
44 542
60 504
24 51
65 698
28 71
38 958
68 524
2 153
83 410
12 891
66 907
81 552
32 781
52 138
61 331
4 156
1 508
78 776
49 290
5 787
4 733
65 476
34 886
57 632
30 564
65 233
3 130
74 114
4 927
16 917
88 76
13 117
20 818
3 508
82 834
57 606
44 602
9 780
17 647
44 995
62 61
73 138
65 673
83 639
14 136
32 611
85 637
60 537
49 79
11 235
13 136
58 645
37 567
19 664
76 159
43 513
77 806
50 295
22 863
12 192
19 344
24 828
86 813
24 561
19 139
6 694
40 406
68 608
15 995
11 279
84 798
71 2
47 182
70 583
51 4
74 644
47 936
80 953
7 76
53 635
23 902
19 307
49 442
16 229
67 254
26 426
37 245
3 518
11 749
42 810
40 113
2 859
86 615
30 945
12 202
19 257
6 249
27 180
26 103
69 830
54 977
69 863
48 995
45 421
16 835
42 168
18 356
40 69
77 717
40 60
77 496
59 274
59 675
80 584
6 346
83 58
72 123
88 984
67 8
60 504
65 961
73 682
58 783
70 947
49 842
34 523
20 364
33 63
78 412
80 599
64 469
86 793
34 964
73 244
29 837
87 38
43 174
70 647
75 594
51 588
84 199
45 452
47 440
78 262
10 301
50 66
25 262
83 379
66 676
27 652
37 440
79 559
21 962
50 151
63 915
40 408
71 699
70 409
52 492
10 985
10 420
57 183
86 199
45 633
42 4
39 366
88 299
23 908
35 149
4 203
8 732
73 375
76 934
73 994
61 718
31 487
78 99
81 185
28 504
