8076 538
32 578
452 316
422 605
385 204
216 296
9 817
455 284
527 778
290 72
321 45
162 936
462 209
258 442
300 621
60 487
62 238
415 352
467 653
465 975
278 591
443 473
124 587
444 683
538 151
501 978
307 732
86 257
427 605
314 399
487 556
509 14
501 918
111 230
7 249
363 431
125 229
174 739
346 536
486 553
74 976
474 179
359 742
142 785
316 725
384 844
458 911
287 52
229 392
246 522
116 441
119 743
364 6
484 139
141 217
244 671
207 197
490 11
17 115
485 41
311 240
88 576
388 901
369 298
385 334
467 454
344 36
158 231
290 555
384 626
172 988
433 476
405 180
379 98
184 468
83 544
206 479
396 355
298 38
104 566
250 607
478 113
170 394
499 349
5 427
523 937
56 899
409 680
299 407
511 969
306 687
267 166
86 512
410 173
52 563
277 882
446 412
235 795
133 43
183 475
112 118
1 535
47 101
45 396
386 757
475 551
414 726
441 747
151 981
536 991
514 595
155 717
74 731
349 469
203 856
349 496
396 877
13 141
226 851
201 383
102 431
362 892
461 800
383 424
477 509
163 8
403 390
257 800
461 86
379 373
397 912
89 116
413 159
328 537
213 84
277 177
81 35
416 241
221 966
469 788
233 857
166 544
310 524
327 369
449 525
290 789
305 91
255 119
97 588
528 661
22 239
50 962
348 51
249 564
284 207
237 679
18 591
285 200
343 710
215 82
212 358
400 397
3 209
238 250
59 116
409 832
450 183
455 754
8 22
394 207
536 27
165 969
230 369
320 198
196 26
72 810
294 75
169 667
512 787
409 372
74 679
533 83
142 737
40 586
531 412
457 329
270 530
292 690
531 230
338 900
20 34
488 530
474 427
271 537
209 80
132 493
222 182
3 188
423 887
311 473
477 214
90 339
369 564
442 723
162 495
74 778
173 734
426 472
407 622
89 214
524 232
399 437
269 400
276 701
377 880
167 695
129 875
351 923
122 770
318 651
340 458
196 134
122 924
303 126
463 516
404 18
481 547
371 581
116 29
400 941
348 52
535 613
300 475
482 827
155 683
48 563
513 201
365 658
522 214
157 763
371 694
284 622
385 714
119 660
307 334
342 708
300 451
446 658
420 678
433 914
524 71
480 401
170 467
289 941
513 147
250 288
467 499
298 89
79 684
259 586
160 154
329 387
328 694
35 710
281 549
483 793
306 479
444 895
245 105
144 143
345 435
116 419
31 763
164 163
421 73
537 688
487 169
151 921
395 836
21 617
60 374
473 766
481 977
322 988
14 889
49 1000
499 543
538 870
515 775
286 604
117 1
282 500
178 395
328 966
49 349
373 707
64 252
383 987
204 383
458 80
248 621
115 233
112 622
257 600
449 861
397 476
332 917
477 808
129 496
410 530
409 593
345 189
523 188
83 511
297 97
223 492
308 796
280 473
290 936
60 338
499 639
108 844
197 332
378 27
117 993
140 446
109 177
32 806
81 607
350 811
457 765
147 431
27 967
240 744
261 637
161 778
356 812
290 427
499 902
225 270
192 557
429 385
63 620
330 254
353 190
502 669
187 189
220 953
5 348
264 831
230 230
516 970
10 981
502 241
451 619
133 231
509 868
272 179
249 642
239 238
200 192
290 55
70 512
13 874
430 733
411 644
318 337
64 337
448 585
401 215
440 308
168 224
83 375
29 980
55 907
330 917
122 686
477 72
351 854
527 715
88 233
503 673
59 16
203 720
10 183
430 836
341 607
483 369
226 749
216 629
145 768
304 186
13 574
281 81
25 800
344 210
128 577
72 174
185 779
136 189
322 306
507 744
332 510
299 776
388 918
314 860
210 584
485 512
486 834
284 705
446 988
343 449
227 979
269 321
59 464
470 610
60 343
39 875
506 321
502 751
146 314
443 932
420 379
513 444
348 841
537 767
437 300
275 160
221 785
69 644
338 897
349 966
498 904
56 38
19 582
356 885
237 697
302 978
193 530
5 792
95 963
197 70
527 919
528 709
294 418
170 566
434 845
65 826
506 348
166 695
113 903
168 834
309 884
469 783
304 123
324 307
331 401
50 915
250 774
92 602
29 623
252 663
109 780
256 716
11 747
462 560
197 587
351 430
476 10
246 796
312 112
236 685
257 850
350 376
406 448
287 342
133 902
100 671
410 7
463 494
11 189
9 513
132 427
31 986
246 116
37 328
283 816
346 439
208 902
184 83
314 885
308 929
530 113
257 583
23 685
43 215
419 659
519 480
426 453
312 525
134 472
26 748
360 652
270 207
516 93
406 695
176 629
18 20
63 31
505 86
270 78
295 544
427 388
281 71
175 187
143 183
403 184
263 30
83 674
238 95
511 160
272 857
284 792
205 46
172 425
176 732
317 154
519 967
405 800
469 381
52 540
517 664
354 179
109 456
92 316
261 143
494 198
334 579
100 519
476 327
159 621
227 858
512 689
355 838
281 328
287 690
114 193
248 393
299 577
106 473
33 129
58 781
130 783
454 940
332 441
213 743
385 373
203 150
439 796
14 364
359 650
349 7
185 456
498 841
26 907
331 498
252 474
5 499
117 587
354 52
132 462
50 511
499 689
474 506
271 370
312 913
139 16
143 491
369 699
224 184
422 439
120 737
519 286
256 920
231 746
149 915
473 391
303 381
524 79
364 718
81 388
358 798
390 345
235 702
273 497
237 911
27 151
29 976
465 724
19 732
149 541
304 354
83 666
274 380
385 217
312 536
97 608
457 186
80 598
154 424
6 243
135 956
510 411
362 494
260 567
496 392
536 571
235 752
327 513
155 769
83 389
149 98
157 504
235 205
124 350
432 705
320 503
234 585
470 993
39 243
536 748
133 802
196 533
72 853
184 532
269 805
291 302
167 251
538 923
478 631
278 577
63 410
113 951
59 165
537 379
342 584
386 101
173 244
25 617
438 601
130 433
138 473
469 609
412 667
325 369
308 209
300 687
270 578
180 754
233 129
419 280
42 628
327 897
316 990
374 153
219 37
387 658
155 388
494 360
19 250
200 307
336 482
290 984
56 673
518 696
38 611
131 464
443 271
417 296
8 742
50 940
494 48
235 142
130 591
400 345
285 937
155 88
519 330
510 309
147 400
99 234
146 805
189 316
538 793
99 314
50 622
275 562
14 258
517 109
193 264
85 847
330 479
237 432
36 689
410 893
502 166
462 79
528 695
58 210
142 91
40 288
13 813
503 452
377 611
410 376
336 105
132 935
314 524
46 875
425 944
441 728
25 355
415 63
205 295
431 660
301 940
226 537
379 227
291 713
139 276
88 325
535 737
442 875
462 937
513 1
352 222
281 334
58 639
496 322
427 615
155 290
343 68
99 397
14 665
352 761
47 228
494 110
234 824
167 577
399 244
427 787
470 715
243 968
360 34
528 905
352 566
31 258
20 555
279 884
387 365
56 292
96 691
297 290
194 623
190 28
25 551
518 104
141 839
263 781
528 221
230 355
415 564
6 230
19 458
391 663
181 817
229 651
232 649
157 834
357 125
461 977
322 170
82 761
134 795
373 245
179 263
294 432
67 977
523 725
453 271
388 437
268 644
532 533
341 463
182 829
51 810
108 202
289 195
430 188
214 590
157 233
61 697
354 920
246 598
88 359
110 893
260 118
20 951
366 874
110 900
347 507
277 934
530 165
493 444
461 667
311 424
127 687
510 577
193 956
132 930
165 205
25 641
146 338
228 281
63 178
537 752
242 956
74 538
484 757
502 812
179 373
77 689
441 881
160 417
502 83
158 717
39 757
243 572
104 234
457 930
29 382
258 779
475 104
80 740
209 655
211 971
386 394
156 898
524 87
274 96
241 141
10 975
294 369
34 943
336 861
437 914
133 412
111 62
292 816
48 990
86 333
368 41
257 411
515 2
500 127
479 958
478 210
515 169
371 153
488 361
501 651
127 641
446 606
200 648
483 955
263 72
152 61
147 47
281 742
99 633
496 787
361 636
190 363
424 106
5 611
185 547
110 565
309 456
450 660
169 497
390 697
403 456
384 202
121 292
16 78
485 135
376 314
107 624
442 7
493 722
110 417
108 875
392 121
123 342
359 124
445 202
178 339
512 256
352 825
465 112
34 600
423 821
262 676
195 252
295 822
316 898
378 10
436 811
237 665
294 907
84 568
477 609
27 415
308 967
345 156
27 644
530 373
277 506
276 393
489 312
362 80
283 744
314 390
415 338
33 652
425 552
26 287
179 360
36 63
248 933
535 65
323 190
36 854
110 910
114 674
290 354
186 694
114 358
230 230
322 265
252 299
392 908
483 914
289 742
402 763
95 827
536 531
520 104
423 770
366 433
514 998
303 900
98 270
351 499
418 72
400 790
533 708
107 239
519 23
8 852
297 289
467 840
129 407
311 90
368 633
230 388
399 93
411 573
196 851
42 64
250 510
471 291
413 841
412 449
515 144
186 600
189 851
435 620
513 727
90 786
344 460
445 934
155 760
391 957
309 10
12 116
156 304
401 167
190 697
115 18
414 324
256 596
486 120
471 743
384 26
75 682
204 906
73 199
199 589
112 973
255 516
396 742
110 132
433 2
511 661
24 163
20 795
359 303
415 648
329 202
13 168
529 449
319 243
424 903
47 566
79 900
396 402
132 697
305 84
263 701
260 140
268 19
399 526
281 2
47 219
333 27
150 553
353 599
166 287
257 263
435 426
444 306
515 875
380 498
374 87
57 943
19 925
325 474
84 964
458 91
289 770
177 252
531 102
481 12
93 7
274 278
103 930
474 695
473 32
157 267
525 109
429 360
496 467
531 273
478 293
11 828
271 868
371 757
275 254
377 401
86 113
473 948
459 5
389 107
270 223
122 347
378 839
57 352
343 459
497 111
287 817
473 12
205 689
316 308
193 961
136 189
400 55
432 545
307 522
343 407
456 314
369 794
422 667
471 784
30 999
220 596
241 25
200 84
528 42
364 443
527 311
39 168
168 297
93 854
336 812
401 570
240 704
132 752
303 699
322 63
266 254
280 376
355 99
368 18
184 198
296 25
457 889
480 59
258 325
466 818
518 720
206 644
39 114
218 62
158 583
12 925
1 136
195 979
526 490
18 712
400 733
420 623
369 318
485 572
294 53
354 205
492 616
48 150
417 918
102 747
158 197
84 594
373 853
284 854
96 643
316 117
464 183
16 219
131 974
395 829
83 416
379 815
2 99
334 887
40 102
176 439
211 487
52 367
401 838
432 272
457 863
502 666
458 68
411 799
509 345
175 406
317 854
326 321
336 865
216 447
323 185
422 482
463 124
112 410
254 706
155 49
110 415
246 62
366 933
74 842
204 296
283 549
209 272
290 266
482 818
78 902
377 456
325 165
355 700
318 485
514 89
396 770
54 274
336 992
344 697
410 452
78 722
99 292
56 125
119 506
236 735
252 461
436 281
312 159
365 832
498 24
40 99
259 233
389 113
172 779
226 640
443 878
253 519
22 186
466 349
405 353
340 15
34 914
230 38
321 976
329 406
74 161
350 937
464 176
57 210
267 932
43 51
449 847
376 191
233 47
439 640
395 552
185 666
68 711
64 254
310 553
39 712
473 178
382 194
208 759
89 871
34 109
455 816
250 383
46 803
388 387
284 391
469 358
203 449
29 996
477 489
284 624
281 758
509 610
416 606
146 324
512 191
397 988
537 241
193 366
353 970
89 303
422 680
61 587
161 98
335 111
41 944
311 575
517 574
189 122
536 237
426 713
216 714
160 180
180 854
343 228
116 236
385 514
179 669
419 567
377 575
286 866
209 386
212 109
156 234
82 544
316 48
316 125
523 169
492 930
114 437
236 642
485 937
165 636
493 654
431 587
345 391
159 428
409 975
220 59
292 537
310 414
123 838
107 456
158 771
273 448
527 448
297 39
416 274
207 878
151 377
123 933
115 307
21 829
21 71
331 160
64 267
527 379
317 567
58 379
302 784
412 949
282 374
19 308
242 462
51 422
324 712
332 360
177 66
22 702
464 123
135 347
413 929
465 279
466 460
26 4
201 416
118 233
451 343
390 327
454 781
461 526
502 522
500 913
287 204
129 422
223 882
291 687
241 458
453 171
217 563
30 557
89 588
313 860
52 811
310 706
188 631
299 838
101 239
120 322
362 569
96 117
524 292
252 385
452 318
364 14
31 694
451 558
33 3
337 807
127 139
157 388
182 445
521 84
120 1000
329 961
68 601
345 547
89 697
496 195
91 749
284 384
230 260
270 149
4 277
513 889
286 814
186 341
82 294
213 418
281 836
67 57
246 341
207 472
455 634
491 892
57 887
18 465
457 958
277 532
418 18
62 810
19 972
46 910
396 554
366 351
143 75
162 631
184 20
333 477
445 662
200 276
516 725
185 978
289 34
227 98
197 242
436 434
135 678
347 230
94 169
377 595
435 669
181 765
356 814
482 481
147 589
446 347
254 726
201 714
488 546
54 695
466 486
239 18
400 91
252 341
89 948
250 262
368 779
450 137
202 219
8 844
181 815
149 954
274 562
14 265
412 173
72 964
122 181
518 1
353 435
429 179
457 906
395 521
331 715
351 893
62 516
381 871
340 117
373 88
518 74
214 359
335 988
338 575
117 712
335 991
81 550
266 441
230 275
129 947
447 887
376 345
64 624
477 305
87 30
371 101
146 149
508 245
444 566
141 506
23 141
150 828
8 644
489 693
41 407
85 484
47 687
497 11
523 119
361 618
43 26
390 666
290 667
291 802
488 10
277 44
431 934
311 417
458 606
174 449
273 583
329 477
407 409
526 861
431 82
260 674
15 65
398 917
480 660
251 454
353 91
422 350
364 378
172 101
283 875
115 37
462 890
394 300
65 559
184 158
99 135
538 593
468 620
199 872
240 768
403 233
116 278
227 111
362 425
99 272
170 451
281 871
28 496
234 11
316 848
385 919
83 840
154 120
91 969
108 514
477 432
388 252
153 309
31 727
233 148
1 634
422 567
414 33
24 49
21 82
373 932
398 270
451 21
512 486
468 915
194 572
455 891
446 805
138 831
64 878
510 874
337 484
387 469
417 442
71 638
78 343
386 932
400 949
327 652
494 540
306 551
381 580
409 537
353 422
96 804
227 772
130 675
407 669
368 247
508 458
397 790
40 628
159 319
125 75
513 455
239 448
199 287
215 244
148 347
139 559
6 660
308 482
433 279
121 853
300 965
483 754
295 321
439 584
519 461
449 1
101 573
496 796
271 465
55 499
258 512
283 734
297 856
71 615
525 647
390 420
365 101
521 481
463 79
327 899
66 422
389 501
4 774
32 631
229 111
360 418
437 584
192 829
79 559
239 371
13 866
308 99
497 177
223 471
247 657
57 573
419 186
251 169
364 474
336 505
28 401
130 904
62 883
387 163
54 417
199 263
166 112
162 193
157 352
124 324
168 726
114 303
245 554
319 724
251 146
417 491
276 781
265 181
376 97
340 1
390 206
85 642
442 809
393 366
337 346
70 321
231 638
14 848
32 733
47 111
212 525
242 139
533 181
288 289
303 11
201 21
234 679
345 740
133 958
515 163
91 135
199 237
109 585
93 912
172 980
313 704
402 771
1 371
212 656
517 556
219 784
335 873
37 683
415 453
312 157
338 246
345 416
51 456
472 888
68 488
428 653
289 153
493 509
47 987
404 591
315 463
20 920
470 284
295 210
391 877
76 768
531 441
203 732
369 122
318 330
204 998
469 914
462 305
228 329
376 193
465 376
505 905
193 284
363 734
339 604
451 781
39 751
525 155
303 291
44 635
419 103
379 884
29 210
338 241
214 817
86 263
479 245
49 650
479 619
368 280
291 378
138 972
13 848
174 93
44 78
278 972
486 463
527 346
438 205
128 335
219 700
440 108
493 717
25 970
103 373
227 537
285 227
444 146
315 917
292 941
340 868
200 852
510 67
87 454
393 76
401 109
97 67
387 752
430 201
504 786
73 378
300 825
153 783
279 776
462 765
48 485
20 813
5 284
139 146
144 530
471 438
129 90
156 124
43 548
204 431
195 601
117 162
387 8
403 71
288 533
430 593
42 292
515 345
107 154
171 692
102 741
512 715
92 319
277 49
333 655
173 785
467 487
298 398
126 271
45 617
248 793
459 695
224 683
125 840
68 728
283 929
521 111
292 491
415 282
15 506
363 633
338 350
491 133
418 269
288 21
488 239
257 444
32 513
60 520
48 603
354 989
16 186
186 632
280 862
82 421
10 325
423 818
164 55
174 225
60 615
285 146
418 440
313 142
56 942
74 661
330 105
124 153
122 126
504 993
355 741
511 671
197 380
293 194
215 42
309 637
139 85
370 686
351 45
185 728
9 678
486 209
450 594
279 837
266 317
465 897
487 207
514 401
125 30
283 234
218 713
132 736
57 670
533 338
132 204
114 777
363 962
291 653
291 975
435 544
96 583
209 136
516 28
149 985
522 523
73 785
323 747
163 851
504 722
188 421
106 679
292 729
109 537
36 527
12 798
441 922
364 21
517 495
157 301
440 321
418 307
278 647
144 632
321 796
221 793
335 15
19 886
29 921
76 11
375 33
279 761
493 211
129 494
32 28
72 161
332 208
57 983
174 493
234 297
367 821
523 3
82 936
218 919
294 975
328 704
86 738
436 56
333 116
442 994
178 657
369 680
81 463
86 662
445 514
286 813
303 590
394 521
65 673
347 900
512 613
307 193
404 635
404 49
397 899
176 745
425 174
522 874
208 724
156 744
150 702
234 468
53 525
428 450
407 536
342 363
375 971
458 796
215 410
3 622
333 66
129 52
124 777
393 328
468 337
301 366
140 881
374 118
412 12
201 6
404 839
375 599
44 631
502 868
208 921
528 534
513 953
493 626
388 452
74 64
83 869
106 430
411 428
323 604
93 434
448 158
465 798
150 469
161 187
221 54
160 560
387 41
362 446
46 507
487 262
496 996
459 753
288 738
378 605
262 61
434 847
326 601
497 51
259 727
192 710
337 795
361 549
264 951
400 891
399 631
17 655
268 708
209 739
287 849
9 502
537 233
59 299
214 887
218 536
303 404
514 912
165 92
11 258
247 129
473 887
223 399
85 391
270 942
31 133
519 36
458 599
30 32
27 775
134 152
62 36
70 12
300 330
172 496
227 469
518 118
182 306
252 578
214 327
448 292
111 318
68 42
336 606
509 555
247 426
376 676
37 616
248 647
394 98
218 440
110 217
533 38
442 989
122 344
490 494
507 669
277 30
237 786
306 237
388 729
137 780
57 652
490 418
264 846
294 770
47 826
124 211
421 682
235 855
510 265
359 652
378 873
257 270
87 391
93 683
127 818
283 989
239 847
206 332
249 552
10 586
142 56
157 661
436 497
58 504
185 94
240 450
339 433
513 989
2 358
351 528
202 46
144 654
127 165
517 765
425 413
482 528
114 681
182 182
207 506
424 8
191 406
412 270
470 588
246 307
507 569
100 781
424 478
506 390
532 975
316 461
269 973
532 598
469 173
387 718
375 432
317 800
201 921
289 170
392 706
392 872
9 279
86 624
462 233
482 77
236 460
524 597
56 881
411 395
309 157
276 805
24 768
387 606
7 671
300 126
161 211
372 549
500 880
308 604
420 847
27 756
57 428
139 884
512 96
379 287
137 416
289 716
44 660
44 981
387 745
451 944
274 816
3 689
236 956
195 966
223 656
17 249
202 567
135 82
453 914
78 219
107 462
446 274
71 43
515 58
374 782
176 874
490 951
485 676
311 84
181 119
67 997
382 502
235 174
498 959
27 64
443 805
342 383
69 647
452 637
29 126
455 598
22 27
513 738
432 254
146 623
295 392
136 308
345 170
219 287
81 580
37 808
127 199
489 788
197 651
190 163
340 466
173 489
150 355
75 441
449 336
166 813
525 224
285 712
107 854
321 732
97 496
236 236
314 217
334 124
137 151
164 483
27 829
339 832
80 858
493 794
34 73
169 791
535 439
347 486
520 312
54 621
534 579
64 619
140 721
521 495
259 538
250 151
125 336
340 890
418 281
98 823
328 481
378 875
476 734
320 631
466 498
425 792
173 461
410 398
428 865
333 893
323 340
402 423
247 329
525 263
495 743
72 215
518 616
216 427
85 780
220 156
468 724
251 951
377 31
188 739
171 824
345 486
188 501
127 737
500 106
126 255
46 124
501 202
49 423
25 878
407 865
164 468
505 372
215 257
284 624
120 604
247 646
299 915
202 422
157 207
65 922
410 515
313 353
208 441
326 549
265 365
233 445
277 496
147 588
483 710
492 368
303 48
511 915
231 403
64 374
177 816
358 273
299 82
112 700
328 683
394 746
202 167
470 240
227 838
210 867
519 311
212 303
114 720
149 40
378 783
25 221
222 172
244 656
21 20
292 543
255 992
123 454
67 780
329 707
374 176
151 945
458 762
134 478
68 650
317 484
407 925
519 147
288 475
165 470
443 817
416 538
215 784
452 858
537 996
104 533
509 621
27 686
376 281
80 171
325 464
64 919
246 79
532 161
493 470
270 475
208 826
288 59
431 772
518 181
520 343
184 343
193 670
300 627
338 116
422 784
445 410
183 874
443 716
105 350
393 116
393 823
466 478
278 588
249 130
59 303
55 598
457 495
222 657
160 655
105 433
342 717
152 94
372 940
477 268
439 850
93 365
454 850
508 629
477 684
120 36
157 256
537 872
5 823
374 328
114 578
215 578
314 440
515 382
137 813
415 32
476 741
472 186
397 485
484 15
322 291
485 306
27 337
392 397
111 822
28 34
35 604
44 990
39 283
303 897
327 485
193 991
436 552
12 609
348 855
74 797
247 625
145 594
385 345
364 533
254 220
39 544
351 38
319 653
49 589
440 823
29 980
131 817
326 154
398 60
389 969
449 534
6 975
367 534
478 184
419 841
298 202
269 352
354 199
164 848
247 151
469 704
530 507
36 174
324 387
465 179
315 89
502 554
348 36
286 349
223 958
206 712
22 558
17 876
323 807
213 525
143 687
206 893
469 769
323 375
258 555
207 612
308 57
329 713
194 912
399 727
461 380
56 858
524 378
339 323
131 727
342 526
525 551
151 21
281 854
58 627
372 883
362 265
482 472
478 228
148 260
124 445
449 321
279 696
32 934
247 581
182 645
31 947
399 654
204 904
495 899
251 818
258 946
355 969
180 94
517 970
118 638
447 190
138 805
464 280
266 752
258 179
510 171
374 922
261 924
515 254
101 503
67 436
292 320
426 868
29 924
382 299
491 936
533 914
107 480
398 68
306 666
311 60
108 848
282 405
477 578
516 24
536 986
65 234
371 214
337 187
457 865
353 263
288 818
95 945
316 779
261 164
106 51
458 384
417 789
164 195
316 719
126 69
498 20
427 106
410 754
286 60
33 701
247 703
197 770
49 251
205 733
499 318
497 99
381 767
21 48
206 340
518 683
335 965
161 141
67 678
337 374
365 521
288 552
108 154
444 730
19 217
281 670
140 732
175 19
43 10
198 819
378 737
92 70
265 704
272 142
532 486
50 537
456 209
192 595
158 200
264 321
270 954
90 998
413 957
176 986
451 688
267 270
159 80
521 929
125 55
8 230
421 448
8 780
340 997
521 748
370 233
180 951
72 919
85 150
77 633
309 960
35 745
342 135
161 107
445 771
376 17
447 669
404 422
447 485
465 924
339 61
477 86
75 124
454 910
315 701
272 376
511 173
355 733
172 640
245 194
262 492
510 838
165 476
73 271
354 382
436 150
23 62
59 830
98 849
387 209
480 291
249 235
264 433
435 733
60 960
34 651
510 404
430 399
421 545
217 996
210 974
400 43
318 469
193 721
418 797
429 399
524 64
109 257
367 269
169 872
458 855
102 488
8 444
276 426
142 854
453 83
353 454
261 531
204 52
237 888
338 552
372 104
363 653
126 882
272 208
317 710
174 509
43 744
27 755
452 753
504 155
151 622
7 108
411 671
200 418
295 809
362 3
455 765
426 873
434 751
85 258
407 327
114 883
370 91
247 937
484 731
36 542
159 140
335 714
196 670
36 727
52 870
526 252
467 165
328 868
305 446
9 532
204 332
336 448
221 122
217 366
264 169
236 289
296 205
142 935
309 856
126 788
267 262
463 381
380 192
18 606
454 265
397 869
187 508
182 740
510 931
192 691
90 609
26 835
165 538
532 76
505 390
180 960
128 898
24 78
236 454
456 600
338 511
352 661
220 327
382 79
421 416
156 254
231 893
161 28
78 10
391 687
168 710
478 187
267 504
259 965
334 823
396 833
277 313
470 940
282 349
61 762
72 425
201 777
31 884
442 317
487 709
236 490
257 770
2 341
18 810
94 772
379 244
233 89
28 750
447 219
157 607
8 28
337 196
427 356
404 487
79 852
215 931
235 293
471 666
279 735
201 239
472 738
477 892
455 800
190 357
371 944
417 763
81 101
385 971
117 509
381 156
112 147
405 669
44 846
308 628
293 272
292 256
128 895
146 992
375 559
45 761
505 85
509 220
414 118
330 285
510 582
379 397
100 602
410 57
11 967
110 866
55 640
30 563
220 835
361 470
86 852
47 143
200 138
352 927
534 413
459 106
496 110
386 802
190 847
369 114
458 838
406 115
45 647
111 650
471 783
144 824
220 650
436 161
376 261
536 766
450 892
169 315
500 310
499 849
401 876
337 317
389 286
404 351
355 45
509 116
215 946
62 581
167 814
327 726
488 760
315 191
500 346
228 238
45 4
139 52
3 272
83 635
229 372
140 487
493 531
171 826
42 276
28 341
277 106
365 766
304 2
400 948
460 720
344 45
255 434
522 138
38 195
163 701
77 250
78 233
203 608
26 378
337 550
345 449
495 28
72 201
424 811
300 413
471 197
302 968
300 535
258 835
360 318
45 850
457 351
136 311
509 269
282 942
341 30
124 351
134 335
403 208
59 844
515 712
366 392
325 5
413 523
149 199
498 407
444 603
455 819
192 16
352 880
141 869
386 454
430 834
335 880
515 858
442 371
127 615
349 116
145 542
200 279
290 231
175 96
19 150
528 126
63 349
216 51
256 616
24 798
54 815
516 97
308 351
108 330
9 553
472 894
196 634
507 426
260 714
479 881
352 533
54 129
27 517
97 237
448 301
268 716
202 855
227 904
418 784
334 313
96 199
68 112
61 377
196 492
137 896
156 600
97 719
38 635
379 984
150 14
529 478
413 122
476 283
321 912
393 843
183 582
320 575
440 161
26 492
201 517
228 57
285 751
181 268
521 948
428 126
24 895
134 106
359 207
349 146
158 286
342 530
106 747
5 75
314 297
527 866
484 974
239 998
231 717
277 973
35 324
274 295
279 367
173 810
404 563
370 924
11 411
462 76
517 871
372 914
256 136
418 43
376 942
136 638
276 338
349 913
404 916
453 820
218 166
192 980
49 822
251 474
411 416
285 730
49 898
108 317
509 791
361 71
497 541
422 529
168 991
93 696
423 387
471 476
412 964
96 234
239 897
280 947
160 556
162 259
342 5
79 482
487 373
192 310
406 403
494 535
32 18
434 378
439 121
145 95
529 850
190 587
126 115
440 959
338 200
27 335
382 967
6 371
55 714
214 25
467 625
45 593
169 533
47 576
404 510
32 654
167 934
21 800
178 972
323 550
295 386
474 302
452 968
173 791
32 702
399 191
136 878
261 86
159 23
312 337
456 43
9 431
148 650
407 639
52 749
388 537
138 428
249 640
469 816
536 415
494 738
162 656
47 858
422 670
105 569
493 741
494 983
426 844
393 462
510 2
97 92
462 70
414 133
170 942
101 199
528 473
377 293
308 349
234 981
50 10
343 570
1 508
402 242
461 477
195 704
348 776
9 507
401 783
450 158
397 439
9 294
332 879
130 823
481 437
17 32
310 112
263 362
229 494
354 468
151 64
64 314
298 602
426 338
511 276
58 485
171 859
377 588
304 464
288 505
305 760
103 521
331 234
396 441
99 716
132 750
292 543
19 19
413 774
45 951
357 139
240 20
512 954
451 858
408 284
227 153
97 526
424 730
317 439
393 759
393 21
328 495
185 889
168 163
423 670
521 292
132 846
45 698
369 325
405 862
481 788
533 921
166 327
157 51
113 640
86 685
456 58
32 175
322 670
461 819
518 985
38 248
500 260
237 64
234 443
181 210
6 975
85 232
372 868
178 370
221 299
509 106
417 73
291 542
144 71
8 634
291 816
472 987
311 677
51 732
81 548
359 445
5 413
332 327
117 852
483 881
521 90
444 134
98 348
166 317
398 26
23 744
489 569
132 589
2 146
298 792
300 169
490 455
72 854
244 597
7 295
238 999
171 180
391 530
225 362
249 595
373 497
476 245
222 54
283 135
234 314
416 699
487 672
254 505
27 91
17 425
415 230
155 717
225 354
394 685
509 643
482 656
536 411
500 642
195 846
383 440
77 469
505 390
82 411
211 97
200 115
184 662
350 472
376 681
357 962
376 399
397 904
46 884
478 73
229 301
132 162
226 744
433 11
375 495
448 850
394 849
339 558
500 9
89 117
340 717
162 686
137 584
301 968
13 712
505 978
58 641
363 392
35 584
21 493
301 864
7 219
212 113
495 972
95 340
30 405
495 1000
44 38
37 920
261 883
170 827
450 14
337 307
311 722
233 606
342 929
368 96
472 544
255 295
428 430
261 246
155 552
408 978
369 976
63 16
266 361
158 269
362 997
206 540
21 311
268 820
460 361
401 184
191 928
478 941
410 627
173 503
205 743
136 596
14 358
24 351
389 731
387 919
67 639
241 405
320 560
396 954
63 421
136 166
204 99
421 786
306 75
360 943
160 561
433 429
194 687
232 373
52 104
315 119
287 869
50 893
318 763
340 654
430 867
407 84
505 97
230 878
251 646
518 647
519 910
227 797
193 251
163 539
461 808
29 831
231 654
83 589
161 722
243 474
119 5
391 321
48 843
428 218
131 389
479 782
415 863
394 220
166 690
228 656
515 163
458 590
191 362
29 67
351 988
145 365
72 434
320 350
283 760
60 125
152 943
296 444
512 867
155 691
315 77
502 124
57 714
456 597
519 818
298 385
267 322
50 775
373 642
59 913
231 928
171 207
5 900
516 626
208 226
291 185
108 83
473 855
121 611
507 970
25 468
528 294
382 330
417 896
492 430
431 500
406 636
503 144
127 684
9 654
14 284
102 390
277 156
357 425
531 224
536 63
535 26
152 138
320 838
183 865
119 181
498 110
361 290
482 480
164 728
127 594
170 945
225 642
376 152
237 819
72 265
303 451
379 92
39 686
409 893
362 673
109 591
536 560
240 692
330 152
334 46
405 557
131 562
129 30
321 792
522 124
225 140
192 815
380 736
43 585
420 288
13 56
135 324
428 8
417 537
74 543
24 721
141 760
344 574
186 481
279 187
236 268
104 843
469 777
250 744
321 547
494 381
130 815
105 796
354 880
132 642
285 477
17 638
372 297
418 509
510 379
208 505
192 372
309 421
484 235
380 987
162 148
407 518
41 244
257 544
416 887
277 29
307 27
263 454
515 706
180 360
151 828
30 722
266 242
199 955
535 140
353 913
10 253
322 890
39 81
370 143
394 182
492 796
79 504
70 138
124 307
297 70
404 453
188 391
338 128
213 875
495 909
143 746
401 700
1 978
525 782
529 658
110 307
154 87
47 540
317 1
133 962
426 447
186 764
109 351
237 30
253 671
269 388
94 655
133 555
362 796
7 857
316 759
356 944
361 420
295 271
431 316
515 281
375 595
378 795
155 746
528 970
431 462
421 771
6 855
131 106
476 250
439 860
133 112
127 180
272 333
524 322
26 353
481 807
466 362
98 66
483 97
88 14
490 248
391 33
462 290
526 631
278 251
4 374
499 36
433 823
531 137
467 883
311 178
158 140
80 53
254 775
260 162
348 81
395 70
508 847
453 545
88 124
377 848
165 823
250 667
235 394
400 232
501 476
284 550
145 760
93 107
189 940
134 335
77 355
88 271
536 348
495 163
58 296
236 839
276 479
11 670
128 996
493 674
120 517
207 718
521 532
414 68
399 304
377 719
460 125
193 195
264 671
99 864
356 755
188 290
101 7
443 964
318 317
412 96
24 372
343 424
223 743
122 313
49 244
361 91
133 317
203 962
173 347
38 448
240 278
156 800
197 158
268 997
49 565
419 1
87 91
305 422
101 305
511 361
319 350
477 785
433 941
263 749
523 141
140 523
360 408
366 826
251 772
300 241
324 277
449 181
452 825
191 727
23 994
7 956
499 744
464 835
272 21
91 338
148 751
179 618
228 897
451 158
343 938
432 736
527 660
112 933
90 502
213 220
506 323
143 58
345 777
66 976
466 715
191 684
175 352
206 756
228 369
69 358
505 846
149 787
420 986
429 535
161 91
384 979
253 339
205 139
467 233
314 865
70 217
354 448
185 488
417 353
55 257
362 377
430 986
359 297
217 479
136 437
243 526
295 806
460 706
488 88
261 961
534 148
301 78
291 551
258 671
134 10
273 287
89 472
7 30
130 163
396 740
389 230
147 841
158 276
345 633
223 456
172 872
482 675
435 986
478 682
262 366
209 669
61 821
269 865
180 48
319 535
323 104
40 987
320 4
521 93
321 854
437 547
232 822
307 70
376 670
9 240
424 380
432 988
181 795
466 502
37 682
527 935
235 499
47 699
2 341
53 42
479 651
225 490
520 11
224 979
323 952
535 730
496 705
73 103
189 919
337 550
35 115
410 706
492 285
334 638
172 406
427 434
405 183
396 948
66 200
242 956
441 554
47 774
156 213
69 636
475 955
256 226
15 203
442 8
279 191
386 44
196 254
436 461
47 747
63 897
436 852
461 920
454 411
31 910
292 217
476 677
425 606
347 568
95 418
454 930
315 896
139 453
302 445
89 267
490 877
282 993
242 847
113 167
403 780
227 873
248 860
275 889
65 472
219 546
303 609
114 975
376 64
198 234
100 204
517 533
289 223
103 685
390 457
456 353
266 44
296 983
336 926
129 968
226 842
141 527
522 775
102 911
498 63
287 650
324 42
319 626
530 209
111 667
238 683
59 775
413 763
411 409
209 831
298 778
258 323
457 264
459 116
392 42
520 694
418 453
52 71
367 346
525 105
280 813
467 388
479 328
363 121
154 142
170 16
354 952
165 811
459 147
142 241
202 208
372 124
9 619
91 707
96 901
445 865
127 387
169 212
118 900
107 294
517 598
517 648
231 729
106 706
43 66
9 252
194 546
398 473
506 533
349 390
386 92
494 568
265 547
217 43
73 179
231 427
441 457
184 543
44 933
362 873
287 149
195 415
333 519
142 397
503 354
310 49
265 950
5 998
470 959
404 162
434 526
343 191
279 48
358 781
306 509
83 119
275 938
319 802
478 415
478 857
425 786
289 291
312 323
203 107
52 886
432 695
533 820
286 618
221 914
199 907
374 760
108 460
520 355
24 299
297 843
34 196
80 806
339 20
172 75
290 752
494 648
467 564
268 749
437 213
27 991
400 928
180 270
94 880
116 590
455 804
444 498
41 198
53 524
192 245
167 959
110 140
404 582
137 929
143 761
355 447
444 263
452 324
190 63
369 971
61 174
85 212
208 340
273 911
86 398
269 749
357 190
184 503
172 206
83 492
188 185
155 32
503 955
323 687
281 947
239 894
206 616
3 987
318 569
293 608
509 220
116 76
209 744
525 561
116 426
320 567
104 604
282 192
474 89
185 338
347 715
488 240
274 454
507 353
180 290
82 448
18 692
387 762
356 413
523 571
214 714
158 209
45 154
233 695
15 931
379 628
241 638
269 466
109 502
455 143
202 429
158 39
421 224
464 520
280 382
18 764
44 12
526 387
205 44
314 318
379 961
522 781
139 836
303 610
402 595
52 780
489 804
289 597
452 71
127 348
159 81
123 212
391 770
391 283
111 376
282 372
173 265
190 333
427 710
226 42
85 378
211 720
429 647
472 451
182 809
64 360
412 641
417 884
356 915
105 419
94 960
251 537
105 517
187 269
297 346
379 865
486 645
266 644
239 132
523 632
107 710
154 668
438 371
56 50
251 319
234 946
254 699
315 366
257 972
104 412
367 34
434 871
360 738
118 262
346 181
114 156
476 503
137 430
455 921
124 736
112 919
456 984
74 754
481 850
500 974
67 10
481 198
7 749
252 44
333 488
252 73
327 639
139 707
373 88
343 257
100 941
68 361
392 206
306 163
72 533
429 156
146 504
448 540
478 674
452 992
171 74
449 952
370 626
280 402
497 881
95 789
297 618
43 247
117 923
364 464
488 391
452 77
243 508
114 686
75 710
242 936
139 610
508 35
435 500
477 732
290 33
254 933
463 997
110 521
1 511
224 720
237 480
135 153
304 712
418 931
328 833
476 890
420 738
242 329
439 829
382 338
106 97
440 55
270 600
430 597
479 274
416 604
18 513
45 496
169 259
57 19
488 548
112 361
416 905
327 186
272 877
161 195
108 984
410 341
247 875
181 461
430 237
136 874
100 425
239 307
337 246
393 614
201 117
108 450
47 599
165 518
299 989
123 391
170 534
238 406
425 812
29 976
154 415
459 124
369 888
293 737
497 343
494 837
32 806
79 311
148 68
177 342
421 156
284 367
504 787
490 723
436 197
233 718
123 56
27 810
530 279
389 26
469 48
389 959
537 311
65 510
408 817
250 1000
288 610
311 945
177 263
393 42
222 181
49 424
104 512
456 394
375 92
374 670
269 168
116 444
266 862
206 538
491 965
510 934
394 303
80 367
368 891
490 29
284 204
521 124
179 584
45 406
128 961
165 870
240 144
145 5
158 125
171 632
49 784
297 320
434 188
3 569
504 502
103 395
295 106
503 988
266 551
173 93
190 62
480 496
16 398
154 33
194 723
47 122
197 131
328 532
248 288
272 901
397 248
274 189
485 448
353 792
189 469
402 815
312 849
163 286
298 444
109 728
65 88
284 790
194 988
421 844
142 467
221 541
345 922
456 273
102 349
261 86
230 962
51 580
518 908
441 920
55 505
130 138
93 365
376 783
422 317
525 95
500 813
238 304
256 323
264 305
461 873
474 80
499 63
247 661
28 374
445 116
373 726
8 831
354 313
338 442
437 118
135 357
534 879
418 998
333 235
410 12
17 780
428 317
65 250
192 417
100 599
455 556
116 593
5 368
338 988
445 225
506 157
204 775
230 143
179 455
133 50
102 123
356 911
46 773
500 37
414 304
268 24
369 151
287 116
496 220
376 878
47 3
8 812
35 260
341 48
490 388
286 377
137 156
136 49
289 241
89 160
185 706
62 615
10 910
445 222
290 315
185 920
177 552
237 962
351 876
143 943
439 548
308 126
432 433
298 554
187 399
94 841
94 648
489 494
233 847
134 760
281 814
169 344
485 80
463 383
525 407
113 374
64 679
52 683
334 49
220 827
72 345
469 474
238 297
523 877
118 636
498 585
293 947
61 577
455 436
489 243
113 286
160 147
30 190
169 400
114 740
129 42
373 887
16 290
479 69
12 698
239 404
78 856
366 92
184 616
215 659
302 383
355 271
270 201
114 775
55 67
523 563
272 577
213 951
511 674
336 84
263 599
427 463
178 56
73 865
208 286
529 413
92 410
2 596
45 909
225 164
387 950
40 461
128 463
338 51
106 768
343 783
71 355
43 526
88 254
337 608
57 692
129 426
515 292
237 741
312 425
171 940
87 744
227 186
186 837
206 690
178 38
510 549
418 278
39 56
418 644
416 283
75 617
360 851
98 934
134 952
69 355
296 640
167 553
77 698
109 610
281 684
395 971
218 358
310 449
131 621
308 857
469 161
227 54
292 327
8 798
47 375
358 862
118 287
257 762
238 814
56 101
502 378
204 239
34 707
422 274
422 797
142 589
439 770
110 329
1 462
263 638
281 185
335 903
130 400
399 25
494 925
107 969
438 154
303 843
345 858
353 315
405 713
231 152
438 686
508 900
494 912
269 78
450 22
336 527
507 446
471 624
322 343
276 523
402 406
135 294
37 229
537 924
336 463
444 35
194 62
376 878
94 854
305 572
439 935
115 79
293 246
398 231
393 676
356 21
514 342
153 232
232 51
168 763
207 866
143 493
16 121
424 879
537 711
234 786
275 867
311 54
235 658
172 156
247 125
456 358
322 952
348 793
84 357
501 282
379 151
36 462
438 807
388 304
365 947
228 623
202 290
458 381
138 625
147 913
428 529
264 446
215 286
297 178
394 809
87 816
529 839
522 158
232 225
492 272
263 338
113 339
282 676
409 330
402 443
508 797
219 104
368 509
81 807
33 746
7 497
296 557
113 603
137 574
14 782
356 999
240 309
490 678
404 537
51 191
525 144
524 176
531 690
511 228
27 35
378 185
251 444
109 513
375 994
150 541
262 725
244 917
148 19
230 625
169 314
314 915
535 233
21 875
108 424
190 338
20 715
143 991
295 779
140 613
472 541
324 203
394 665
233 291
172 220
101 715
331 574
278 751
205 773
162 469
108 785
531 727
274 221
351 525
501 133
499 616
483 954
21 680
257 47
513 583
50 136
157 724
206 662
368 617
472 372
103 110
218 605
228 523
403 228
210 50
157 65
133 274
56 435
489 261
239 329
421 347
180 560
385 277
183 448
490 627
174 183
386 326
389 908
118 119
12 973
300 414
125 994
401 444
233 831
67 673
347 422
387 383
207 867
262 380
257 902
491 780
20 388
467 869
357 135
506 282
6 705
245 561
119 197
390 77
355 758
148 380
114 206
199 145
100 569
390 659
296 407
36 317
391 597
480 436
244 460
496 180
465 481
506 20
221 60
157 285
411 953
34 510
122 674
440 211
100 314
43 986
526 99
140 732
347 713
247 994
229 854
320 822
117 564
500 501
128 246
15 268
47 823
79 136
179 80
139 652
59 615
494 135
304 3
158 315
334 289
349 39
237 898
211 894
520 978
375 78
210 483
201 210
199 904
522 625
305 506
347 660
261 743
14 756
446 62
259 537
242 724
92 20
420 913
392 726
249 236
78 935
367 315
153 104
444 732
275 665
453 903
88 636
310 242
413 672
401 76
377 727
250 658
76 488
59 532
525 13
125 953
140 550
378 391
276 597
35 956
532 944
88 168
46 195
423 8
326 467
214 789
49 331
347 851
154 147
102 490
248 356
457 745
179 445
434 798
64 905
488 63
331 231
109 124
315 497
433 586
83 461
135 225
148 623
9 919
253 445
319 588
8 58
73 484
221 3
151 200
189 661
63 717
224 765
100 667
404 126
250 303
386 535
104 777
48 18
93 47
251 535
267 688
279 734
373 114
40 249
442 5
494 80
1 966
177 250
501 221
336 19
284 271
168 576
245 92
507 629
340 586
149 367
513 144
322 971
178 996
241 325
323 574
124 530
231 435
53 854
55 402
507 926
440 58
308 232
260 754
222 342
202 312
349 767
269 243
524 14
310 353
519 673
126 994
259 147
507 738
459 618
92 139
392 2
17 353
348 896
385 268
379 423
53 873
33 119
397 34
533 457
120 753
167 484
81 425
117 795
99 61
39 717
31 527
532 284
523 923
114 438
116 641
445 311
173 814
148 357
394 427
385 963
107 69
223 134
140 331
423 307
304 620
191 327
254 422
175 69
505 648
469 244
528 161
241 711
281 46
339 171
111 16
455 828
401 940
155 576
141 897
440 554
273 781
336 817
21 657
19 6
395 976
136 858
508 876
324 333
132 529
107 408
26 688
168 172
30 878
306 25
407 770
316 16
232 266
132 961
308 478
494 454
251 476
425 6
488 891
159 411
260 928
126 188
219 308
244 676
277 755
40 713
152 46
84 454
81 826
126 409
21 607
55 686
188 267
520 266
334 716
347 24
12 993
240 40
323 490
125 515
108 283
176 712
288 22
478 18
235 725
279 344
190 452
323 452
203 381
380 477
493 529
339 645
345 174
67 651
499 780
68 1
248 879
204 31
6 512
26 582
352 436
303 271
56 51
310 602
111 138
308 231
48 234
253 296
63 399
46 221
316 657
488 726
532 510
170 597
389 222
87 642
425 246
414 956
65 214
253 271
243 491
460 808
177 477
109 707
20 978
340 446
349 633
295 555
409 80
432 522
409 551
144 956
149 371
227 561
436 716
34 291
90 47
460 369
130 588
122 45
322 273
325 294
511 749
207 143
46 558
266 406
517 396
21 878
448 259
53 413
440 877
525 927
395 422
25 713
504 942
326 63
522 723
147 574
529 516
511 50
474 679
154 778
454 627
206 599
464 959
444 1
319 826
148 650
410 568
410 544
239 315
330 895
339 776
377 317
521 718
224 5
60 923
33 109
138 630
70 407
178 326
520 515
311 617
509 532
448 726
515 927
332 12
213 735
67 592
492 123
122 355
420 734
128 738
197 239
359 620
94 951
271 144
434 885
398 676
380 189
431 631
402 548
230 96
271 158
197 564
90 433
462 92
305 599
128 172
281 48
217 926
447 797
77 765
202 606
305 818
182 373
413 739
470 729
293 655
28 76
412 827
234 126
485 808
382 575
531 658
73 889
357 187
192 915
36 78
348 919
183 428
527 853
375 130
310 894
193 65
288 330
38 101
154 914
292 343
8 519
15 891
327 256
294 482
354 993
179 625
4 670
151 641
228 876
188 485
162 569
15 15
42 751
477 459
216 909
26 465
359 942
195 455
455 935
240 750
190 773
337 192
524 469
433 49
225 83
52 923
384 684
490 391
49 939
471 411
62 703
523 207
205 468
310 703
169 238
338 980
252 801
122 363
330 75
21 852
512 744
192 532
379 326
290 147
316 854
47 631
300 289
125 328
377 297
338 930
149 995
328 694
503 44
426 416
449 785
434 642
122 605
344 376
260 695
221 939
335 625
342 894
420 970
367 820
124 709
135 968
344 552
26 291
23 462
54 705
118 446
104 228
110 577
334 240
271 311
310 677
368 235
436 41
503 251
292 283
164 577
428 777
132 500
313 635
404 992
403 637
533 313
372 305
159 316
75 203
22 695
124 795
66 676
456 878
521 594
76 374
377 404
315 821
408 704
208 606
11 648
263 205
272 925
402 193
461 415
428 49
245 950
209 604
501 540
357 975
246 545
409 404
496 86
334 845
521 322
452 821
293 784
400 79
80 391
161 557
82 673
519 474
2 980
401 688
332 372
347 44
87 647
380 21
491 935
167 704
27 492
33 399
276 856
227 21
77 97
478 35
374 762
522 359
465 338
229 256
398 171
494 947
153 748
58 345
31 552
202 62
452 437
43 76
174 934
437 86
286 905
160 541
520 458
237 287
220 286
527 155
105 929
538 54
10 905
189 617
141 832
377 96
350 245
208 116
166 748
372 618
462 146
406 787
359 42
196 642
276 866
113 329
311 654
280 204
153 476
375 979
445 359
237 141
66 741
353 456
69 889
214 850
353 81
213 691
495 496
99 992
128 462
349 138
312 891
365 397
164 687
219 978
157 550
439 157
535 484
49 359
527 789
228 253
271 216
383 207
307 710
97 82
46 88
487 487
505 71
219 713
287 450
334 547
537 259
21 376
509 786
244 753
317 1000
467 643
497 398
23 70
414 700
508 887
46 890
67 142
305 650
35 337
286 483
428 352
341 536
307 270
369 687
121 702
311 707
147 412
514 555
538 448
193 112
178 703
393 203
344 49
391 284
238 756
483 876
360 871
235 340
504 816
530 716
426 463
427 573
430 513
532 943
296 582
45 484
506 802
170 211
255 96
467 670
26 506
176 700
228 450
187 536
460 349
438 496
77 987
152 574
183 280
221 667
29 366
419 767
81 225
343 426
304 153
451 271
15 252
260 59
290 801
468 266
16 237
101 699
260 186
1 239
11 588
186 86
278 714
203 849
23 411
535 737
497 110
10 311
521 272
519 282
41 482
439 356
519 793
181 21
473 637
56 591
344 738
325 288
181 817
368 75
87 264
106 495
71 590
70 870
511 256
275 848
202 551
124 846
521 48
321 63
84 762
331 974
410 739
490 985
530 484
260 740
117 472
278 948
503 377
292 805
526 667
229 69
57 383
319 774
402 34
52 159
2 395
204 492
96 200
419 666
159 474
60 492
457 492
148 961
461 408
13 499
334 610
232 441
122 155
75 38
275 551
368 544
141 655
323 345
473 184
324 194
452 459
526 443
316 867
5 972
189 698
121 848
350 12
376 300
496 657
263 301
224 319
524 759
469 567
86 94
155 588
261 1
295 95
308 610
271 869
481 735
28 399
360 236
205 745
418 375
386 131
101 371
25 59
531 893
135 617
238 730
490 858
395 479
393 582
70 208
504 106
334 746
14 487
142 368
413 273
352 785
34 280
473 72
378 202
357 235
194 39
257 717
7 316
483 837
16 649
264 829
407 763
217 203
240 466
494 147
466 684
436 402
84 985
294 437
177 445
326 728
418 472
83 880
477 97
297 578
519 239
158 761
120 199
229 636
379 825
59 717
28 547
59 763
150 700
399 737
20 858
379 797
468 909
117 834
470 553
395 542
363 928
185 572
99 102
316 820
315 35
298 662
274 69
78 363
232 739
528 972
142 755
506 472
536 437
222 403
224 837
272 25
70 477
255 143
528 976
478 579
164 297
171 759
13 962
282 170
226 485
15 46
85 511
197 827
380 879
524 595
488 948
40 708
354 412
358 257
438 702
372 953
513 9
530 295
295 914
5 696
110 523
535 984
474 62
228 461
52 46
435 362
311 70
164 78
355 599
75 683
39 7
511 719
241 125
158 254
477 678
171 422
147 355
313 113
166 49
73 543
148 383
96 265
301 963
461 111
390 190
21 947
127 187
83 908
446 684
497 828
416 845
494 914
488 143
5 761
79 198
334 639
480 492
402 951
342 764
219 367
50 167
98 155
71 778
384 936
20 598
278 530
456 87
243 366
193 414
527 225
475 727
354 895
333 36
499 452
195 520
524 231
105 596
143 402
144 253
341 892
312 588
280 231
533 5
237 866
391 208
310 23
479 884
363 6
535 71
261 865
209 423
305 918
242 612
165 24
40 555
155 662
351 293
51 387
163 821
446 244
20 486
520 813
236 211
158 68
460 957
81 365
336 513
521 484
512 423
398 998
23 964
486 784
293 321
373 942
153 113
204 38
178 551
392 554
450 142
319 522
9 599
482 120
44 983
426 394
143 29
206 251
178 1000
204 282
86 40
382 961
132 529
44 271
396 643
263 343
457 684
258 551
263 220
184 202
384 479
264 774
451 407
7 751
344 224
228 874
47 402
235 603
160 699
55 359
317 610
527 562
506 877
89 3
182 260
356 11
115 275
502 418
217 956
248 330
433 59
525 882
240 848
479 436
342 41
61 343
433 349
526 997
343 746
340 198
483 287
232 652
59 267
298 701
203 300
18 989
22 593
231 177
500 161
47 204
195 906
239 749
196 691
69 648
132 81
527 305
477 734
206 700
252 661
384 336
491 800
187 270
247 274
466 839
10 6
491 892
283 582
77 876
391 988
83 449
43 652
515 547
512 400
151 747
491 563
470 25
123 663
150 335
524 327
125 556
207 741
501 747
386 477
279 321
27 464
394 210
414 251
326 364
378 525
174 298
327 132
442 394
75 353
329 160
267 167
51 529
516 648
530 833
434 720
227 453
362 312
274 786
35 252
519 900
15 93
513 167
506 448
490 58
49 350
72 399
418 698
388 421
162 30
454 486
330 646
341 361
136 555
462 825
403 881
493 36
412 817
436 860
266 392
321 746
316 254
465 566
511 576
470 304
210 199
268 315
393 495
21 444
412 449
535 127
508 137
116 978
280 168
311 849
516 555
318 768
200 666
388 836
293 946
102 171
438 220
319 807
337 595
466 518
359 210
493 245
221 324
198 177
493 978
54 156
119 473
63 830
248 609
361 617
8 31
107 444
402 699
289 482
89 347
62 840
161 159
74 170
29 35
261 662
352 312
33 407
221 522
270 635
47 35
213 582
376 399
143 517
1 943
36 724
361 670
183 777
66 311
385 550
64 692
480 970
391 424
533 881
210 639
218 336
247 121
356 370
398 538
418 901
14 693
153 246
191 476
538 713
397 562
525 441
318 289
376 606
160 700
76 66
29 311
373 235
488 241
351 589
313 25
415 437
441 270
354 390
307 134
266 176
499 920
10 164
4 234
159 273
200 27
62 995
311 370
48 126
480 13
276 911
457 595
201 716
300 35
317 503
243 650
427 494
382 770
118 86
41 69
450 868
260 302
476 258
268 40
124 760
156 69
413 721
480 960
438 794
254 667
430 14
237 194
260 740
57 926
402 599
515 916
296 397
39 483
131 353
116 74
445 570
317 591
296 649
65 560
382 359
429 86
113 237
434 446
303 497
152 535
5 880
360 814
431 702
41 572
213 352
220 526
1 458
50 869
53 170
397 524
12 859
32 733
530 690
248 36
348 902
145 730
67 215
240 627
515 926
260 192
58 261
147 294
475 970
191 486
158 289
298 523
95 175
434 951
482 896
2 678
419 937
275 352
122 158
106 948
454 606
10 40
529 578
55 210
154 242
394 514
514 687
523 581
285 290
127 748
521 932
468 51
24 156
289 738
497 108
119 823
297 492
240 971
287 870
90 296
494 120
136 441
175 685
72 787
251 708
453 796
242 720
538 59
179 198
465 519
481 162
366 46
89 626
473 520
464 9
279 386
413 574
309 548
165 218
339 851
169 22
287 352
50 618
390 982
271 807
233 968
188 870
279 777
400 991
421 394
389 964
315 975
274 618
46 770
185 407
151 887
385 246
172 646
35 444
520 101
80 224
164 587
464 362
334 334
467 347
39 358
512 125
66 880
13 39
387 579
128 50
227 974
462 910
18 264
383 822
296 863
354 471
31 370
274 126
76 871
503 615
171 414
41 542
124 979
126 530
350 104
232 133
80 233
401 13
271 734
75 46
415 668
196 886
238 148
244 88
223 659
484 362
99 945
427 838
22 10
329 645
537 176
344 15
136 310
220 300
444 830
393 230
201 221
177 613
59 914
199 754
150 170
180 684
397 343
425 486
31 860
200 255
276 539
339 272
147 135
191 482
40 602
117 53
255 16
427 322
266 402
32 715
392 189
294 277
331 280
493 629
265 393
531 488
55 617
477 577
129 107
43 983
169 513
235 292
275 447
273 207
45 350
257 651
77 250
266 374
505 901
311 571
414 698
75 360
203 490
278 377
255 531
205 811
79 779
533 17
435 1
517 619
360 589
228 602
481 483
374 150
148 573
406 440
379 814
401 456
444 631
486 800
18 989
203 846
265 713
251 766
409 327
59 646
401 488
246 409
295 520
394 501
248 664
385 444
281 453
89 519
537 47
400 798
408 851
215 705
89 898
276 202
461 736
298 441
115 13
538 231
349 87
476 851
287 790
371 992
80 319
381 893
329 818
379 435
475 948
414 875
212 102
500 414
51 539
439 491
155 342
367 428
40 450
238 177
526 64
301 979
176 581
34 626
278 489
35 544
302 721
33 292
185 621
280 864
400 835
393 940
251 874
176 136
5 184
41 165
84 629
434 61
26 717
98 599
186 898
215 940
504 744
260 501
352 440
483 202
418 533
98 108
260 545
376 652
131 833
517 114
525 77
15 15
359 474
100 259
378 919
279 520
241 611
339 508
127 877
145 563
48 915
116 611
6 636
180 959
489 958
121 749
54 872
144 712
371 617
497 6
280 32
391 610
276 225
485 59
138 638
372 852
8 748
37 978
501 250
358 913
528 909
285 487
353 591
452 184
114 395
339 992
536 931
311 476
419 347
439 113
395 323
459 291
266 248
172 144
468 707
508 355
73 72
21 745
312 289
171 255
121 769
64 482
346 658
481 893
196 407
67 687
204 290
272 450
462 935
308 653
442 151
317 379
14 575
425 154
221 606
459 637
147 402
313 427
244 268
301 717
350 999
517 28
319 21
345 520
254 402
403 402
451 719
404 35
525 848
5 835
488 359
29 667
246 103
397 875
300 545
490 661
88 866
184 200
185 467
310 622
256 496
477 494
421 418
259 938
65 341
151 234
135 818
376 120
282 918
310 34
437 161
104 644
153 961
529 971
265 948
339 26
369 977
473 729
79 832
478 425
154 989
410 73
227 361
212 844
342 33
178 537
523 877
114 522
28 514
458 437
91 721
516 518
337 150
6 483
178 921
328 399
11 384
98 831
522 979
459 424
315 423
410 223
89 364
524 575
190 399
527 575
185 345
246 929
101 5
248 805
196 694
426 443
455 103
124 181
490 577
364 203
301 536
148 492
4 678
532 572
4 263
221 936
526 36
289 692
403 8
526 189
213 190
488 544
414 529
346 225
520 737
12 413
164 893
108 1000
112 252
340 439
270 107
205 264
495 338
76 637
121 230
198 461
360 761
376 515
414 238
260 357
411 61
115 142
475 445
18 508
457 629
30 178
423 49
431 232
538 339
94 726
119 256
98 765
340 599
441 878
146 134
242 848
301 732
470 902
411 688
306 479
307 729
434 925
189 307
113 518
425 1000
37 454
201 733
50 539
381 617
324 136
512 633
216 338
423 431
291 774
96 46
336 617
21 728
495 710
438 400
456 284
515 296
271 46
485 781
340 825
405 486
421 721
233 112
168 652
28 981
450 613
334 904
189 467
486 986
263 679
147 441
515 793
332 740
15 860
298 608
354 286
163 262
464 233
480 242
441 877
290 349
382 739
16 109
98 51
196 888
450 943
471 204
331 646
393 850
277 946
514 790
31 914
94 777
156 489
526 31
299 141
321 186
52 985
95 53
133 11
484 281
419 102
276 811
447 866
73 884
161 855
204 712
53 46
284 152
134 920
458 264
523 956
421 993
162 677
141 624
492 874
71 813
305 237
507 525
162 565
498 737
173 388
500 853
406 928
262 817
350 294
227 508
528 563
495 52
518 969
38 423
308 345
227 269
64 723
56 827
391 567
392 777
63 439
202 765
261 523
432 751
98 483
498 491
380 657
80 594
46 805
173 992
393 430
446 903
213 448
369 347
278 248
480 173
299 850
152 224
499 988
416 855
489 392
225 685
511 142
206 563
258 351
69 157
76 211
531 509
117 76
163 239
327 513
259 236
450 84
74 615
482 108
163 163
321 468
346 914
385 514
142 231
8 729
248 734
416 863
462 895
330 336
197 790
437 361
115 446
188 918
12 25
265 780
234 889
505 719
232 3
489 902
330 591
67 426
360 121
101 499
347 35
428 915
49 241
29 424
478 771
360 294
383 646
110 883
517 123
348 378
173 199
20 960
534 906
135 298
462 192
133 653
410 723
241 477
491 798
45 695
19 643
75 14
215 991
447 705
312 681
402 827
434 414
296 651
365 720
276 314
93 26
439 775
213 462
478 950
349 463
153 100
35 127
375 461
333 218
158 15
28 521
315 324
118 585
270 748
88 753
181 800
291 487
402 944
498 908
378 86
527 995
78 673
350 222
296 203
221 505
425 124
388 357
232 212
435 231
65 932
174 102
157 62
412 256
470 625
412 333
491 982
345 651
409 797
264 17
463 177
55 748
172 352
270 220
314 452
223 336
69 796
521 206
468 52
97 724
149 912
143 114
332 669
362 989
352 417
38 430
498 654
463 265
142 739
462 31
35 931
337 860
212 547
9 585
376 744
69 947
358 583
142 554
181 436
280 131
362 628
44 367
283 650
75 746
19 429
532 108
301 88
349 363
220 314
286 487
492 772
230 69
123 749
74 501
10 161
193 60
231 334
464 403
188 477
19 126
429 23
132 581
299 798
55 726
132 863
43 329
35 927
280 355
538 59
435 828
521 214
392 929
441 223
448 18
369 184
418 757
63 384
440 745
470 666
335 492
201 732
307 166
155 177
110 308
91 247
167 622
404 218
244 24
375 327
254 557
202 914
424 255
268 537
465 921
166 526
499 909
393 168
184 78
250 483
173 536
278 403
358 483
111 389
53 731
384 351
508 315
164 771
262 917
160 192
391 331
517 425
393 450
95 956
325 810
347 763
401 199
201 863
207 683
525 920
526 145
290 638
223 396
393 627
132 974
52 351
520 1
452 347
38 370
472 710
152 272
85 11
30 58
63 785
159 318
216 82
231 467
147 764
374 664
506 651
28 434
114 109
405 634
280 948
15 837
528 272
511 178
198 475
179 167
347 563
533 85
11 147
184 975
450 42
371 247
360 818
228 354
52 642
491 999
209 509
138 915
393 833
86 959
101 313
385 864
261 507
355 711
360 571
130 207
224 710
168 450
153 744
428 388
83 799
358 870
247 461
119 724
150 121
387 184
224 527
150 589
287 548
381 812
393 147
530 322
397 562
496 272
337 541
442 370
156 362
254 849
57 300
43 409
7 705
492 683
499 988
246 60
496 139
172 901
522 729
524 537
251 189
454 17
521 666
79 107
458 53
360 527
488 890
502 545
82 568
76 634
247 232
172 959
450 554
36 736
19 247
20 714
57 936
184 758
83 950
531 664
277 712
157 824
288 784
457 492
125 326
239 68
27 187
9 901
262 744
452 279
2 581
438 263
86 570
24 214
521 593
125 543
355 65
399 341
527 493
265 59
512 243
103 650
69 142
45 295
127 229
436 690
424 313
12 511
530 779
445 689
57 243
139 730
330 146
524 925
76 185
388 157
427 320
533 171
401 944
6 779
121 153
502 727
87 589
78 347
367 155
271 343
289 61
433 777
303 114
323 896
290 373
504 154
309 532
302 590
41 97
453 323
348 261
268 424
157 864
519 777
106 986
9 25
445 390
21 970
413 937
321 430
7 239
58 50
520 823
12 38
175 306
483 398
167 560
416 580
31 738
497 755
280 369
134 181
108 726
181 983
252 40
500 664
139 553
18 221
189 457
366 816
479 826
198 636
27 498
168 747
260 804
230 848
155 943
492 517
510 157
467 143
352 470
178 925
181 898
214 20
84 27
156 494
394 681
78 374
322 67
527 941
512 853
249 889
155 548
37 297
420 292
454 634
486 155
260 261
477 491
284 534
499 107
396 103
318 927
66 627
428 580
125 963
80 477
109 676
33 561
468 143
393 442
156 80
87 143
525 144
250 131
36 323
80 332
476 115
285 836
441 291
284 396
189 404
293 204
510 411
484 524
8 745
473 463
356 938
297 802
295 359
389 82
382 260
501 115
508 682
334 929
165 902
354 707
314 880
149 387
2 917
246 679
531 150
370 147
98 519
257 509
449 217
446 176
491 728
328 753
104 949
526 285
178 533
72 97
530 912
494 784
402 771
295 985
7 534
535 207
104 311
531 839
361 222
411 245
109 215
54 87
429 971
269 32
13 342
414 15
129 483
346 630
523 115
374 187
235 578
286 738
310 955
81 728
65 862
200 130
77 665
335 284
487 852
45 83
239 308
430 372
47 680
182 634
357 575
262 788
240 873
420 988
512 465
483 145
58 554
131 934
504 142
492 41
178 16
139 629
172 428
236 376
451 122
331 133
151 214
23 236
172 899
208 565
120 571
195 161
415 857
40 865
378 719
250 804
379 800
254 86
62 599
45 427
488 438
243 240
323 993
449 835
83 960
387 734
381 352
271 888
144 27
383 363
405 243
43 423
57 619
224 630
470 366
252 278
155 806
165 98
163 886
191 697
208 753
82 822
87 433
350 38
11 568
523 677
358 139
313 337
424 89
88 637
401 168
447 912
524 937
117 132
377 183
158 271
73 844
432 509
217 829
20 212
271 201
389 862
72 613
232 467
285 858
402 20
15 726
122 697
17 567
505 28
341 875
88 700
369 187
135 323
367 196
297 592
273 276
199 590
219 779
415 347
189 479
482 170
274 430
34 17
227 633
199 44
401 67
127 832
235 814
116 897
49 542
26 516
247 372
467 286
451 732
439 299
166 975
463 495
199 882
519 609
518 245
51 939
114 733
92 508
120 659
174 734
306 259
180 472
5 326
284 524
21 424
340 250
228 786
510 204
97 761
304 536
21 253
489 913
290 11
286 766
333 788
253 2
511 420
471 858
444 227
67 266
133 96
181 8
83 641
15 871
500 555
216 822
126 24
120 639
419 756
141 760
491 536
445 613
123 488
96 116
231 316
80 975
361 754
433 846
512 722
72 586
458 233
91 99
420 623
398 988
462 617
385 793
45 999
201 832
322 63
365 213
455 840
147 52
199 720
58 155
254 335
464 605
166 18
499 944
460 225
362 720
280 809
41 506
197 650
438 186
384 857
532 797
411 200
255 759
315 538
276 639
503 791
190 94
127 974
89 316
315 702
114 339
467 587
104 210
471 576
28 171
511 983
137 973
284 410
237 18
537 22
129 714
430 955
39 127
261 661
536 271
118 678
346 846
457 762
422 801
146 209
525 187
458 648
84 899
295 64
393 917
92 886
2 109
25 657
92 343
370 752
258 90
80 577
428 343
493 155
524 751
145 21
147 547
78 460
491 641
418 537
495 926
174 801
112 79
172 483
98 422
345 886
453 963
291 40
92 208
104 624
168 684
334 853
357 370
53 84
485 207
376 302
252 727
86 87
225 312
182 257
234 341
171 71
464 868
192 90
496 777
460 7
276 97
181 111
142 768
308 446
112 371
345 917
493 943
467 617
140 672
402 681
134 106
250 811
81 36
122 535
505 728
180 811
353 293
89 757
271 157
532 292
416 655
155 120
402 606
317 253
80 840
91 157
343 583
376 363
330 452
497 264
465 167
470 513
324 640
274 559
66 466
93 446
514 434
21 358
305 276
174 805
413 902
435 251
35 260
516 717
189 42
241 891
218 165
340 395
285 99
411 635
55 685
155 450
51 460
292 688
509 402
403 25
119 213
216 942
246 735
53 123
54 768
197 434
253 930
249 199
368 588
327 43
393 785
414 194
183 310
330 788
364 327
375 303
229 130
266 675
393 138
385 957
147 165
147 965
15 959
308 848
256 253
330 870
288 523
253 709
113 175
185 252
57 123
12 617
133 582
172 524
219 636
530 969
187 970
537 690
122 483
432 227
374 125
314 4
305 581
339 931
351 135
418 935
497 494
380 998
467 610
511 408
254 237
181 553
55 77
407 83
19 846
533 186
54 709
294 246
337 701
370 412
369 886
190 909
294 585
537 590
357 901
501 7
210 246
279 460
319 88
253 895
165 112
283 179
74 4
399 843
290 774
379 609
452 748
347 743
464 731
490 674
293 992
229 857
176 389
384 522
379 570
333 382
538 618
116 561
21 746
277 427
532 445
333 89
451 58
221 612
16 844
300 208
251 1
3 351
35 156
222 924
514 756
236 57
234 682
69 833
24 55
22 414
247 196
290 356
503 823
51 60
125 69
114 98
450 914
9 608
153 51
530 553
174 588
52 14
331 530
353 61
191 843
151 212
518 57
330 786
180 628
390 599
169 36
70 152
214 178
337 404
329 872
107 313
472 588
14 911
162 282
382 875
492 119
531 750
50 6
173 204
112 303
162 742
20 75
150 928
386 978
259 643
19 869
521 372
351 548
473 331
486 176
88 870
358 58
460 635
346 955
452 729
325 234
459 536
335 801
73 12
290 880
97 646
535 297
320 211
151 210
373 507
25 646
326 971
192 4
490 148
514 998
240 385
312 596
480 101
367 527
467 971
230 998
246 580
248 876
19 373
252 592
486 270
200 371
499 260
312 718
20 95
134 625
169 229
528 333
226 773
164 827
327 725
174 227
70 293
129 198
459 194
297 628
416 4
181 7
489 23
124 974
20 630
29 827
334 627
515 390
205 601
370 831
284 267
418 679
513 313
254 592
418 946
435 129
290 325
528 523
255 399
457 614
143 632
25 53
160 317
171 493
122 48
164 579
482 107
446 123
108 689
257 17
398 150
54 428
169 801
355 222
283 89
450 349
102 149
361 301
535 43
129 108
269 250
325 781
535 303
441 790
342 756
174 777
196 700
508 847
429 241
418 248
533 311
537 444
157 246
44 317
131 723
178 363
364 527
175 7
146 799
449 192
397 250
283 41
121 14
332 849
523 740
85 897
362 360
270 770
436 778
526 780
406 951
72 280
6 616
262 248
313 665
269 121
160 540
472 632
391 436
522 642
336 890
17 130
111 348
338 759
37 145
61 499
277 662
428 53
288 356
531 152
87 207
329 754
91 704
354 78
242 108
184 266
366 436
124 330
63 235
536 979
296 259
409 456
167 584
244 881
284 11
487 967
291 248
321 842
192 288
141 75
167 120
414 490
323 496
229 209
281 302
448 206
465 64
367 733
288 661
410 36
380 261
338 806
28 308
119 417
459 435
507 79
524 663
198 985
390 776
150 967
512 620
438 553
112 241
480 409
257 758
314 263
199 203
206 428
475 508
527 903
50 738
455 467
174 794
438 471
129 932
15 572
209 997
327 507
34 21
457 29
209 650
258 633
328 243
260 889
69 910
313 429
225 179
488 566
52 167
155 628
356 578
27 481
304 577
362 500
424 708
536 663
238 401
4 450
475 392
131 245
499 380
446 473
17 376
102 320
26 928
84 233
531 820
75 245
252 129
4 581
392 319
281 921
178 820
109 258
444 919
235 953
317 878
322 686
208 513
35 362
228 4
165 181
302 249
264 273
105 564
524 844
108 901
289 562
303 745
491 41
180 970
180 148
351 754
348 713
262 644
356 339
135 947
74 848
217 497
510 539
51 290
271 883
151 622
208 267
480 154
100 448
288 575
251 758
400 178
103 331
146 835
164 347
524 958
492 842
291 373
277 245
517 867
404 521
455 98
393 874
284 614
85 990
513 872
192 664
438 645
91 861
393 325
293 194
511 540
149 948
528 187
337 686
496 240
119 31
361 42
47 425
171 566
471 131
372 381
424 160
458 587
338 694
171 450
467 272
308 197
524 437
287 829
189 390
444 224
132 732
486 484
400 455
102 569
44 72
336 668
4 824
275 477
124 479
275 634
299 198
134 457
318 405
31 346
40 398
468 787
260 344
134 722
22 165
138 478
103 324
12 407
312 783
327 553
270 926
462 950
518 211
226 457
95 380
482 251
72 477
308 977
354 859
521 628
149 465
337 848
338 487
212 125
220 414
96 393
53 605
4 781
140 583
342 579
411 843
466 967
372 435
302 675
518 189
234 928
70 517
375 580
55 73
389 935
161 723
367 709
207 955
499 727
256 667
56 202
525 569
135 798
271 424
517 784
143 431
182 240
204 112
160 884
4 931
287 123
42 968
434 611
461 169
323 188
426 622
241 275
294 302
346 920
77 629
228 280
495 992
193 931
122 75
89 711
107 795
208 579
384 221
165 925
290 469
139 181
228 552
176 647
530 666
502 165
316 888
411 675
80 432
493 321
406 980
467 269
320 587
523 430
260 368
232 50
90 353
312 521
197 769
195 967
297 142
154 910
312 131
478 458
213 384
57 555
438 989
242 534
424 19
117 837
3 643
255 34
473 508
120 696
394 561
308 538
298 81
372 578
190 886
171 276
265 750
166 976
445 757
43 267
323 905
476 182
152 821
340 134
383 590
70 538
253 345
358 609
445 603
158 689
109 727
18 393
494 452
268 440
163 117
383 835
461 983
2 811
137 470
374 165
43 456
328 488
196 664
306 290
184 756
413 716
431 704
369 641
456 289
217 723
365 691
154 550
499 908
44 563
224 134
336 63
380 17
42 129
243 270
516 455
133 597
75 689
337 576
295 101
286 142
190 634
494 49
62 709
146 336
139 159
380 382
398 76
207 721
33 557
280 4
316 823
404 157
537 882
305 839
468 396
105 346
108 931
210 406
51 526
164 236
193 901
524 717
162 452
288 232
528 317
357 816
457 810
13 204
249 671
53 454
428 470
517 909
531 168
91 971
378 931
168 326
344 703
484 547
517 104
281 399
4 215
353 460
414 641
229 51
474 198
269 884
312 563
474 583
109 833
273 518
138 611
294 168
151 36
406 728
65 631
51 165
91 837
82 944
303 403
109 448
259 449
451 489
533 964
347 40
441 964
55 929
511 863
154 314
215 500
25 805
371 769
232 74
7 270
10 738
152 776
495 781
343 783
113 469
223 792
17 25
163 883
312 843
284 502
207 378
96 536
430 225
132 407
325 774
126 523
254 4
154 1000
181 889
171 136
20 289
431 711
26 641
3 173
451 372
304 496
264 450
424 943
347 740
90 840
442 226
277 666
139 653
404 20
408 589
62 644
36 388
459 417
156 760
465 994
284 741
117 365
236 945
80 729
450 775
495 700
87 964
77 693
243 797
454 171
296 583
14 652
366 382
469 111
354 279
75 803
129 485
109 581
3 527
103 606
348 472
444 955
20 383
308 819
528 717
220 677
210 537
368 527
110 663
4 968
357 76
233 255
251 92
512 537
117 421
301 263
16 297
367 37
397 312
473 133
7 35
411 74
155 498
281 597
230 231
261 12
415 697
140 982
380 466
299 696
58 818
463 795
218 249
192 347
388 96
24 969
315 153
56 475
103 147
473 679
263 31
140 803
