4736 389
195 368
225 48
360 986
169 910
321 682
19 921
351 740
60 480
388 161
160 703
159 646
145 82
332 540
206 894
149 694
361 9
173 262
281 165
356 607
314 137
215 756
66 416
52 704
301 663
46 589
45 899
122 213
122 969
122 836
209 949
350 572
256 620
82 198
165 441
293 816
222 379
235 250
28 941
23 848
372 318
77 187
298 47
119 976
265 143
42 503
80 850
195 829
354 550
96 66
11 828
376 716
131 461
111 411
47 523
322 963
77 691
107 925
99 186
14 381
172 565
173 677
83 535
247 209
164 447
10 994
381 607
261 35
342 302
380 95
82 695
361 601
250 104
163 666
58 52
232 806
59 849
49 751
241 627
267 921
263 87
122 628
214 969
3 150
144 854
304 838
109 571
60 890
205 572
291 850
247 958
21 930
162 653
325 580
221 886
371 212
33 751
120 514
262 362
105 243
336 494
359 97
357 630
385 38
304 680
164 221
226 230
106 1
173 296
233 356
115 721
113 226
47 798
354 611
256 306
182 348
316 629
211 839
15 440
119 286
375 898
24 876
134 294
35 564
234 179
18 832
331 771
59 851
265 628
360 191
368 202
177 625
261 243
330 104
194 185
380 121
13 780
58 518
353 693
329 762
344 805
242 918
117 604
93 392
307 362
124 647
50 609
204 936
329 640
314 108
240 642
265 423
209 493
138 899
175 444
319 203
68 317
289 936
211 556
74 880
10 926
176 642
370 559
280 835
225 437
31 284
301 794
241 825
173 965
80 43
86 378
139 431
138 294
70 310
379 140
308 915
329 794
371 800
192 852
73 649
184 464
376 974
344 625
161 390
315 61
229 215
283 895
166 783
326 13
389 926
107 674
293 921
262 525
165 889
99 793
190 66
331 419
308 37
110 959
345 222
331 580
347 294
351 763
96 610
91 988
25 178
262 728
126 403
353 832
14 45
384 85
330 366
207 806
254 30
199 341
188 321
335 810
25 712
40 270
267 840
16 314
375 529
80 158
355 672
168 66
214 541
71 792
111 846
56 511
173 730
350 130
278 999
16 447
198 445
268 529
64 193
206 959
183 451
164 578
144 112
247 803
359 848
242 154
327 313
153 640
301 242
165 830
80 17
111 396
118 806
27 955
306 622
126 507
274 712
67 598
364 739
248 35
319 991
347 748
217 927
83 232
217 53
35 10
295 758
358 544
97 666
312 788
121 989
226 143
193 169
368 49
334 698
245 106
259 280
185 765
308 369
46 423
280 108
112 244
132 6
247 851
231 377
149 789
375 488
215 362
75 349
58 11
305 684
357 241
202 349
118 645
378 653
369 246
160 429
113 702
142 634
389 701
131 476
272 373
283 583
248 532
3 516
370 213
96 97
133 39
29 469
357 252
144 213
173 492
240 706
244 567
83 161
108 591
300 129
384 724
177 808
158 645
328 327
299 542
355 433
351 980
221 696
44 211
265 456
231 513
121 874
299 728
174 427
9 559
10 938
167 754
275 525
144 46
249 397
389 558
149 21
175 993
335 903
242 105
235 943
52 821
219 294
109 544
110 744
327 136
117 382
122 127
136 549
36 182
299 878
382 493
311 36
38 172
221 105
369 462
345 753
59 392
219 908
306 926
365 824
350 391
310 966
207 796
93 841
237 85
49 2
233 836
250 854
157 143
291 910
150 18
42 21
225 907
312 150
77 661
72 316
172 829
113 552
224 352
127 519
86 347
365 737
282 177
35 899
112 385
93 582
232 742
371 782
289 813
157 299
379 250
231 963
317 755
257 662
115 355
183 361
88 681
309 108
56 607
161 796
261 51
349 425
371 369
155 913
275 566
22 940
110 407
293 693
86 352
243 327
214 38
288 510
137 678
234 650
199 155
247 416
77 268
378 504
131 219
218 656
3 55
276 495
296 491
378 427
196 989
243 436
274 440
207 686
47 402
37 827
312 30
67 199
121 396
328 810
59 36
263 810
76 623
189 910
178 982
146 300
191 720
152 75
371 897
106 34
8 301
298 624
54 257
303 985
64 683
372 944
57 773
317 391
375 438
380 264
13 600
242 840
244 899
236 798
23 641
370 161
71 32
385 983
68 979
245 919
178 233
153 816
52 285
203 567
366 284
382 461
175 674
14 959
383 269
336 597
80 472
105 963
375 58
246 178
42 317
372 264
244 863
314 796
31 268
379 11
213 321
316 422
32 339
13 417
263 743
138 382
201 471
69 688
364 267
144 577
272 677
342 196
359 516
219 51
31 882
271 554
170 726
173 730
154 347
9 639
209 495
104 155
309 445
360 713
61 787
55 810
111 925
280 611
103 616
231 29
312 648
217 244
245 874
219 769
198 114
195 296
97 319
34 627
73 474
180 292
315 139
317 359
193 28
328 470
26 500
299 3
2 357
92 754
63 566
349 187
69 697
73 324
104 902
294 798
91 103
164 964
231 802
361 527
20 514
331 484
315 86
200 731
80 337
71 698
196 448
95 225
78 687
65 852
2 428
70 668
199 786
377 798
67 904
83 666
127 856
37 725
350 248
53 688
96 492
156 222
270 82
302 322
352 788
19 607
46 618
119 302
44 157
341 19
320 381
140 216
309 869
54 817
347 145
113 111
179 287
67 413
165 195
337 470
335 241
256 981
24 279
57 683
31 968
175 332
330 418
189 138
381 537
371 409
214 970
168 585
353 617
61 928
186 547
313 597
196 700
306 630
186 59
2 715
240 985
26 776
94 110
338 479
364 388
84 428
214 202
100 39
224 386
256 494
239 315
316 664
349 599
127 867
329 382
190 238
184 418
366 496
363 721
86 55
91 46
293 298
21 73
378 632
240 986
70 991
54 857
223 190
321 713
124 34
54 457
120 973
382 338
147 50
300 356
254 891
1 472
59 51
210 631
76 508
179 938
50 179
215 247
155 991
233 563
247 397
371 811
278 503
98 425
106 768
338 221
156 306
377 169
269 776
92 364
343 228
124 240
225 250
320 709
176 99
370 212
199 796
118 724
113 852
163 216
75 433
209 950
156 340
129 626
58 296
97 737
154 951
206 343
5 821
381 897
66 699
110 220
234 317
383 180
183 804
122 517
51 445
104 678
170 673
194 649
335 51
143 901
257 85
134 28
44 915
273 349
216 814
385 235
126 442
387 612
386 984
204 562
29 973
198 446
112 17
264 408
12 57
275 448
350 974
23 793
126 852
138 360
153 212
73 241
159 914
152 762
171 863
172 47
280 296
216 404
162 877
170 710
24 995
38 371
203 459
141 588
44 288
59 2
245 317
62 215
214 397
74 545
266 809
20 738
184 470
299 674
301 196
190 531
238 952
211 380
349 82
280 328
121 416
159 548
112 90
324 52
161 628
211 862
193 383
70 885
111 767
266 919
275 62
128 424
198 664
29 805
74 77
257 90
94 771
186 829
197 353
230 920
113 909
246 410
194 495
108 31
132 260
37 132
242 372
52 84
206 475
194 277
376 524
242 380
86 297
19 237
82 53
298 987
241 914
290 662
363 451
24 96
310 44
389 559
128 844
199 311
326 66
32 773
82 869
295 268
197 371
169 420
242 235
207 726
316 603
253 825
186 386
335 585
162 887
142 50
356 832
94 249
280 916
328 700
358 634
137 277
365 447
26 906
355 213
209 744
192 126
268 668
310 133
27 48
365 349
336 36
89 32
111 179
216 145
251 970
115 330
364 380
283 327
290 384
58 665
11 961
379 685
352 589
267 722
382 743
170 23
318 918
117 570
309 323
350 281
82 615
360 669
385 490
288 739
55 165
140 817
141 98
303 327
127 150
295 107
363 934
138 123
382 366
329 192
140 467
109 261
319 443
348 724
285 888
170 969
133 617
289 45
194 913
83 908
216 286
282 591
189 211
285 387
216 422
39 65
145 611
382 156
382 887
87 598
68 101
201 91
329 469
309 59
220 728
219 37
329 54
385 415
389 552
18 623
328 101
16 133
367 977
309 814
284 394
41 211
128 266
348 744
27 904
385 485
26 894
296 776
131 12
43 537
124 28
322 821
347 556
337 252
308 495
131 627
166 156
159 715
274 53
59 904
307 802
57 250
75 788
6 631
330 442
117 775
107 887
69 975
338 450
19 999
376 524
46 348
107 526
239 927
2 680
58 627
46 883
82 875
181 648
201 106
243 663
9 121
370 753
78 268
157 718
16 813
380 616
126 512
33 822
59 381
59 2
288 770
97 940
342 310
149 988
258 255
330 347
41 349
56 883
359 796
88 243
356 950
147 228
316 335
144 854
73 279
199 628
177 876
159 67
196 325
236 696
173 464
343 191
267 53
290 772
44 144
380 758
122 59
208 175
3 81
300 821
207 949
51 932
266 657
88 778
155 655
284 290
283 556
123 698
287 640
166 572
50 943
320 33
28 259
327 385
31 663
122 268
153 69
309 596
287 802
266 785
17 325
142 188
239 155
67 620
317 198
226 684
130 177
72 682
264 237
315 170
104 632
180 122
147 729
239 99
365 109
337 566
355 477
101 181
49 206
344 13
130 847
377 475
358 334
121 164
282 444
31 699
380 796
68 439
330 408
172 186
174 404
287 795
66 577
78 981
164 699
336 806
56 948
370 25
281 223
52 940
75 173
34 371
159 203
340 27
270 354
349 847
64 278
65 327
187 112
208 252
41 956
69 902
267 500
122 190
377 587
358 52
333 530
221 890
195 822
367 982
63 416
313 820
31 828
112 834
241 666
275 267
221 73
373 133
265 927
199 138
220 794
338 715
110 994
60 400
74 996
169 193
104 425
319 576
141 972
330 413
157 152
248 9
218 664
314 67
248 181
215 262
258 860
75 113
240 485
326 77
366 245
332 171
296 701
111 524
324 976
187 63
130 537
260 206
26 203
133 305
343 39
346 809
24 714
321 678
117 580
46 298
338 394
132 4
59 500
186 358
135 288
374 336
208 29
81 730
194 841
261 517
207 988
214 11
81 370
355 675
51 301
210 942
293 633
382 277
145 167
339 632
79 570
132 784
295 748
36 726
336 930
114 17
254 316
206 637
11 438
297 231
176 698
181 170
206 60
346 972
31 588
211 433
376 832
146 87
101 63
270 761
121 639
170 741
378 631
236 38
97 862
286 930
197 507
246 644
192 2
241 107
193 957
20 18
273 361
175 382
369 549
207 339
1 742
304 335
361 310
215 654
213 224
154 916
345 918
90 358
286 820
256 993
177 346
204 953
227 389
213 380
106 590
210 797
93 945
244 329
281 184
265 597
1 86
41 574
106 437
379 791
361 176
223 47
292 401
341 944
389 52
34 361
62 842
72 85
188 904
1 90
273 773
28 899
373 871
108 543
59 543
243 551
261 896
381 172
97 508
249 462
205 111
101 806
228 730
124 765
339 497
44 83
61 214
367 601
77 892
49 111
15 92
328 903
298 667
371 552
280 914
216 492
271 701
380 458
179 677
32 428
346 686
26 482
43 577
138 710
119 275
220 382
60 884
27 382
147 866
174 443
276 835
64 288
182 574
22 413
219 755
152 219
328 470
33 481
243 952
192 90
275 510
334 333
187 688
335 28
362 3
288 453
153 656
106 284
291 443
381 327
239 348
242 752
372 801
160 919
204 34
233 662
335 284
229 923
330 279
219 561
181 496
151 663
352 464
136 135
300 418
8 624
248 793
259 629
341 912
77 204
100 256
337 816
176 45
1 616
186 257
286 822
144 648
67 128
349 891
298 754
281 365
365 801
172 345
101 330
7 641
190 737
38 928
195 226
35 154
64 588
89 975
69 921
340 428
69 328
118 217
36 547
49 83
100 177
298 700
264 509
80 750
81 765
154 908
119 516
268 554
237 872
320 519
103 116
386 154
200 72
66 450
327 508
9 877
183 505
4 786
384 816
70 831
118 472
168 291
89 580
366 589
40 675
287 939
332 631
85 500
193 158
265 223
193 532
26 218
47 231
312 476
254 906
300 450
287 538
167 326
235 140
361 107
155 269
61 571
358 200
53 585
43 900
371 151
188 956
74 201
209 333
97 169
165 339
133 97
138 732
223 787
67 947
154 757
185 878
210 237
176 369
77 602
30 409
322 595
179 770
69 853
319 970
272 193
139 771
63 355
111 613
127 900
80 81
298 929
367 399
366 587
330 841
50 757
47 38
208 649
179 168
182 99
333 790
289 748
358 867
88 912
30 429
4 481
307 63
171 770
59 855
50 620
363 720
296 652
220 866
187 251
346 117
246 493
176 42
372 835
271 834
222 377
88 204
383 816
382 195
193 509
16 766
58 56
271 223
324 54
54 573
14 856
69 257
254 674
334 244
107 844
287 600
294 821
304 891
151 347
38 255
232 939
227 829
6 488
287 29
184 100
148 959
74 720
83 941
106 386
225 686
135 642
322 21
368 700
388 817
121 993
97 363
383 157
242 658
143 130
104 354
224 508
271 576
210 892
143 264
353 845
108 880
87 626
113 770
388 310
230 318
229 818
224 413
227 202
249 239
36 192
149 718
353 992
288 721
191 691
54 954
17 732
43 488
215 29
75 790
345 139
127 26
31 454
223 311
175 643
83 963
225 161
107 970
292 167
38 273
109 685
100 355
313 934
299 584
316 556
62 297
171 604
313 710
71 326
2 504
276 574
235 863
111 830
323 140
142 802
322 776
279 266
77 772
60 339
221 599
385 430
313 396
374 744
318 688
2 889
46 736
268 285
250 809
257 406
293 463
91 383
177 119
338 570
130 700
357 60
387 989
25 452
385 285
334 999
332 386
312 127
318 136
376 239
217 467
174 889
348 24
241 456
212 332
374 678
135 3
179 855
357 651
66 716
182 750
133 474
356 916
285 456
196 470
132 252
105 484
324 303
265 632
147 436
315 977
22 941
154 729
317 422
54 952
269 64
237 230
215 56
301 36
135 821
289 668
322 973
342 741
168 704
142 648
342 252
369 957
331 439
357 335
388 184
387 436
303 471
290 838
377 193
79 924
85 797
261 650
93 953
165 812
307 749
231 511
121 742
137 441
11 549
88 284
132 270
289 943
122 890
121 60
270 445
174 75
10 928
52 854
215 152
108 507
13 437
375 278
174 916
163 364
286 838
324 512
369 127
230 513
377 679
284 402
266 228
15 90
135 134
105 154
358 666
32 729
293 16
331 699
336 733
345 486
70 914
193 731
23 3
39 883
374 320
143 464
267 535
230 527
358 976
13 445
300 8
166 871
11 879
362 168
39 434
304 215
191 633
280 734
306 922
93 236
158 868
37 908
45 397
156 244
219 469
173 135
340 713
349 459
326 592
364 700
260 137
119 247
77 572
373 680
317 340
290 20
69 140
253 328
270 758
183 488
298 53
363 392
93 53
280 175
98 317
220 39
201 4
181 351
64 217
272 25
198 298
383 308
244 382
39 739
258 323
223 547
139 553
229 721
164 556
182 434
90 710
195 258
31 746
87 430
272 450
89 377
249 123
279 811
68 436
91 477
332 851
238 670
376 759
34 913
157 647
202 797
85 825
306 172
336 700
362 956
291 807
104 225
209 71
102 793
105 877
184 478
200 622
26 520
342 377
177 704
77 948
359 254
39 280
246 885
384 72
283 882
18 918
376 344
20 78
289 286
80 441
116 415
155 756
19 313
255 126
8 967
166 669
63 919
71 578
287 389
319 296
53 670
69 873
107 982
161 385
375 891
13 41
103 695
63 885
317 913
48 63
158 717
354 458
203 448
78 823
383 797
181 707
26 186
171 279
177 131
227 327
169 462
109 44
361 814
99 498
355 153
64 234
192 362
311 321
361 703
224 152
328 531
258 250
258 613
157 840
233 920
185 576
83 401
61 378
312 36
281 426
388 456
316 929
281 942
258 524
358 214
63 123
166 265
283 843
112 320
83 541
310 348
21 437
369 524
198 755
99 122
16 173
158 998
13 83
259 929
292 306
9 35
137 130
31 639
96 152
336 370
263 845
2 519
102 188
54 941
335 616
22 191
41 420
328 691
4 297
205 756
237 675
387 449
328 444
20 3
169 960
91 275
380 48
103 473
29 559
119 782
325 936
319 331
377 638
249 320
212 290
274 806
159 192
334 421
231 570
324 775
291 644
331 635
353 766
375 635
288 702
276 198
316 243
225 279
93 955
297 444
159 749
85 439
228 944
304 961
340 963
50 986
289 554
286 394
198 880
290 908
319 127
357 189
360 297
38 153
302 483
186 575
326 157
222 112
44 451
190 44
247 679
79 428
81 164
31 249
161 76
118 660
159 772
170 868
96 643
189 371
17 238
232 569
309 455
68 952
285 569
321 78
340 110
364 974
110 889
360 719
141 324
176 107
261 860
110 905
298 184
200 524
119 797
258 907
306 669
320 151
334 667
385 319
294 624
239 711
38 490
313 364
360 944
315 90
201 951
12 351
351 16
125 109
5 839
128 875
173 694
22 37
284 216
45 968
19 398
281 351
268 541
37 713
61 6
134 528
83 21
144 387
209 579
155 685
12 428
229 627
259 770
170 874
261 888
63 856
81 495
278 222
307 372
199 988
199 176
327 629
258 383
314 14
24 426
241 867
375 837
309 59
32 617
42 175
51 651
247 375
354 387
274 989
107 902
50 591
306 197
331 137
314 388
162 369
25 748
247 858
136 169
131 201
246 964
286 3
170 466
180 597
80 491
286 34
36 748
3 945
315 485
69 789
305 428
159 443
21 49
138 559
237 832
259 231
97 50
270 878
229 651
388 979
221 357
377 615
191 460
196 187
153 673
164 856
65 408
266 860
268 873
202 604
348 18
171 236
53 259
321 57
284 976
75 848
297 995
161 492
318 392
53 404
27 992
307 634
268 110
322 645
26 277
232 376
312 407
320 857
295 943
332 411
12 17
250 12
299 413
196 39
303 255
155 428
128 842
119 107
204 384
278 525
75 379
100 883
66 208
371 372
175 31
2 588
165 468
176 807
49 825
278 498
293 858
26 163
335 743
220 308
208 381
329 196
224 582
334 357
372 836
118 103
68 18
338 292
93 371
271 394
231 449
189 388
99 711
74 425
103 792
351 748
270 846
302 642
115 987
208 463
63 947
82 633
312 80
33 339
13 173
171 412
345 804
67 765
176 584
283 167
64 483
60 99
53 282
332 159
355 732
41 456
208 326
234 754
123 473
257 378
173 603
121 845
146 442
236 118
222 204
276 252
267 386
78 473
74 480
247 228
104 911
346 744
375 748
122 459
41 270
222 40
173 67
2 445
305 556
152 446
146 164
50 72
287 989
94 783
22 963
28 368
249 822
98 759
294 181
259 955
262 334
177 973
196 111
256 389
102 168
207 309
147 14
70 76
352 554
26 76
328 944
134 92
262 241
283 14
84 449
83 242
236 161
56 74
366 214
344 412
79 192
294 675
118 860
107 734
129 771
7 600
172 729
218 486
193 126
175 324
136 880
123 840
358 904
178 445
315 816
55 898
9 811
59 513
132 261
3 56
20 655
35 803
270 621
363 728
319 151
192 577
44 579
108 782
19 921
286 584
350 430
89 639
177 986
307 286
155 442
270 585
4 950
70 862
142 876
34 17
158 323
49 318
295 161
360 683
383 774
277 907
118 823
311 804
88 828
385 586
30 641
338 18
280 185
301 743
244 654
138 913
12 411
68 889
125 866
214 47
183 238
316 148
246 915
55 920
71 793
212 685
19 404
317 114
279 231
225 465
207 716
176 369
218 117
310 156
52 527
131 506
200 146
246 989
98 122
171 451
54 169
102 519
11 746
298 657
323 976
269 185
53 253
98 583
352 483
201 582
176 679
250 709
118 816
201 269
26 717
55 558
344 172
158 513
38 932
249 879
182 596
220 561
178 209
374 861
366 884
257 112
240 106
57 631
334 714
29 252
275 867
184 743
343 523
45 370
319 440
163 388
287 611
102 463
218 465
122 395
72 793
342 921
106 952
16 904
111 455
246 939
313 492
342 392
346 541
109 67
24 328
90 161
353 630
292 366
266 619
56 695
97 440
166 992
136 242
19 528
351 648
164 736
325 856
89 152
223 26
23 218
350 939
227 293
309 404
374 155
48 305
368 443
128 795
274 192
255 262
315 608
308 92
339 637
19 39
294 624
83 987
339 81
54 114
297 664
312 22
32 624
294 122
184 326
52 993
359 430
154 974
149 510
253 170
209 362
193 18
76 758
89 134
155 367
349 875
351 723
100 898
172 659
177 943
208 48
233 714
105 412
343 186
142 332
156 573
219 733
100 544
127 172
286 317
149 356
154 920
101 300
151 722
205 191
12 663
53 970
85 967
137 953
371 760
339 306
107 362
201 424
32 10
296 417
335 232
259 609
340 520
380 965
347 109
30 801
125 18
46 787
134 343
126 165
100 130
156 406
228 963
387 546
38 366
338 182
261 301
329 925
95 756
189 53
2 683
100 243
207 48
284 83
70 466
62 368
272 887
330 458
26 495
327 859
72 150
50 329
161 358
247 32
257 643
240 237
138 373
248 795
308 777
193 858
141 640
273 355
241 759
129 157
103 526
28 332
191 945
86 188
232 82
292 274
365 308
211 812
343 274
200 731
3 462
88 40
191 362
103 989
378 35
127 408
306 800
31 139
228 615
91 230
14 689
143 884
124 810
180 570
140 74
173 315
208 918
241 582
381 375
184 422
281 441
360 905
129 182
190 954
280 569
349 328
372 523
263 364
71 530
253 887
99 941
185 65
175 1
206 411
71 791
207 846
187 499
161 466
283 455
86 856
111 366
231 208
184 81
97 68
340 654
144 715
74 347
13 31
233 815
377 855
295 466
361 158
274 993
233 730
65 155
77 934
263 558
282 288
1 362
10 700
329 700
386 439
41 509
255 348
275 881
345 163
280 305
365 45
95 305
23 409
130 858
344 299
5 593
181 143
259 230
357 426
138 767
199 682
113 586
289 49
375 550
120 590
44 419
94 395
339 949
323 272
87 77
382 535
266 776
281 206
372 494
220 496
183 332
366 76
133 843
101 572
352 142
53 536
111 312
166 185
368 796
107 470
15 851
253 746
255 962
292 803
115 585
138 125
110 477
38 454
115 286
99 775
74 562
83 721
233 528
93 485
226 510
127 819
287 20
218 236
84 959
344 776
50 255
306 697
312 328
176 390
46 573
357 201
144 96
380 842
36 692
88 105
40 204
142 183
14 520
349 542
33 719
232 557
332 256
81 733
281 560
277 574
386 663
105 91
232 146
205 585
179 275
356 276
216 844
19 867
289 192
325 455
253 755
311 688
245 244
325 768
250 26
96 877
228 524
368 883
20 152
250 696
58 637
53 215
290 528
358 358
81 195
8 591
59 865
199 923
179 228
80 514
255 88
180 324
283 517
112 427
23 552
209 599
275 490
371 697
104 856
235 424
307 585
62 775
143 67
154 764
121 39
198 411
48 696
375 210
133 448
85 178
96 620
49 292
222 3
96 130
139 346
228 17
151 427
53 942
44 521
71 54
62 397
324 596
293 21
21 687
164 928
145 41
96 835
77 345
338 847
278 170
79 96
332 290
188 255
139 892
185 497
102 294
149 751
75 827
107 316
323 35
19 2
193 686
315 837
258 989
103 814
126 801
280 177
167 562
16 847
6 257
361 85
104 878
274 91
77 883
145 311
222 574
316 239
292 515
176 778
146 680
380 848
292 152
59 93
38 953
68 578
5 941
145 324
7 653
162 651
181 561
184 60
142 233
235 888
354 911
86 179
179 571
86 646
336 246
85 357
98 959
221 305
300 713
84 111
290 691
199 231
14 918
198 278
187 163
194 324
357 635
144 343
234 164
49 806
96 155
215 823
267 845
254 842
270 444
353 228
362 672
133 901
340 787
149 298
218 628
160 195
103 381
263 302
297 189
153 387
140 999
302 53
80 849
303 679
173 566
267 573
236 933
208 839
130 247
107 482
2 637
279 198
57 191
284 889
318 702
371 626
202 691
67 711
307 349
80 783
161 600
139 137
345 737
367 500
384 19
144 244
191 44
24 356
105 960
233 318
116 557
320 228
41 22
213 947
365 193
180 355
87 585
337 224
285 572
85 796
127 69
333 715
254 907
223 485
166 201
336 711
182 308
383 202
105 200
147 51
108 179
1 554
90 497
177 323
36 438
370 999
267 943
290 572
108 721
353 217
307 728
134 131
222 650
202 203
86 778
372 742
232 61
305 907
336 256
101 177
270 816
18 638
291 856
40 489
360 639
271 225
95 519
261 779
253 375
42 296
61 922
147 100
66 966
159 337
36 454
253 298
75 193
328 768
15 664
127 96
231 676
302 851
133 365
346 509
206 860
183 279
98 322
232 790
48 863
163 561
255 428
127 694
277 377
94 149
200 656
251 116
143 336
385 201
279 43
388 659
29 176
176 898
56 569
265 442
57 134
168 877
63 649
358 382
13 320
238 286
230 47
55 146
226 595
177 339
214 631
351 773
149 907
234 912
235 144
83 946
327 869
112 748
139 301
244 760
109 127
289 338
13 109
92 708
345 93
10 903
113 179
85 673
238 749
40 946
132 85
86 782
335 795
234 814
95 473
291 702
368 205
219 913
178 26
338 249
339 23
238 343
274 166
262 153
372 318
54 806
10 138
224 12
337 48
15 787
255 355
207 288
315 546
263 915
22 79
345 825
22 216
168 946
303 201
1 804
339 359
366 302
258 799
303 430
327 917
216 420
60 213
181 860
129 302
96 408
313 650
29 324
236 648
22 368
260 642
208 938
227 191
293 809
323 994
301 211
244 97
159 672
375 303
117 188
118 434
86 89
153 965
65 499
377 584
308 594
196 91
298 963
213 623
187 616
221 461
199 883
83 236
303 455
218 463
123 623
35 829
96 61
154 136
119 573
326 158
376 903
296 691
78 880
48 93
189 361
200 47
46 279
355 286
117 465
184 495
68 150
71 87
198 556
17 713
305 202
144 540
125 311
151 594
90 888
247 147
190 334
126 232
277 325
167 312
154 375
380 902
284 15
68 912
146 127
212 874
164 434
318 273
45 954
260 249
319 643
181 872
361 534
62 536
226 639
157 505
379 960
223 300
294 444
226 153
8 260
131 746
271 214
388 86
381 297
123 559
16 898
367 452
23 457
326 856
93 573
262 417
385 652
207 330
112 908
355 921
263 189
204 361
117 805
371 594
279 666
19 772
360 731
109 280
19 776
325 183
79 685
164 448
77 395
74 806
292 983
143 176
218 874
320 768
54 439
50 645
18 807
92 536
310 728
158 834
102 82
288 189
35 601
356 855
308 158
283 322
277 374
378 214
384 353
318 590
54 988
29 391
33 168
297 292
318 344
39 28
47 807
190 898
375 256
171 309
286 812
169 958
317 432
69 804
297 668
356 387
179 957
171 168
376 699
268 751
34 852
130 62
208 679
267 335
294 202
162 490
81 861
72 584
356 213
245 41
173 178
153 695
114 521
244 905
338 802
48 625
119 875
202 214
32 107
346 243
111 776
183 78
35 674
347 794
310 53
330 149
344 643
42 835
158 152
254 305
140 268
305 194
124 348
250 438
348 610
257 462
59 896
295 674
317 49
4 411
67 385
187 401
360 575
219 477
240 210
53 920
373 865
244 947
271 890
97 117
331 100
9 433
107 956
38 276
341 788
385 883
220 848
58 27
51 367
79 911
259 40
282 375
344 754
209 107
70 170
18 11
200 593
322 74
182 268
388 222
93 530
208 931
364 162
96 901
385 266
376 353
274 369
188 644
175 926
271 362
151 910
180 225
171 914
67 483
355 38
80 416
195 60
253 377
41 271
315 30
69 136
207 705
10 701
376 593
173 325
375 280
10 357
250 142
254 390
66 779
298 516
157 968
263 384
318 807
89 231
283 231
6 650
104 369
99 740
356 693
166 471
273 230
378 895
269 858
176 125
293 171
189 141
343 416
303 240
128 301
263 211
48 862
348 487
369 160
214 735
386 25
86 164
3 523
264 524
348 909
65 175
196 113
131 169
176 903
375 555
111 609
255 58
46 141
12 39
299 79
164 245
172 892
26 69
292 695
293 837
337 903
207 861
134 831
358 905
57 222
71 506
100 21
204 237
37 867
338 522
113 380
342 662
134 670
310 337
145 130
53 593
66 777
198 654
254 693
108 540
92 3
105 340
208 440
212 626
367 785
78 416
242 697
333 610
251 647
154 537
234 13
37 848
357 962
308 562
324 801
7 394
54 184
270 664
121 282
329 747
135 981
383 658
311 53
107 98
256 751
377 299
353 791
308 755
225 154
207 121
142 709
79 531
267 52
66 385
184 531
388 639
312 193
65 495
384 736
137 309
35 23
324 225
181 920
9 32
210 962
289 420
291 872
48 551
57 535
99 28
156 20
10 790
63 628
98 183
45 243
122 651
220 94
289 458
380 784
179 969
163 233
91 929
309 706
181 903
192 114
101 59
161 156
4 945
145 383
95 651
132 845
119 268
234 740
43 454
377 512
174 733
151 111
216 275
161 91
28 514
99 676
127 181
336 299
21 7
355 568
230 913
257 646
216 273
142 234
139 190
143 839
251 733
1 844
195 143
85 980
323 288
124 117
315 314
89 66
67 264
201 145
202 371
170 214
322 241
296 542
173 225
336 141
14 520
139 825
46 983
21 948
83 994
359 989
318 810
141 688
273 252
32 482
346 849
7 301
121 900
68 778
378 487
239 602
229 198
114 740
144 129
287 747
183 631
370 421
73 22
105 613
366 980
238 609
97 945
240 372
320 42
25 813
291 152
135 879
113 63
240 567
312 639
48 937
358 751
146 60
288 333
327 513
180 127
50 32
333 469
97 946
159 380
350 480
238 156
271 187
284 299
252 778
35 617
16 743
150 10
140 338
238 799
299 716
145 613
249 805
234 484
374 936
54 329
202 930
46 220
157 342
60 611
169 459
370 437
116 772
3 376
173 527
260 428
210 983
338 966
119 939
342 406
237 540
236 305
47 451
23 207
358 192
223 302
63 916
37 333
358 400
45 986
132 692
5 565
113 569
122 51
379 47
165 723
55 232
6 596
209 59
112 310
98 26
362 868
199 372
252 728
218 740
170 591
87 120
35 689
73 946
187 82
250 179
257 444
14 715
337 819
368 34
333 55
201 11
125 333
125 483
353 935
302 414
27 943
332 411
173 224
61 571
180 453
16 686
379 624
67 349
315 573
50 937
304 124
185 915
191 514
302 378
85 576
181 616
95 219
83 277
187 834
337 491
285 476
267 96
62 583
100 759
114 434
22 791
47 644
344 730
133 898
94 671
139 21
117 457
77 322
241 903
240 272
46 378
304 37
359 569
80 330
240 640
240 786
219 740
334 231
69 473
1 141
357 644
317 557
355 914
375 580
112 303
337 561
12 120
70 530
178 642
37 152
98 648
202 70
67 969
287 918
9 287
302 44
260 633
379 17
129 465
386 305
14 239
101 469
363 949
171 434
15 338
277 544
63 711
82 157
246 932
274 79
238 428
363 861
349 268
36 415
318 712
133 841
278 783
359 565
355 634
138 574
214 385
72 853
187 862
225 543
342 415
203 317
272 960
257 290
326 647
104 145
177 391
71 741
125 661
376 999
254 630
379 636
277 967
85 196
79 187
22 172
3 361
167 781
39 820
326 19
363 385
201 894
308 92
222 84
168 211
18 773
204 521
103 270
349 181
85 295
240 16
172 981
97 123
192 144
21 791
144 926
359 986
203 22
48 1
306 502
243 544
278 814
218 140
40 787
364 954
124 93
118 917
377 289
107 900
143 775
44 553
33 421
288 603
387 466
318 565
43 860
233 669
343 107
40 445
59 115
132 158
140 934
376 240
268 184
355 252
204 857
9 514
275 799
149 51
37 249
231 72
161 741
56 584
94 34
73 190
259 479
275 249
242 819
20 547
323 314
179 315
278 422
41 707
245 860
122 74
196 771
310 130
175 313
126 683
68 173
88 927
131 190
96 140
232 890
166 333
141 904
359 9
356 975
297 659
347 988
257 328
16 360
335 764
197 144
168 581
387 339
102 998
99 136
369 990
131 941
329 286
254 473
81 847
82 515
206 466
22 568
286 861
232 849
125 845
41 370
150 846
204 37
48 221
375 501
328 855
80 196
142 383
352 549
381 484
28 34
65 168
226 223
340 442
276 957
310 621
370 456
146 31
12 234
51 643
307 862
49 111
331 981
66 359
49 892
382 200
64 420
216 590
311 849
336 350
60 492
188 564
11 457
361 791
380 545
83 608
37 593
255 607
91 930
249 446
349 151
271 332
318 458
101 723
259 815
73 801
33 246
45 131
378 285
389 310
269 325
31 813
122 784
260 110
144 690
273 476
336 325
365 638
213 986
372 319
37 911
119 236
162 604
106 961
57 69
374 460
102 827
125 264
8 715
245 388
232 341
290 898
12 358
365 936
332 302
135 474
29 587
126 734
305 877
342 14
276 408
126 754
229 269
216 491
190 280
157 257
198 19
352 439
209 282
191 745
356 502
108 205
304 986
327 463
108 81
348 267
188 590
31 487
193 890
293 894
40 217
200 390
317 205
263 675
48 122
99 90
305 168
147 14
187 437
332 807
33 344
233 734
232 695
195 627
182 762
312 751
66 317
302 858
227 850
329 38
143 341
234 426
373 862
329 464
143 283
294 871
13 275
294 113
44 843
274 318
198 205
88 128
385 597
325 597
128 730
126 784
357 971
52 744
358 951
224 264
222 299
118 477
10 481
190 147
334 763
286 865
286 108
21 424
305 687
10 543
252 254
248 986
8 348
147 871
267 331
198 912
203 216
8 923
64 666
155 725
352 78
55 43
187 950
321 503
339 461
14 481
161 524
83 67
161 1
229 668
147 955
118 230
244 999
180 401
10 38
214 406
252 740
251 460
365 43
63 510
348 326
80 458
385 262
270 372
98 377
135 289
205 910
330 957
121 242
216 829
96 494
326 533
141 374
321 636
373 771
384 283
342 842
229 234
137 76
116 427
365 364
328 189
128 172
209 738
212 856
330 809
108 753
75 653
199 995
250 948
181 255
374 944
184 570
279 554
138 156
248 170
33 2
15 832
259 389
342 519
5 577
146 812
328 703
227 827
255 707
214 690
281 982
254 653
237 293
286 312
314 448
351 248
9 140
72 18
309 850
302 754
88 941
215 694
387 368
254 665
130 622
73 328
48 848
342 784
278 771
320 462
19 599
79 805
258 521
210 692
51 89
195 541
260 357
9 1000
286 629
273 454
306 932
71 38
45 325
133 27
163 500
116 787
387 697
120 442
188 345
324 685
288 780
66 944
141 472
276 281
241 252
348 802
317 814
253 274
242 654
240 677
89 145
155 56
132 15
380 438
270 516
160 349
314 123
247 561
3 358
70 409
174 608
17 93
148 899
266 606
208 178
275 510
41 849
152 339
212 983
7 369
154 979
29 389
163 716
48 90
98 520
7 40
105 374
194 424
374 844
328 505
72 673
378 886
294 604
132 366
379 699
15 675
77 333
36 756
204 329
317 346
182 636
27 110
153 143
68 442
62 183
248 724
125 124
359 102
5 202
268 424
80 914
322 213
221 762
176 489
136 705
56 818
220 356
206 236
32 812
44 27
175 102
71 477
266 713
99 925
131 779
159 386
191 709
310 605
287 986
183 695
171 620
375 264
301 247
387 153
273 172
349 723
225 832
167 302
175 650
88 459
388 496
322 410
266 491
305 741
365 342
38 515
62 915
175 470
16 158
56 245
171 568
35 475
290 853
211 262
20 110
79 489
278 160
108 602
276 100
259 141
162 733
369 39
287 181
221 507
263 400
262 305
303 102
162 42
258 86
252 813
264 710
132 486
150 820
4 777
39 248
368 235
255 975
66 394
181 578
29 568
117 301
188 532
221 752
196 656
297 601
273 148
367 184
294 722
48 850
372 192
280 575
98 169
39 324
246 140
273 170
336 451
365 789
328 70
228 733
70 766
275 728
58 66
290 638
92 837
319 412
245 901
217 154
149 734
337 29
313 901
245 542
347 534
376 416
90 695
267 70
67 994
282 699
198 111
126 455
21 159
371 961
181 146
185 96
172 122
266 169
97 790
329 348
93 248
374 111
79 56
233 793
318 942
165 296
81 811
216 796
279 73
351 105
299 238
254 889
79 326
18 704
41 110
140 662
135 858
205 817
276 719
159 584
314 393
103 849
192 783
120 284
26 986
302 93
316 322
40 446
200 305
291 626
383 445
21 748
84 906
101 510
136 966
222 882
120 156
84 941
265 698
228 614
125 474
229 572
182 293
4 533
262 43
258 712
152 468
90 180
307 154
382 910
378 597
209 536
369 262
302 132
161 972
76 5
106 778
223 126
291 510
383 952
314 636
146 73
20 994
361 464
58 585
136 426
345 570
269 904
6 22
138 743
153 13
380 886
325 897
39 51
107 872
8 863
208 69
107 565
188 990
189 927
208 928
165 193
371 663
335 388
387 455
313 932
190 214
205 467
378 175
69 380
49 472
263 1000
155 748
369 508
359 811
132 633
140 357
223 915
244 123
311 587
259 254
235 469
239 382
217 371
360 84
39 680
175 616
266 605
60 556
176 151
30 478
268 63
95 330
386 809
148 230
167 549
93 229
347 554
119 189
191 558
44 296
22 847
359 871
243 997
353 810
226 725
3 505
84 816
299 430
39 161
207 89
251 627
231 195
375 881
265 123
259 652
159 428
119 641
48 997
277 752
267 471
111 726
367 339
379 748
282 178
188 541
150 426
272 524
369 320
59 996
377 769
70 254
24 415
331 719
112 394
167 503
312 828
335 490
311 628
248 475
335 380
17 853
167 899
107 848
223 140
339 962
231 605
337 131
61 457
181 151
355 487
239 24
220 864
162 890
18 212
258 5
139 150
292 519
189 20
43 847
84 744
81 747
32 241
341 419
99 827
145 707
343 195
31 541
183 28
210 45
183 28
101 899
125 495
89 21
350 779
262 370
53 459
203 112
206 845
167 126
132 444
176 179
2 14
62 669
144 526
337 75
109 259
69 724
107 1000
227 558
263 866
324 672
56 669
67 159
268 351
317 893
202 755
336 325
354 456
213 665
251 248
91 380
337 97
264 225
124 991
207 498
9 640
90 841
43 486
309 802
229 49
20 543
321 667
75 91
68 626
295 944
99 729
13 241
288 527
354 760
220 638
160 505
13 541
120 973
77 735
233 145
305 122
89 988
1 233
23 172
140 763
323 666
10 193
160 225
223 756
73 187
332 972
118 948
283 10
192 349
151 63
93 74
155 763
73 452
295 391
348 257
86 483
232 679
71 841
14 740
229 631
338 569
51 234
207 746
192 566
333 56
276 870
309 23
87 810
351 112
30 268
212 592
358 890
365 711
201 672
335 418
372 139
231 34
42 54
173 43
252 857
130 390
212 789
103 927
283 801
97 679
251 72
28 739
63 409
98 515
230 174
291 812
374 861
247 159
111 754
257 672
296 539
345 343
303 634
95 74
302 335
238 865
193 948
372 497
317 423
378 10
311 219
77 401
290 495
138 767
180 261
239 423
45 820
319 684
302 127
382 777
201 76
15 415
217 22
341 434
303 220
300 4
389 711
292 865
214 536
256 914
40 792
55 186
323 189
214 988
114 979
119 146
279 97
128 783
330 312
311 519
323 760
341 898
94 443
281 924
229 776
342 504
63 761
382 304
30 149
27 287
389 159
199 287
109 933
188 555
313 410
385 127
125 396
93 794
122 150
322 275
197 735
65 113
12 338
163 874
206 292
76 557
148 346
229 296
292 328
304 562
171 42
222 530
67 911
163 598
252 249
85 381
370 966
10 374
291 762
53 326
376 51
291 999
9 620
96 123
124 674
389 605
167 18
363 912
359 929
6 398
312 346
279 938
96 612
220 590
176 961
104 686
329 513
103 779
82 117
335 242
319 20
356 722
143 553
321 362
367 666
82 72
372 795
157 739
67 241
256 569
388 264
237 626
70 798
128 484
177 621
372 724
16 29
50 179
234 591
38 22
27 275
271 814
233 691
123 686
97 646
152 360
79 286
99 424
168 146
301 879
389 757
307 377
23 845
68 384
34 653
89 687
75 875
363 311
105 970
236 597
317 802
152 386
246 539
142 786
387 974
339 734
222 692
151 410
178 932
33 575
233 513
345 266
265 562
103 667
122 233
27 655
96 212
328 159
369 95
2 335
70 328
111 15
180 338
271 709
221 347
332 290
360 157
375 904
313 48
257 626
299 215
103 493
229 471
342 31
55 467
130 151
37 338
316 276
173 511
11 468
271 633
320 335
141 921
121 178
79 446
11 317
150 140
157 293
87 616
193 851
207 94
247 74
150 292
35 909
329 364
203 903
105 486
209 545
85 571
289 591
129 43
105 523
82 864
175 665
329 609
39 105
204 872
107 433
88 900
317 32
215 344
138 420
136 554
137 661
375 61
97 224
381 943
50 548
309 988
118 376
274 33
288 291
346 409
43 619
148 604
143 663
169 139
88 509
267 854
384 221
202 534
279 755
239 11
88 969
185 278
387 51
172 632
251 585
147 594
141 320
304 923
295 825
315 870
223 737
159 464
139 80
173 182
166 970
285 437
361 129
247 520
128 104
184 694
225 649
368 282
14 529
77 881
268 455
20 943
118 496
185 642
365 350
240 142
159 644
53 631
343 140
46 770
347 849
97 868
277 989
265 841
309 732
319 871
273 951
364 536
12 955
368 604
37 463
263 940
288 185
306 760
252 242
373 890
351 269
192 321
266 860
140 703
296 443
335 540
77 987
232 440
3 72
281 460
309 988
9 746
77 378
236 65
270 435
282 34
195 853
147 485
108 510
315 21
283 781
16 240
11 770
303 368
339 457
278 140
4 236
3 231
164 190
75 472
55 496
52 801
79 327
164 665
131 532
315 178
162 243
172 115
198 781
348 46
264 662
14 51
180 615
252 692
366 717
128 351
377 888
137 327
365 957
238 612
214 925
267 302
16 372
16 21
345 658
58 708
97 973
323 66
151 573
25 872
285 191
75 461
349 387
353 669
364 30
7 237
41 577
59 633
387 688
305 911
332 99
293 306
304 984
65 55
19 727
140 515
354 565
161 283
27 762
332 914
90 251
238 703
103 880
38 284
172 327
103 992
262 263
378 270
252 726
280 660
40 252
57 133
365 230
184 303
73 435
113 182
311 634
193 359
272 299
370 854
144 417
19 840
156 374
212 314
317 543
338 744
99 460
93 54
35 898
291 499
124 832
235 209
55 973
156 823
256 360
16 23
98 159
324 568
133 305
235 445
357 244
352 907
344 551
215 95
249 377
11 470
176 273
152 12
252 83
346 974
101 745
214 135
359 832
272 431
24 239
63 751
79 516
46 822
256 294
32 223
371 939
192 873
213 924
344 310
171 605
7 60
