8522
1 235112726
1 560611890
1 218194280
1 921189399
1 982153843
1 624688024
1 872193250
1 594812027
1 255016244
1 75612568
1 983939134
1 662671711
1 216847783
1 730433103
1 856518251
1 267766144
1 159587673
1 971770650
1 616457109
1 369566940
1 961920278
1 553559702
1 581393193
1 40606895
1 64951532
1 967124639
1 149996500
1 909037430
1 956119079
1 167138388
1 694150019
1 257894127
1 127127381
1 269608464
1 791990627
1 842042389
1 13700163
1 718937457
1 191089633
1 322786600
1 227967485
1 673895764
1 257703083
1 487443362
1 929310929
1 247246293
1 308283564
1 972837442
1 406756427
1 728179283
1 782266386
1 575317253
1 57120057
1 858588521
1 361254475
1 686998310
1 468007336
1 308916469
1 104813059
1 320151844
1 519004900
1 711416340
1 385298726
1 168449723
1 735947642
1 966023971
1 722060003
1 222447849
1 631111992
1 728964543
1 446289830
1 907425770
1 964113195
1 256935108
1 420384028
1 202218811
1 258074016
1 725208656
1 44078642
1 619794842
1 861949475
1 839055809
1 464821525
1 170449155
1 657972609
1 126809010
1 224032050
1 186863283
1 797609416
1 153068544
1 356120375
1 350047015
1 269401669
1 357318090
1 250598671
1 243132445
1 335904132
1 869153643
1 814449640
1 317672082
1 412011347
1 316930178
1 37214768
1 253847233
1 683090110
1 688456170
1 361287570
1 640796201
1 911076883
1 616997825
1 795955453
1 707803014
1 163247839
1 882750307
1 862238877
1 590858454
1 251977198
1 676881775
1 601419742
1 111480661
1 140217166
1 13999040
1 689118575
1 715606912
1 730732619
1 767487348
1 815509820
1 957734676
1 479718259
1 459007721
1 963469426
1 693898511
1 105213586
1 835793849
1 956126590
1 175234989
1 734808246
1 941016260
1 581758478
1 258793580
1 369557036
1 463471142
1 371913485
1 389161992
1 50505344
1 523216187
1 479281833
1 273566334
1 291082368
1 9023137
1 249450064
1 506267915
1 915884600
1 279594037
1 590776493
1 736192045
1 847750390
1 589051156
1 724473775
1 801780128
1 196036935
1 241186203
1 703558785
1 249793122
1 717682935
1 900762470
1 738010514
1 584348846
1 181443859
1 830753108
1 802780814
1 624644611
1 868057578
1 755562880
1 572023906
1 450821406
1 357406982
1 226683208
1 594255675
1 894924283
1 582646583
1 565360969
1 326411910
1 701464023
1 225538184
1 168001887
1 405189872
1 315153711
1 551960646
1 154610857
1 742897254
1 559524289
1 135752960
1 505728386
1 5793814
1 684018313
1 674409600
1 769706888
1 692754539
1 399104453
1 119110102
1 635529112
1 115817235
1 392074992
1 27634508
1 190564815
1 941253884
1 655633097
1 248167538
1 769222537
1 555071058
1 660652365
1 836786195
1 83237733
1 253241473
1 748279223
1 442007612
1 554885438
1 394929720
1 456436871
1 835020860
1 463756338
1 463280995
1 77841783
1 197680797
1 617151134
1 719174959
1 790677382
1 681813295
1 901053983
1 782109705
1 165236464
1 888948477
1 961347473
1 484348830
1 565420850
1 601149524
1 328547091
1 489152219
1 899215626
1 773917378
1 791626240
1 541106157
1 748633204
1 608106772
1 34991862
1 90926145
1 206983341
1 386472278
1 768422866
1 903932037
1 395837491
1 203584726
1 220313521
1 737469604
1 727096002
1 571829280
1 616023791
1 742554573
1 286566743
1 793610498
1 590006571
1 364982891
1 897107504
1 334028425
1 827801408
1 766059565
1 762553545
1 80870145
1 544633676
1 618023935
1 17005535
1 229018103
1 597420716
1 4494350
1 830033776
1 275711034
1 215975933
1 216507335
1 91649720
1 940580309
1 348157211
1 282659799
1 672895028
1 406519317
1 737924388
1 42005035
1 742391714
1 194246024
1 316467830
1 940761072
1 7204350
1 882228219
1 14828716
1 830644115
1 149600645
1 480756346
1 375709347
1 598834370
1 975235509
1 619112786
1 793877114
1 568736872
1 599459146
1 288345106
1 463993229
1 902303923
1 875469377
1 146723717
1 120454264
1 674877201
1 783266775
1 347030968
1 429044505
1 550549038
1 847565450
1 936444921
1 387359885
1 641016310
1 230696471
1 474234581
1 856517425
1 726591896
1 534011769
1 490157080
1 222878881
1 164150144
1 209628911
1 650550992
1 58624444
1 722429787
1 46559221
1 870558025
1 275210909
1 302200854
1 674967881
1 812832529
1 218559650
1 962475486
1 877082855
1 436299509
1 72860264
1 680318496
1 725322764
1 22651137
1 35391948
1 851740553
1 876118838
1 171536514
1 87515627
1 476736519
1 217125921
1 671758343
1 611231009
1 707577541
1 180347338
1 467677530
1 483912972
1 33300018
1 107775598
1 696542091
1 108223113
1 445368825
1 691625355
1 468183269
1 996254133
1 731547401
1 956213725
1 837012725
1 40696813
1 745170318
1 64773986
1 345540745
1 414787022
1 18628340
1 200730966
1 358534062
1 605611316
1 523072490
1 938391606
1 141904816
1 872341821
1 926846044
1 951551423
1 437256989
1 927439942
1 516246391
1 798557423
1 607573442
1 349926380
1 345020840
1 779677698
1 414731947
1 297673484
1 530939037
1 970462838
1 400666661
1 900049858
1 957941057
1 220585735
1 634883519
1 858441069
1 955403202
1 3699122
1 746538051
1 546753704
1 677312910
1 378114996
1 952219073
1 59592529
1 728793936
1 514197899
1 565337476
1 847637637
1 690470647
1 574946035
1 915171353
1 186603168
1 618682286
1 770528490
1 773376846
1 482406209
1 302197220
1 432885676
1 75661360
1 671865155
1 843956549
1 462969014
1 547684619
1 752569540
1 92693694
1 193165509
1 6933869
1 754311969
1 213942396
1 3926487
1 615507490
1 124233975
1 73248236
1 169187112
1 404198712
1 519895587
1 388739515
1 399488821
1 625730556
1 441925569
1 105333206
1 61734844
1 728470266
1 671223344
1 34210155
1 506214329
1 935109120
1 318677259
1 610243813
1 417798506
1 646664218
1 144465200
1 603146738
1 891572810
1 167894934
1 638227644
1 993519488
1 532760345
1 666585600
1 347854091
1 913181626
1 974182865
1 63125542
1 64777404
1 724164111
1 609164721
1 809533461
1 409250218
1 303561515
1 38567221
1 807872281
1 768792307
1 923172603
1 335370266
1 167147456
1 60361460
1 383187628
1 742712158
1 521077718
1 963925322
1 712916651
1 525233469
1 221992041
1 283881169
1 456049317
1 397716276
1 824098757
1 377068456
1 111369095
1 237926913
1 916196217
1 167015722
1 735249278
1 476289440
1 661605967
1 449070581
1 899927031
1 273957198
1 883971158
1 560724966
1 967806368
1 160307593
1 949753563
1 647566874
1 587731556
1 835261965
1 373705835
1 833266925
1 773003122
1 157887959
1 329481426
1 322454525
1 965127989
1 661809957
1 856091421
1 46503464
1 702160220
1 652910963
1 926069658
1 926270857
1 996488403
1 764671870
1 989817814
1 373859710
1 42081735
1 399039300
1 671473309
1 712446627
1 504019365
1 142063105
1 421804029
1 430324951
1 844889882
1 584320050
1 629009730
1 375726901
1 330749971
1 148477845
1 554248954
1 813093915
1 824779197
1 395573542
1 59188978
1 174098726
1 398440069
1 787780898
1 428513846
1 780814131
1 498616856
1 805607175
1 121514260
1 156186207
1 940663652
1 51648913
1 863260952
1 831937030
1 543275668
1 842689213
1 222528272
1 241941191
1 540434199
1 180463049
1 690460937
1 408118397
1 944571289
1 648062257
1 944983631
1 155123270
1 553000454
1 281706674
1 516791151
1 296652415
1 879945101
1 718355785
1 417782839
1 331086020
1 658277530
1 447192372
1 192150964
1 756040180
1 452116186
1 587731440
1 852458035
1 157833258
1 63289658
1 172948024
1 27119935
1 237544132
1 746413543
1 186333195
1 135962024
1 387932767
1 290121806
1 675947173
1 863644537
1 154970328
1 679712540
1 448675972
1 944331264
1 23167307
1 381561407
1 781352292
1 190873033
1 93162007
1 586748642
1 968002626
1 131693218
1 424001751
1 509986164
1 975962459
1 163307927
1 857738345
1 704982944
1 176583725
1 707042038
1 23454954
1 988259925
1 358773621
1 387214924
1 631806903
1 569182655
1 590061358
1 5905509
1 429974892
1 522081098
1 328095895
1 77273423
1 913669096
1 221706661
1 488244780
1 873402454
1 5176390
1 196076732
1 662327211
1 200516616
1 992653028
1 217407932
1 372514319
1 963863601
1 724521823
1 651022098
1 581924248
1 28789727
1 74271892
1 162830444
1 805450176
1 151258975
1 683695775
1 285254325
1 177916230
1 717042749
1 831424222
1 621881883
1 585371686
1 625035079
1 668889583
1 890964492
1 454346142
1 431465609
1 541654957
1 18586931
1 287419433
1 389332305
1 724986677
1 15197567
1 422086535
1 934611500
1 671546598
1 858114587
1 2474162
1 74585318
1 265506908
1 546622838
1 767418857
1 818272396
1 829025395
1 209727292
1 796331688
1 855142765
1 444405577
1 236120154
1 528304556
1 113508627
1 765401659
1 286845693
1 47646451
1 753078862
1 503178726
1 302431378
1 522276281
1 671060265
1 540736039
1 395095494
1 799592060
1 291777265
1 172840474
1 488640646
1 234262775
1 560061492
1 994743325
1 452306432
1 363585578
1 868331711
1 954184141
1 532444831
1 130940495
1 704441758
1 966437895
1 85601297
1 465523941
1 749597983
1 662023400
1 531963204
1 444056744
1 778989263
1 217331661
1 167263331
1 947470229
1 850946426
1 620533586
1 815715549
1 846078186
1 83666221
1 260648278
1 860797278
1 529484067
1 879230774
1 585359092
1 373120979
1 389334525
1 476629026
1 797067402
1 951506793
1 426388086
1 85232574
1 486764980
1 765332621
1 922903242
1 645238549
1 8283473
1 702947564
1 865897590
1 433042551
1 561791868
1 984682867
1 842279480
1 292676463
1 581230484
1 542023247
1 806980620
1 614520011
1 154699316
1 204529901
1 568071472
1 424823959
1 43869498
1 744793595
1 198604831
1 641595425
1 38079938
1 439438180
1 801304216
1 104404469
1 864780843
1 376672855
1 124784536
1 912749537
1 552005136
1 70153023
1 287477594
1 876360434
1 271371855
1 37789131
1 803057501
1 267401076
1 767916805
1 877881575
1 99035742
1 717733620
1 463113103
1 298406592
1 631055448
1 429498945
1 876984458
1 898797763
1 115054218
1 230638437
1 728665554
1 764158365
1 817144176
1 630055344
1 812316294
1 473572667
1 853913288
1 140705709
1 161737985
1 695155914
1 351112078
1 931926313
1 971499745
1 736302263
1 774674431
1 485723443
1 187712771
1 976511151
1 202202521
1 695256597
1 310688643
1 49301408
1 496657688
1 851551071
1 603142592
1 198024629
1 495330937
1 39251932
1 481780309
1 6837341
1 975228154
1 113842585
1 494418208
1 949100099
1 615159575
1 324998628
1 795774782
1 363641174
1 607833741
1 100781898
1 716889868
1 882049730
1 23515738
1 284797335
1 331384359
1 219315956
1 91663034
1 12024281
1 397496683
1 372690329
1 94158634
1 941460572
1 783346935
1 956691358
1 189578855
1 438962862
1 126504486
1 933648176
1 101081199
1 810754459
1 410181526
1 765687228
1 594740862
1 120112946
1 223965987
1 400305135
1 984926482
1 287300285
1 849415148
1 246217143
1 382042087
1 309871819
1 499738188
1 916767807
1 657397242
1 974970153
1 844232162
1 937376246
1 943580041
1 545252580
1 9006985
1 82836103
1 832495632
1 959383112
1 863202143
1 379417313
1 476296780
1 192305890
1 940392640
1 600621360
1 492778554
1 355745664
1 374739531
1 298449632
1 98877720
1 455286831
1 254922203
1 964940448
1 771863906
1 804198971
1 549730447
1 238066780
1 295142102
1 934426162
1 158096578
1 134840129
1 31761008
1 779230689
1 305848338
1 267889084
1 276253293
1 658497108
1 246890331
1 424247675
1 254910538
1 842074584
1 293149884
1 60707177
1 811013317
1 9155580
1 450682256
1 48658356
1 274322906
1 23230346
1 316256885
1 786217930
1 774019783
1 76393106
1 801380680
1 383861334
1 631469064
1 621920351
1 799359782
1 937688903
1 426748250
1 34418046
1 808572524
1 964168136
1 730536890
1 855143357
1 905952950
1 164122184
1 1912678
1 269223977
1 737676003
1 475596403
1 284802522
1 930309390
1 363628814
1 713265974
1 914691028
1 248188410
1 317766805
1 707589310
1 860803407
1 750832057
1 401870869
1 798785144
1 703863690
1 223318105
1 180070250
1 967614225
1 585084162
1 66390311
1 983952819
1 456537206
1 355176819
1 453860015
1 633623371
1 541662676
1 60210650
1 336600767
1 885489104
1 951712153
1 301278836
1 301722723
1 440963103
1 463367536
1 827815103
1 766986729
1 548840533
1 511777864
1 457081207
1 485637853
1 608903631
1 220567628
1 724853913
1 105053197
1 649222953
1 906762987
1 156482403
1 200868742
1 82317377
1 768364241
1 432564305
1 35293332
1 304384564
1 706045931
1 387232033
1 723371461
1 598229343
1 594723174
1 990048974
1 505751269
1 23099743
1 995629487
1 405007255
1 612268290
1 792728337
1 424306291
1 408056057
1 200655464
1 898329233
1 243745439
1 538681775
1 722754213
1 314816829
1 664199264
1 947900856
1 675248262
1 505439154
1 862547235
1 550157393
1 689280023
1 385616333
1 821112726
1 768436725
1 273935014
1 537111211
1 753945508
1 121504355
1 211017919
1 645921960
1 203099772
1 649739416
1 149314608
1 736258915
1 215275145
1 314880207
1 622328326
1 765168055
1 186313082
1 145092743
1 655970445
1 169126338
1 661286459
1 156125821
1 676461907
1 195025121
1 660218105
1 632831148
1 117515556
1 86841265
1 468240161
1 900691539
1 961950734
1 434629646
1 840788320
1 92957167
1 328136541
1 361866007
1 586124707
1 378670395
1 443981727
1 911381799
1 530629399
1 359993654
1 435542177
1 38066140
1 563425833
1 435507741
1 738762607
1 613497363
1 39927430
1 120811883
1 70904919
1 491209192
1 772678428
1 564522463
1 110955237
1 126625978
1 342824470
1 74413429
1 758665703
1 301166372
1 180238051
1 542601067
1 951310697
1 633725188
1 403212334
1 639362109
1 174429369
1 497435511
1 372568038
1 333637544
1 45774436
1 715509466
1 600654647
1 954837162
1 765570102
1 279526602
1 455471246
1 166864767
1 406133565
1 323263011
1 265474968
1 135256484
1 607398341
1 465000707
1 343898434
1 964003799
1 205177180
1 553114823
1 299529145
1 831190547
1 956168911
1 739590156
1 772564586
1 175400856
1 750360618
1 382682287
1 852185090
1 569897184
1 717076155
1 363486669
1 109600879
1 937249706
1 887076110
1 298667970
1 458913500
1 393109234
1 10117873
1 324491308
1 962429880
1 493815542
1 877606256
1 506885608
1 249261742
1 273555762
1 143858393
1 997659411
1 595714221
1 131425891
1 888046777
1 388458762
1 833459169
1 147185286
1 480077788
1 197848682
1 902294454
1 520912601
1 869571664
1 233556239
1 630194395
1 308031961
1 220320609
1 87688215
1 536013628
1 47544641
1 381798813
1 500585439
1 499728902
1 499855888
1 395486416
1 957806084
1 696947110
1 249925762
1 792422408
1 929300323
1 19759049
1 952210453
1 866191762
1 969425432
1 564518749
1 26462596
1 476185338
1 897069442
1 708650637
1 613727438
1 535211790
1 72336956
1 246835912
1 428914992
1 623327194
1 342510116
1 31239865
1 413913894
1 318521516
1 530907735
1 979895887
1 570936429
1 705709585
1 873536818
1 616848053
1 697446914
1 491097557
1 881269841
1 870124634
1 727188003
1 506608901
1 569924242
1 794951402
1 21111372
1 879923183
1 210615827
1 868711250
1 573049659
1 264947232
1 466209327
1 543134655
1 155486956
1 766772325
1 572706691
1 630050206
1 234965660
1 391341258
1 110553582
1 471289244
1 497479880
1 859355292
1 200323211
1 834569126
1 695014190
1 225667689
1 297475513
1 316005097
1 978052298
1 425104382
1 959990035
1 292616659
1 829254617
1 995545191
1 605057911
1 633619471
1 684801497
1 100712434
1 727779074
1 401269388
1 661987206
1 409899052
1 771894032
1 204416885
1 221983454
1 342779361
1 627446336
1 428894265
1 85084444
1 560389918
1 891178093
1 10906500
1 948686015
1 968795953
1 714811573
1 931471683
1 93608324
1 167476903
1 197150069
1 360797859
1 804703334
1 81925964
1 708859466
3 173
3 756
3 804
3 208
3 736
3 899
3 668
3 98
3 855
3 333
3 1202
3 687
3 673
3 333
3 470
3 69
3 629
3 240
3 1076
3 1025
3 659
3 334
3 796
3 828
3 702
3 69
3 822
3 442
3 89
3 882
3 52
3 42
3 295
3 29
3 1028
3 731
3 395
3 466
3 305
3 1159
3 151
3 294
3 643
3 327
3 934
3 1181
3 441
3 925
3 1069
3 475
3 1152
3 194
3 261
3 355
3 775
3 873
3 1117
3 843
3 888
3 500
3 532
3 306
3 724
3 1238
3 643
3 626
3 235
3 750
3 1139
3 101
3 46
3 1143
3 280
3 350
3 1200
3 777
3 1201
3 156
3 464
3 1219
3 121
3 174
3 746
3 22
3 223
3 1177
3 701
3 360
3 1144
3 1021
3 713
3 178
3 896
3 568
3 772
3 892
3 428
3 310
3 140
3 809
3 489
3 1218
3 129
3 278
3 474
3 1044
3 289
3 845
3 160
3 1148
3 1206
3 195
3 446
3 277
3 1138
3 539
3 603
3 318
3 1032
3 861
3 601
3 343
3 1018
3 746
3 173
3 805
3 840
3 1155
3 1074
3 909
3 1063
3 1204
3 637
3 1192
3 867
3 1218
3 1231
3 946
3 917
3 592
3 509
3 563
3 173
3 872
3 760
3 1163
3 1038
3 217
3 740
3 49
3 92
3 170
3 176
3 966
3 251
3 843
3 235
3 142
3 918
3 611
3 32
3 1195
3 201
3 1235
3 1006
3 1249
3 567
3 903
3 759
3 118
3 1054
3 346
3 58
3 959
3 1001
3 17
3 928
3 177
3 761
3 278
3 810
3 696
3 1199
3 910
3 787
3 1092
3 439
3 337
3 502
3 291
3 10
3 1050
3 246
3 760
3 132
3 1248
3 447
3 1098
3 611
3 1179
3 70
3 810
3 249
3 120
3 914
3 878
3 658
3 166
3 832
3 1217
3 868
3 1132
3 59
3 1152
3 696
3 246
3 444
3 159
3 324
3 756
3 980
3 1244
3 355
3 1180
3 859
3 59
3 678
3 75
3 76
3 851
3 240
3 1126
3 984
3 187
3 664
3 1184
3 842
3 444
3 294
3 40
3 767
3 1059
3 59
3 1195
3 177
3 56
3 519
3 1202
3 1131
3 203
3 728
3 445
3 1079
3 1109
3 974
3 864
3 304
3 1098
3 1173
3 1206
3 279
3 397
3 843
3 506
3 267
3 762
3 1252
3 1059
3 448
3 59
3 327
3 324
3 59
3 867
3 716
3 921
3 1070
3 584
3 1133
3 370
3 984
3 12
3 724
3 886
3 28
3 828
3 697
3 1122
3 1171
3 486
3 559
3 560
3 910
3 154
3 184
3 264
3 619
3 241
3 1000
3 278
3 531
3 217
3 1203
3 1252
3 34
3 248
3 419
3 1088
3 793
3 79
3 208
3 890
3 351
3 840
3 272
3 854
3 665
3 119
3 428
3 811
3 1039
3 881
3 960
3 158
3 770
3 892
3 738
3 592
3 478
3 642
3 1170
3 497
3 244
3 1084
3 556
3 755
3 959
3 219
3 252
3 288
3 516
3 49
3 696
3 235
3 864
3 197
3 85
3 173
3 1107
3 824
3 961
3 429
3 804
3 119
3 272
3 998
3 536
3 72
3 238
3 775
3 554
3 269
3 45
3 557
3 563
3 1040
3 458
3 1044
3 638
3 1050
3 387
3 143
3 1238
3 501
3 1052
3 284
3 595
3 943
3 877
3 1026
3 1130
3 747
3 206
3 326
3 515
3 1140
3 279
3 78
3 358
3 972
3 308
3 671
3 705
3 477
3 1210
3 172
3 654
3 629
3 1031
3 1207
3 390
3 714
3 450
3 140
3 1247
3 81
3 902
3 1157
3 946
3 1223
3 1032
3 1119
3 196
3 666
3 1119
3 1082
3 1218
3 866
3 461
3 994
3 215
3 641
3 249
3 1056
3 709
3 1131
3 261
3 405
3 871
3 407
3 849
3 449
3 1043
3 636
3 1109
3 321
3 1241
3 590
3 821
3 546
3 361
3 265
3 403
3 445
3 953
3 1079
3 178
3 442
3 1162
3 284
3 570
3 298
3 366
3 25
3 1084
3 292
3 1250
3 987
3 445
3 900
3 159
3 78
3 298
3 1195
3 86
3 598
3 597
3 909
3 1090
3 782
3 305
3 505
3 742
3 348
3 1110
3 648
3 1205
3 338
3 595
3 1222
3 939
3 886
3 586
3 892
3 113
3 213
3 1011
3 613
3 234
3 309
3 1145
3 8
3 1237
3 1046
3 142
3 989
3 237
3 775
3 1007
3 22
3 562
3 138
3 790
3 540
3 785
3 244
3 1170
3 982
3 36
3 549
3 1173
3 15
3 1144
3 459
3 455
3 1154
3 320
3 1113
3 17
3 337
3 1253
3 569
3 519
3 940
3 1081
3 541
3 604
3 1246
3 675
3 956
3 287
3 26
3 487
3 708
3 1172
3 671
3 304
3 739
3 635
3 372
3 333
3 818
3 935
3 743
3 909
3 753
3 265
3 896
3 605
3 238
3 347
3 684
3 695
3 736
3 660
3 1206
3 1144
3 1065
3 226
3 243
3 916
3 105
3 91
3 933
3 130
3 313
3 516
3 1093
3 289
3 147
3 687
3 772
3 424
3 573
3 239
3 294
3 1119
3 718
3 1244
3 300
3 703
3 646
3 1049
3 988
3 906
3 299
3 1110
3 273
3 919
3 80
3 579
3 192
3 149
3 947
3 855
3 11
3 1013
3 1098
3 574
3 761
3 496
3 854
3 861
3 261
3 674
3 230
3 125
3 1140
3 200
3 524
3 712
3 550
3 685
3 229
3 572
3 69
3 612
3 572
3 1132
3 318
3 904
3 130
3 3
3 1090
3 996
3 889
3 17
3 1178
3 601
3 685
3 293
3 569
3 309
3 884
3 901
3 591
3 163
3 1233
3 67
3 966
3 45
3 1229
3 748
3 560
3 763
3 262
3 777
3 751
3 331
3 1169
3 216
3 1027
3 21
3 43
3 1096
3 1232
3 126
3 673
3 103
3 1252
3 810
3 1035
3 97
3 323
3 774
3 1231
3 486
3 990
3 393
3 952
3 377
3 1034
3 692
3 310
3 896
3 772
3 362
3 903
3 580
3 671
3 475
3 68
3 49
3 465
3 186
3 667
3 1086
3 842
3 395
3 1008
3 353
3 327
3 584
3 490
3 1162
3 799
3 185
3 157
3 1254
3 957
3 900
3 791
3 85
3 771
3 784
3 1013
3 1093
3 1017
3 155
3 785
3 602
3 935
3 360
3 232
3 602
3 902
3 828
3 42
3 981
3 735
3 74
3 307
3 437
3 1065
3 619
3 43
3 891
3 734
3 874
3 159
3 95
3 360
3 1176
3 821
3 1076
3 885
3 679
3 723
3 443
3 1156
3 930
3 422
3 1021
3 1234
3 1242
3 508
3 113
3 1101
3 426
3 72
3 337
3 294
3 123
3 488
3 94
3 408
3 997
3 996
3 1124
3 663
3 80
3 567
3 1248
3 300
3 285
3 295
3 681
3 218
3 2
3 158
3 220
3 167
3 312
3 141
3 1000
3 650
3 51
3 36
3 725
3 842
3 52
3 871
3 786
3 581
3 983
3 806
3 425
3 10
3 80
3 1236
3 606
3 94
3 610
3 258
3 943
3 661
3 230
3 353
3 86
3 506
3 483
3 1206
3 1156
3 1184
3 32
3 546
3 955
3 303
3 611
3 1092
3 269
3 26
3 888
3 691
3 706
3 1143
3 106
3 1032
3 988
3 515
3 1071
3 801
3 355
3 1163
3 416
3 344
3 995
3 698
3 87
3 1019
3 753
3 723
3 245
3 1097
3 225
3 315
3 554
3 36
3 569
3 227
3 600
3 344
3 227
3 228
3 782
3 1184
3 991
3 649
3 601
3 944
3 1181
3 231
3 36
3 1166
3 89
3 178
3 954
3 863
3 988
3 591
3 355
3 1033
3 342
3 194
3 648
3 868
3 557
3 1164
3 1102
3 1013
3 273
3 200
3 308
3 433
3 1228
3 942
3 369
3 118
3 131
3 1091
3 264
3 856
3 548
3 674
3 516
3 853
3 356
3 526
3 1176
3 985
3 628
3 79
3 538
3 337
3 101
3 543
3 1077
3 485
3 1062
3 1229
3 348
3 1181
3 471
3 250
3 983
3 96
3 15
3 521
3 680
3 615
3 572
3 1090
3 256
3 600
3 1091
3 170
3 1069
3 437
3 753
3 422
3 650
3 1182
3 931
3 326
3 434
3 323
3 932
3 397
3 834
3 429
3 734
3 96
3 1041
3 501
3 810
3 537
3 845
3 703
3 66
3 881
3 969
3 99
3 420
3 687
3 589
3 915
3 226
3 901
3 1115
3 871
3 542
3 884
3 890
3 1070
3 984
3 538
3 501
3 431
3 680
3 86
3 602
3 818
3 1149
3 1087
3 564
3 631
3 417
3 575
3 20
3 858
3 624
3 649
3 831
3 494
3 883
3 522
3 1090
3 136
3 365
3 1235
3 766
3 771
3 846
3 1038
3 912
3 383
3 1229
3 858
3 75
3 777
3 1078
3 1194
3 431
3 162
3 951
3 730
3 729
3 324
3 546
3 942
3 46
3 81
3 261
3 933
3 41
3 240
3 846
3 30
3 101
3 679
3 756
3 52
3 950
3 602
3 451
3 474
3 188
3 473
3 795
3 168
3 72
3 953
3 1242
3 807
3 1154
3 493
3 1246
3 209
3 707
3 98
3 224
3 1225
3 599
3 731
3 976
3 1162
3 479
3 965
3 363
3 40
3 1139
3 329
3 1172
3 138
3 588
3 378
3 139
3 606
3 882
3 273
3 72
3 809
3 674
3 159
3 72
3 362
3 309
3 219
3 150
3 428
3 1185
3 360
3 846
3 310
3 1121
3 159
3 403
3 747
3 75
3 537
3 591
3 714
3 326
3 227
3 1056
3 377
3 496
3 962
3 1167
3 516
3 824
3 101
3 690
3 287
3 426
3 1203
3 964
3 125
3 117
3 1139
3 733
3 1249
3 145
3 26
3 84
3 1134
3 476
3 705
3 553
3 508
3 663
3 412
3 1098
3 238
3 253
3 143
3 250
3 405
3 851
3 314
3 701
3 933
3 1080
3 432
3 14
3 454
3 188
3 99
3 1188
3 285
3 190
3 697
3 389
3 608
3 961
3 257
3 651
3 1179
3 790
3 1191
3 989
3 1024
3 326
3 632
3 120
3 118
3 1142
3 994
3 840
3 302
3 649
3 655
3 54
3 320
3 1018
3 830
3 68
3 879
3 1115
3 949
3 1036
3 130
3 457
3 754
3 252
3 861
3 553
3 733
3 928
3 197
3 625
3 279
3 1161
3 185
3 931
3 673
3 297
3 69
3 498
3 1121
3 262
3 132
3 696
3 1076
3 1160
3 145
3 948
3 627
3 551
3 828
3 867
3 281
3 1141
3 152
3 888
3 1194
3 1098
3 773
3 682
3 112
3 767
3 744
3 1199
3 428
3 924
3 1046
3 526
3 818
3 1059
3 258
3 609
3 348
3 98
3 173
3 212
3 451
3 297
3 1174
3 142
3 157
3 47
3 916
3 1142
3 573
3 2
3 271
3 410
3 617
3 1244
3 737
3 457
3 939
3 349
3 868
3 1200
3 683
3 35
3 121
3 1080
3 689
3 300
3 177
3 738
3 1036
3 1054
3 179
3 123
3 387
3 573
3 1239
3 930
3 528
3 8
3 591
3 68
3 533
3 961
3 1016
3 307
3 185
3 860
3 445
3 408
3 296
3 457
3 827
3 656
3 1038
3 1026
3 111
3 116
3 1117
3 50
3 751
3 341
3 1212
3 1072
3 1123
3 1221
3 318
3 689
3 955
3 420
3 562
3 695
3 399
3 9
3 665
3 498
3 169
3 592
3 568
3 295
3 551
3 28
3 116
3 291
3 463
3 597
3 481
3 76
3 369
3 50
3 1020
3 185
3 615
3 435
3 234
3 304
3 297
3 1201
3 329
3 1187
3 723
3 334
3 313
3 1172
3 1057
3 581
3 309
3 999
3 1245
3 55
3 527
3 239
3 517
3 270
3 35
3 1072
3 1002
3 145
3 370
3 979
3 137
3 530
3 188
3 315
3 681
3 1088
3 139
3 803
3 978
3 997
3 446
3 464
3 873
3 1004
3 1005
3 674
3 829
3 517
3 1203
3 422
3 642
3 709
3 340
3 242
3 461
3 1016
3 618
3 443
3 874
3 84
3 682
3 1030
3 970
3 690
3 1221
3 242
3 922
3 1229
3 484
3 600
3 958
3 878
3 696
3 974
3 939
3 1158
3 939
3 377
3 1048
3 1139
3 201
3 597
3 218
3 228
3 730
3 826
3 229
3 537
3 61
3 264
3 1073
3 729
3 278
3 867
3 994
3 111
3 281
3 942
3 1025
3 536
3 525
3 425
3 1059
3 224
3 67
3 401
3 225
3 482
3 237
3 1157
3 996
3 930
3 416
3 781
3 891
3 183
3 675
3 351
3 17
3 862
3 857
3 352
3 746
3 194
3 516
3 1041
3 356
3 1064
3 248
3 741
3 826
3 284
3 953
3 1010
3 963
3 1123
3 1176
3 626
3 638
3 300
3 546
3 201
3 324
3 428
3 97
3 1149
3 318
3 674
3 833
3 1213
3 409
3 399
3 962
3 961
3 949
3 804
3 1238
3 173
3 1006
3 737
3 136
3 808
3 190
3 1113
3 1029
3 125
3 1106
3 145
3 491
3 1163
3 101
3 612
3 138
3 17
3 1166
3 149
3 240
3 361
3 577
3 1068
3 794
3 774
3 883
3 850
3 482
3 200
3 905
3 399
3 674
3 953
3 887
3 860
3 875
3 597
3 186
3 774
3 601
3 380
3 710
3 1076
3 1111
3 131
3 858
3 416
3 1235
3 128
3 377
3 227
3 1209
3 1195
3 1027
3 971
3 715
3 982
3 17
3 741
3 186
3 779
3 622
3 427
3 173
3 76
3 1164
3 99
3 669
3 773
3 186
3 369
3 1105
3 799
3 393
3 278
3 949
3 716
3 1177
3 166
3 1181
3 314
3 407
3 122
3 188
3 1135
3 876
3 1142
3 12
3 445
3 555
3 765
3 888
3 551
3 1064
3 688
3 424
3 1159
3 845
3 1039
3 1002
3 482
3 191
3 807
3 1163
3 260
3 137
3 1022
3 1065
3 900
3 892
3 506
3 242
3 107
3 984
3 1074
3 427
3 1177
3 1066
3 1125
3 970
3 797
3 607
3 125
3 775
3 101
3 491
3 1210
3 745
3 4
3 49
3 1187
3 598
3 530
3 46
3 1144
3 998
3 1111
3 622
3 916
3 336
3 271
3 1005
3 826
3 2
3 330
3 1077
3 1223
3 714
3 1097
3 625
3 155
3 583
3 420
3 1092
3 573
3 667
3 1059
3 235
3 201
3 660
3 772
3 1088
3 1155
3 295
3 41
3 289
3 466
3 477
3 107
3 882
3 407
3 494
3 1166
3 664
3 296
3 339
3 47
3 40
3 588
3 709
3 560
3 702
3 843
3 809
3 52
3 397
3 728
3 817
3 1208
3 624
3 275
3 495
3 1194
3 1227
3 364
3 517
3 1077
3 843
3 158
3 278
3 405
3 273
3 369
3 1040
3 835
3 458
3 884
3 311
3 987
3 950
3 825
3 580
3 437
3 519
3 799
3 894
3 393
3 186
3 791
3 669
3 737
3 828
3 418
3 13
3 882
3 586
3 1187
3 1116
3 1078
3 549
3 390
3 38
3 437
3 563
3 872
3 492
3 71
3 66
3 658
3 841
3 900
3 1041
3 797
3 963
3 974
3 1209
3 1216
3 160
3 749
3 747
3 1066
3 1052
3 838
3 915
3 880
3 199
3 985
3 680
3 572
3 780
3 1110
3 609
3 791
3 764
3 145
3 312
3 390
3 1017
3 488
3 78
3 276
3 89
3 1210
3 297
3 688
3 732
3 207
3 434
3 70
3 402
3 354
3 408
3 543
3 50
3 316
3 415
3 369
3 517
3 485
3 884
3 143
3 503
3 813
3 1100
3 465
3 1244
3 537
3 862
3 293
3 987
3 908
3 500
3 808
3 234
3 841
3 329
3 1054
3 1033
3 834
3 822
3 968
3 1068
3 794
3 803
3 846
3 306
3 184
3 369
3 123
3 1161
3 559
3 154
3 76
3 705
3 929
3 1101
3 291
3 1223
3 111
3 487
3 180
3 243
3 1046
3 228
3 1038
3 632
3 802
3 473
3 295
3 1158
3 703
3 703
3 980
3 701
3 440
3 896
3 800
3 1224
3 1104
3 845
3 354
3 167
3 1249
3 389
3 522
3 276
3 1104
3 144
3 547
3 646
3 9
3 475
3 817
3 563
3 862
3 211
3 1196
3 693
3 871
3 250
3 223
3 909
3 244
3 230
3 9
3 1191
3 846
3 981
3 926
3 895
3 1025
3 264
3 990
3 364
3 1218
3 659
3 492
3 6
3 6
3 338
3 214
3 347
3 650
3 352
3 747
3 30
3 385
3 770
3 204
3 1181
3 731
3 596
3 160
3 454
3 239
3 259
3 481
3 60
3 463
3 654
3 62
3 237
3 652
3 196
3 1049
3 937
3 501
3 1187
3 1198
3 941
3 507
3 972
3 830
3 601
3 465
3 1012
3 684
3 615
3 985
3 1055
3 1124
3 476
3 948
3 984
3 1021
3 321
3 418
3 1215
3 925
3 768
3 725
3 621
3 503
3 858
3 1053
3 499
3 1075
3 62
3 816
3 1225
3 213
3 215
3 567
3 388
3 6
3 263
3 896
3 837
3 186
3 468
3 550
3 1238
3 688
3 82
3 968
3 468
3 160
3 972
3 972
3 532
3 489
3 719
3 632
3 730
3 292
3 327
3 351
3 807
3 194
3 1181
3 108
3 744
3 42
3 650
3 875
3 1069
3 832
3 341
3 1163
3 739
3 531
3 110
3 1246
3 1183
3 70
3 95
3 668
3 225
3 976
3 687
3 612
3 186
3 398
3 166
3 972
3 853
3 821
3 998
3 815
3 770
3 168
3 1202
3 916
3 423
3 73
3 764
3 593
3 428
3 237
3 692
3 638
3 904
3 397
3 1191
3 112
3 204
3 1234
3 431
3 438
3 739
3 409
3 546
3 804
3 497
3 680
3 337
3 527
3 62
3 1019
3 832
3 955
3 1092
3 371
3 450
3 24
3 898
3 80
3 407
3 646
3 633
3 165
3 509
3 707
3 1148
3 772
3 704
3 1098
3 13
3 144
3 1083
3 1237
3 418
3 893
3 398
3 1250
3 965
3 496
3 855
3 7
3 360
3 1029
3 355
3 420
3 789
3 491
3 788
3 611
3 20
3 1159
3 1233
3 898
3 323
3 633
3 142
3 1078
3 429
3 501
3 629
3 707
3 687
3 1120
3 463
3 681
3 61
3 704
3 952
3 50
3 381
3 736
3 426
3 1116
3 210
3 497
3 94
3 299
3 955
3 966
3 284
3 908
3 1115
3 507
3 58
3 1235
3 1219
3 1019
3 54
3 121
3 433
3 476
3 465
3 621
3 849
3 390
3 746
3 1050
3 214
3 614
3 970
3 64
3 1141
3 625
3 616
3 228
3 64
3 605
3 255
3 792
3 1106
3 1018
3 762
3 69
3 728
3 413
3 356
3 1129
3 757
3 402
3 140
3 1244
3 596
3 254
3 1183
3 806
3 603
3 1164
3 560
3 673
3 38
3 1023
3 990
3 1124
3 256
3 1127
3 717
3 693
3 768
3 703
3 899
3 936
3 295
3 689
3 910
3 995
3 835
3 1117
3 1163
3 340
3 2
3 1096
3 468
3 18
3 805
3 999
3 961
3 539
3 739
3 606
3 1143
3 582
3 1223
3 344
3 1084
3 119
3 270
3 561
3 1236
3 659
3 38
3 810
3 60
3 491
3 884
3 573
3 1253
3 1150
3 45
3 707
3 719
3 608
3 245
3 474
3 639
3 1018
3 804
3 1185
3 1232
3 764
3 687
3 106
3 921
3 908
3 1055
3 129
3 778
3 842
3 981
3 439
3 543
3 472
3 780
3 661
3 340
3 200
3 458
3 1248
3 132
3 155
3 847
3 511
3 1096
3 829
3 720
3 1212
3 546
3 1018
3 648
3 344
3 1206
3 410
3 490
3 222
3 722
3 791
3 745
3 461
3 918
3 965
3 219
3 1238
3 155
3 1170
3 604
3 602
3 522
3 549
3 1063
3 94
3 211
3 104
3 47
3 424
3 716
3 493
3 1232
3 857
3 339
3 124
3 17
3 890
3 1104
3 13
3 971
3 260
3 764
3 993
3 397
3 1218
3 516
3 770
3 1037
3 1074
3 478
3 125
3 34
3 410
3 788
3 435
3 943
3 335
3 426
3 546
3 906
3 387
3 921
3 1072
3 654
3 401
3 976
3 108
3 905
3 285
3 200
3 1101
3 412
3 590
3 843
3 949
3 408
3 38
3 1026
3 179
3 51
3 660
3 382
3 453
3 1152
3 1194
3 851
3 1217
3 522
3 571
3 1065
3 982
3 492
3 1192
3 565
3 304
3 1088
3 39
3 207
3 192
3 1180
3 208
3 527
3 1200
3 495
3 1024
3 139
3 1009
3 1174
3 609
3 1144
3 1158
3 982
3 436
3 713
3 950
3 218
3 500
3 77
3 869
3 560
3 600
3 213
3 264
3 1088
3 988
3 960
3 199
3 85
3 105
3 151
3 1028
3 1152
3 499
3 631
3 183
3 1178
3 1122
3 45
3 32
3 1176
3 109
3 564
3 743
3 1026
3 1173
3 349
3 207
3 944
3 482
3 1081
3 986
3 57
3 162
3 809
3 1129
3 382
3 326
3 94
3 819
3 850
3 844
3 57
3 360
3 473
3 1133
3 1093
3 286
3 412
3 256
3 805
3 1178
3 1094
3 842
3 268
3 533
3 923
3 1143
3 1001
3 1034
3 840
3 1008
3 205
3 1099
3 609
3 485
3 815
3 936
3 785
3 722
3 597
3 337
3 425
3 1082
3 649
3 784
3 1209
3 760
3 399
3 466
3 198
3 904
3 1210
3 133
3 817
3 602
3 792
3 843
3 533
3 997
3 17
3 790
3 500
3 93
3 1246
3 1004
3 1244
3 411
3 1029
3 895
3 220
3 46
3 233
3 1235
3 643
3 774
3 310
3 447
3 1232
3 428
3 396
3 561
3 764
3 364
3 80
3 754
3 199
3 144
3 1048
3 1009
3 87
3 23
3 718
3 531
3 279
3 12
3 108
3 1198
3 136
3 426
3 63
3 297
3 299
3 694
3 756
3 672
3 807
3 414
3 577
3 426
3 638
3 171
3 1
3 543
3 1004
3 64
3 201
3 17
3 572
3 380
3 636
3 885
3 853
3 42
3 1228
3 743
3 1050
3 789
3 235
3 864
3 197
3 186
3 330
3 595
3 433
3 245
3 217
3 744
3 417
3 269
3 318
3 921
3 357
3 1053
3 702
3 337
3 750
3 1118
3 1243
3 1005
3 1173
3 1175
3 398
3 5
3 990
3 1222
3 735
3 1114
3 83
3 783
3 332
3 2
3 932
3 425
3 1149
3 1029
3 1022
3 812
3 106
3 1049
3 122
3 1143
3 802
3 118
3 1233
3 899
3 586
3 1179
3 282
3 322
3 1030
3 58
3 998
3 947
3 392
3 669
3 1218
3 292
3 969
3 798
3 66
3 803
3 389
3 959
3 179
3 643
3 1236
3 16
3 163
3 819
3 374
3 469
3 807
3 699
3 146
3 1159
3 1182
3 1127
3 597
3 886
3 396
3 412
3 32
3 400
3 1036
3 452
3 832
3 559
3 203
3 270
3 485
3 989
3 223
3 127
3 811
3 778
3 23
3 836
3 593
3 74
3 586
3 1199
3 241
3 330
3 62
3 417
3 8
3 526
3 970
3 724
3 144
3 316
3 535
3 1170
3 705
3 268
3 91
3 826
3 744
3 1168
3 45
3 503
3 1123
3 949
3 642
3 673
3 1136
3 63
3 260
3 1060
3 462
3 990
3 122
3 159
3 235
3 532
3 814
3 206
3 1111
3 351
3 939
3 1108
3 959
3 171
3 580
3 1240
3 495
3 632
3 859
3 655
3 907
3 757
3 281
3 1055
3 758
3 964
3 653
3 273
3 49
3 179
3 1106
3 857
3 632
3 952
3 666
3 161
3 588
3 865
3 1196
3 506
3 146
3 164
3 375
3 315
3 1075
3 561
3 949
3 288
3 301
3 871
3 143
3 85
3 504
3 24
3 251
3 1217
3 1178
3 1174
3 878
3 878
3 526
3 653
3 807
3 1211
3 356
3 1199
3 1018
3 325
3 154
3 209
3 980
3 110
3 307
3 1193
3 1018
3 37
3 54
3 159
3 472
3 744
3 33
3 1045
3 1127
3 1047
3 975
3 79
3 1082
3 635
3 435
3 1201
3 401
3 427
3 232
3 653
3 561
3 830
3 1174
3 924
3 839
3 815
3 1149
3 460
3 505
3 756
3 379
3 927
3 334
3 308
3 125
3 1071
3 275
3 1172
3 324
3 678
3 798
3 339
3 328
3 488
3 426
3 874
3 275
3 961
3 1224
3 1216
3 903
3 748
3 1122
3 350
3 1136
3 343
3 189
3 772
3 633
3 236
3 94
3 145
3 65
3 763
3 781
3 102
3 12
3 854
3 499
3 906
3 66
3 934
3 880
3 146
3 501
3 623
3 575
3 548
3 102
3 702
3 609
3 1082
3 1239
3 851
3 1106
3 507
3 636
3 1201
3 899
3 285
3 970
3 507
3 857
3 261
3 785
3 683
3 307
3 682
3 542
3 1062
3 907
3 1050
3 1005
3 1112
3 787
3 794
3 110
3 92
3 85
3 30
3 953
3 834
3 852
3 228
3 709
3 694
3 437
3 13
3 1213
3 705
3 961
3 1178
3 16
3 347
3 199
3 327
3 4
3 679
3 292
3 232
3 364
3 535
3 787
3 838
3 665
3 22
3 188
3 319
3 401
3 66
3 633
3 576
3 76
3 869
3 701
3 28
3 645
3 1038
3 1183
3 102
3 854
3 1197
3 708
3 521
3 551
3 108
3 737
3 981
3 241
3 1029
3 964
3 923
3 208
3 338
3 381
3 72
3 1050
3 623
3 497
3 1095
3 218
3 1136
3 319
3 843
3 948
3 1157
3 378
3 949
3 304
3 393
3 1111
3 482
3 229
3 670
3 47
3 392
3 355
3 955
3 713
3 1120
3 62
3 85
3 529
3 615
3 1045
3 635
3 549
3 516
3 1150
3 51
3 415
3 150
3 169
3 556
3 1212
3 283
3 71
3 672
3 1077
3 882
3 1162
3 300
3 615
3 453
3 72
3 1187
3 274
3 908
3 834
3 476
3 926
3 822
3 933
3 387
3 653
3 118
3 451
3 437
3 582
3 926
3 165
3 686
3 246
3 890
3 1252
3 564
3 486
3 369
3 589
3 1227
3 45
3 707
3 1248
3 427
3 414
3 1177
3 339
3 912
3 1060
3 412
3 810
3 480
3 757
3 987
3 814
3 1209
3 1108
3 340
3 663
3 1156
3 1189
3 490
3 217
3 997
3 123
3 886
3 491
3 494
3 119
3 921
3 1250
3 962
3 563
3 344
3 582
3 323
3 626
3 1230
3 483
3 726
3 1083
3 696
3 697
3 867
3 76
3 382
3 1180
3 229
3 751
3 881
3 475
3 108
3 736
3 398
3 1083
3 216
3 798
3 1212
3 224
3 868
3 465
3 1040
3 1112
3 322
3 711
3 339
3 791
3 1019
3 1039
3 62
3 709
3 133
3 346
3 157
3 903
3 989
3 632
3 27
3 1076
3 130
3 1218
3 832
3 704
3 837
3 773
3 198
3 779
3 690
3 1254
3 653
3 573
3 484
3 435
3 281
3 1206
3 1109
3 429
3 139
3 95
3 157
3 651
3 635
3 853
3 670
3 601
3 796
3 846
3 820
3 96
3 297
3 400
3 725
3 270
3 557
3 178
3 400
3 462
3 800
3 246
3 281
3 385
3 199
3 890
3 131
3 775
3 226
3 1242
3 649
3 45
3 1029
3 1018
3 1048
3 130
3 1047
3 149
3 145
3 335
3 1075
3 436
3 260
3 648
3 690
3 345
3 204
3 879
3 135
3 682
3 693
3 11
3 230
3 228
3 1205
3 1133
3 1080
3 1131
3 548
3 700
3 94
3 865
3 938
3 805
3 1029
3 583
3 671
3 1054
3 1198
3 1051
3 1007
3 7
3 964
3 281
3 549
3 1
3 757
3 186
3 541
3 1047
3 986
3 1184
3 75
3 784
3 1234
3 219
3 49
3 251
3 58
3 1228
3 837
3 28
3 477
3 621
3 260
3 1027
3 324
3 520
3 120
3 511
3 1014
3 158
3 749
3 927
3 901
3 857
3 559
3 1010
3 1148
3 263
3 772
3 1040
3 94
3 567
3 666
3 32
3 728
3 835
3 219
3 815
3 949
3 1141
3 1176
3 275
3 410
3 654
3 165
3 433
3 767
3 426
3 708
3 447
3 577
3 835
3 749
3 544
3 927
3 120
3 844
3 613
3 314
3 1071
3 255
3 882
3 135
3 102
3 1174
3 30
3 1140
3 950
3 380
3 576
3 201
3 182
3 1099
3 889
3 575
3 132
3 1069
3 1163
3 442
3 1101
3 262
3 278
3 723
3 426
3 628
3 22
3 1097
3 692
3 856
3 1137
3 917
3 243
3 728
3 191
3 569
3 605
3 534
3 716
3 750
3 284
3 624
3 622
3 912
3 829
3 952
3 1040
3 79
3 256
3 1148
3 1093
3 585
3 874
3 1214
3 523
3 180
3 1069
3 1197
3 990
3 711
3 1057
3 863
3 937
3 160
3 151
3 339
3 1165
3 1082
3 279
3 762
3 200
3 6
3 1121
3 33
3 257
3 767
3 1134
3 477
3 1229
3 576
3 1000
3 796
3 1003
3 494
3 1239
3 671
3 1232
3 390
3 562
3 580
3 98
3 1098
3 517
3 847
3 851
3 703
3 1008
3 900
3 996
3 681
3 100
3 989
3 868
3 478
3 853
3 4
3 1154
3 666
3 195
3 829
3 538
3 217
3 63
3 861
3 1201
3 48
3 195
3 1036
3 140
3 999
3 960
3 684
3 827
3 27
3 1004
3 1016
3 904
3 1247
3 1233
3 600
3 1196
3 1162
3 487
3 789
3 639
3 958
3 1031
3 119
3 431
3 566
3 695
3 1137
3 54
3 258
3 311
3 127
3 137
3 862
3 1014
3 93
3 779
3 589
3 196
3 68
3 880
3 660
3 264
3 104
3 689
3 1122
3 1150
3 520
3 561
3 1116
3 1226
3 564
3 1184
3 350
3 635
3 309
3 11
3 781
3 633
3 59
3 1213
3 1202
3 934
3 1214
3 482
3 1220
3 1169
3 1087
3 169
3 454
3 322
3 242
3 573
3 949
3 1095
3 456
3 622
3 291
3 1072
3 604
3 317
3 893
3 1128
3 566
3 847
3 80
3 306
3 128
3 530
3 15
3 877
3 797
3 363
3 1147
3 928
3 986
3 1037
3 753
3 480
3 151
3 678
3 634
3 492
3 147
3 59
3 386
3 475
3 508
3 402
3 4
3 1094
3 32
3 1218
3 941
3 114
3 1224
3 276
3 328
3 430
3 1164
3 117
3 642
3 775
3 1111
3 1020
3 476
3 867
3 935
3 316
3 70
3 398
3 493
3 740
3 1183
3 506
3 365
3 340
3 490
3 330
3 931
3 792
3 1020
3 810
3 594
3 854
3 624
3 48
3 924
3 827
3 422
3 533
3 876
3 542
3 700
3 49
3 937
3 941
3 527
3 266
3 901
3 1065
3 919
3 1073
3 292
3 659
3 711
3 85
3 1121
3 813
3 1098
3 1118
3 849
3 994
3 1117
3 385
3 98
3 377
3 682
3 1123
3 1197
3 435
3 1092
3 255
3 402
3 748
3 279
3 473
3 23
3 1044
3 997
3 111
3 30
3 940
3 1251
3 1129
3 431
3 723
3 796
3 676
3 241
3 340
3 590
3 1121
3 538
3 54
3 1094
3 978
3 748
3 233
3 569
3 1005
3 1083
3 693
3 297
3 1012
3 795
3 391
3 1040
3 717
3 715
3 1070
3 544
3 315
3 355
3 281
3 865
3 245
3 256
3 104
3 486
3 759
3 542
3 8
3 1018
3 407
3 1102
3 1028
3 1143
3 731
3 778
3 512
3 288
3 1235
3 210
3 351
3 540
3 382
3 1233
3 649
3 667
3 579
3 971
3 1117
3 1215
3 1022
3 22
3 1158
3 311
3 959
3 52
3 680
3 35
3 670
3 1203
3 910
3 1216
3 1076
3 961
3 527
3 1221
3 1238
3 1126
3 506
3 589
3 1051
3 41
3 341
3 693
3 1031
3 176
3 747
3 649
3 499
3 202
3 641
3 328
3 330
3 818
3 61
3 1177
3 690
3 131
3 429
3 595
3 657
3 344
3 372
3 1039
3 178
3 253
3 386
3 96
3 327
3 981
3 747
3 331
3 466
3 804
3 811
3 184
3 343
3 85
3 429
3 644
3 513
3 671
3 864
3 10
3 257
3 999
3 292
3 757
3 316
3 378
3 608
3 1138
3 1003
3 1038
3 1023
3 1080
3 511
3 1114
3 1219
3 1201
3 1031
3 672
3 669
3 268
3 608
3 912
3 283
3 21
3 917
3 1118
3 1176
3 778
3 619
3 680
3 547
3 467
3 555
3 465
3 1075
3 318
3 280
3 731
3 889
3 1038
3 249
3 1050
3 597
3 1023
3 339
3 204
3 979
3 260
3 897
3 265
3 1022
3 388
3 824
3 153
3 645
3 498
3 819
3 336
3 304
3 1163
3 897
3 145
3 12
3 602
3 559
3 892
3 628
3 1201
3 996
3 739
3 1141
3 541
3 607
3 550
3 1065
3 219
3 40
3 487
3 159
3 872
3 31
3 472
3 1014
3 407
3 286
3 415
3 1132
3 127
3 110
3 89
3 175
3 299
3 973
3 320
3 1140
3 451
3 1149
3 522
3 1131
3 960
3 303
3 101
3 1100
3 151
3 603
3 95
3 135
3 939
3 514
3 139
3 347
3 39
3 870
3 917
3 1123
3 339
3 1185
3 1010
3 245
3 526
3 298
3 79
3 786
3 764
3 389
3 1173
3 421
3 301
3 682
3 667
3 1076
3 606
3 73
3 867
3 836
3 892
3 615
3 871
3 814
3 1233
3 420
3 324
3 942
3 198
3 1155
3 744
3 783
3 833
3 1200
3 827
3 380
3 1179
3 919
3 90
3 1179
3 884
3 1099
3 722
3 1033
3 1044
3 432
3 67
3 1080
3 32
3 1144
3 1010
3 1125
3 1048
3 616
3 687
3 1191
3 779
3 850
3 788
3 651
3 355
3 300
3 1003
3 930
3 441
3 989
3 626
3 179
3 782
3 1009
3 609
3 999
3 782
3 317
3 784
3 560
3 35
3 49
3 314
3 758
3 982
3 81
3 1193
3 663
3 747
3 575
3 297
3 90
3 265
3 987
3 52
3 48
3 423
3 898
3 618
3 370
3 2
3 707
3 712
3 592
3 307
3 684
3 348
3 608
3 274
3 1183
3 550
3 27
3 178
3 617
3 6
3 498
3 676
3 1006
3 528
3 696
3 1249
3 450
3 924
3 1140
3 322
3 473
3 76
3 1250
3 400
3 1046
3 333
3 214
3 678
3 116
3 669
3 660
3 754
3 854
3 1212
3 103
3 929
3 1155
3 1010
3 312
3 948
3 251
3 247
3 1228
3 174
3 924
3 1214
3 922
3 366
3 569
3 221
3 352
3 565
3 864
3 1057
3 1120
3 583
3 1096
3 1183
3 354
3 1073
3 39
3 485
3 440
3 325
3 437
3 313
3 390
3 793
3 891
3 342
3 872
3 1225
3 1249
3 1217
3 644
3 507
3 1119
3 810
3 585
3 932
3 556
3 772
3 46
3 466
3 820
3 1181
3 392
3 180
3 977
3 813
3 559
3 39
3 252
3 1227
3 664
3 418
3 497
3 681
3 540
3 900
3 760
3 598
3 1115
3 1144
3 214
3 858
3 924
3 922
3 586
3 888
3 797
3 1235
3 502
3 1086
3 1117
3 1114
3 407
3 196
3 353
3 168
3 206
3 333
3 1059
3 412
3 1162
3 1075
3 378
3 437
3 909
3 835
3 349
3 894
3 1219
3 1070
3 973
3 663
3 1102
3 20
3 32
3 875
3 683
3 1025
3 397
3 55
3 256
3 954
3 53
3 858
3 465
3 18
3 1102
3 767
3 657
3 557
3 826
3 226
3 137
3 684
3 1206
3 960
3 439
3 183
3 897
3 935
3 50
3 94
3 600
3 671
3 803
3 483
3 802
3 1225
3 1021
3 208
3 1067
3 244
3 1134
3 468
3 767
3 214
3 444
3 161
3 1037
3 400
3 803
3 645
3 542
3 1008
3 648
3 402
3 1077
3 81
3 418
3 1156
3 975
3 1077
3 205
3 319
3 1073
3 104
3 683
3 995
3 422
3 473
3 672
3 521
3 716
3 286
3 464
3 1017
3 1035
3 1156
3 2
3 799
3 1083
3 447
3 333
3 653
3 925
3 590
3 155
3 813
3 968
3 1142
3 906
3 1016
3 1071
3 591
3 992
3 484
3 678
3 155
3 1012
3 969
3 488
3 835
3 420
3 873
3 930
3 311
3 266
3 902
3 358
3 476
3 1095
3 1220
3 467
3 661
3 1043
3 307
3 47
3 267
3 1253
3 763
3 763
3 229
3 47
3 925
3 1144
3 1171
3 429
3 781
3 206
3 264
3 985
3 171
3 2
3 80
3 1070
3 939
3 1105
3 115
3 657
3 895
3 1107
3 459
3 895
3 690
3 1221
3 138
3 690
3 287
3 900
3 631
3 715
3 127
3 686
3 936
3 1093
3 232
3 542
3 298
3 398
3 790
3 175
3 178
3 276
3 358
3 612
3 153
3 120
3 629
3 893
3 678
3 1146
3 597
3 358
3 274
3 860
3 1103
3 1186
3 1055
3 187
3 979
3 1120
3 286
3 397
3 987
3 1181
3 1081
3 192
3 427
3 1045
3 1132
3 17
3 649
3 885
3 191
3 688
3 1042
3 148
3 1066
3 29
3 224
3 190
3 1070
3 1045
3 250
3 690
3 423
3 214
3 755
3 1
3 498
3 1096
3 436
3 531
3 796
3 382
3 94
3 1098
3 484
3 438
3 735
3 566
3 353
3 998
3 156
3 900
3 646
3 1143
3 407
3 779
3 19
3 191
3 677
3 964
3 101
3 842
3 923
3 119
3 820
3 271
3 276
3 598
3 856
3 1151
3 89
3 131
3 1183
3 632
3 298
3 743
3 1083
3 41
3 1036
3 1147
3 73
3 383
3 37
3 727
3 557
3 551
3 675
3 1074
3 474
3 103
3 984
3 607
3 1155
3 1203
3 674
3 878
3 853
3 1233
3 750
3 920
3 927
3 580
3 708
3 1102
3 269
3 716
3 121
3 657
3 416
3 939
3 526
3 757
3 848
3 946
3 199
3 522
3 929
3 346
3 198
3 1139
3 988
3 719
3 244
3 295
3 162
3 509
3 782
3 479
3 1207
3 1094
3 371
3 560
3 696
3 448
3 1161
3 444
3 1077
3 728
3 408
3 279
3 1093
3 1191
3 580
3 226
3 120
3 561
3 643
3 574
3 742
3 160
3 240
3 1166
3 502
3 500
3 221
3 622
3 274
3 877
3 218
3 805
3 767
3 1058
3 162
3 526
3 473
3 994
3 702
3 85
3 465
3 1013
3 1071
3 439
3 758
3 409
3 466
3 24
3 1006
3 234
3 933
3 589
3 791
3 1196
3 617
3 75
3 970
3 368
3 58
3 598
3 125
3 487
3 88
3 223
3 929
3 1215
3 17
3 567
3 273
3 388
3 1123
3 1067
3 1172
3 266
3 453
3 355
3 117
3 936
3 543
3 1220
3 1126
3 19
3 149
3 449
3 380
3 542
3 59
3 918
3 1127
3 941
3 825
3 912
3 729
3 1185
3 587
3 941
3 964
3 953
3 779
3 1168
3 1052
3 1167
3 1112
3 738
3 788
3 179
3 850
3 87
3 88
3 264
3 859
3 394
3 143
3 548
3 533
3 124
3 552
3 749
3 38
3 281
3 298
3 956
3 45
3 118
3 1172
3 619
3 1234
3 996
3 143
3 708
3 1190
3 1013
3 700
3 208
3 173
3 230
3 1059
3 173
3 646
3 674
3 509
3 29
3 1054
3 559
3 853
3 531
3 457
3 928
3 262
3 729
3 334
3 1072
3 825
3 491
3 235
3 1185
3 898
3 1236
3 441
3 1166
3 68
3 816
3 454
3 693
3 986
3 1137
3 920
3 981
3 1027
3 230
3 1111
3 949
3 864
3 183
3 1161
3 473
3 384
3 20
3 873
3 194
3 192
3 654
3 1205
3 595
3 62
3 215
3 1013
3 581
3 47
3 405
3 889
3 956
3 721
3 321
3 325
3 493
3 952
3 1045
3 768
3 487
3 412
3 707
3 1234
3 944
3 881
3 928
3 618
3 1199
3 906
3 23
3 388
3 764
3 501
3 676
3 15
3 10
3 131
3 548
3 672
3 1140
3 193
3 318
3 347
3 1124
3 116
3 849
3 535
3 507
3 1101
3 123
3 956
3 498
3 251
3 1064
3 773
3 441
3 178
3 216
3 416
3 937
3 909
3 568
3 523
3 775
3 565
3 1238
3 686
3 1137
3 1223
3 169
3 1105
3 306
3 272
3 1087
3 253
3 663
3 1162
3 568
3 946
3 1232
3 315
3 477
3 830
3 458
3 426
3 1220
3 767
3 1208
3 443
3 399
3 615
3 466
3 985
3 416
3 570
3 1069
3 373
3 264
3 786
3 66
3 37
3 226
3 1050
3 301
3 626
3 406
3 852
3 388
3 324
3 772
3 704
3 811
3 403
3 214
3 956
3 853
3 302
3 269
3 664
3 986
3 886
3 1245
3 381
3 1190
3 144
3 1002
3 521
3 6
3 1075
3 711
3 373
3 263
3 369
3 744
3 1050
3 835
3 815
3 14
3 652
3 477
3 696
3 1239
3 883
3 362
3 79
3 175
3 686
3 1227
3 203
3 426
3 820
3 464
3 973
3 1165
3 797
3 599
3 997
3 1016
3 242
3 592
3 208
3 1083
3 167
3 249
3 1128
3 725
3 410
3 110
3 1123
3 456
3 740
3 345
3 695
3 1025
3 357
3 74
3 622
3 646
3 1106
3 1254
3 79
3 1185
3 1026
3 1118
3 640
3 53
3 825
3 498
3 1224
3 444
3 623
3 248
3 602
3 1182
3 363
3 159
3 909
3 467
3 108
3 358
3 834
3 764
3 1182
3 710
3 458
3 520
3 992
3 1196
3 618
3 924
3 384
3 42
3 780
3 21
3 60
3 966
3 149
3 1126
3 678
3 25
3 144
3 330
3 840
3 900
3 348
3 156
3 389
3 783
3 200
3 527
3 615
3 541
3 904
3 34
3 615
3 259
3 1103
3 52
3 1148
3 796
3 870
3 338
3 440
3 1205
3 472
3 1197
3 657
3 572
3 764
3 500
3 1226
3 11
3 1123
3 906
3 284
3 61
3 638
3 1103
3 786
3 1149
3 56
3 1213
3 988
3 1226
3 1001
3 628
3 778
3 954
3 328
3 271
3 595
3 1183
3 318
3 1222
3 184
3 682
3 365
3 705
3 1167
3 700
3 771
3 1005
3 121
3 940
3 183
3 204
3 1074
3 441
3 345
3 1234
3 1128
3 293
3 182
3 218
3 1245
3 343
3 657
3 1221
3 1035
3 374
3 945
3 825
3 1215
3 38
3 59
3 115
3 1095
3 43
3 684
3 942
3 1224
3 402
3 406
3 831
3 769
3 786
3 330
3 356
3 344
3 768
3 973
3 43
3 829
3 297
3 538
3 1140
3 363
3 967
3 838
3 38
3 47
3 434
3 141
3 286
3 1219
3 763
3 237
3 834
3 512
3 643
3 1079
3 584
3 992
3 1209
3 441
3 682
3 705
3 594
3 596
3 1046
3 134
3 564
3 959
3 883
3 117
3 969
3 1004
3 1052
3 47
3 972
3 370
3 1077
3 559
3 700
3 427
3 570
3 1137
3 1125
3 655
3 1045
3 725
3 1092
3 773
3 1192
3 1238
3 1000
3 1074
3 1176
3 639
3 578
3 179
3 720
3 624
3 84
3 1067
3 482
3 1124
3 929
3 1120
3 294
3 1221
3 174
3 993
3 724
3 279
3 831
3 955
3 975
3 1034
3 1137
3 485
3 626
3 250
3 604
3 182
3 1032
3 558
3 1175
3 225
3 1233
3 14
3 651
3 956
3 768
3 828
3 808
3 1166
3 54
3 30
3 1013
3 675
3 533
3 832
3 575
3 805
3 255
3 436
3 973
3 327
3 249
3 1200
3 649
3 1214
3 107
3 909
3 531
3 622
3 391
3 431
3 1206
3 384
3 249
3 464
3 1077
3 443
3 256
3 478
3 891
3 752
3 1061
3 883
3 303
3 920
3 241
3 661
3 485
3 1062
3 811
3 827
3 1177
3 803
3 296
3 135
3 282
3 210
3 741
3 318
3 293
3 475
3 945
3 549
3 811
3 735
3 1231
3 673
3 471
3 259
3 224
3 660
3 331
3 226
3 1177
3 497
3 977
3 535
3 757
3 904
3 684
3 788
3 337
3 482
3 897
3 922
3 626
3 869
3 787
3 650
3 535
3 907
3 1194
3 735
3 431
3 52
3 689
3 1080
3 461
3 428
3 317
3 918
3 1192
3 596
3 860
3 1132
3 267
3 550
3 385
3 1105
3 239
3 1158
3 318
3 473
3 961
3 1192
3 872
3 699
3 139
3 748
3 346
3 32
3 329
3 826
3 474
3 832
3 453
3 589
3 655
3 453
3 910
3 673
3 164
3 1066
3 760
3 1029
3 644
3 735
3 369
3 774
3 915
3 937
3 688
3 595
3 1247
3 335
3 1
3 159
3 635
3 810
3 180
3 926
3 1204
3 151
3 304
3 919
3 183
3 941
3 950
3 1204
3 199
3 344
3 620
3 685
3 208
3 245
3 504
3 912
3 358
3 741
3 624
3 357
3 1163
3 989
3 876
3 1084
3 449
3 700
3 293
3 904
3 1034
3 1110
3 169
3 717
3 1082
3 3
3 1235
3 167
3 445
3 856
3 583
3 956
3 149
3 1025
3 131
3 764
3 1239
3 983
3 116
3 49
3 916
3 799
3 702
3 633
3 493
3 229
3 1127
3 1177
3 311
3 236
3 510
3 1173
3 264
3 454
3 1107
3 949
3 1002
3 251
3 488
3 1161
3 416
3 392
3 752
3 1069
3 895
3 382
3 739
3 478
3 674
3 950
3 710
3 158
3 129
3 627
3 153
3 630
3 630
3 281
3 622
3 891
3 307
3 511
3 923
3 1237
3 353
3 194
3 380
3 218
3 187
3 445
3 384
3 931
3 754
3 1039
3 120
3 295
3 288
3 123
3 790
3 514
3 527
3 456
3 344
3 461
3 669
3 520
3 653
3 870
3 103
3 172
3 207
3 177
3 1196
3 165
3 254
3 479
3 748
3 1234
3 466
3 808
3 772
3 100
3 376
3 1073
3 1143
3 157
3 855
3 720
3 355
3 432
3 912
3 946
3 401
3 282
3 486
3 650
3 392
3 1170
3 887
3 575
3 542
3 897
3 849
3 267
3 1156
3 836
3 815
3 1189
3 375
3 360
3 877
3 477
3 967
3 250
3 770
3 173
3 667
3 34
3 682
3 989
3 1210
3 311
3 853
3 1187
3 690
3 860
3 526
3 367
3 1044
3 254
3 913
3 173
2 109600879
2 771863906
2 715509466
2 961347473
2 475596403
2 496657688
2 952210453
2 608106772
2 364982891
3 591
3 655
3 294
2 100781898
2 9023137
3 314
3 7
3 1242
3 1049
2 401269388
3 1046
3 1013
2 804703334
3 1200
3 194
2 130940495
2 993519488
3 941
2 159587673
3 374
2 791626240
2 131693218
3 633
2 701464023
2 673895764
3 967
2 625035079
3 1211
2 799592060
3 726
3 205
3 821
3 554
2 590006571
2 559524289
3 827
3 596
2 493815542
3 271
3 472
2 458913500
2 765687228
3 575
3 1173
3 968
3 1063
3 45
2 671865155
2 553000454
3 139
3 198
2 767418857
2 586124707
3 1118
2 417782839
3 853
2 3926487
2 39251932
2 660652365
2 164122184
3 75
2 387232033
3 53
2 260648278
2 675248262
2 176583725
3 289
3 21
2 772564586
3 851
3 1133
3 399
2 548840533
3 158
2 412011347
2 180463049
3 548
2 974970153
3 837
3 414
3 1098
3 86
3 795
3 230
3 987
3 234
2 618023935
3 274
3 760
2 748279223
2 156482403
2 217125921
3 372
3 727
3 904
3 174
2 59592529
3 1139
2 168449723
2 607398341
3 597
2 265474968
3 1183
3 266
3 517
2 957941057
2 134840129
2 793877114
3 511
2 585359092
3 325
2 657972609
2 620533586
3 628
2 948686015
2 967614225
3 144
2 397496683
3 54
2 681813295
2 956119079
3 461
2 297475513
2 301278836
3 928
3 280
3 538
3 1122
3 433
3 947
2 387359885
3 753
2 689118575
2 902294454
2 355176819
3 682
3 759
3 608
3 999
3 726
3 22
2 801780128
3 1073
3 416
3 134
3 136
2 285254325
2 156125821
2 237926913
2 639362109
3 228
2 979895887
3 844
2 221706661
3 1033
2 807872281
3 157
3 842
2 705709585
2 630055344
3 995
2 317766805
2 81925964
2 172948024
3 522
2 609164721
2 504019365
3 601
2 745170318
3 378
3 351
3 962
2 425104382
2 169187112
3 381
3 125
3 129
3 654
3 759
3 366
2 995545191
3 671
3 1084
3 13
2 190873033
3 187
2 395486416
2 608903631
2 258074016
3 875
2 863644537
2 585371686
3 125
2 783346935
2 196036935
2 466209327
2 905952950
2 42005035
2 1912678
2 498616856
2 627446336
2 612268290
2 19759049
2 167894934
3 574
3 451
2 530939037
3 572
3 223
3 106
2 499738188
2 770528490
3 443
3 710
3 1039
3 1079
3 858
3 341
3 847
2 984682867
2 561791868
3 488
3 996
2 316256885
3 9
3 493
3 364
3 990
3 710
2 18586931
2 202218811
3 775
3 127
3 714
2 891178093
3 307
2 735947642
3 42
3 227
3 706
3 87
3 804
3 1062
3 1060
3 768
3 200
2 273566334
2 824098757
3 163
2 900691539
2 662671711
2 314816829
3 14
3 1010
3 1057
2 856091421
2 83237733
3 432
2 675947173
3 1032
2 829025395
2 237544132
3 696
2 975228154
3 395
2 941253884
3 1077
2 444405577
2 440963103
2 941016260
2 217407932
2 728179283
2 47646451
3 1067
3 709
3 231
2 724853913
3 253
2 702160220
2 587731440
3 89
3 742
3 754
2 254910538
2 581758478
2 538681775
2 590776493
3 247
2 902303923
2 839055809
3 424
3 51
3 495
3 697
2 49301408
3 974
2 704441758
2 521077718
3 985
2 542023247
3 755
2 505439154
3 958
3 693
3 660
3 968
2 40606895
3 1084
2 453860015
2 113508627
3 569
3 1037
3 1020
2 865897590
3 743
3 819
3 733
3 705
2 801380680
3 455
3 222
2 801304216
3 711
3 516
2 119110102
2 331384359
3 112
2 301722723
3 582
3 166
2 126809010
3 1004
2 696947110
3 969
2 532444831
2 971499745
2 836786195
3 527
2 689280023
3 850
3 799
2 551960646
2 544633676
3 1039
2 555071058
2 316467830
3 1001
2 879923183
3 600
2 428894265
3 34
2 584320050
3 957
3 479
3 1044
2 961950734
3 243
3 991
3 676
3 165
2 444056744
2 934611500
3 397
3 882
3 280
3 916
3 998
2 284797335
2 42081735
3 1079
3 582
2 616997825
3 263
3 1042
3 836
2 392074992
3 738
3 988
3 1040
3 538
2 218559650
2 298406592
3 261
3 556
2 429498945
3 977
3 72
2 858114587
2 899927031
3 906
2 274322906
2 930309390
2 856517425
3 917
2 964168136
2 966023971
3 767
2 831190547
2 91663034
2 167263331
2 630194395
3 871
2 869153643
3 361
2 661605967
3 735
3 57
2 812316294
2 702947564
2 746538051
3 487
2 794951402
3 861
2 780814131
2 169126338
2 273555762
3 660
2 349926380
2 398440069
3 715
3 825
3 526
3 188
3 135
3 553
3 585
2 522276281
2 695256597
2 197680797
3 428
3 257
2 847637637
2 120454264
3 931
3 490
2 909037430
2 769706888
2 154699316
2 476629026
3 532
3 327
3 577
3 375
3 952
2 335370266
2 882228219
2 590061358
2 724521823
2 111480661
2 429044505
3 113
3 907
2 181443859
3 395
2 257894127
2 107775598
3 859
3 880
3 311
3 383
3 54
2 38079938
2 791990627
3 170
2 506267915
3 321
3 940
2 456436871
3 694
3 189
2 61734844
3 918
2 374739531
3 127
3 726
2 497479880
2 23515738
2 851740553
3 963
3 721
2 672895028
3 305
2 87515627
3 51
3 366
2 830033776
2 954184141
2 712916651
2 966437895
3 979
3 730
3 10
2 408056057
2 243745439
3 668
3 228
2 413913894
3 588
2 938391606
2 949100099
3 506
2 372690329
2 414787022
2 975962459
2 83666221
2 204416885
3 365
3 95
3 117
2 873402454
3 815
3 888
3 727
3 125
2 773003122
3 602
2 879230774
3 157
2 849415148
2 463993229
2 249793122
2 940663652
2 328136541
2 940761072
2 443981727
3 756
2 568736872
3 932
3 907
3 733
2 265506908
2 98877720
2 553559702
2 39927430
2 703558785
3 680
2 286845693
2 752569540
2 358773621
3 398
3 111
3 619
2 15197567
2 23167307
3 748
2 799359782
2 605611316
2 768422866
3 445
2 931926313
2 64773986
2 645238549
3 320
2 350047015
2 855143357
2 420384028
2 155486956
3 598
3 401
3 463
2 631111992
3 790
3 703
3 24
2 944983631
3 214
3 900
2 101081199
2 671546598
2 6837341
3 732
3 379
3 519
2 915884600
2 779230689
3 345
2 115054218
3 166
2 940392640
2 730433103
2 824779197
3 867
3 387
2 246217143
3 278
2 863260952
3 520
3 542
2 900762470
2 200730966
2 276253293
2 797609416
3 6
3 716
2 792728337
2 622328326
3 30
3 664
3 455
2 456049317
2 572706691
2 424001751
2 400305135
3 85
3 416
3 670
3 43
2 410181526
2 14828716
2 23454954
3 859
3 268
3 135
2 771894032
3 37
2 988259925
3 867
2 476185338
3 503
3 67
3 842
2 200868742
2 888046777
3 924
3 126
3 471
3 750
3 827
3 451
2 351112078
3 599
3 524
2 424247675
3 628
3 235
3 2
2 633725188
2 758665703
3 569
2 230696471
2 326411910
2 543275668
2 883971158
3 115
2 996254133
2 671223344
3 402
2 855142765
3 477
3 196
2 658497108
3 624
3 330
3 813
2 21111372
2 485637853
3 657
3 604
3 779
3 55
2 177916230
2 598834370
3 573
3 774
3 2
3 888
2 456537206
3 523
2 724473775
3 447
2 522081098
3 478
2 765570102
3 90
3 772
3 74
3 748
2 64777404
3 484
2 373120979
2 560061492
3 147
2 766772325
3 287
3 456
3 608
2 328095895
2 186313082
3 441
3 867
2 630050206
3 833
2 471289244
2 117515556
2 305848338
2 113842585
2 70153023
3 206
2 105333206
3 90
2 634883519
3 466
2 624644611
3 359
3 483
3 366
3 512
3 458
3 170
2 295142102
2 755562880
2 487443362
2 718937457
3 214
3 227
2 235112726
3 271
3 158
2 465523941
2 308916469
2 864780843
3 115
2 273957198
3 69
3 721
2 359993654
2 814449640
2 345020840
3 698
3 154
2 731547401
3 68
2 649222953
3 592
3 732
3 460
3 447
2 719174959
3 432
2 13999040
3 818
3 750
3 162
2 23099743
3 369
3 188
2 361254475
2 378114996
2 234262775
3 400
2 589051156
2 894924283
3 591
3 757
3 185
2 174098726
3 595
3 364
3 278
3 694
2 291777265
2 157887959
2 454346142
2 726591896
3 30
3 507
3 584
3 369
2 360797859
2 671758343
3 566
2 724986677
3 361
2 882750307
2 227967485
3 295
3 502
2 806980620
3 167
3 626
2 356120375
2 269608464
2 310688643
3 780
2 858588521
3 311
2 541662676
3 845
2 817144176
3 356
2 243132445
3 307
3 541
2 447192372
2 936444921
3 711
3 671
2 82836103
2 831937030
2 516246391
2 509986164
3 292
2 314880207
3 43
3 278
3 169
2 983939134
2 847750390
2 492778554
2 523216187
3 751
3 796
2 847565450
2 703863690
2 766059565
3 761
2 189578855
3 513
3 8
2 695014190
2 949753563
2 395095494
3 22
2 256935108
3 237
2 141904816
2 947900856
2 433042551
3 469
3 655
2 766986729
2 940580309
2 528304556
3 141
3 33
2 153068544
3 31
2 722754213
2 148477845
3 12
2 547684619
2 537111211
2 76393106
2 674877201
2 124233975
3 521
2 951712153
3 713
2 476736519
3 345
3 333
2 343898434
2 711416340
2 37789131
3 829
2 388739515
3 786
2 877082855
2 320151844
3 276
3 443
2 388458762
2 377068456
3 660
2 167476903
2 704982944
2 933648176
3 227
3 275
3 250
2 662023400
2 835020860
3 610
2 246835912
2 10906500
2 105053197
3 417
3 492
2 707042038
3 564
2 717042749
3 122
2 899215626
2 581393193
2 155123270
3 607
2 782266386
3 757
3 400
3 36
2 660218105
2 63289658
2 540736039
3 625
2 406756427
2 215975933
3 482
2 594740862
2 715606912
3 645
3 670
3 549
3 453
3 501
3 688
3 763
3 183
3 104
2 990048974
2 213942396
2 100712434
2 688456170
3 560
3 87
2 324998628
2 818272396
3 493
3 594
2 834569126
3 510
3 8
3 312
3 327
3 605
2 315153711
2 922903242
3 188
3 632
3 260
3 450
2 93162007
2 488244780
3 586
3 98
3 144
2 220320609
3 679
3 769
3 579
3 488
3 189
2 424306291
2 600654647
3 164
2 565360969
3 131
3 743
3 100
3 298
3 566
2 773376846
2 907425770
3 35
3 597
2 401870869
2 739590156
3 358
2 171536514
3 414
3 177
2 505751269
3 572
2 546622838
2 868331711
3 181
3 387
3 697
3 696
3 656
3 785
2 787780898
2 486764980
3 143
2 955403202
3 224
2 397716276
3 332
2 796331688
2 898797763
2 27119935
2 347030968
3 144
2 564518749
2 200516616
2 727779074
3 4
3 435
2 432564305
2 246890331
2 4494350
2 468240161
2 172840474
2 196076732
2 646664218
3 83
3 674
3 23
2 877606256
3 19
2 318521516
2 595714221
3 24
2 110553582
2 641016310
2 26462596
2 944571289
2 291082368
2 601419742
2 762553545
3 620
3 458
3 480
2 832495632
2 952219073
3 210
3 21
3 630
2 514197899
2 302200854
2 798785144
3 686
2 695155914
2 145092743
2 299529145
3 336
2 691625355
2 541654957
2 322786600
3 687
3 427
2 690460937
3 627
2 778989263
2 226683208
3 62
3 209
3 340
3 670
3 198
2 108223113
3 643
2 80870145
3 704
3 138
3 401
2 767487348
3 206
3 455
2 783266775
2 811013317
3 365
2 34991862
3 374
2 795955453
3 134
2 594723174
2 599459146
3 596
3 97
3 70
3 472
2 284802522
3 543
3 274
3 718
2 742897254
3 322
3 709
2 490157080
3 183
2 335904132
2 7204350
3 589
3 576
2 406519317
2 868057578
3 722
3 300
2 35391948
2 655633097
3 470
2 5793814
3 98
2 225538184
2 34418046
2 888948477
3 694
2 542601067
3 409
3 109
3 341
3 196
3 455
2 328547091
2 403212334
3 616
3 548
2 105213586
2 750832057
3 242
2 426748250
2 167015722
3 95
3 127
3 348
2 923172603
2 248167538
3 584
2 220567628
3 347
3 417
2 569897184
2 324491308
2 468183269
3 477
2 860797278
3 519
3 51
2 491209192
3 93
3 586
2 797067402
3 123
2 742712158
3 91
2 90926145
2 428513846
3 164
2 467677530
2 804198971
3 97
3 361
3 435
2 288345106
2 38066140
3 694
3 188
3 31
3 574
2 842042389
2 206983341
2 641595425
2 86841265
2 158096578
2 187712771
3 304
3 26
3 478
2 180347338
2 926069658
2 48658356
3 673
2 957734676
2 234965660
3 132
2 619794842
3 18
2 482406209
3 183
3 587
2 707577541
3 129
2 399039300
2 484348830
2 197848682
3 231
3 85
3 596
2 238066780
2 632831148
2 768792307
2 615159575
3 613
3 662
2 640796201
2 690470647
2 140705709
3 149
3 2
2 47544641
2 921189399
3 399
3 258
2 387214924
2 972837442
3 165
2 963863601
2 858441069
3 311
2 913669096
2 405189872
3 335
3 494
3 105
2 255016244
2 652910963
3 589
3 78
2 9006985
3 449
3 173
3 125
3 115
2 963925322
3 152
2 12024281
3 319
3 8
2 616023791
3 200
3 187
3 51
3 275
3 398
3 613
3 615
3 109
3 531
3 531
2 391341258
3 197
2 722060003
3 368
3 74
3 470
3 126
3 456
3 103
3 505
2 383861334
3 546
2 962475486
2 331086020
2 369557036
3 567
2 334028425
2 658277530
2 850946426
3 73
3 172
2 565420850
3 152
3 122
2 110955237
2 536013628
3 483
2 753078862
2 989817814
3 439
2 174429369
3 461
3 273
3 456
3 562
3 399
3 516
3 160
3 114
3 421
3 605
3 373
3 303
3 626
3 561
3 380
3 642
3 614
3 57
3 315
3 458
3 58
3 558
3 65
3 597
3 455
3 235
3 523
3 54
3 158
3 228
3 223
3 429
3 44
3 32
3 204
3 354
3 525
3 83
3 132
3 102
3 228
3 140
3 336
3 506
3 115
3 409
3 128
3 566
3 606
3 383
3 434
3 599
3 1
3 584
3 36
3 560
3 615
3 479
3 173
3 118
3 128
3 83
3 614
3 305
3 198
3 139
3 498
3 385
3 200
3 51
3 360
3 612
3 290
3 123
3 397
3 192
3 477
3 617
3 364
3 640
3 260
3 265
3 236
3 278
3 609
3 100
3 547
3 128
3 327
3 456
3 608
3 110
3 488
3 611
3 623
3 373
3 610
3 519
3 109
3 415
3 59
3 166
3 368
3 466
3 519
3 593
3 85
3 555
3 220
3 631
3 43
3 156
3 162
3 299
3 204
3 19
3 253
3 475
3 161
3 3
3 563
3 435
3 397
3 485
3 543
3 368
3 337
3 477
3 57
3 331
3 450
3 451
3 106
3 601
3 433
3 470
3 46
3 259
3 489
3 190
3 154
3 140
3 6
3 119
3 140
3 186
3 618
3 81
3 447
3 599
3 618
3 250
3 353
3 500
3 548
3 291
3 565
3 413
3 424
3 554
3 332
3 552
3 307
3 462
3 638
3 496
3 643
3 117
3 623
3 458
3 367
3 122
3 44
3 100
3 645
3 419
3 595
3 256
3 193
3 399
3 411
3 343
3 363
3 306
3 176
3 101
3 496
3 468
3 360
3 125
3 422
3 645
3 557
3 317
3 250
3 457
3 550
3 43
3 498
3 257
3 513
3 21
3 196
3 438
3 83
3 525
3 377
3 136
3 88
3 402
3 235
3 143
3 352
3 209
3 100
3 406
3 275
3 137
3 494
3 478
3 111
3 544
3 529
3 570
3 521
3 581
3 521
3 414
3 45
3 421
3 169
3 322
3 93
3 162
3 570
3 107
3 597
3 516
3 344
3 58
3 464
3 492
3 476
3 631
3 69
3 3
3 404
3 433
3 632
3 292
3 450
3 204
3 93
3 201
3 448
3 438
3 239
3 61
3 523
3 495
3 521
3 640
3 484
3 615
3 236
3 277
3 347
3 551
3 416
3 495
3 49
3 100
3 461
3 87
3 144
3 596
3 610
3 611
3 584
3 390
3 622
3 528
3 156
3 463
3 516
3 559
3 158
3 159
3 615
3 616
3 270
3 606
3 175
3 154
3 344
3 171
3 160
3 539
3 100
3 290
3 330
3 414
3 152
3 157
3 644
3 386
3 587
3 347
3 383
3 91
3 472
3 461
3 534
3 33
3 380
3 212
3 9
3 334
3 184
3 523
3 518
3 263
3 96
3 143
3 236
3 307
3 480
3 488
3 262
3 481
3 228
3 184
3 510
3 401
3 235
3 247
3 193
3 415
3 128
3 176
3 601
3 250
3 36
3 104
3 152
3 433
3 416
3 125
3 524
3 641
3 323
3 92
3 413
3 495
3 322
3 148
3 452
3 455
3 128
3 536
3 607
3 302
3 254
3 107
3 517
3 427
3 34
3 281
3 480
3 331
3 346
3 57
3 238
3 219
3 449
3 493
3 523
3 609
3 414
3 246
3 467
3 376
3 632
3 31
3 158
3 15
3 395
3 451
3 279
3 97
3 368
3 415
3 74
3 488
3 107
3 39
3 319
3 12
3 81
3 321
3 215
3 387
3 528
3 271
3 443
3 19
3 277
3 72
3 84
3 614
3 555
3 360
3 124
3 190
3 87
3 214
3 508
3 542
3 495
3 241
3 322
3 199
3 490
3 159
3 553
3 595
3 192
3 204
3 414
3 343
3 210
3 193
3 11
3 310
3 24
3 643
3 467
3 115
3 365
3 32
3 381
3 66
3 58
3 78
3 339
3 531
3 1
3 281
3 107
3 522
3 267
3 455
3 217
3 341
3 479
3 546
3 108
3 487
3 332
3 443
3 246
3 79
3 143
3 46
3 327
3 369
3 531
3 355
3 15
3 618
3 120
3 277
3 175
3 573
3 383
3 362
3 485
3 257
3 97
3 233
3 521
3 111
3 566
3 139
3 439
3 505
3 251
3 191
3 167
3 400
3 143
3 242
3 284
3 54
3 289
3 270
3 145
3 533
3 197
3 372
3 185
3 277
3 466
3 394
3 394
3 116
3 542
3 321
3 86
3 380
3 90
3 210
3 484
3 13
3 644
3 405
3 369
3 361
3 11
3 311
3 530
3 146
3 631
3 545
3 490
3 260
3 154
3 327
3 633
3 325
3 503
3 578
3 148
3 637
3 294
3 406
3 163
3 365
3 103
3 197
3 24
3 551
3 105
3 420
3 614
3 363
3 363
3 85
3 272
3 582
3 95
3 86
3 419
3 2
3 470
3 569
3 254
3 273
3 472
3 40
3 30
3 645
3 93
3 447
3 83
3 100
3 515
3 628
3 636
3 154
3 140
3 142
3 643
3 149
3 386
3 108
3 535
3 217
3 223
3 603
3 643
3 513
3 223
3 280
3 359
3 429
3 619
3 136
3 388
3 291
3 464
3 436
3 554
3 280
3 482
3 316
3 17
3 192
3 245
3 37
3 619
3 481
3 352
3 547
3 231
3 641
3 134
3 478
3 197
3 343
3 594
3 82
3 500
3 158
3 547
3 581
3 219
3 537
3 615
3 312
3 166
3 166
3 151
3 20
3 137
3 412
3 203
3 535
3 620
3 384
3 573
3 351
3 627
3 585
3 315
3 488
3 484
3 365
3 344
3 91
3 519
3 128
3 99
3 595
3 212
3 573
3 643
3 48
3 570
3 52
3 606
3 38
3 598
3 111
3 271
3 343
3 451
3 45
3 466
3 82
3 275
3 550
3 84
3 348
3 267
3 567
3 619
3 588
3 545
3 188
3 557
3 244
3 456
3 558
3 80
3 90
3 188
3 600
3 166
3 505
3 353
3 485
3 280
3 316
3 188
3 72
3 46
3 315
3 451
3 411
3 24
3 336
3 381
3 506
3 558
3 134
3 493
3 389
3 428
3 376
3 106
3 196
3 118
3 455
3 591
3 508
3 456
3 565
3 112
3 385
3 285
3 150
3 88
3 324
3 616
3 585
3 599
3 630
3 161
3 586
3 138
3 612
3 421
3 7
3 491
3 536
3 131
3 21
3 125
3 525
3 224
3 404
3 111
3 14
3 553
3 468
3 187
3 580
3 88
3 304
3 363
3 163
3 125
3 200
3 476
3 339
3 365
3 468
3 85
3 312
3 272
3 137
3 167
3 430
3 568
3 102
3 555
3 484
3 393
3 310
3 582
3 253
3 519
3 315
3 192
3 545
3 68
3 247
3 490
3 171
3 89
3 635
3 494
3 537
3 99
3 17
3 190
3 24
3 425
3 475
3 632
3 476
3 99
3 32
3 590
3 118
3 478
3 53
3 389
3 586
3 224
3 538
3 530
3 155
3 593
3 86
3 345
3 322
3 357
3 52
3 160
3 170
3 103
3 419
3 47
3 456
3 598
3 384
3 413
3 126
3 114
3 343
3 31
3 389
3 81
3 410
3 290
3 92
3 462
3 166
3 503
3 73
3 318
3 103
3 181
3 526
3 282
3 435
3 90
3 294
3 89
3 435
3 223
3 47
3 150
3 203
3 63
3 277
3 470
3 155
3 613
3 372
3 547
3 345
3 554
3 239
3 122
3 388
3 593
3 361
3 195
3 515
3 122
2 468007336
