100
1 536
1 476
1 947
1 154
1 754
1 138
1 654
1 273
1 863
1 431
1 495
1 81
1 117
1 647
1 435
1 735
1 449
1 576
1 879
1 32
1 151
1 639
1 920
1 938
1 252
1 496
1 787
1 40
1 582
1 762
1 45
1 833
1 465
3 32
3 6
3 21
3 2
3 9
3 19
3 25
3 19
3 25
3 24
3 15
3 26
3 14
3 33
3 2
3 6
3 15
3 21
3 14
3 20
3 2
3 29
3 18
3 10
3 23
3 26
3 6
3 23
3 32
3 29
3 10
3 32
3 24
3 14
3 20
3 4
3 9
3 26
3 30
3 24
3 14
3 2
3 17
3 3
3 27
2 154
3 20
3 21
2 536
2 40
3 23
3 24
3 23
2 476
2 117
2 879
2 81
2 582
2 938
2 833
2 762
2 435
2 449
2 735
2 431
2 138
2 647
