90
1 902
1 702
1 750
1 428
1 889
1 657
1 516
1 941
1 225
1 18
1 117
1 674
1 482
1 22
1 30
1 483
1 126
1 420
1 9
1 127
1 204
1 350
1 798
1 100
1 79
1 382
1 167
1 15
1 521
1 443
1 622
1 573
1 912
1 589
1 410
1 519
1 749
1 240
1 444
3 32
3 36
3 7
3 33
3 3
3 30
3 28
2 749
2 382
2 657
2 240
2 750
3 28
2 702
2 902
3 26
2 428
3 25
3 10
2 443
2 126
3 10
2 167
2 674
2 204
2 573
2 912
2 15
2 798
2 622
2 127
2 30
2 589
2 79
2 516
2 9
2 519
2 941
2 18
2 889
2 22
2 117
2 444
2 420
2 521
2 100
2 225
2 350
2 483
2 482
2 410
