100
1 775
1 929
1 386
1 963
1 64
1 956
1 495
1 61
1 1000
1 418
1 220
1 603
1 645
1 662
1 992
1 915
1 970
1 15
1 640
1 354
1 677
1 457
1 80
1 620
1 19
1 586
1 809
1 860
1 34
1 964
1 287
1 426
1 761
1 891
1 874
1 563
1 365
1 781
1 858
1 397
1 188
3 10
3 3
3 3
3 24
3 5
3 17
3 37
3 22
3 24
3 29
3 28
3 17
3 39
3 15
3 39
3 34
3 24
3 28
3 15
3 20
3 29
3 41
3 13
3 11
3 25
3 16
3 27
3 24
3 13
3 30
3 19
3 2
3 22
3 40
3 7
3 28
3 21
3 3
3 40
3 5
3 15
3 39
3 20
2 34
2 457
2 426
3 13
2 964
2 64
2 61
2 662
2 586
2 418
2 677
2 287
2 809
2 963
2 1000
2 563
