40091682
22470697
40091682
40091682
194693856
194693856
239178535
194693856
239178535
239178535
526145059
239178535
239178535
239178535
342898518
342898518
342898518
239178535
255198783
239178535
255198783
239178535
255198783
255198783
313990039
313990039
332524634
313990039
332524634
313990039
332524634
313990039
332524634
332524634
332524634
332524634
332524634
332524634
342898518
342898518
342898518
342898518
346687163
342898518
342898518
332524634
332524634
332524634
342898518
342898518
342898518
342279298
342279298
342279298
342279298
342279298
342371222
342279298
342371222
342371222
342371222
342371222
342898518
342898518
346687163
346687163
359916762
359916762
397428801
397428801
398461884
398461884
398461884
397428801
398461884
397428801
398461884
398461884
414647618
414647618
414647618
414647618
437084351
414647618
437084351
414647618
414647618
414647618
414647618
398461884
398461884
398461884
414647618
414647618
437084351
437084351
452502643
437084351
452502643
452502643
472964142
472964142
472964142
472964142
506538630
472964142
472964142
452502643
452502643
452502643
472964142
472964142
472964142
472964142
496835946
496835946
506538630
506538630
513259258
513259258
515045852
513259258
515045852
515045852
515081944
515081944
515081944
515081944
515347376
515081944
515347376
515347376
515347376
515347376
515965393
515347376
515965393
515347376
515347376
515347376
515965393
515965393
522316097
522316097
523996084
522316097
523996084
523996084
523996084
522316097
522316097
522316097
522316097
519403696
522316097
519403696
519403696
515965393
515965393
515965393
515965393
515965393
519403696
519403696
522316097
522316097
522316097
522316097
523996084
522316097
523996084
522316097
522316097
519403696
522316097
522316097
522316097
519403696
522316097
522316097
522316097
522316097
522316097
519403696
519403696
515965393
515965393
515347376
515347376
515347376
515965393
515347376
515965393
515965393
519403696
515965393
519403696
517817405
517817405
517817405
517817405
515965393
515965393
515965393
515965393
515347376
515965393
515347376
515965393
515347376
515965393
515347376
515347376
515081944
515081944
515045852
515045852
513259258
515045852
515045852
515045852
513259258
513259258
506664194
506664194
506538630
506538630
506538630
506664194
506538630
506664194
506538630
506664194
506538630
506538630
506538630
506664194
506664194
506664194
506664194
506664194
506664194
513259258
506664194
513259258
513259258
515045852
515045852
515081944
515081944
515347376
515081944
515347376
515081944
515081944
515081944
515347376
515347376
515965393
515347376
515965393
515347376
515965393
515965393
515965393
515347376
515347376
515081944
515081944
515045852
515045852
513259258
515045852
513259258
515045852
513259258
515045852
513259258
515045852
513259258
515045852
515045852
515045852
513259258
513259258
506664194
513259258
506664194
513259258
506664194
506664194
506538630
506664194
506538630
506538630
500574853
500574853
500574853
503284297
500574853
503284297
500574853
503284297
500574853
500574853
496835946
496835946
496620999
496835946
496620999
496620999
496620999
496835946
496620999
496620999
496620999
496835946
496620999
496620999
494934922
496620999
494934922
494934922
494269784
494934922
494934922
494934922
494934922
494934922
494269784
494269784
494269784
494269784
494269784
494269784
482902058
494269784
482902058
494269784
482902058
482902058
482902058
494269784
494269784
494934922
494269784
494269784
494269784
494269784
494269784
494934922
494934922
496620999
494934922
494934922
494269784
494934922
494269784
494934922
494934922
494934922
494269784
494934922
494934922
494934922
494934922
494934922
494269784
494934922
494269784
494934922
494269784
494934922
494934922
496620999
496620999
496835946
496620999
496620999
496620999
496835946
496620999
496835946
496620999
496620999
494934922
496620999
496620999
496620999
494934922
494934922
494934922
496620999
494934922
494934922
494934922
496620999
496620999
496620999
496620999
496835946
496835946
496835946
496835946
500574853
496835946
496835946
496835946
496835946
496835946
496835946
496835946
500574853
500574853
502374692
500574853
502374692
500574853
500574853
496835946
496835946
496620999
496835946
496835946
496835946
496835946
500574853
500574853
500574853
500574853
500574853
500574853
500574853
500574853
500574853
496835946
500574853
496835946
500574853
500574853
500574853
496835946
500574853
500574853
500574853
500574853
502374692
502374692
502374692
500574853
500574853
496835946
496835946
496620999
496835946
496620999
496620999
495642542
496620999
496620999
496835946
496835946
500574853
496835946
496835946
496620999
496620999
496620999
496620999
495642542
495642542
495642542
496620999
495642542
496620999
496620999
496835946
496620999
496835946
496620999
496835946
496620999
496620999
495642542
496620999
496620999
496620999
496620999
496835946
496620999
496620999
496620999
496620999
495642542
496620999
496620999
496620999
496620999
496835946
496620999
496620999
496620999
496835946
496835946
499908229
499908229
499908229
496835946
496835946
496835946
496835946
496620999
496620999
496620999
496835946
496620999
496835946
496835946
499908229
499908229
499908229
496835946
499908229
499908229
500574853
499908229
499908229
496835946
499908229
496835946
499908229
496835946
496835946
496620999
496835946
496620999
496835946
496835946
496835946
496620999
496835946
496835946
499908229
496835946
496835946
496835946
499908229
496835946
496835946
496620999
496620999
496620999
496835946
496620999
496835946
496835946
499908229
496835946
496835946
496835946
499908229
496835946
499908229
496835946
499908229
499908229
500574853
499908229
500574853
500574853
500574853
500574853
500574853
500574853
502374692
502374692
503284297
503284297
506538630
503284297
506538630
506538630
506538630
503284297
506538630
506538630
506664194
506664194
506664194
506538630
506664194
506664194
506664194
506538630
506538630
503284297
503284297
503284297
503284297
502374692
503284297
503284297
503284297
503284297
506538630
506538630
506664194
506538630
506538630
503284297
503284297
502374692
503284297
502374692
503284297
502374692
503284297
502374692
502374692
500574853
500574853
499908229
499908229
496835946
496835946
496620999
496620999
496620999
496835946
496835946
496835946
496620999
496835946
496835946
496835946
496620999
496835946
496835946
496835946
496835946
499908229
499908229
500574853
499908229
499908229
496835946
499908229
496835946
499908229
499908229
500574853
500574853
502374692
500574853
502374692
500574853
500574853
499908229
499908229
496835946
499908229
496835946
496835946
496835946
499908229
496835946
499908229
496835946
499908229
499908229
499908229
499908229
499908229
499908229
500574853
499908229
499908229
496835946
496835946
496620999
496620999
495642542
495642542
494934922
494934922
494269784
494934922
494269784
494934922
494934922
495642542
495642542
495642542
495642542
495642542
494934922
494934922
494934922
494934922
494269784
494934922
494269784
494269784
494269784
494934922
494934922
495642542
494934922
495642542
495642542
496620999
496620999
496620999
496620999
496835946
496620999
496620999
496620999
496620999
496620999
496620999
496620999
496835946
496835946
496835946
496835946
496835946
496835946
496835946
496835946
496835946
496620999
496620999
496620999
496620999
496620999
496620999
495642542
495642542
494934922
495642542
495642542
496620999
495642542
496620999
496620999
496835946
496620999
496835946
496835946
499908229
499908229
500574853
499908229
499908229
496835946
499908229
499908229
500574853
500574853
500574853
499908229
500574853
500574853
500574853
499908229
500574853
499908229
499908229
499908229
499908229
499908229
500574853
500574853
500574853
500574853
500574853
500574853
502374692
502374692
502374692
502374692
502374692
500574853
500574853
499908229
500574853
499908229
499908229
499908229
500574853
499908229
499908229
499908229
499908229
496835946
496835946
496835946
499908229
499908229
499908229
496835946
496835946
496620999
496835946
496620999
496835946
496620999
496835946
496620999
496620999
496620999
496620999
496620999
496620999
496620999
496620999
495642542
496620999
495642542
496620999
496620999
496620999
495642542
495642542
494934922
494934922
494269784
494934922
494269784
494934922
494934922
495642542
494934922
495642542
494934922
495642542
495642542
495642542
494934922
494934922
494934922
494934922
494269784
494934922
494269784
494269784
494269784
494934922
494269784
494934922
494269784
494934922
494269784
494269784
493889574
494269784
493889574
494269784
494269784
494269784
493889574
493889574
493889574
494269784
493889574
493889574
491107557
491107557
491107557
493889574
493889574
494269784
494269784
494269784
494269784
494934922
494269784
494269784
494269784
494269784
494269784
494269784
493889574
493889574
491107557
491107557
491107557
493889574
491107557
493889574
491107557
493889574
491107557
491107557
491107557
493889574
493889574
494269784
494269784
494934922
494269784
494934922
494934922
495642542
495642542
495642542
495642542
496620999
496620999
496835946
496835946
496835946
496835946
496835946
496620999
496835946
496835946
496835946
496620999
496835946
496835946
496835946
496620999
496835946
496620999
496835946
496835946
496835946
496835946
496835946
496835946
499908229
496835946
499908229
496835946
496835946
496835946
496835946
496835946
499908229
496835946
499908229
499908229
499908229
497020737
499908229
499908229
499908229
497020737
497020737
497020737
499908229
497020737
497020737
496835946
497020737
496835946
497020737
497020737
497020737
497020737
497020737
496835946
496835946
496835946
496835946
496835946
497020737
496835946
496835946
496620999
496620999
495642542
495642542
494934922
495642542
494934922
494934922
494934922
494934922
494934922
495642542
494934922
494934922
494269784
494934922
494269784
494934922
494269784
494934922
494934922
494934922
494934922
494934922
494934922
495642542
494934922
495642542
495642542
496620999
496620999
496620999
496620999
496620999
496620999
496620999
496620999
496620999
495642542
496620999
495642542
496620999
496620999
496620999
496620999
496835946
496835946
497020737
497020737
497020737
496835946
497020737
497020737
499908229
499908229
499908229
499908229
500574853
500574853
500574853
499908229
499908229
497020737
499908229
499908229
500574853
499908229
499908229
499908229
500574853
499908229
499908229
497020737
499908229
499908229
499908229
499908229
499908229
499908229
500574853
499908229
499908229
499908229
500574853
499908229
500574853
500574853
502374692
502374692
502374692
500574853
502374692
500574853
502374692
500574853
500574853
499908229
499908229
499908229
500574853
499908229
499908229
497020737
499908229
499908229
499908229
499908229
500574853
499908229
500574853
500574853
502374692
500574853
502374692
500574853
500574853
500574853
502374692
500574853
502374692
502374692
503284297
502374692
503284297
502374692
502374692
500574853
500574853
499908229
500574853
500574853
500574853
499908229
500574853
499908229
499908229
497020737
497020737
496835946
496835946
496620999
496620999
495642542
496620999
495642542
496620999
495642542
496620999
495642542
495642542
494934922
494934922
494934922
494934922
494934922
495642542
494934922
495642542
494934922
495642542
495642542
495642542
495642542
495642542
494934922
494934922
494269784
494934922
494934922
494934922
494934922
494934922
494269784
494269784
494269784
494269784
493889574
493889574
491107557
493889574
491107557
493889574
491107557
491107557
489789190
491107557
489789190
491107557
489789190
491107557
491107557
493889574
493889574
493889574
493889574
494269784
493889574
493889574
491107557
491107557
491107557
491107557
489789190
491107557
491107557
493889574
491107557
491107557
491107557
493889574
491107557
493889574
493889574
494269784
493889574
494269784
493889574
494269784
493889574
494269784
493889574
493889574
491107557
491107557
491107557
493889574
493889574
494269784
493889574
494269784
494269784
494269784
493889574
493889574
493889574
494269784
494269784
494934922
494269784
494269784
494269784
494934922
494934922
494934922
494934922
494934922
494269784
494934922
494269784
494269784
494269784
494934922
494934922
494934922
494269784
494269784
493889574
494269784
493889574
494269784
493889574
493889574
493889574
493889574
491107557
491107557
489789190
491107557
489789190
491107557
491107557
491107557
489789190
491107557
489789190
491107557
489789190
489789190
487861957
487861957
487861957
489789190
487861957
487861957
487861957
487861957
487861957
487861957
487861957
489789190
487861957
487861957
487387604
487861957
487861957
489789190
487861957
487861957
487861957
489789190
489789190
491107557
491107557
491107557
489789190
489789190
489789190
489789190
489789190
491107557
491107557
493889574
493889574
493889574
491107557
493889574
493889574
493889574
493889574
493889574
493889574
493889574
493889574
494269784
494269784
494934922
494269784
494269784
493889574
493889574
493889574
494269784
493889574
493889574
491107557
491107557
489789190
491107557
489789190
489789190
487861957
487861957
487387604
487387604
486984572
486984572
486984572
487387604
486984572
486984572
486220073
486984572
486984572
487387604
486984572
486984572
486984572
486984572
486984572
487387604
486984572
487387604
487387604
487861957
487387604
487861957
487387604
487861957
487387604
487387604
486984572
487387604
487387604
487387604
486984572
487387604
487387604
487861957
487387604
487387604
487387604
487861957
487387604
487861957
487861957
489789190
489789190
489789190
487861957
487861957
487387604
487387604
486984572
487387604
487387604
487861957
487387604
487861957
487861957
487861957
487861957
487861957
487861957
487861957
487861957
487861957
487861957
489789190
487861957
487861957
487861957
487861957
487387604
487861957
487387604
487387604
487387604
487861957
487387604
487387604
487387604
487861957
487387604
487861957
487861957
487861957
487861957
489789190
489789190
489789190
489789190
491107557
491107557
491107557
491107557
491107557
491107557
493889574
493889574
493889574
491107557
493889574
493889574
493889574
491107557
491107557
491107557
493889574
493889574
494269784
494269784
494269784
494269784
494934922
494269784
494269784
494269784
494269784
493889574
493889574
491107557
493889574
491107557
493889574
493889574
493889574
491107557
491107557
491107557
491107557
491107557
491107557
491107557
493889574
491107557
491107557
491107557
493889574
493889574
493889574
491107557
491107557
491107557
491107557
489789190
491107557
491107557
491107557
491107557
493889574
491107557
493889574
493889574
493889574
493889574
494269784
493889574
493889574
491107557
491107557
491107557
493889574
491107557
491107557
489789190
489789190
487861957
487861957
487861957
489789190
487861957
489789190
487861957
489789190
487861957
487861957
487861957
489789190
487861957
487861957
487861957
487861957
487387604
487861957
487861957
489789190
487861957
489789190
489789190
491107557
491107557
491107557
489789190
491107557
489789190
491107557
491107557
491107557
491107557
491107557
491107557
491482874
491482874
491482874
491107557
491107557
489789190
491107557
491107557
491107557
491107557
491482874
491107557
491107557
489789190
491107557
491107557
491107557
491107557
491482874
491107557
491482874
491107557
491482874
491107557
491107557
491107557
491107557
489789190
491107557
489789190
489789190
487861957
487861957
487387604
487861957
487387604
487387604
486984572
487387604
486984572
487387604
487387604
487861957
487387604
487387604
487387604
487387604
486984572
486984572
486984572
487387604
486984572
487387604
486984572
487387604
487387604
487387604
486984572
487387604
486984572
487387604
486984572
486984572
486984572
486984572
486220073
486984572
486984572
486984572
486984572
486984572
486984572
487387604
486984572
486984572
486220073
486984572
486220073
486220073
486220073
486984572
486984572
487387604
486984572
486984572
486220073
486220073
485645411
485645411
484931823
484931823
484760486
484760486
484760486
484931823
484760486
484931823
484760486
484931823
484760486
484760486
484760486
484931823
484931823
485645411
484931823
485645411
484931823
485645411
484931823
484931823
484931823
485645411
485645411
486220073
486220073
486984572
486984572
487387604
486984572
486984572
486220073
486220073
485645411
485645411
485645411
485645411
485645411
486220073
485645411
485645411
484931823
484931823
484760486
484760486
484023799
484023799
483697070
483697070
483697070
483697070
483075623
483075623
483075623
483075623
482902058
483075623
482902058
482902058
482902058
482902058
482902058
482902058
482902058
483075623
482902058
482902058
482902058
483075623
483075623
483075623
483075623
483697070
483697070
484023799
484023799
484760486
484760486
484931823
484760486
484931823
484760486
484760486
484760486
484931823
484931823
485024310
484931823
485024310
484931823
484931823
484760486
484760486
484023799
484023799
483697070
483697070
483697070
483697070
483075623
483075623
482902058
483075623
483075623
483697070
483075623
483697070
483075623
483075623
482902058
483075623
482902058
483075623
483075623
483697070
483697070
483697070
483075623
483697070
483075623
483697070
483697070
484023799
484023799
484023799
484023799
484760486
484023799
484760486
484023799
484760486
484023799
484023799
483697070
483697070
483697070
484023799
484023799
484760486
484023799
484760486
484760486
484931823
484760486
484931823
484760486
484931823
484931823
485024310
485024310
485645411
485645411
486220073
486220073
486220073
486220073
486220073
486220073
486984572
486984572
487387604
486984572
486984572
486220073
486220073
485645411
486220073
485645411
485645411
485024310
485024310
484931823
484931823
484931823
484931823
484760486
484760486
484760486
484931823
484931823
484931823
484760486
484760486
484760486
484760486
484760486
484931823
484931823
485024310
484931823
485024310
484931823
484931823
484931823
484931823
484760486
484760486
484760486
484760486
484023799
484023799
483697070
484023799
484023799
484023799
484023799
484760486
484023799
484023799
483697070
484023799
483697070
484023799
484023799
484023799
483697070
484023799
484023799
484760486
484760486
484760486
484023799
484760486
484760486
484931823
484931823
485024310
484931823
485024310
485024310
485645411
485024310
485645411
485645411
486220073
486220073
486220073
486220073
486220073
485645411
485645411
485645411
485645411
485645411
486220073
485645411
486220073
486220073
486984572
486220073
486984572
486220073
486984572
486984572
486984572
486220073
486220073
486220073
486220073
485645411
485645411
485645411
485645411
485645411
486220073
485645411
485645411
485024310
485645411
485024310
485024310
484931823
485024310
485024310
485645411
485645411
485645411
485024310
485024310
484931823
485024310
485024310
485024310
484931823
485024310
484931823
484931823
484760486
484760486
484023799
484760486
484023799
484760486
484760486
484931823
484931823
484931823
484931823
484931823
484931823
484931823
484760486
484760486
484023799
484023799
484023799
484760486
484023799
484760486
484023799
484023799
484023799
484023799
483697070
483697070
483697070
484023799
483697070
483697070
483697070
483697070
483075623
483075623
482902058
483075623
482902058
483075623
483075623
483697070
483075623
483075623
482902058
482902058
482902058
483075623
483075623
483697070
483697070
483697070
483075623
483697070
483697070
484023799
483697070
483697070
483075623
483697070
483075623
483075623
482902058
483075623
482902058
482902058
482317434
482902058
482317434
482902058
482902058
482902058
482317434
482317434
482024177
482024177
482024177
482024177
482024177
482024177
482024177
482317434
482024177
482024177
481502693
481502693
481122298
481502693
481122298
481122298
481122298
481502693
481502693
482024177
481502693
481502693
481502693
481502693
481122298
481502693
481502693
482024177
482024177
482317434
482024177
482317434
482317434
482902058
482317434
482902058
482317434
482902058
482902058
483075623
482902058
483075623
483075623
483697070
483075623
483697070
483697070
483697070
483075623
483697070
483697070
484023799
483697070
483697070
483697070
484023799
484023799
484023799
483697070
483697070
483075623
483697070
483697070
483697070
483697070
484023799
483697070
484023799
483697070
484023799
483697070
484023799
483697070
484023799
483697070
484023799
483697070
484023799
483697070
484023799
483697070
484023799
484023799
484023799
484023799
484023799
483697070
484023799
484023799
484023799
484023799
484405682
484405682
484522822
484405682
484522822
484405682
484405682
484023799
484023799
484023799
484023799
484023799
484023799
484023799
484405682
484405682
484405682
484023799
484405682
484405682
484522822
484522822
484760486
484522822
484522822
484405682
484522822
484405682
484522822
484522822
484760486
484760486
484760486
484760486
484760486
484522822
484522822
484405682
484522822
484522822
484522822
484405682
484522822
484522822
484760486
484522822
484522822
484405682
484522822
484405682
484405682
484405682
484405682
484405682
484405682
484405682
484405682
484405682
484405682
484023799
484405682
484405682
484405682
484405682
484405682
484405682
484522822
484522822
484522822
484405682
484522822
484405682
484405682
484023799
484023799
484023799
484405682
484023799
484405682
484405682
484522822
484405682
484405682
484405682
484405682
484405682
484522822
484522822
484522822
484522822
484522822
484522822
484714797
484522822
484714797
484522822
484522822
484405682
484522822
484522822
484714797
484714797
484714797
484714797
484760486
484714797
484760486
484714797
484714797
484714797
484760486
484760486
484760486
484714797
484760486
484714797
484760486
484760486
484931823
484931823
485024310
485024310
485645411
485024310
485024310
484931823
484931823
484760486
484931823
484931823
484931823
484760486
484931823
484931823
485024310
485024310
485645411
485645411
485710069
485645411
485710069
485710069
485710069
485710069
485710069
485645411
485710069
485645411
485645411
485645411
485645411
485645411
485710069
485710069
486220073
486220073
486220073
485710069
486220073
485710069
485710069
485710069
486220073
485710069
485710069
485710069
486220073
485710069
486220073
486220073
486706684
486706684
486900416
486900416
486984572
486900416
486984572
486984572
487387604
486984572
487387604
487387604
487861957
487387604
487387604
487387604
487387604
486984572
487387604
487387604
487387604
486984572
487387604
487387604
487861957
487387604
487387604
487387604
487387604
486984572
486984572
486984572
487387604
486984572
487387604
487387604
487861957
487387604
487387604
486984572
486984572
486900416
486900416
486706684
486900416
486900416
486984572
486900416
486984572
486900416
486984572
486984572
486984572
486984572
487387604
486984572
486984572
486984572
487387604
486984572
486984572
486984572
487387604
486984572
486984572
486900416
486984572
486900416
486900416
486900416
486984572
486984572
487387604
487387604
487387604
486984572
486984572
486984572
487387604
487387604
487861957
487387604
487387604
487387604
487387604
486984572
486984572
486984572
486984572
486984572
487387604
486984572
486984572
486900416
486984572
486984572
487387604
487387604
487861957
487861957
487861957
487861957
487861957
487861957
489021663
489021663
489789190
489021663
489789190
489021663
489789190
489021663
489021663
489021663
489021663
487861957
489021663
489021663
489789190
489789190
489789190
489021663
489021663
489021663
489021663
487861957
489021663
489021663
489021663
489021663
489789190
489021663
489789190
489021663
489789190
489021663
489021663
489021663
489789190
489021663
489789190
489789190
491107557
489789190
491107557
491107557
491482874
491107557
491107557
489789190
491107557
491107557
491107557
491107557
491482874
491482874
491482874
491482874
491482874
491107557
491107557
489789190
489789190
489789190
489789190
489021663
489021663
489021663
489789190
489021663
489789190
489789190
491107557
489789190
491107557
491107557
491482874
491482874
491820503
491820503
491820503
491482874
491482874
491107557
491482874
491482874
491482874
491107557
491107557
491107557
491107557
489789190
491107557
489789190
489789190
489021663
489021663
487861957
489021663
487861957
489021663
487861957
489021663
489021663
489021663
489021663
489021663
487861957
489021663
487861957
487861957
487861957
489021663
487861957
489021663
487861957
487861957
487387604
487861957
487861957
487861957
487861957
487861957
487861957
487861957
487387604
487387604
487387604
487387604
486984572
487387604
487387604
487861957
487861957
489021663
489021663
489789190
489021663
489789190
489021663
489021663
489021663
489021663
489021663
489021663
487861957
489021663
487861957
487861957
487861957
489021663
489021663
489021663
487861957
487861957
487387604
487387604
486984572
487387604
486984572
486984572
486984572
487387604
486984572
487387604
487387604
487387604
486984572
487387604
486984572
487387604
487387604
487387604
487387604
487861957
487387604
487861957
487861957
489021663
489021663
489021663
489021663
489789190
489021663
489021663
489021663
489021663
489021663
489789190
489789190
489789190
489789190
491107557
491107557
491107557
489789190
489789190
489789190
489789190
489021663
489021663
487861957
487861957
487861957
489021663
489021663
489789190
489021663
489789190
489789190
491107557
491107557
491107557
489789190
491107557
491107557
491107557
489789190
491107557
489789190
491107557
491107557
491482874
491482874
491820503
491820503
492014244
491820503
491820503
491482874
491820503
491482874
491820503
491820503
491820503
491482874
491482874
491107557
491482874
491107557
491482874
491482874
491482874
491482874
491820503
491482874
491820503
491482874
491482874
491482874
491482874
491107557
491107557
489789190
491107557
491107557
491107557
491107557
491107557
489789190
491107557
491107557
491482874
491482874
491482874
491107557
491482874
491107557
491107557
491107557
491482874
491107557
491107557
491107557
491107557
489789190
489789190
489021663
489789190
489021663
489789190
489021663
489789190
489789190
491107557
491107557
491107557
489789190
491107557
489789190
489789190
489789190
491107557
489789190
491107557
491107557
491482874
491107557
491482874
491482874
491482874
491482874
491482874
491107557
491107557
489789190
491107557
491107557
491107557
489789190
491107557
489789190
491107557
491107557
491107557
491107557
491482874
491482874
491482874
491482874
491482874
491107557
491107557
491107557
491482874
491107557
491482874
491107557
491107557
489789190
491107557
489789190
491107557
489789190
491107557
489789190
489789190
489789190
489789190
489789190
489789190
489789190
489789190
489021663
489789190
489789190
489789190
489021663
489021663
487861957
489021663
487861957
489021663
489021663
489789190
489021663
489789190
489021663
489021663
489021663
489021663
489021663
489021663
487861957
489021663
487861957
487861957
487861957
487861957
487861957
487861957
487861957
489021663
489021663
489021663
487861957
487861957
487387604
487861957
487387604
487861957
487861957
487861957
487387604
487387604
486984572
486984572
486900416
486984572
486900416
486984572
486984572
487387604
486984572
486984572
486900416
486900416
486900416
486984572
486984572
487387604
486984572
487387604
486984572
486984572
486984572
486984572
486984572
487387604
487387604
487861957
487861957
488876430
487861957
488876430
488876430
489021663
488876430
489021663
489021663
489021663
488876430
488876430
487861957
487861957
487861957
488876430
487861957
488876430
487861957
488876430
487861957
488876430
488876430
488876430
487861957
487861957
487861957
487861957
487861957
487861957
487861957
487861957
487861957
488876430
488876430
489021663
489021663
489021663
489021663
489021663
489021663
489789190
489021663
489021663
489021663
489789190
489789190
489789190
489789190
489789190
489021663
489789190
489789190
491107557
491107557
491107557
491107557
491107557
489789190
489789190
489021663
489789190
489789190
489789190
489789190
491107557
489789190
491107557
491107557
491482874
491107557
491107557
489789190
491107557
491107557
491107557
491107557
491107557
489789190
489789190
489021663
489021663
489021663
489021663
488876430
488876430
488876430
488876430
487861957
487861957
487387604
487861957
487387604
487861957
487861957
488876430
488876430
488876430
488876430
488876430
487861957
487861957
487387604
487861957
487387604
487861957
487861957
488876430
488876430
488876430
487861957
487861957
487861957
488876430
487861957
487861957
487387604
487861957
487861957
487861957
487387604
487861957
487387604
487861957
487387604
487861957
487861957
487980333
487980333
487980333
487980333
487980333
487861957
487980333
487980333
488876430
488876430
488876430
487980333
488876430
487980333
488876430
487980333
488876430
488876430
489021663
489021663
489789190
489789190
489789190
489021663
489021663
489021663
489789190
489789190
489789190
489789190
491107557
489789190
489789190
489789190
491107557
489789190
491107557
491107557
491482874
491482874
491820503
491820503
491820503
491482874
491482874
491107557
491107557
491107557
491107557
489789190
491107557
489789190
489789190
489789190
489789190
489789190
489789190
489021663
489021663
488876430
488876430
488876430
489021663
488876430
489021663
489021663
489789190
489021663
489021663
489021663
489021663
489021663
489021663
489021663
489789190
489789190
491107557
489789190
491107557
489789190
491107557
491107557
491482874
491482874
491820503
491482874
491482874
491107557
491107557
491107557
491482874
491482874
491482874
491482874
491482874
491482874
491482874
491107557
491482874
491482874
491482874
491482874
491482874
491482874
491482874
491482874
491820503
491482874
491820503
491820503
492014244
492014244
492014244
492014244
492056311
492014244
492056311
492014244
492014244
491820503
492014244
492014244
492014244
492014244
492014244
491820503
491820503
491820503
492014244
492014244
492056311
492014244
492014244
492014244
492056311
492056311
492056311
492056311
492617757
492056311
492617757
492056311
492617757
492617757
492617757
492617757
492617757
492056311
492056311
492056311
492617757
492617757
492617757
492056311
492056311
492014244
492014244
491820503
492014244
492014244
492056311
492014244
492014244
492014244
492056311
492056311
492617757
492617757
492903612
492903612
492903612
492903612
493069154
492903612
493069154
493069154
493069154
493069154
493184660
493184660
493424097
493184660
493184660
493069154
493069154
492903612
492903612
492617757
492617757
492617757
492617757
492056311
492056311
492056311
492056311
492014244
492056311
492056311
492056311
492056311
492617757
492617757
492617757
492617757
492903612
492903612
493069154
493069154
493184660
493184660
493424097
493424097
493424097
493424097
493616733
493616733
493642575
493642575
493779571
493779571
493889574
493779571
493889574
493779571
493889574
493889574
493889574
493889574
494194706
494194706
494194706
494194706
494194706
494194706
494269784
494269784
494269784
494269784
494382468
494382468
494442858
494442858
494934922
494934922
495642542
494934922
495642542
494934922
494934922
494442858
494934922
494934922
495642542
495642542
495642542
495642542
495642542
494934922
494934922
494442858
494442858
494442858
494442858
494442858
494934922
494442858
494442858
494442858
494934922
494442858
494934922
494442858
494934922
494934922
494934922
494934922
494934922
494934922
494934922
494442858
494934922
494442858
494442858
494382468
494442858
494382468
494442858
494442858
494934922
494934922
495642542
494934922
495642542
494934922
495642542
494934922
494934922
494934922
494934922
494934922
495398720
495398720
495642542
495398720
495642542
495642542
496620999
495642542
495642542
495642542
495642542
495642542
495642542
495642542
496620999
495642542
496620999
495642542
496620999
495642542
496620999
495642542
495642542
495398720
495642542
495642542
496620999
496620999
496620999
496620999
496835946
496835946
497020737
497020737
497020737
496835946
497020737
497020737
497355897
497355897
497355897
497355897
497355897
497355897
499009051
499009051
499270019
499009051
499270019
499009051
499009051
497355897
497355897
497355897
499009051
497355897
499009051
497355897
497355897
497020737
497020737
496835946
497020737
496835946
496835946
496835946
497020737
496835946
496835946
496835946
497020737
497020737
497020737
496835946
496835946
496835946
496835946
496620999
496620999
495642542
496620999
495642542
495642542
495642542
495642542
495398720
495642542
495642542
496620999
495642542
496620999
495642542
495642542
495398720
495398720
495398720
495398720
495398720
495398720
495092470
495398720
495092470
495398720
495092470
495398720
495092470
495398720
495092470
495398720
495398720
495398720
495398720
495398720
495398720
495642542
495642542
496620999
496620999
496620999
496620999
496620999
495642542
495642542
495642542
495642542
495642542
496620999
496620999
496620999
496620999
496835946
496835946
497020737
496835946
497020737
497020737
497020737
497020737
497355897
497020737
497355897
497020737
497020737
497020737
497020737
496835946
496835946
496835946
497020737
496835946
497020737
497020737
497355897
497020737
497020737
496835946
497020737
496835946
497020737
497020737
497020737
496835946
497020737
496835946
496835946
496835946
496835946
496620999
496620999
496379387
496620999
496379387
496620999
496379387
496379387
496379387
496379387
495642542
495642542
495642542
495642542
495642542
495642542
495398720
495642542
495642542
495642542
495642542
496379387
496379387
496620999
496379387
496620999
496620999
496620999
496379387
496620999
496620999
496835946
496620999
496620999
496379387
496379387
495642542
495642542
495642542
496379387
496379387
496379387
495642542
496379387
496379387
496379387
495642542
496379387
495642542
496379387
496379387
496379387
496379387
496379387
495642542
495642542
495398720
495642542
495398720
495642542
495398720
495642542
495398720
495642542
495642542
495642542
495642542
496379387
496379387
496620999
496620999
496620999
496620999
496620999
496379387
496379387
496379387
496379387
495642542
496379387
495642542
496379387
496379387
496379387
495642542
495642542
495398720
495642542
495398720
495398720
495398720
495642542
495398720
495642542
495642542
496379387
496379387
496379387
496379387
496379387
495642542
495642542
495398720
495398720
495092470
495398720
495092470
495092470
495060835
495060835
494934922
495060835
495060835
495060835
495060835
495060835
495060835
495092470
495092470
495092470
495060835
495092470
495060835
495092470
495060835
495060835
495060835
495092470
495092470
495092470
495092470
495092470
495060835
495092470
495092470
495398720
495092470
495398720
495092470
495398720
495398720
495642542
495398720
495398720
495398720
495398720
495398720
495398720
495398720
495398720
495398720
495398720
495092470
495398720
495092470
495092470
495060835
495060835
494934922
495060835
494934922
494934922
494934922
494934922
494934922
494934922
494934922
494934922
494934922
494934922
494934922
495060835
494934922
494934922
494934922
494934922
494934922
494934922
494934922
494934922
494934922
494934922
494934922
495060835
494934922
494934922
494934922
494934922
494442858
494934922
494442858
494934922
494934922
495060835
494934922
495060835
494934922
494934922
494442858
494934922
494442858
494934922
494442858
494442858
494382468
494442858
494442858
494442858
494382468
494442858
494442858
494934922
494934922
494934922
494442858
494934922
494934922
495060835
495060835
495060835
495060835
495060835
495060835
495060835
494934922
495060835
494934922
494934922
494934922
495060835
494934922
494934922
494442858
494442858
494382468
494382468
494382468
494382468
494269784
494382468
494382468
494382468
494269784
494269784
494269784
494269784
494269784
494382468
494269784
494269784
494269784
494269784
494269784
494382468
494382468
494442858
494442858
494442858
494442858
494934922
494934922
495060835
495060835
495060835
494934922
494934922
494442858
494442858
494442858
494934922
494934922
494934922
494934922
495060835
494934922
495060835
495060835
495092470
495092470
495092470
495092470
495398720
495092470
495092470
495060835
495092470
495060835
495060835
494934922
494934922
494442858
494934922
494442858
494934922
494934922
495060835
495060835
495060835
495060835
495092470
495092470
495092470
495060835
495060835
494934922
494934922
494442858
494934922
494934922
494934922
494442858
494934922
494442858
494934922
494442858
494442858
494382468
494442858
494442858
494442858
494382468
494382468
494382468
494382468
494269784
494269784
494269784
494382468
494269784
494269784
494194706
494269784
494269784
494382468
494382468
494442858
494442858
494934922
494442858
494934922
494934922
495060835
494934922
495060835
494934922
495060835
494934922
495060835
495060835
495060835
494934922
495060835
494934922
495060835
495060835
495092470
495060835
495060835
495060835
495060835
494934922
495060835
494934922
494934922
494934922
494934922
494442858
494442858
494442858
494442858
494382468
494382468
494269784
494269784
494269784
494269784
494269784
494269784
494194706
494269784
494194706
494269784
494269784
494269784
494269784
494269784
494194706
494269784
494194706
494269784
494194706
494194706
493889574
493889574
493889574
493889574
493779571
493889574
493779571
493889574
493779571
493779571
493642575
493779571
493779571
493779571
493642575
493642575
493642575
493779571
493642575
493642575
493616733
493642575
493616733
493616733
493424097
493424097
493184660
493424097
493424097
493424097
493184660
493184660
493184660
493184660
493184660
493184660
493184660
493424097
493184660
493184660
493184660
493424097
493184660
493184660
493184660
493184660
493184660
493424097
493424097
493616733
493616733
493642575
493616733
493642575
493616733
493642575
493642575
493779571
493642575
493642575
493642575
493779571
493779571
493779571
493642575
493642575
493616733
493616733
493424097
493424097
493184660
493184660
493184660
493184660
493184660
493184660
493069154
493069154
492903612
493069154
493069154
493069154
492903612
492903612
492903612
492903612
492617757
492903612
492903612
492903612
492903612
492903612
492617757
492903612
492617757
492903612
492617757
492617757
492617757
492903612
492617757
492617757
492617757
492617757
492610997
492617757
492617757
492617757
492610997
492610997
492056311
492610997
492610997
492610997
492610997
492610997
492056311
492056311
492056311
492610997
492056311
492056311
492056311
492610997
492610997
492617757
492610997
492617757
492610997
492617757
492617757
492617757
492617757
492903612
492903612
492903612
492903612
492903612
492903612
493069154
492903612
493069154
492903612
493069154
492903612
492903612
492903612
492903612
492617757
492903612
492617757
492617757
492617757
492903612
492903612
493069154
493069154
493184660
493184660
493184660
493184660
493424097
493424097
493424097
493424097
493616733
493424097
493616733
493424097
493616733
493616733
493642575
493642575
493642575
493642575
493642575
493616733
493616733
493424097
493616733
493424097
493424097
493424097
493616733
493424097
493616733
493424097
493616733
493616733
493642575
493642575
493779571
493779571
493779571
493642575
493779571
493642575
493642575
493616733
493642575
493642575
493779571
493642575
493642575
493642575
493642575
493642575
493642575
493616733
493616733
493424097
493424097
493424097
493616733
493424097
493616733
493616733
493642575
493616733
493642575
493642575
493642575
493616733
493642575
493616733
493642575
493642575
493642575
493616733
493642575
493642575
493779571
493642575
493779571
493779571
493779571
493642575
493779571
493779571
493889574
493779571
493889574
493889574
494194706
493889574
493889574
493779571
493889574
493889574
494194706
494194706
494194706
493889574
493889574
493779571
493779571
493642575
493779571
493642575
493642575
493642575
493642575
493642575
493779571
493642575
493642575
493616733
493616733
493616733
493616733
493424097
493424097
493424097
493424097
493424097
493424097
493184660
493184660
493069154
493069154
493069154
493184660
493069154
493184660
493069154
493069154
493069154
493184660
493069154
493184660
493184660
493424097
493424097
493424097
493184660
493424097
493184660
493424097
493424097
493616733
493616733
493642575
493642575
493779571
493779571
493779571
493642575
493642575
493616733
493616733
493424097
493616733
493616733
493642575
493616733
493642575
493642575
493779571
493779571
493889574
493779571
493779571
493642575
493642575
493642575
493779571
493779571
493889574
493779571
493779571
493779571
493779571
493642575
493642575
493642575
493779571
493779571
493889574
493889574
493889574
493889574
493889574
493779571
493779571
493642575
493642575
493616733
493642575
493642575
493779571
493779571
493889574
493889574
493889574
493779571
493889574
493889574
494194706
494194706
494269784
494194706
494269784
494194706
494269784
494194706
494269784
494194706
494194706
493889574
493889574
493889574
494194706
493889574
494194706
494194706
494194706
494194706
494269784
494194706
494194706
493889574
493889574
493889574
494194706
494194706
494194706
493889574
494194706
493889574
494194706
493889574
494194706
493889574
494194706
493889574
494194706
493889574
494194706
493889574
494194706
493889574
493889574
493889574
494194706
493889574
494194706
494194706
494269784
494194706
494269784
494269784
494382468
494269784
494382468
494269784
494269784
494194706
494269784
494269784
494269784
494269784
494382468
494269784
494382468
494269784
494382468
494382468
494382468
494269784
494269784
494194706
494194706
493889574
494194706
493889574
493889574
493779571
493779571
493642575
493779571
493642575
493779571
493779571
493889574
493889574
493889574
493779571
493889574
493779571
493779571
493779571
493779571
493642575
493642575
493642575
493642575
493616733
493616733
493616733
493616733
493616733
493616733
493616733
493616733
493616733
493642575
493616733
493642575
493642575
493779571
493779571
493889574
493889574
494194706
493889574
493889574
493889574
493889574
493889574
493889574
493889574
493889574
493889574
494194706
494194706
494194706
493889574
493889574
493889574
494194706
493889574
493889574
493779571
493889574
493779571
493779571
493642575
493642575
493616733
493642575
493616733
493642575
493616733
493642575
493642575
493779571
493642575
493642575
493642575
493779571
493642575
493642575
493642575
493642575
493642575
493779571
493779571
493779571
493779571
493779571
493642575
493642575
493616733
493642575
493616733
493616733
493616733
493616733
493616733
493616733
493616733
493616733
493424097
493424097
493184660
493424097
493184660
493184660
493184660
493184660
493184660
493424097
493424097
493424097
493184660
493184660
493184660
493424097
493184660
493424097
493424097
493616733
493616733
493642575
493616733
493642575
493616733
493642575
493616733
493616733
493424097
493616733
493424097
493616733
493424097
493424097
493184660
493184660
493184660
493424097
493424097
493424097
493184660
493424097
493424097
493616733
493616733
493616733
493424097
493616733
493616733
493616733
493616733
493642575
493616733
493642575
493642575
493642575
493642575
493779571
493642575
493779571
493642575
493779571
493779571
493889574
493889574
494194706
494194706
494194706
494194706
494269784
494269784
494269784
494269784
494269784
494194706
494194706
493889574
493889574
493779571
493779571
493779571
493889574
493889574
494194706
493889574
493889574
493889574
494194706
493889574
493889574
493779571
493779571
493779571
493779571
493642575
493642575
493616733
493642575
493642575
493642575
493642575
493779571
493779571
493889574
493779571
493779571
493779571
493779571
493779571
493889574
493889574
494194706
494194706
494194706
494194706
494194706
493889574
493889574
493889574
493889574
493889574
493889574
493889574
494194706
493889574
493889574
493779571
493779571
493779571
493779571
493642575
493779571
493779571
493889574
493779571
493779571
493779571
493889574
493779571
493779571
493779571
493889574
493779571
493779571
493779571
493889574
493889574
493889574
493779571
493779571
493779571
493889574
493779571
493889574
493779571
493889574
493889574
493889574
493889574
493889574
493779571
493889574
493779571
493889574
493779571
493889574
493779571
493889574
493779571
493889574
493779571
493779571
493779571
493779571
493779571
493779571
493779571
493779571
493642575
493642575
493616733
493616733
493616733
493616733
493424097
493424097
493424097
493616733
493616733
493642575
493616733
493642575
493642575
493642575
493642575
493779571
493642575
493779571
493779571
493779571
493779571
493889574
493889574
493889574
493779571
493779571
493642575
493642575
493616733
493642575
493642575
493779571
493642575
493779571
493779571
493779571
493642575
493642575
493616733
493616733
493616733
493616733
493616733
493616733
493616733
493642575
493642575
493642575
493616733
493642575
493642575
493779571
493779571
493889574
493779571
493779571
493642575
493642575
493642575
493779571
493642575
493779571
493642575
493642575
493616733
493642575
493616733
493642575
493616733
493642575
493642575
493642575
