805158968
50323193
58443552
58443552
638961504
638961504
638961504
638961504
638961504
465016142
638961504
465016142
465016142
376797612
465016142
376797612
465016142
465016142
465016142
376797612
465016142
465016142
465016142
465016142
465016142
376797612
376797612
376797612
382803433
382803433
382803433
382803433
382803433
382803433
401053630
401053630
405152684
401053630
405152684
401053630
405152684
405152684
405152684
405152684
405152684
401053630
401053630
382803433
382803433
382803433
401053630
401053630
405152684
401053630
405152684
405152684
405152684
405152684
422793936
405152684
422793936
422793936
422793936
422793936
428287215
428287215
428287215
428287215
428287215
428287215
465016142
465016142
491017198
491017198
502671444
491017198
502671444
502671444
549414501
549414501
549414501
549414501
549414501
502671444
502671444
502671444
549414501
549414501
549414501
539164974
539164974
539164974
539164974
532843835
532843835
519765128
519765128
502671444
519765128
519765128
519765128
502671444
519765128
502671444
519765128
519765128
521315808
521315808
532843835
532843835
532843835
521315808
521315808
521315808
532843835
532843835
539164974
532843835
532843835
521315808
521315808
519765128
519765128
519765128
519765128
519765128
521315808
519765128
519765128
502671444
519765128
519765128
521315808
521315808
532843835
532843835
532843835
532843835
536411047
532843835
532843835
521315808
532843835
532843835
536411047
532843835
532843835
521315808
532843835
532843835
536411047
532843835
532843835
527010226
532843835
527010226
527010226
527010226
532843835
532843835
532843835
532843835
532843835
527010226
532843835
532843835
532843835
532843835
536411047
532843835
536411047
532843835
536411047
532843835
536411047
532843835
536411047
536411047
539164974
539164974
549414501
549414501
551003703
549414501
551003703
551003703
551003703
551003703
558469026
558469026
558469026
558469026
565527050
558469026
565527050
558469026
565527050
565527050
568131794
565527050
565527050
565527050
568131794
568131794
568131794
565527050
568131794
565527050
568131794
565527050
568131794
565527050
568131794
565527050
565527050
565527050
565527050
558469026
558469026
551003703
551003703
551003703
551003703
549414501
549414501
539164974
539164974
536411047
539164974
539164974
539164974
539164974
539164974
536411047
536411047
532843835
536411047
536411047
536411047
536411047
539164974
536411047
536411047
536411047
536411047
532843835
532843835
527010226
527010226
526296066
526296066
521315808
521315808
519765128
521315808
519765128
521315808
519765128
521315808
521315808
521315808
519765128
519765128
519765128
521315808
521315808
521315808
519765128
519765128
518312338
518312338
502671444
502671444
502671444
518312338
518312338
519765128
519765128
521315808
519765128
521315808
521315808
521771339
521315808
521771339
521315808
521315808
521315808
521315808
519765128
521315808
519765128
519765128
518312338
518312338
518312338
519765128
518312338
519765128
518312338
518312338
506367767
506367767
502671444
502671444
502671444
502671444
502671444
502671444
502671444
502671444
502671444
506367767
506367767
506367767
502671444
506367767
502671444
506367767
506367767
506367767
506367767
518312338
518312338
518312338
506367767
518312338
506367767
506367767
502671444
506367767
502671444
502671444
494342979
494342979
494342979
494342979
494342979
494342979
491017198
494342979
491017198
494342979
494342979
502671444
502671444
502671444
494342979
502671444
494342979
502671444
494342979
494342979
494342979
494342979
491017198
494342979
491017198
491017198
490787525
490787525
490787525
490787525
490571214
490571214
490571214
490787525
490571214
490571214
490571214
490787525
490571214
490571214
490571214
490787525
490787525
490787525
490787525
491017198
490787525
491017198
491017198
491017198
491017198
491017198
490787525
490787525
490787525
491017198
490787525
490787525
490787525
491017198
491017198
494342979
491017198
494342979
491017198
491017198
490787525
491017198
491017198
494342979
491017198
494342979
491017198
494342979
494342979
494342979
494342979
502671444
502671444
506367767
506367767
518312338
518312338
518312338
506367767
506367767
506367767
506367767
502671444
502671444
494342979
502671444
502671444
506367767
506367767
506367767
506367767
506367767
502671444
506367767
506367767
506367767
502671444
506367767
502671444
502671444
502671444
506367767
502671444
506367767
502671444
502671444
494342979
494342979
494341262
494342979
494342979
502671444
502671444
506367767
506367767
506367767
506367767
514034936
514034936
514034936
514034936
514034936
514034936
514034936
506367767
506367767
506367767
514034936
506367767
514034936
514034936
518312338
514034936
518312338
514034936
518312338
514034936
518312338
514034936
518312338
518312338
519765128
519765128
521315808
521315808
521315808
519765128
521315808
521315808
521771339
521771339
521771339
521771339
521771339
521771339
525607916
521771339
525607916
521771339
525607916
525607916
526296066
526296066
527010226
526296066
526296066
526296066
526296066
526296066
526296066
526296066
527010226
527010226
529291715
527010226
529291715
527010226
529291715
529291715
529856551
529291715
529291715
529291715
529291715
529291715
529856551
529291715
529291715
529291715
529856551
529291715
529856551
529291715
529291715
529291715
529856551
529856551
530286458
529856551
529856551
529291715
529291715
527010226
529291715
529291715
529291715
527010226
527010226
527010226
529291715
527010226
527010226
526296066
527010226
526296066
526296066
526296066
526296066
526296066
526296066
526296066
526296066
525607916
526296066
525607916
525607916
525607916
525607916
525607916
525607916
521771339
521771339
521771339
525607916
525607916
525607916
525607916
526296066
526296066
526296066
526296066
527010226
527010226
527010226
526296066
527010226
526296066
526296066
526296066
526296066
526296066
527010226
527010226
529291715
529291715
529291715
529291715
529856551
529291715
529856551
529856551
530286458
530286458
532843835
530286458
530286458
530286458
532843835
530286458
532843835
532843835
536411047
532843835
536411047
532843835
532843835
532843835
536411047
532843835
532843835
530286458
530286458
529856551
529856551
529291715
529856551
529856551
530247425
529856551
529856551
529291715
529291715
529291715
529856551
529856551
530247425
530247425
530286458
530247425
530286458
530286458
530286458
530286458
532843835
532843835
536411047
536411047
536411047
536411047
536966772
536966772
537854428
537854428
537854428
537854428
537854428
536966772
537854428
536966772
537854428
537854428
537854428
537854428
539164974
539164974
539164974
537854428
537854428
537854428
537854428
536966772
537854428
537854428
539164974
539164974
539483116
539164974
539483116
539164974
539483116
539164974
539483116
539483116
539483116
539483116
540300471
539483116
539483116
539483116
539483116
539164974
539483116
539483116
539483116
539483116
540300471
539483116
539483116
539164974
539164974
537854428
539164974
537854428
539164974
537854428
537854428
536966772
536966772
536411047
536966772
536966772
537854428
537854428
537854428
537854428
539164974
539164974
539164974
537854428
537854428
536966772
536966772
536411047
536966772
536966772
536966772
536966772
536966772
536411047
536411047
536411047
536411047
532843835
536411047
532843835
536411047
536411047
536411047
536411047
536411047
532843835
536411047
536411047
536966772
536966772
536966772
536411047
536411047
532843835
532843835
531509438
532843835
532843835
532843835
532843835
532843835
532843835
536411047
536411047
536966772
536966772
536966772
536411047
536411047
532843835
532843835
532843835
532843835
532843835
532843835
532843835
535217943
532843835
532843835
531509438
531509438
530286458
530286458
530247425
530247425
530247425
530286458
530247425
530286458
530247425
530286458
530247425
530247425
529856551
530247425
530247425
530286458
530247425
530247425
529856551
529856551
529291715
529856551
529291715
529856551
529856551
530247425
530247425
530247425
529856551
530247425
530247425
530286458
530247425
530286458
530286458
531509438
530286458
530286458
530286458
531509438
530286458
530286458
530286458
530286458
530247425
530286458
530247425
530286458
530286458
530286458
530247425
530286458
530286458
530286458
530247425
530247425
530247425
530286458
530286458
530286458
530247425
530247425
530247425
530247425
529856551
530247425
529856551
530247425
530247425
530286458
530247425
530286458
530247425
530247425
530247425
530247425
530247425
530286458
530247425
530247425
530247425
530247425
530247425
530286458
530286458
530286458
530286458
530286458
530286458
530286458
530286458
530286458
530247425
530286458
530247425
530286458
530247425
530286458
530286458
530286458
530247425
530286458
530286458
531509438
531509438
531509438
530286458
530286458
530247425
530247425
530247425
530247425
530247425
530286458
530286458
530286458
530286458
531509438
531509438
532843835
531509438
532843835
532843835
532843835
532843835
532843835
532843835
535217943
535217943
535217943
532843835
532843835
532843835
535217943
532843835
535217943
532843835
532843835
532843835
535217943
532843835
535217943
535217943
536411047
535217943
535217943
535217943
535217943
535217943
536411047
536411047
536966772
536411047
536411047
536411047
536966772
536411047
536966772
536966772
536966772
536411047
536411047
535217943
535217943
535217943
535217943
532843835
532843835
532843835
532843835
531509438
532843835
531509438
531509438
531509438
532843835
531509438
532843835
532843835
535217943
532843835
535217943
532843835
532843835
532843835
532843835
531509438
532843835
531509438
532843835
531509438
532843835
531509438
532843835
532843835
532843835
531509438
531509438
530286458
530286458
530247425
530286458
530286458
531509438
531509438
531509438
531509438
531509438
531509438
532843835
532843835
535217943
535217943
535217943
532843835
535217943
532843835
535217943
535217943
536411047
536411047
536411047
536411047
536411047
535217943
535217943
532843835
532843835
531509438
531509438
531482944
531509438
531482944
531509438
531482944
531509438
531509438
531509438
531482944
531509438
531509438
531509438
531509438
531509438
531482944
531509438
531482944
531482944
530286458
531482944
531482944
531482944
530286458
530286458
530286458
530286458
530286458
531482944
530286458
530286458
530247425
530247425
530247425
530247425
530247425
530247425
529856551
529856551
529291715
529856551
529856551
530247425
530247425
530247425
529856551
529856551
529291715
529291715
529291715
529291715
529291715
529856551
529856551
529856551
529856551
530247425
530247425
530247425
529856551
529856551
529291715
529291715
529291715
529856551
529856551
530247425
529856551
529856551
529856551
530247425
529856551
530247425
529856551
530247425
530247425
530247425
530247425
530286458
530247425
530286458
530286458
531482944
530286458
531482944
531482944
531482944
530286458
531482944
530286458
530286458
530247425
530247425
530247425
530247425
530247425
530286458
530286458
531482944
531482944
531509438
531482944
531509438
531509438
532252626
531509438
532252626
531509438
531509438
531509438
532252626
532252626
532843835
532252626
532252626
531509438
531509438
531509438
532252626
531509438
532252626
531509438
531509438
531509438
532252626
532252626
532843835
532252626
532252626
531509438
531509438
531482944
531482944
531482944
531509438
531482944
531509438
531482944
531509438
531509438
532252626
531509438
531509438
531509438
532252626
532252626
532252626
531509438
531509438
531509438
532252626
532252626
532843835
532252626
532252626
532252626
532843835
532252626
532843835
532252626
532252626
532252626
532843835
532252626
532252626
532252626
532252626
531509438
532252626
531509438
532252626
531509438
531509438
531482944
531482944
530286458
531482944
530286458
531482944
531482944
531482944
530286458
531482944
530286458
531482944
530286458
531482944
531482944
531482944
530286458
531482944
530286458
531482944
531482944
531482944
531482944
531482944
530286458
530286458
530247425
530247425
530247425
530286458
530247425
530286458
530247425
530247425
530247425
530247425
530247425
530286458
530247425
530286458
530247425
530247425
530247425
530286458
530286458
530286458
530247425
530247425
529856551
530247425
529856551
529856551
529856551
530247425
529856551
529856551
529856551
529856551
529291715
529856551
529291715
529291715
527010226
529291715
527010226
527010226
527010226
529291715
529291715
529291715
529291715
529856551
529856551
530247425
529856551
529856551
529291715
529856551
529291715
529291715
527010226
529291715
529291715
529291715
529291715
529856551
529856551
530247425
529856551
529856551
529856551
529856551
529291715
529291715
529291715
529856551
529291715
529291715
527010226
527010226
527010226
527010226
527010226
527010226
526415213
526415213
526296066
526296066
526296066
526296066
526296066
526415213
526296066
526296066
526296066
526415213
526296066
526296066
526296066
526415213
526296066
526296066
526296066
526415213
526296066
526296066
525607916
526296066
526296066
526296066
525607916
526296066
526296066
526415213
526415213
527010226
527010226
527010226
527010226
527010226
526415213
526415213
526415213
526415213
526296066
526415213
526415213
526415213
526296066
526415213
526296066
526415213
526296066
526296066
526296066
526296066
525607916
526296066
525607916
526296066
526296066
526415213
526415213
527010226
527010226
527010226
526415213
527010226
527010226
527010226
526415213
526415213
526415213
527010226
527010226
529291715
527010226
529291715
527010226
527010226
526415213
526415213
526415213
527010226
526415213
526415213
526296066
526415213
526296066
526415213
526296066
526296066
525607916
525607916
525607916
525607916
524279475
524279475
521771339
521771339
521315808
521315808
520033980
521315808
521315808
521771339
521771339
521771339
521315808
521771339
521315808
521771339
521315808
521315808
521315808
521315808
520033980
520033980
520033980
521315808
521315808
521315808
521315808
521315808
521315808
521771339
521315808
521771339
521771339
524279475
521771339
524279475
524279475
524279475
521771339
521771339
521315808
521771339
521315808
521771339
521771339
521771339
521315808
521771339
521315808
521771339
521771339
521771339
521771339
521771339
521315808
521771339
521771339
524279475
521771339
521771339
521771339
524279475
521771339
521771339
521771339
524279475
524279475
524279475
521771339
521771339
521771339
524279475
521771339
521771339
521315808
521315808
520033980
521315808
521315808
521315808
520033980
520033980
519841844
519841844
519765128
519765128
518312338
518312338
516959827
518312338
516959827
516959827
515157244
515157244
515157244
515157244
514034936
514034936
512170058
512170058
511823301
511823301
511823301
512170058
512170058
514034936
512170058
514034936
514034936
515157244
515157244
516959827
516959827
516959827
515157244
516959827
516959827
516959827
516959827
516959827
515157244
515157244
515157244
515157244
514034936
514034936
514034936
515157244
514034936
514034936
512170058
514034936
512170058
514034936
512170058
514034936
512170058
514034936
512170058
512170058
511823301
512170058
512170058
514034936
514034936
514034936
512170058
512170058
511823301
512170058
511823301
512170058
512170058
514034936
512170058
514034936
512170058
514034936
512170058
512170058
512170058
514034936
512170058
512170058
512170058
512170058
512170058
512170058
512170058
512170058
511823301
511823301
511823301
511823301
509874321
509874321
509874321
511823301
511823301
512170058
511823301
511823301
509874321
511823301
511823301
511823301
509874321
511823301
509874321
511823301
511823301
512170058
511823301
512170058
511823301
511823301
511823301
512170058
512170058
512170058
512170058
512170058
512170058
512170058
512170058
514034936
514034936
514034936
512170058
514034936
512170058
512170058
511823301
512170058
512170058
514034936
512170058
512170058
512170058
514034936
512170058
512170058
511823301
511823301
511823301
511823301
511823301
512170058
512170058
514034936
512170058
512170058
511823301
512170058
512170058
512170058
511823301
512170058
512170058
514034936
514034936
514034936
512170058
514034936
514034936
514034936
512170058
514034936
512170058
512170058
512170058
512170058
511823301
512170058
512170058
512170058
511823301
511823301
511823301
512170058
511823301
511823301
509874321
511823301
511823301
511823301
509874321
511823301
509874321
511823301
511823301
512170058
511823301
511823301
511823301
512170058
511823301
511823301
511823301
512170058
512170058
514034936
512170058
514034936
512170058
512170058
512170058
514034936
514034936
514034936
514034936
514034936
512170058
512170058
512170058
514034936
514034936
514034936
514034936
515157244
514034936
515157244
514034936
514034936
512170058
512170058
511823301
511823301
511823301
511823301
509874321
509874321
509874321
511823301
511823301
512170058
511823301
511823301
511823301
512170058
512170058
512170058
511823301
512170058
511823301
511823301
511823301
511823301
511823301
511823301
511823301
512170058
512170058
512478947
512478947
514034936
514034936
515157244
514034936
515157244
514034936
514034936
514034936
514034936
514034936
514034936
514034936
514034936
514034936
514034936
512478947
514034936
512478947
514034936
514034936
514034936
512478947
512478947
512170058
512170058
512170058
512478947
512170058
512170058
511823301
511823301
509874321
511823301
511823301
512170058
511823301
512170058
511823301
512170058
511823301
512170058
512170058
512478947
512170058
512478947
512170058
512170058
512170058
512170058
511823301
511823301
511823301
512170058
512170058
512170058
512170058
512170058
511823301
511823301
509874321
509874321
509179551
509874321
509179551
509179551
509179551
509874321
509179551
509179551
509137410
509137410
508802786
508802786
506367767
506367767
504540887
506367767
506367767
508802786
506367767
506367767
504540887
504540887
504540887
504540887
504540887
504540887
504540887
504540887
504474039
504540887
504474039
504474039
504009485
504009485
503894727
504009485
504009485
504009485
504009485
504009485
503894727
504009485
503894727
504009485
503894727
504009485
504009485
504474039
504474039
504540887
504540887
506367767
504540887
504540887
504540887
504540887
504540887
504540887
504474039
504540887
504540887
506367767
504540887
504540887
504474039
504540887
504474039
504474039
504474039
504474039
504009485
504009485
503894727
503894727
503321467
503321467
503321467
503321467
503321467
503894727
503894727
504009485
504009485
504009485
503894727
503894727
503321467
503894727
503894727
503894727
503321467
503894727
503321467
503894727
503321467
503321467
502754566
503321467
502754566
502754566
502671444
502671444
502671444
502671444
502671444
502671444
501879574
502671444
501879574
501879574
501806662
501806662
501806662
501879574
501806662
501806662
501806662
501879574
501879574
502671444
502671444
502754566
502671444
502671444
501879574
502671444
502671444
502671444
502671444
502754566
502754566
502754566
502671444
502754566
502754566
502754566
502671444
502671444
502671444
502754566
502754566
502754566
502671444
502754566
502754566
502754566
502754566
502754566
502671444
502754566
502754566
503321467
503321467
503894727
503894727
504009485
504009485
504474039
504009485
504474039
504009485
504009485
503894727
503894727
503321467
503321467
502754566
503321467
502754566
503321467
503321467
503894727
503321467
503321467
503321467
503321467
502754566
503321467
503321467
503321467
503321467
503894727
503894727
503894727
503321467
503894727
503894727
504009485
504009485
504474039
504474039
504474039
504009485
504474039
504009485
504474039
504009485
504009485
503894727
504009485
503894727
503894727
503321467
503894727
503894727
503894727
503894727
503894727
503894727
503894727
503894727
504009485
504009485
504009485
503894727
504009485
503894727
503894727
503894727
504009485
504009485
504009485
504009485
504009485
503894727
503894727
503894727
504009485
503894727
504009485
503894727
503894727
503894727
503894727
503321467
503894727
503321467
503894727
503894727
504009485
503894727
504009485
503894727
503894727
503894727
504009485
503894727
503894727
503894727
503894727
503894727
504009485
504009485
504009485
503894727
503894727
503321467
503894727
503894727
504009485
504009485
504474039
504009485
504009485
503894727
504009485
503894727
504009485
504009485
504009485
503894727
503894727
503321467
503321467
502754566
502754566
502754566
503321467
503321467
503321467
503321467
503321467
502754566
502754566
502671444
502671444
501879574
501879574
501879574
502671444
501879574
501879574
501879574
502671444
501879574
501879574
501806662
501879574
501879574
501879574
501879574
502671444
501879574
501879574
501806662
501806662
501806662
501806662
501800558
501800558
501800558
501806662
501800558
501806662
501806662
501806662
501800558
501800558
501800558
501800558
500386351
500386351
500386351
501800558
501800558
501806662
501806662
501856334
501806662
501806662
501800558
501800558
500386351
500386351
500146269
500386351
500386351
501800558
501800558
501806662
501806662
501806662
501806662
501806662
501800558
501800558
500386351
501800558
500386351
500386351
500386351
501800558
500386351
501800558
500386351
500386351
500386351
500386351
500386351
501800558
501800558
501806662
501800558
501800558
501800558
501806662
501806662
501856334
501806662
501856334
501806662
501856334
501806662
501856334
501856334
501879574
501856334
501856334
501806662
501806662
501806662
501856334
501856334
501879574
501856334
501856334
501856334
501856334
501856334
501879574
501856334
501856334
501856334
501879574
501879574
502671444
501879574
502671444
502671444
502754566
502671444
502754566
502671444
502671444
502671444
502671444
501879574
501879574
501879574
502671444
501879574
501879574
501879574
501879574
501879574
502671444
501879574
501879574
501856334
501879574
501879574
502671444
501879574
501879574
501879574
502671444
502671444
502754566
502754566
503321467
502754566
502754566
502754566
502754566
502754566
503321467
503321467
503894727
503321467
503321467
502754566
503321467
502754566
503321467
502754566
503321467
503321467
503894727
503894727
503894727
503321467
503321467
503321467
503894727
503321467
503894727
503321467
503321467
502754566
502754566
502754566
502754566
502671444
502671444
501879574
501879574
501856334
501856334
501856334
501856334
501856334
501856334
501856334
501856334
501856334
501879574
501879574
501879574
501879574
501879574
501856334
501879574
501856334
501879574
501879574
501879574
501879574
502671444
501879574
501879574
501856334
501856334
501806662
501856334
501806662
501806662
501800558
501806662
501806662
501806662
501800558
501800558
501795450
501800558
501800558
501800558
501800558
501806662
501806662
501806662
501806662
501806662
501806662
501806662
501800558
501800558
501795450
501795450
501795450
501800558
501800558
501800558
501800558
501806662
501800558
501806662
501800558
501800558
501800558
501806662
501800558
501806662
501806662
501856334
501806662
501806662
501800558
501800558
501795450
501795450
500387897
500387897
500387897
501795450
500387897
501795450
501795450
501795450
501795450
501800558
501800558
501806662
501800558
501800558
501795450
501795450
501795450
501800558
501795450
501800558
501800558
501800558
501795450
501800558
501795450
501795450
501795450
501800558
501795450
501795450
500387897
500387897
500386351
500386351
500386351
500386351
500146269
500146269
500146269
500386351
500386351
500386351
500146269
500386351
500146269
500386351
500386351
500386351
500146269
500386351
500386351
500387897
500386351
500386351
500146269
500386351
500146269
500146269
499984391
499984391
498892342
498892342
498864380
498864380
498864380
498864380
498864380
498864380
498767185
498767185
498449027
498767185
498449027
498767185
498449027
498767185
498767185
498864380
498767185
498864380
498864380
498892342
498864380
498864380
498767185
498864380
498864380
498892342
498864380
498892342
498892342
498892342
498864380
498864380
498767185
498864380
498864380
498864380
498767185
498767185
498767185
498767185
498449027
498767185
498449027
498767185
498767185
498767185
498449027
498767185
498767185
498864380
498864380
498864380
498767185
498864380
498767185
498767185
498449027
498449027
498449027
498449027
498449027
498767185
498767185
498767185
498767185
498864380
498864380
498892342
498892342
498892342
498892342
498892342
498864380
498892342
498892342
498969923
498969923
498969923
498969923
499984391
498969923
498969923
498892342
498969923
498892342
498892342
498864380
498864380
498864380
498892342
498892342
498969923
498892342
498892342
498892342
498969923
498892342
498969923
498969923
499984391
499984391
499984391
499984391
500146269
500146269
500386351
500146269
500146269
499984391
499984391
498969923
498969923
498969923
498969923
498892342
498969923
498892342
498969923
498892342
498969923
498969923
498969923
498969923
499984391
498969923
498969923
498969923
499984391
499984391
499984391
498969923
498969923
498892342
498969923
498892342
498892342
498864380
498864380
498767185
498767185
498449027
498767185
498449027
498767185
498449027
498449027
498043025
498449027
498043025
498449027
498043025
498043025
498043025
498043025
498043025
498449027
498043025
498043025
498043025
498043025
497952630
497952630
497444595
497952630
497952630
497952630
497444595
497444595
497444595
497952630
497444595
497952630
497952630
497952630
497952630
497952630
497952630
498043025
498043025
498449027
498449027
498449027
498043025
498449027
498449027
498449027
498043025
498449027
498043025
498043025
498043025
498043025
497952630
498043025
498043025
498449027
498449027
498449027
498449027
498767185
498449027
498767185
498767185
498767185
498449027
498767185
498767185
498767185
498449027
498767185
498449027
498767185
498449027
498449027
498449027
498767185
498449027
498449027
498043025
498043025
497952630
497952630
497444595
497444595
497253690
497444595
497253690
497444595
497444595
497952630
497952630
498043025
497952630
498043025
498043025
498449027
498043025
498043025
497952630
497952630
497444595
497952630
497952630
498043025
498043025
498043025
497952630
498043025
498043025
498449027
498043025
498043025
497952630
497952630
497444595
497952630
497952630
497991404
497991404
498043025
497991404
497991404
497952630
497952630
497952630
497991404
497952630
497991404
497991404
497991404
497991404
498043025
497991404
497991404
497991404
498043025
497991404
498043025
498043025
498043025
498043025
498043025
497991404
498043025
498043025
498449027
498449027
498449027
498043025
498449027
498449027
498449027
498043025
498449027
498043025
498043025
498043025
498449027
498043025
498043025
498043025
498449027
498449027
498449027
498449027
498767185
498767185
498767185
498449027
498767185
498767185
498864380
498864380
498864380
498767185
498864380
498767185
498864380
498864380
498892342
498892342
498969923
498969923
499896986
498969923
499896986
499896986
499896986
499896986
499896986
498969923
498969923
498969923
498969923
498969923
499896986
498969923
498969923
498892342
498892342
498892342
498969923
498969923
498969923
498892342
498969923
498969923
499896986
498969923
498969923
498892342
498969923
498969923
499896986
498969923
499896986
498969923
499896986
498969923
499896986
499896986
499984391
499984391
499984391
499984391
499984391
499896986
499896986
499896986
499896986
498969923
498969923
498969923
498969923
498969923
499896986
498969923
499896986
499896986
499984391
499984391
499984391
499984391
500146269
500146269
500386351
500146269
500386351
500386351
500386351
500386351
500386351
500386351
500387897
500386351
500386351
500146269
500146269
500146269
500386351
500146269
500386351
500386351
500386351
500386351
500386351
500146269
500146269
499984391
500146269
500146269
500146269
499984391
500146269
500146269
500146269
499984391
500146269
499984391
499984391
499896986
499984391
499984391
499984391
499984391
499984391
499896986
499984391
499896986
499984391
499896986
499896986
498969923
499896986
499896986
499896986
499896986
499984391
499984391
499984391
499896986
499984391
499896986
499984391
499896986
499896986
498969923
498969923
498892342
498892342
498892342
498969923
498892342
498892342
498892342
498969923
498892342
498892342
498864380
498892342
498864380
498892342
498864380
498864380
498767185
498767185
498767185
498864380
498767185
498864380
498864380
498892342
498892342
498969923
498892342
498892342
498864380
498892342
498892342
498892342
498864380
498864380
498767185
498767185
498449027
498449027
498043025
498043025
497991404
497991404
497952630
497991404
497991404
498043025
497991404
497991404
497991404
497991404
497952630
497991404
497991404
498043025
498043025
498043025
498043025
498449027
498043025
498449027
498449027
498449027
498449027
498449027
498043025
498449027
498449027
498449027
498449027
498449027
498449027
498767185
498767185
498864380
498767185
498864380
498864380
498892342
498864380
498864380
498864380
498892342
498864380
498892342
498864380
498864380
498767185
498864380
498767185
498864380
498864380
498892342
498864380
498892342
498864380
498864380
498864380
498864380
498767185
498864380
498767185
498864380
498864380
498864380
498767185
498864380
498767185
498864380
498864380
498892342
498892342
498969923
498892342
498892342
498864380
498864380
498767185
498864380
498864380
498892342
498864380
498892342
498892342
498892342
498864380
498892342
498892342
498969923
498969923
498969923
498892342
498969923
498892342
498969923
498969923
498969923
498892342
498892342
498892342
498969923
498892342
498969923
498969923
498969923
498969923
498969923
498892342
498892342
498864380
498892342
498864380
498892342
498892342
498892342
498892342
498969923
498969923
499896986
498969923
498969923
498892342
498969923
498892342
498892342
498892342
498969923
498892342
498969923
498892342
498892342
498864380
498892342
498892342
498969923
498892342
498892342
498892342
498892342
498864380
498864380
498864380
498892342
498864380
498892342
498892342
498892342
498864380
498864380
498864380
498864380
498767185
498767185
498449027
498767185
498767185
498864380
498864380
498892342
498892342
498969923
498969923
498969923
498969923
499896986
498969923
498969923
498892342
498969923
498892342
498892342
498892342
498969923
498969923
498969923
498892342
498969923
498892342
498969923
498969923
498969923
498969923
498969923
498892342
498969923
498969923
498969923
498969923
498969923
498969923
498969923
498969923
498969923
498892342
498892342
498892342
498892342
498864380
498864380
498767185
498767185
498449027
498767185
498767185
498864380
498864380
498864380
498864380
498864380
498767185
498767185
498767185
498864380
498864380
498864380
498767185
498767185
498449027
498767185
498449027
498449027
498449027
498767185
498449027
498767185
498767185
498767185
498767185
498767185
498767185
498767185
498767185
498864380
498864380
498864380
498767185
498767185
498449027
498767185
498449027
498449027
498449027
498449027
498449027
498767185
498449027
498767185
498449027
498767185
498449027
498767185
498449027
498767185
498767185
498767185
498767185
498864380
498767185
498864380
498767185
498767185
498767185
498767185
498767185
498767185
498449027
498767185
498767185
498864380
498767185
498864380
498767185
498767185
498767185
498767185
498449027
498449027
498449027
498449027
498043025
498043025
498043025
498449027
498043025
498449027
498043025
498043025
497991404
498043025
498043025
498449027
498449027
498767185
498767185
498767185
498767185
498767185
498449027
498449027
498449027
498449027
498043025
498043025
497991404
498043025
497991404
497991404
497991404
498043025
497991404
497991404
497991404
497991404
497991404
498043025
498043025
498449027
498449027
498767185
498449027
498449027
498449027
498767185
498449027
498767185
498767185
498767185
498449027
