226790335
226790335
361216982
312588431
312588431
292737550
312588431
312588431
312588431
312588431
312588431
312588431
361216982
361216982
436870794
436870794
449193543
449193543
464949391
449193543
449193543
436870794
440718596
436870794
440718596
436870794
436870794
436870794
436870794
436870794
436870794
436870794
436870794
436870794
440718596
436870794
436870794
436870794
436870794
436870794
436870794
436870794
436870794
422523978
436870794
436870794
436870794
436870794
440275696
436870794
436870794
436870794
436870794
436870794
436870794
436870794
440275696
440275696
440718596
440275696
440718596
440718596
449193543
440718596
449193543
440718596
449193543
440718596
449193543
440718596
449193543
449193543
464949391
464949391
467235044
464949391
464949391
464949391
464949391
464949391
467235044
464949391
467235044
467235044
467235044
467235044
478267050
478267050
478267050
478267050
483606480
478267050
478267050
478267050
478267050
467235044
478267050
478267050
483606480
483606480
483606480
478267050
478267050
478267050
478267050
478267050
483606480
478267050
478267050
478267050
483606480
478267050
478267050
478267050
483606480
483606480
483606480
483606480
483606480
478267050
483606480
483606480
488600091
488600091
488600091
488600091
488600091
483606480
488600091
488600091
492345863
492345863
493158125
492345863
492345863
488600091
488600091
488600091
492345863
488600091
492345863
488600091
492345863
492345863
492345863
492345863
492345863
492345863
493158125
493158125
493158125
493158125
493158125
493158125
493863919
493158125
493158125
492345863
492345863
492345863
492345863
492345863
492345863
492345863
493158125
492345863
492345863
492345863
492345863
488600091
492345863
492345863
493158125
492345863
493158125
492345863
493158125
492345863
492345863
492345863
493158125
492345863
492345863
488600091
492345863
488600091
488600091
488600091
492345863
492345863
492345863
492345863
493158125
493158125
493863919
493158125
493158125
492345863
493158125
493158125
493863919
493158125
493863919
493158125
493158125
493158125
493158125
493158125
493863919
493158125
493863919
493863919
493863919
493863919
499128141
493863919
493863919
493863919
493863919
493158125
493158125
493158125
493863919
493158125
493158125
492345863
492345863
492345863
493158125
493158125
493863919
493863919
493863919
493158125
493158125
492345863
493158125
492345863
492345863
492345863
493158125
493158125
493158125
493158125
493863919
493158125
493158125
493158125
493863919
493863919
493863919
493158125
493158125
492345863
493158125
492345863
493158125
492345863
492345863
492345863
493158125
492345863
492345863
488600091
492345863
492345863
493158125
493158125
493158125
492345863
493158125
492345863
493158125
493158125
493863919
493158125
493863919
493158125
493863919
493158125
493863919
493158125
493863919
493863919
499128141
499128141
499128141
493863919
493863919
493158125
493403407
493158125
493403407
493403407
493403407
493403407
493863919
493403407
493863919
493863919
499128141
493863919
499128141
493863919
499128141
493863919
493863919
493403407
493403407
493158125
493158125
493158125
493403407
493403407
493403407
493403407
493403407
493403407
493403407
493158125
493158125
492345863
493158125
493158125
493403407
493403407
493403407
493403407
493403407
493158125
493403407
493158125
493158125
492345863
492345863
488600091
492345863
492345863
493158125
492345863
492345863
488600091
492345863
492345863
492345863
488600091
492345863
488600091
488600091
483606480
488600091
488600091
492345863
488600091
492345863
488600091
492345863
488600091
492345863
492345863
493158125
492345863
492345863
492345863
492345863
492345863
492345863
492345863
493158125
493158125
493158125
492345863
492345863
492345863
493158125
493158125
493158125
492345863
492345863
492345863
493158125
493158125
493403407
493403407
493403407
493158125
493158125
493158125
493158125
492345863
492345863
488600091
488600091
483606480
483606480
483606480
488600091
488600091
488600091
488600091
492345863
488600091
492345863
488600091
492345863
492345863
492345863
488600091
488600091
483606480
483606480
479146367
483606480
479146367
479146367
478267050
478267050
478267050
478267050
478267050
478267050
469806715
478267050
469806715
478267050
469806715
478267050
478267050
479146367
478267050
479146367
479146367
483606480
483606480
488600091
483606480
483606480
479146367
483606480
483606480
483606480
483606480
483606480
483606480
488600091
483606480
483606480
479146367
479146367
479146367
479146367
479146367
483606480
479146367
483606480
483606480
488600091
483606480
483606480
483606480
483606480
479146367
479146367
479146367
479146367
478267050
478267050
469806715
469806715
469806715
478267050
478267050
478267050
478267050
479146367
478267050
478267050
469806715
478267050
473529097
478267050
478267050
478267050
478267050
478267050
478267050
478267050
473529097
478267050
478267050
479146367
479146367
479146367
479146367
483606480
479146367
483606480
479146367
479146367
478267050
478267050
478267050
479146367
479146367
479146367
478267050
479146367
478267050
479146367
479146367
479146367
479146367
479146367
478267050
479146367
479146367
483606480
483606480
483606480
479146367
479146367
479146367
483606480
479146367
479146367
478267050
478267050
478267050
478267050
478267050
478267050
475936677
478267050
478267050
479146367
479146367
479146367
478267050
478267050
475936677
478267050
475936677
478267050
478267050
478267050
475936677
478267050
478267050
479146367
478267050
478267050
478267050
479146367
478267050
478267050
478267050
478267050
478267050
478267050
475936677
475936677
475936677
478267050
475936677
478267050
475936677
478267050
478267050
479146367
478267050
479146367
478267050
479146367
479146367
479146367
479146367
479146367
479146367
479146367
478267050
479146367
479146367
483606480
479146367
483606480
483606480
488600091
488600091
488600091
483606480
483606480
479146367
479146367
479146367
479146367
478267050
479146367
479146367
483606480
479146367
479146367
478267050
479146367
479146367
483606480
483606480
488600091
488600091
488600091
488600091
488600091
483606480
483606480
483606480
483606480
483606480
483606480
483606480
483606480
479146367
479146367
478267050
479146367
478267050
478267050
478267050
479146367
478267050
479146367
479146367
479146367
478267050
478267050
475936677
475936677
475936677
478267050
478267050
478267050
478267050
479146367
478267050
478267050
475936677
475936677
473529097
473529097
469806715
473529097
473529097
473529097
473529097
473529097
473529097
473529097
473529097
474075992
474075992
474075992
474075992
474075992
474075992
474075992
473529097
473529097
469806715
469806715
469806715
473529097
469806715
473529097
469806715
473529097
469806715
473529097
469806715
473529097
469806715
473529097
473529097
473529097
469806715
473529097
469806715
469806715
469015263
469015263
469015263
469015263
469015263
469015263
468802037
469015263
469015263
469806715
469806715
473529097
473529097
473529097
473529097
473529097
473529097
473529097
469806715
469806715
469015263
469015263
469015263
469806715
469806715
469806715
469806715
473529097
473529097
473529097
469806715
473529097
469806715
469806715
469806715
469806715
469015263
469015263
468802037
469015263
468802037
468802037
468427479
468802037
468802037
468802037
468427479
468802037
468427479
468427479
467235044
468427479
468427479
468427479
468427479
468802037
468802037
468802037
468427479
468802037
468427479
468802037
468427479
468802037
468802037
468802037
468427479
468802037
468802037
468802037
468802037
468802037
468802037
468802037
468802037
468802037
468802037
469015263
469015263
469015263
469015263
469806715
469806715
473529097
473529097
473871609
473529097
473871609
473871609
473871609
473529097
473529097
473529097
473529097
469806715
473529097
469806715
473529097
469806715
469806715
469806715
469806715
469806715
473529097
469806715
473529097
473529097
473871609
473871609
473871609
473529097
473871609
473529097
473871609
473871609
473871609
473529097
473529097
473529097
473529097
469806715
473529097
473529097
473871609
473529097
473529097
473529097
473871609
473871609
473871609
473871609
473871609
473871609
474075992
474075992
474075992
473871609
474075992
473871609
473871609
473871609
473871609
473529097
473529097
473529097
473529097
469806715
473529097
473529097
473529097
469806715
469806715
469806715
469806715
469806715
473529097
469806715
473529097
469806715
473529097
473529097
473529097
473529097
473871609
473529097
473871609
473529097
473871609
473871609
474075992
474075992
475148036
475148036
475148036
474075992
475148036
474075992
475148036
474075992
474075992
473871609
473871609
473871609
473871609
473871609
474075992
474075992
474075992
473871609
473871609
473871609
474075992
474075992
475148036
474075992
475148036
475148036
475148036
475148036
475936677
475936677
478267050
478267050
479146367
479146367
479509990
479146367
479146367
479146367
479509990
479509990
483606480
479509990
483606480
483606480
483606480
479509990
483606480
483606480
483606480
479509990
483606480
483606480
483923561
483606480
483606480
483606480
483606480
479509990
483606480
479509990
479509990
479509990
479509990
479509990
483606480
483606480
483923561
483923561
483923561
483923561
485447926
485447926
485447926
483923561
483923561
483923561
485447926
483923561
485447926
483923561
485447926
485447926
485447926
485447926
485447926
485447926
486432043
485447926
486432043
485447926
485447926
483923561
483923561
483606480
483606480
483606480
483606480
483606480
483923561
483923561
485447926
483923561
485447926
485447926
486432043
486432043
488600091
488600091
488600091
486432043
488600091
486432043
488600091
488600091
492345863
488600091
492345863
488600091
488600091
486432043
486432043
485447926
485447926
485447926
486432043
485447926
486432043
486432043
486432043
486432043
486432043
485447926
485447926
485447926
485447926
483923561
483923561
483606480
483606480
483487376
483606480
483606480
483606480
483487376
483487376
483487376
483606480
483606480
483606480
483487376
483606480
483606480
483923561
483606480
483606480
483487376
483487376
480909006
480909006
479509990
479509990
479509990
479509990
479509990
479509990
479509990
479509990
479509990
479509990
479509990
480909006
479509990
479509990
479509990
480909006
479509990
479509990
479509990
480909006
480909006
483487376
483487376
483606480
483487376
483606480
483487376
483487376
483487376
483606480
483487376
483606480
483487376
483606480
483606480
483923561
