546616650
546616650
647133312
647133312
647133312
647133312
647133312
647133312
789838326
647133312
647133312
558012410
619674403
619674403
619674403
558012410
558012410
546616650
546616650
546616650
558012410
546616650
546616650
456908450
546616650
546616650
546616650
457749155
546616650
457749155
546616650
546616650
546616650
457749155
546616650
457749155
457749155
457749155
457749155
457749155
546616650
546616650
558012410
546616650
546616650
457749155
457749155
457749155
497843303
497843303
546616650
546616650
546616650
546616650
546616650
497843303
546616650
497843303
546616650
546616650
558012410
546616650
546616650
497843303
497843303
495768221
497843303
495768221
497843303
495768221
495768221
495768221
497843303
495768221
495768221
490724531
490724531
490724531
490724531
487689153
487689153
487689153
490724531
490724531
495768221
490724531
490724531
490724531
490724531
490724531
490724531
487689153
490724531
490724531
490724531
490724531
495768221
490724531
490724531
490724531
490724531
490724531
495768221
490724531
490724531
490724531
490724531
490724531
490724531
490724531
495768221
490724531
490724531
490724531
490724531
490724531
495768221
490724531
490724531
490724531
490724531
487689153
487689153
485647324
485647324
478361688
478361688
478361688
485647324
478361688
485647324
485647324
487689153
485647324
487689153
485647324
485647324
478361688
478361688
478361688
485647324
478361688
478361688
478361688
478361688
478361688
485647324
485647324
485647324
478361688
485647324
485647324
487624216
485647324
485647324
478361688
485647324
485647324
485647324
478361688
485647324
485647324
485647324
478361688
478361688
471153098
478361688
471153098
478361688
478361688
485647324
485647324
487624216
487624216
487624216
487624216
487689153
487624216
487624216
487624216
487624216
487624216
487689153
487624216
487624216
487624216
487624216
487624216
487624216
487624216
487689153
487624216
487689153
487624216
487689153
487689153
490724531
490724531
495768221
495768221
496472336
496472336
496472336
496472336
496546454
496472336
496472336
496472336
496472336
495768221
496472336
496472336
496546454
496546454
496546454
496546454
496546454
496472336
496472336
496472336
496546454
496546454
497843303
496546454
497843303
497843303
498497025
498497025
507210567
507210567
507210567
498497025
507210567
498497025
507210567
498497025
498497025
497843303
497843303
497843303
498497025
497843303
497843303
497843303
497843303
497843303
498497025
497843303
497843303
496546454
497843303
496546454
497843303
496546454
497843303
496546454
497843303
497843303
497843303
496546454
497843303
497843303
497843303
496546454
496546454
496472336
496472336
496472336
496472336
496472336
496472336
496472336
496472336
496472336
496546454
496546454
496546454
496546454
497843303
497843303
498497025
497843303
497843303
497843303
498497025
498497025
498497025
498497025
507210567
498497025
507210567
498497025
507210567
498497025
507210567
507210567
507210567
498497025
498497025
498497025
498497025
498497025
507210567
498497025
507210567
498497025
498497025
498497025
498497025
498497025
507210567
507210567
507210567
498497025
498497025
497843303
497843303
496546454
496546454
496546454
496546454
496472336
496546454
496472336
496472336
496472336
496472336
496472336
496472336
496472336
496472336
495768221
495768221
492128967
495768221
492128967
495768221
495768221
496472336
496472336
496472336
496472336
496472336
496472336
496472336
495768221
496472336
495768221
495768221
492128967
492128967
492128967
495768221
492128967
492128967
490724531
490724531
490724531
490724531
490724531
490724531
489045396
489045396
487689153
489045396
487689153
487689153
487624216
487689153
487689153
487689153
487624216
487624216
485647324
485647324
478361688
478361688
478361688
478361688
478361688
478361688
472972321
472972321
472493900
472972321
472493900
472493900
472493900
472972321
472493900
472972321
472972321
478361688
478361688
485647324
485647324
485647324
485647324
487624216
487624216
487624216
485647324
485647324
478361688
478361688
478361688
478361688
472972321
472972321
472972321
472972321
472493900
472972321
472493900
472493900
471153098
472493900
472493900
472972321
472972321
478361688
472972321
472972321
472972321
472972321
472972321
478361688
478361688
478361688
472972321
478361688
472972321
478361688
472972321
478361688
478361688
478361688
472972321
472972321
472972321
472972321
472493900
472493900
472493900
472493900
471153098
471153098
470998672
470998672
470998672
471153098
471153098
471153098
470998672
471153098
471153098
471153098
471153098
472493900
471153098
472493900
471153098
471153098
470998672
471153098
471153098
471153098
471153098
472493900
472493900
472972321
472972321
478361688
478361688
485647324
478361688
478361688
472972321
478361688
478361688
478361688
478361688
478361688
472972321
472972321
472972321
472972321
472493900
472972321
472493900
472493900
471153098
472493900
471153098
472493900
471153098
472493900
472493900
472972321
472493900
472972321
472972321
478361688
472972321
478361688
472972321
472972321
472972321
472972321
472493900
472972321
472972321
478361688
472972321
478361688
472972321
472972321
472972321
472972321
472493900
472972321
472972321
472972321
472972321
472972321
472972321
478361688
472972321
472972321
472493900
472972321
472493900
472493900
472493900
472972321
472972321
478361688
478361688
478832008
478832008
485063043
485063043
485063043
485063043
485063043
485063043
485647324
485647324
487624216
485647324
485647324
485647324
487624216
485647324
485647324
485063043
485647324
485647324
485647324
485647324
487624216
487624216
487689153
487624216
487624216
485647324
485647324
485647324
487624216
487624216
487624216
485647324
485647324
485647324
485647324
485647324
485647324
485647324
487624216
485647324
487624216
485647324
487624216
487624216
487624216
487624216
487689153
487689153
489045396
487689153
489045396
487689153
489045396
489045396
490724531
490724531
492128967
492128967
493768377
492128967
493768377
492128967
492128967
490724531
492128967
492128967
493768377
493768377
495768221
493768377
493768377
492128967
493768377
492128967
493768377
493768377
495768221
495768221
496472336
495768221
496472336
495768221
495768221
493768377
493768377
493768377
493768377
492128967
493768377
493768377
495768221
495768221
496472336
495768221
495768221
493768377
495768221
493768377
495768221
495768221
495768221
495768221
496472336
496472336
496546454
496546454
496546454
496472336
496472336
495768221
496472336
495768221
496472336
495768221
496472336
495768221
495768221
493768377
495768221
495768221
496472336
495768221
496472336
496472336
496546454
496472336
496546454
496546454
497843303
497843303
497843303
496546454
497843303
497843303
497843303
496546454
497843303
496546454
497843303
496546454
496546454
496472336
496546454
496472336
496546454
496472336
496472336
495768221
495768221
495768221
495768221
493768377
495768221
493768377
495768221
493768377
495768221
495768221
496472336
495768221
495768221
495768221
495768221
495768221
496472336
496472336
496472336
496472336
496546454
496472336
496472336
496472336
496546454
496472336
496472336
496472336
496472336
495768221
495768221
495768221
496472336
495768221
495768221
493768377
493768377
493768377
493768377
492128967
493768377
493768377
493768377
493768377
493768377
492128967
493768377
493768377
493768377
492128967
492128967
492128967
493768377
492128967
493768377
493768377
493768377
492128967
493768377
492128967
493768377
492128967
492128967
492128967
493768377
492128967
493768377
493768377
493768377
493768377
493768377
493768377
495768221
493768377
493768377
492128967
492128967
492128967
493768377
492128967
492128967
492128967
492128967
492128967
493768377
492128967
493768377
492128967
492128967
492128967
492128967
490724531
490724531
490724531
492128967
492128967
492128967
492128967
492128967
492128967
493768377
492128967
492128967
490724531
490724531
489045396
489045396
489045396
490724531
490724531
492128967
492128967
493768377
493768377
493768377
492128967
492128967
492128967
493768377
492128967
492128967
490724531
492128967
492128967
493768377
493768377
493768377
493768377
495768221
495768221
495768221
495768221
496472336
495768221
496472336
495768221
496472336
495768221
496472336
496472336
496472336
495768221
496472336
496472336
496472336
495768221
495768221
495768221
496472336
495768221
495768221
493768377
493768377
493768377
495768221
495768221
496472336
496472336
496472336
496472336
496546454
496546454
497843303
496546454
496546454
496472336
496546454
496546454
496546454
496546454
497843303
497843303
497843303
496546454
496546454
496472336
496546454
496472336
496472336
495768221
495768221
493768377
495768221
493768377
493768377
492128967
492128967
490724531
492128967
492128967
492128967
492128967
492128967
492128967
493768377
492128967
493768377
493768377
493768377
492128967
493768377
492128967
493768377
492128967
492128967
490724531
490724531
490724531
492128967
492128967
493768377
493768377
495768221
495768221
495768221
495768221
495768221
495768221
495768221
495768221
496472336
496472336
496546454
496472336
496546454
496472336
496546454
496472336
496546454
496472336
496546454
496546454
497843303
496546454
497843303
497843303
497843303
497843303
498497025
498497025
499631873
499631873
500243670
500243670
500722811
500722811
503628996
503628996
503628996
500722811
500722811
500722811
500722811
500243670
500722811
500722811
500722811
500243670
500722811
500722811
503628996
500722811
500722811
500722811
503628996
500722811
500722811
500722811
503628996
500722811
500722811
500722811
500722811
500243670
500722811
500722811
500722811
500243670
500722811
500722811
503628996
503628996
503628996
503628996
503628996
503628996
504469278
503628996
504469278
504469278
505111105
505111105
505749114
505749114
505749114
505749114
506726092
505749114
505749114
505749114
506726092
506726092
506726092
506726092
507210567
506726092
506726092
506726092
507210567
506726092
506726092
505749114
506726092
505749114
505749114
505749114
506726092
505749114
505749114
505111105
505749114
505111105
505749114
505749114
505749114
505111105
505749114
505111105
505111105
505111105
505111105
505111105
505111105
504469278
505111105
505111105
505111105
504469278
504469278
503628996
503628996
500722811
500722811
500722811
500722811
500243670
500722811
500243670
500722811
500243670
500722811
500243670
500243670
500243670
500243670
499631873
500243670
500243670
500722811
500722811
503628996
503628996
504469278
504469278
505111105
504469278
504469278
504469278
504469278
504469278
504469278
504469278
504469278
503628996
504469278
503628996
504469278
503628996
503628996
503628996
503628996
500722811
500722811
500722811
500722811
500243670
500243670
500243670
500243670
499631873
500243670
500243670
500243670
499631873
500243670
499631873
499631873
499631873
499631873
498497025
499631873
499631873
500243670
500243670
500722811
500243670
500722811
500243670
500722811
500243670
500722811
500243670
500243670
499631873
499631873
498497025
498497025
498497025
499631873
499631873
500243670
500243670
500722811
500722811
500722811
500722811
503628996
500722811
503628996
503628996
504469278
503628996
504469278
503628996
503628996
500722811
503628996
503628996
504469278
503628996
503628996
502769217
502769217
500722811
502769217
500722811
500722811
500722811
502769217
502769217
503628996
502769217
503628996
502769217
502769217
500722811
502769217
502769217
502769217
500722811
500722811
500722811
502769217
500722811
500722811
500722811
500722811
500722811
500722811
500722811
500722811
500243670
500722811
500243670
500243670
500243670
500722811
500243670
500722811
500243670
500722811
500243670
500243670
500243670
500243670
499869626
499869626
499869626
499869626
499869626
500243670
500243670
500722811
500722811
502769217
500722811
502769217
500722811
502769217
500722811
502769217
500722811
502769217
500722811
502769217
502769217
503628996
503628996
504469278
504469278
504469278
503628996
503628996
503628996
503628996
503628996
503628996
503628996
503628996
502769217
503628996
502769217
503628996
502769217
503628996
502769217
503628996
503628996
503628996
502769217
502769217
500722811
502769217
502769217
502769217
502769217
502769217
502769217
503628996
502769217
502769217
500722811
500722811
500243670
500243670
500243670
500722811
500722811
500722811
500722811
502769217
500722811
502769217
502769217
502769217
500722811
502769217
502769217
502769217
502769217
502769217
502769217
502769217
502769217
502769217
502769217
502769217
500722811
502769217
502769217
503628996
503628996
503628996
503628996
504469278
503628996
504469278
503628996
503628996
503628996
503628996
502769217
502769217
500722811
502769217
502769217
502769217
500722811
500722811
500243670
500243670
500243670
500243670
500243670
500243670
499869626
499869626
499631873
499631873
498497025
498497025
498497025
499631873
498497025
499631873
499631873
499869626
499631873
499631873
498497025
498497025
498497025
499631873
499631873
499869626
499631873
499869626
499869626
500243670
499869626
499869626
499631873
499869626
499631873
499869626
499869626
499869626
499631873
499631873
498497025
499631873
498497025
499631873
499631873
499631873
498497025
498497025
498387733
498497025
498387733
498497025
498387733
498497025
498497025
499631873
498497025
498497025
498497025
499631873
499631873
499631873
499631873
499631873
498497025
499631873
498497025
498497025
498497025
499631873
498497025
498497025
498387733
498497025
498497025
498497025
498387733
498497025
498387733
498387733
497843303
498387733
498387733
498497025
498387733
498387733
498387733
